date,Country,Continent,New_cases,Cumulative_cases,New_deaths,Cumulative_deaths
2020-01-05,Afghanistan,Asia,0,0,0,0
2020-01-12,Afghanistan,Asia,0,0,0,0
2020-01-19,Afghanistan,Asia,0,0,0,0
2020-01-26,Afghanistan,Asia,0,0,0,0
2020-02-02,Afghanistan,Asia,0,0,0,0
2020-02-09,Afghanistan,Asia,0,0,0,0
2020-02-16,Afghanistan,Asia,0,0,0,0
2020-02-23,Afghanistan,Asia,0,0,0,0
2020-03-01,Afghanistan,Asia,1,1,0,0
2020-03-08,Afghanistan,Asia,0,1,0,0
2020-03-15,Afghanistan,Asia,6,7,0,0
2020-03-22,Afghanistan,Asia,17,24,0,0
2020-03-29,Afghanistan,Asia,67,91,2,2
2020-04-05,Afghanistan,Asia,183,274,3,5
2020-04-12,Afghanistan,Asia,247,521,10,15
2020-04-19,Afghanistan,Asia,387,908,15,30
2020-04-26,Afghanistan,Asia,422,1330,13,43
2020-05-03,Afghanistan,Asia,841,2171,21,64
2020-05-10,Afghanistan,Asia,1392,3563,41,105
2020-05-17,Afghanistan,Asia,2490,6053,48,153
2020-05-24,Afghanistan,Asia,3813,9866,58,211
2020-05-31,Afghanistan,Asia,4577,14443,37,248
2020-06-07,Afghanistan,Asia,5108,19551,79,327
2020-06-14,Afghanistan,Asia,4551,24102,124,451
2020-06-21,Afghanistan,Asia,4195,28297,97,548
2020-06-28,Afghanistan,Asia,2319,30616,155,703
2020-07-05,Afghanistan,Asia,2056,32672,123,826
2020-07-12,Afghanistan,Asia,1679,34351,149,975
2020-07-19,Afghanistan,Asia,938,35289,172,1147
2020-07-26,Afghanistan,Asia,747,36036,99,1246
2020-08-02,Afghanistan,Asia,674,36710,37,1283
2020-08-09,Afghanistan,Asia,305,37015,24,1307
2020-08-16,Afghanistan,Asia,536,37551,63,1370
2020-08-23,Afghanistan,Asia,343,37894,15,1385
2020-08-30,Afghanistan,Asia,249,38143,17,1402
2020-09-06,Afghanistan,Asia,161,38304,7,1409
2020-09-13,Afghanistan,Asia,337,38641,11,1420
2020-09-20,Afghanistan,Asia,278,38919,17,1437
2020-09-27,Afghanistan,Asia,273,39192,16,1453
2020-10-04,Afghanistan,Asia,105,39297,9,1462
2020-10-11,Afghanistan,Asia,406,39703,11,1473
2020-10-18,Afghanistan,Asia,438,40141,15,1488
2020-10-25,Afghanistan,Asia,627,40768,23,1511
2020-11-01,Afghanistan,Asia,657,41425,25,1536
2020-11-08,Afghanistan,Asia,608,42033,20,1556
2020-11-15,Afghanistan,Asia,1002,43035,49,1605
2020-11-22,Afghanistan,Asia,1468,44503,70,1675
2020-11-29,Afghanistan,Asia,1463,45966,77,1752
2020-12-06,Afghanistan,Asia,1675,47641,113,1865
2020-12-13,Afghanistan,Asia,1311,48952,95,1960
2020-12-20,Afghanistan,Asia,1584,50536,94,2054
2020-12-27,Afghanistan,Asia,1312,51848,104,2158
2021-01-03,Afghanistan,Asia,861,52709,63,2221
2021-01-10,Afghanistan,Asia,780,53489,56,2277
2021-01-17,Afghanistan,Asia,495,53984,62,2339
2021-01-24,Afghanistan,Asia,611,54595,39,2378
2021-01-31,Afghanistan,Asia,428,55023,22,2400
2021-02-07,Afghanistan,Asia,312,55335,10,2410
2021-02-14,Afghanistan,Asia,157,55492,17,2427
2021-02-21,Afghanistan,Asia,112,55604,5,2432
2021-02-28,Afghanistan,Asia,110,55714,11,2443
2021-03-07,Afghanistan,Asia,133,55847,6,2449
2021-03-14,Afghanistan,Asia,138,55985,8,2457
2021-03-21,Afghanistan,Asia,118,56103,6,2463
2021-03-28,Afghanistan,Asia,191,56294,7,2470
2021-04-04,Afghanistan,Asia,382,56676,27,2497
2021-04-11,Afghanistan,Asia,484,57160,24,2521
2021-04-18,Afghanistan,Asia,633,57793,18,2539
2021-04-25,Afghanistan,Asia,1050,58843,43,2582
2021-05-02,Afghanistan,Asia,1279,60122,55,2637
2021-05-09,Afghanistan,Asia,1720,61842,49,2686
2021-05-16,Afghanistan,Asia,1642,63484,56,2742
2021-05-23,Afghanistan,Asia,2244,65728,60,2802
2021-05-30,Afghanistan,Asia,5033,70761,117,2919
2021-06-06,Afghanistan,Asia,8463,79224,226,3145
2021-06-13,Afghanistan,Asia,10637,89861,382,3527
2021-06-20,Afghanistan,Asia,12045,101906,595,4122
2021-06-27,Afghanistan,Asia,12314,114220,528,4650
2021-07-04,Afghanistan,Asia,10528,124748,549,5199
2021-07-11,Afghanistan,Asia,8830,133578,525,5724
2021-07-18,Afghanistan,Asia,7024,140602,423,6147
2021-07-25,Afghanistan,Asia,3269,143871,278,6425
2021-08-01,Afghanistan,Asia,3630,147501,312,6737
2021-08-08,Afghanistan,Asia,2957,150458,171,6908
2021-08-15,Afghanistan,Asia,1575,152033,113,7021
2021-08-22,Afghanistan,Asia,478,152511,49,7070
2021-08-29,Afghanistan,Asia,522,153033,39,7109
2021-09-05,Afghanistan,Asia,390,153423,23,7132
2021-09-12,Afghanistan,Asia,567,153990,35,7167
2021-09-19,Afghanistan,Asia,549,154539,32,7199
2021-09-26,Afghanistan,Asia,360,154899,0,7199
2021-10-03,Afghanistan,Asia,242,155141,13,7212
2021-10-10,Afghanistan,Asia,203,155344,9,7221
2021-10-17,Afghanistan,Asia,273,155617,17,7238
2021-10-24,Afghanistan,Asia,201,155818,15,7253
2021-10-31,Afghanistan,Asia,270,156088,19,7272
2021-11-07,Afghanistan,Asia,187,156275,12,7284
2021-11-14,Afghanistan,Asia,237,156512,8,7292
2021-11-21,Afghanistan,Asia,352,156864,9,7301
2021-11-28,Afghanistan,Asia,326,157190,7,7308
2021-12-05,Afghanistan,Asia,241,157431,4,7312
2021-12-12,Afghanistan,Asia,180,157611,13,7325
2021-12-19,Afghanistan,Asia,134,157745,8,7333
2021-12-26,Afghanistan,Asia,157,157902,19,7352
2022-01-02,Afghanistan,Asia,210,158112,4,7356
2022-01-09,Afghanistan,Asia,233,158345,13,7369
2022-01-16,Afghanistan,Asia,333,158678,9,7378
2022-01-23,Afghanistan,Asia,870,159548,12,7390
2022-01-30,Afghanistan,Asia,2118,161666,17,7407
2022-02-06,Afghanistan,Asia,4046,165712,18,7425
2022-02-13,Afghanistan,Asia,4440,170152,63,7488
2022-02-20,Afghanistan,Asia,1778,171930,46,7534
2022-02-27,Afghanistan,Asia,1250,173180,54,7588
2022-03-06,Afghanistan,Asia,1167,174347,34,7622
2022-03-13,Afghanistan,Asia,1715,176062,20,7642
2022-03-20,Afghanistan,Asia,977,177039,10,7652
2022-03-27,Afghanistan,Asia,435,177474,8,7660
2022-04-03,Afghanistan,Asia,331,177805,11,7671
2022-04-10,Afghanistan,Asia,285,178090,4,7675
2022-04-17,Afghanistan,Asia,297,178387,1,7676
2022-04-24,Afghanistan,Asia,261,178648,5,7681
2022-05-01,Afghanistan,Asia,231,178879,2,7683
2022-05-08,Afghanistan,Asia,44,178923,1,7684
2022-05-15,Afghanistan,Asia,320,179243,6,7690
2022-05-22,Afghanistan,Asia,431,179674,7,7697
2022-05-29,Afghanistan,Asia,449,180123,4,7701
2022-06-05,Afghanistan,Asia,495,180618,8,7709
2022-06-12,Afghanistan,Asia,415,181033,0,7709
2022-06-19,Afghanistan,Asia,541,181574,4,7713
2022-06-26,Afghanistan,Asia,498,182072,4,7717
2022-07-03,Afghanistan,Asia,571,182643,7,7724
2022-07-10,Afghanistan,Asia,576,183219,3,7727
2022-07-17,Afghanistan,Asia,231,183450,3,7730
2022-07-24,Afghanistan,Asia,1024,184474,8,7738
2022-07-31,Afghanistan,Asia,1106,185580,9,7747
2022-08-07,Afghanistan,Asia,1466,187046,5,7752
2022-08-14,Afghanistan,Asia,1785,188831,6,7758
2022-08-21,Afghanistan,Asia,1604,190435,1,7759
2022-08-28,Afghanistan,Asia,1773,192208,15,7774
2022-09-04,Afghanistan,Asia,1679,193887,6,7780
2022-09-11,Afghanistan,Asia,1760,195647,7,7787
2022-09-18,Afghanistan,Asia,1435,197082,7,7794
2022-09-25,Afghanistan,Asia,1201,198283,2,7796
2022-10-02,Afghanistan,Asia,989,199272,3,7799
2022-10-09,Afghanistan,Asia,927,200199,5,7804
2022-10-16,Afghanistan,Asia,897,201096,7,7811
2022-10-23,Afghanistan,Asia,933,202029,7,7818
2022-10-30,Afghanistan,Asia,805,202834,3,7821
2022-11-06,Afghanistan,Asia,784,203618,5,7826
2022-11-13,Afghanistan,Asia,813,204431,3,7829
2022-11-20,Afghanistan,Asia,581,205012,2,7831
2022-11-27,Afghanistan,Asia,584,205596,2,7833
2022-12-04,Afghanistan,Asia,568,206164,1,7834
2022-12-11,Afghanistan,Asia,381,206545,5,7839
2022-12-18,Afghanistan,Asia,441,206986,5,7844
2022-12-25,Afghanistan,Asia,336,207322,1,7845
2023-01-01,Afghanistan,Asia,257,207579,4,7849
2023-01-08,Afghanistan,Asia,201,207780,2,7851
2023-01-15,Afghanistan,Asia,173,207953,4,7855
2023-01-22,Afghanistan,Asia,144,208097,5,7860
2023-01-29,Afghanistan,Asia,323,208420,6,7866
2023-02-05,Afghanistan,Asia,272,208692,8,7874
2023-02-12,Afghanistan,Asia,164,208856,3,7877
2023-02-19,Afghanistan,Asia,230,209086,0,7877
2023-02-26,Afghanistan,Asia,165,209251,1,7878
2023-03-05,Afghanistan,Asia,118,209369,1,7879
2023-03-12,Afghanistan,Asia,141,209510,1,7880
2023-03-19,Afghanistan,Asia,239,209749,1,7881
2023-03-26,Afghanistan,Asia,331,210080,1,7882
2023-04-02,Afghanistan,Asia,548,210628,1,7883
2023-04-09,Afghanistan,Asia,884,211512,1,7884
2023-04-16,Afghanistan,Asia,1100,212612,1,7885
2023-04-23,Afghanistan,Asia,1458,214070,2,7887
2023-04-30,Afghanistan,Asia,810,214880,5,7892
2023-05-07,Afghanistan,Asia,1876,216756,5,7897
2023-05-14,Afghanistan,Asia,1983,218739,11,7908
2023-05-21,Afghanistan,Asia,1428,220167,5,7913
2023-05-28,Afghanistan,Asia,1050,221217,2,7915
2023-06-04,Afghanistan,Asia,778,221995,4,7919
2023-06-11,Afghanistan,Asia,531,222526,1,7920
2023-06-18,Afghanistan,Asia,433,222959,2,7922
2023-06-25,Afghanistan,Asia,197,223156,6,7928
2023-07-02,Afghanistan,Asia,124,223280,0,7928
2023-07-09,Afghanistan,Asia,326,223606,3,7931
2023-07-16,Afghanistan,Asia,179,223785,1,7932
2023-07-23,Afghanistan,Asia,245,224030,2,7934
2023-07-30,Afghanistan,Asia,194,224224,1,7935
2023-08-06,Afghanistan,Asia,195,224419,3,7938
2023-08-13,Afghanistan,Asia,242,224661,2,7940
2023-08-20,Afghanistan,Asia,209,224870,2,7942
2023-08-27,Afghanistan,Asia,229,225099,0,7942
2023-09-03,Afghanistan,Asia,277,225376,2,7944
2023-09-10,Afghanistan,Asia,216,225592,2,7946
2023-09-17,Afghanistan,Asia,200,225792,0,7946
2023-09-24,Afghanistan,Asia,207,225999,1,7947
2023-10-01,Afghanistan,Asia,248,226247,3,7950
2023-10-08,Afghanistan,Asia,309,226556,1,7951
2023-10-15,Afghanistan,Asia,307,226863,1,7952
2023-10-22,Afghanistan,Asia,293,227156,0,7952
2023-10-29,Afghanistan,Asia,383,227539,1,7953
2023-11-05,Afghanistan,Asia,353,227892,3,7956
2023-11-12,Afghanistan,Asia,371,228263,4,7960
2023-11-19,Afghanistan,Asia,432,228695,1,7961
2023-11-26,Afghanistan,Asia,280,228975,2,7963
2023-12-03,Afghanistan,Asia,288,229263,2,7965
2023-12-10,Afghanistan,Asia,104,229367,0,7965
2023-12-17,Afghanistan,Asia,336,229703,0,7965
2023-12-24,Afghanistan,Asia,372,230075,5,7970
2023-12-31,Afghanistan,Asia,300,230375,3,7973
2024-01-07,Afghanistan,Asia,267,230642,0,7973
2024-01-14,Afghanistan,Asia,213,230855,2,7975
2024-01-21,Afghanistan,Asia,197,231052,1,7976
2024-01-28,Afghanistan,Asia,258,231310,5,7981
2024-02-04,Afghanistan,Asia,211,231521,0,7981
2024-02-11,Afghanistan,Asia,235,231756,1,7982
2024-02-18,Afghanistan,Asia,240,231996,1,7983
2024-02-25,Afghanistan,Asia,225,232221,0,7983
2024-03-03,Afghanistan,Asia,278,232499,5,7988
2024-03-10,Afghanistan,Asia,163,232662,3,7991
2024-03-17,Afghanistan,Asia,259,232921,0,7991
2024-03-24,Afghanistan,Asia,197,233118,2,7993
2024-03-31,Afghanistan,Asia,222,233340,3,7996
2024-04-07,Afghanistan,Asia,342,233682,0,7996
2024-04-14,Afghanistan,Asia,396,234078,0,7996
2024-04-21,Afghanistan,Asia,146,234224,0,7996
2024-04-28,Afghanistan,Asia,352,234576,1,7997
2024-05-05,Afghanistan,Asia,638,235214,1,7998
2024-05-12,Afghanistan,Asia,0,235214,0,7998
2024-05-19,Afghanistan,Asia,0,235214,0,7998
2024-05-26,Afghanistan,Asia,0,235214,0,7998
2024-06-02,Afghanistan,Asia,0,235214,0,7998
2024-06-09,Afghanistan,Asia,0,235214,0,7998
2024-06-16,Afghanistan,Asia,0,235214,0,7998
2024-06-23,Afghanistan,Asia,0,235214,0,7998
2024-06-30,Afghanistan,Asia,0,235214,0,7998
2024-07-07,Afghanistan,Asia,0,235214,0,7998
2024-07-14,Afghanistan,Asia,0,235214,0,7998
2024-07-21,Afghanistan,Asia,0,235214,0,7998
2024-07-28,Afghanistan,Asia,0,235214,0,7998
2024-08-04,Afghanistan,Asia,0,235214,0,7998
2024-08-11,Afghanistan,Asia,0,235214,0,7998
2024-08-18,Afghanistan,Asia,0,235214,0,7998
2024-08-25,Afghanistan,Asia,0,235214,0,7998
2024-09-01,Afghanistan,Asia,0,235214,0,7998
2020-01-05,Albania,Europe,0,0,0,0
2020-01-12,Albania,Europe,0,0,0,0
2020-01-19,Albania,Europe,0,0,0,0
2020-01-26,Albania,Europe,0,0,0,0
2020-02-02,Albania,Europe,0,0,0,0
2020-02-09,Albania,Europe,0,0,0,0
2020-02-16,Albania,Europe,0,0,0,0
2020-02-23,Albania,Europe,0,0,0,0
2020-03-01,Albania,Europe,0,0,0,0
2020-03-08,Albania,Europe,0,0,0,0
2020-03-15,Albania,Europe,33,33,1,1
2020-03-22,Albania,Europe,37,70,1,2
2020-03-29,Albania,Europe,116,186,6,8
2020-04-05,Albania,Europe,118,304,9,17
2020-04-12,Albania,Europe,112,416,6,23
2020-04-19,Albania,Europe,123,539,3,26
2020-04-26,Albania,Europe,139,678,1,27
2020-05-03,Albania,Europe,104,782,4,31
2020-05-10,Albania,Europe,68,850,0,31
2020-05-17,Albania,Europe,66,916,0,31
2020-05-24,Albania,Europe,65,981,0,31
2020-05-31,Albania,Europe,118,1099,2,33
2020-06-07,Albania,Europe,113,1212,0,33
2020-06-14,Albania,Europe,204,1416,3,36
2020-06-21,Albania,Europe,422,1838,6,42
2020-06-28,Albania,Europe,431,2269,9,51
2020-07-05,Albania,Europe,483,2752,21,72
2020-07-12,Albania,Europe,526,3278,13,85
2020-07-19,Albania,Europe,628,3906,22,107
2020-07-26,Albania,Europe,664,4570,21,128
2020-08-02,Albania,Europe,706,5276,29,157
2020-08-09,Albania,Europe,875,6151,32,189
2020-08-16,Albania,Europe,966,7117,30,219
2020-08-23,Albania,Europe,1002,8119,21,240
2020-08-30,Albania,Europe,1076,9195,31,271
2020-09-06,Albania,Europe,772,9967,35,306
2020-09-13,Albania,Europe,1054,11021,21,327
2020-09-20,Albania,Europe,1052,12073,26,353
2020-09-27,Albania,Europe,972,13045,20,373
2020-10-04,Albania,Europe,920,13965,16,389
2020-10-11,Albania,Europe,1101,15066,24,413
2020-10-18,Albania,Europe,1435,16501,30,443
2020-10-25,Albania,Europe,2055,18556,26,469
2020-11-01,Albania,Europe,2078,20634,33,502
2020-11-08,Albania,Europe,2576,23210,47,549
2020-11-15,Albania,Europe,3491,26701,56,605
2020-11-22,Albania,Europe,4758,31459,67,672
2020-11-29,Albania,Europe,4786,36245,99,771
2020-12-06,Albania,Europe,5057,41302,99,870
2020-12-13,Albania,Europe,5561,46863,107,977
2020-12-20,Albania,Europe,5141,52004,89,1066
2020-12-27,Albania,Europe,3376,55380,68,1134
2021-01-03,Albania,Europe,3343,58723,52,1186
2021-01-10,Albania,Europe,3655,62378,44,1230
2021-01-17,Albania,Europe,4257,66635,35,1265
2021-01-24,Albania,Europe,4020,70655,38,1303
2021-01-31,Albania,Europe,5695,76350,55,1358
2021-02-07,Albania,Europe,6732,83082,75,1433
2021-02-14,Albania,Europe,7753,90835,98,1531
2021-02-21,Albania,Europe,7074,97909,105,1636
2021-02-28,Albania,Europe,7320,105229,120,1756
2021-03-07,Albania,Europe,6072,111301,141,1897
2021-03-14,Albania,Europe,4822,116123,121,2018
2021-03-21,Albania,Europe,3899,120022,104,2122
2021-03-28,Albania,Europe,3194,123216,70,2192
2021-04-04,Albania,Europe,2626,125842,55,2247
2021-04-11,Albania,Europe,1953,127795,57,2304
2021-04-18,Albania,Europe,1512,129307,33,2337
2021-04-25,Albania,Europe,963,130270,30,2367
2021-05-02,Albania,Europe,815,131085,27,2394
2021-05-09,Albania,Europe,492,131577,14,2408
2021-05-16,Albania,Europe,362,131939,19,2427
2021-05-23,Albania,Europe,214,132153,14,2441
2021-05-30,Albania,Europe,132,132285,7,2448
2021-06-06,Albania,Europe,87,132372,3,2451
2021-06-13,Albania,Europe,65,132437,2,2453
2021-06-20,Albania,Europe,47,132484,1,2454
2021-06-27,Albania,Europe,22,132506,1,2455
2021-07-04,Albania,Europe,20,132526,1,2456
2021-07-11,Albania,Europe,54,132580,0,2456
2021-07-18,Albania,Europe,67,132647,0,2456
2021-07-25,Albania,Europe,181,132828,0,2456
2021-08-01,Albania,Europe,208,133036,1,2457
2021-08-08,Albania,Europe,555,133591,1,2458
2021-08-15,Albania,Europe,1549,135140,3,2461
2021-08-22,Albania,Europe,2992,138132,14,2475
2021-08-29,Albania,Europe,5042,143174,12,2487
2021-09-05,Albania,Europe,5943,149117,21,2508
2021-09-12,Albania,Europe,6176,155293,27,2535
2021-09-19,Albania,Europe,6031,161324,34,2569
2021-09-26,Albania,Europe,5366,166690,50,2619
2021-10-03,Albania,Europe,4088,170778,86,2705
2021-10-10,Albania,Europe,3390,174168,48,2753
2021-10-17,Albania,Europe,2940,177108,54,2807
2021-10-24,Albania,Europe,3515,180623,56,2863
2021-10-31,Albania,Europe,3717,184340,46,2909
2021-11-07,Albania,Europe,3654,187994,39,2948
2021-11-14,Albania,Europe,4019,192013,35,2983
2021-11-21,Albania,Europe,3510,195523,46,3029
2021-11-28,Albania,Europe,3209,198732,48,3077
2021-12-05,Albania,Europe,2313,201045,31,3108
2021-12-12,Albania,Europe,2170,203215,22,3130
2021-12-19,Albania,Europe,2009,205224,28,3158
2021-12-26,Albania,Europe,1997,207221,29,3187
2022-01-02,Albania,Europe,3003,210224,30,3217
2022-01-09,Albania,Europe,6462,216686,16,3233
2022-01-16,Albania,Europe,12091,228777,29,3262
2022-01-23,Albania,Europe,15405,244182,30,3292
2022-01-30,Albania,Europe,11559,255741,42,3334
2022-02-06,Albania,Europe,7431,263172,37,3371
2022-02-13,Albania,Europe,4379,267551,36,3407
2022-02-20,Albania,Europe,2353,269904,26,3433
2022-02-27,Albania,Europe,1410,271314,27,3460
2022-03-06,Albania,Europe,716,272030,18,3478
2022-03-13,Albania,Europe,522,272552,7,3485
2022-03-20,Albania,Europe,409,272961,2,3487
2022-03-27,Albania,Europe,357,273318,3,3490
2022-04-03,Albania,Europe,441,273759,2,3492
2022-04-10,Albania,Europe,349,274108,0,3492
2022-04-17,Albania,Europe,268,274376,3,3495
2022-04-24,Albania,Europe,309,274685,1,3496
2022-05-01,Albania,Europe,317,275002,0,3496
2022-05-08,Albania,Europe,264,275266,0,3496
2022-05-15,Albania,Europe,219,275485,1,3497
2022-05-22,Albania,Europe,289,275774,0,3497
2022-05-29,Albania,Europe,238,276012,0,3497
2022-06-05,Albania,Europe,262,276274,0,3497
2022-06-12,Albania,Europe,309,276583,0,3497
2022-06-19,Albania,Europe,443,277026,0,3497
2022-06-26,Albania,Europe,1185,278211,0,3497
2022-07-03,Albania,Europe,2640,280851,3,3500
2022-07-10,Albania,Europe,4880,285731,10,3510
2022-07-17,Albania,Europe,6725,292456,7,3517
2022-07-24,Albania,Europe,8938,301394,4,3521
2022-07-31,Albania,Europe,7884,309278,17,3538
2022-08-07,Albania,Europe,6059,315337,16,3554
2022-08-14,Albania,Europe,4749,320086,14,3568
2022-08-21,Albania,Europe,3511,323597,6,3574
2022-08-28,Albania,Europe,3218,326815,6,3580
2022-09-04,Albania,Europe,1901,328716,3,3583
2022-09-11,Albania,Europe,980,329696,1,3584
2022-09-18,Albania,Europe,617,330313,2,3586
2022-09-25,Albania,Europe,449,330762,3,3589
2022-10-02,Albania,Europe,313,331075,0,3589
2022-10-09,Albania,Europe,222,331297,0,3589
2022-10-16,Albania,Europe,155,331452,2,3591
2022-10-23,Albania,Europe,141,331593,1,3592
2022-10-30,Albania,Europe,152,331745,1,3593
2022-11-06,Albania,Europe,155,331900,0,3593
2022-11-13,Albania,Europe,98,331998,1,3594
2022-11-20,Albania,Europe,121,332119,0,3594
2022-11-27,Albania,Europe,83,332202,0,3594
2022-12-04,Albania,Europe,75,332277,0,3594
2022-12-11,Albania,Europe,130,332407,0,3594
2022-12-18,Albania,Europe,131,332538,0,3594
2022-12-25,Albania,Europe,132,332670,2,3596
2023-01-01,Albania,Europe,124,332794,0,3596
2023-01-08,Albania,Europe,113,332907,0,3596
2023-01-15,Albania,Europe,157,333064,0,3596
2023-01-22,Albania,Europe,105,333169,0,3596
2023-01-29,Albania,Europe,50,333219,0,3596
2023-02-05,Albania,Europe,51,333270,0,3596
2023-02-12,Albania,Europe,51,333321,0,3596
2023-02-19,Albania,Europe,69,333390,1,3597
2023-02-26,Albania,Europe,93,333483,1,3598
2023-03-05,Albania,Europe,88,333571,1,3599
2023-03-12,Albania,Europe,80,333651,1,3600
2023-03-19,Albania,Europe,65,333716,1,3601
2023-03-26,Albania,Europe,83,333799,0,3601
2023-04-02,Albania,Europe,84,333883,2,3603
2023-04-09,Albania,Europe,109,333992,1,3604
2023-04-16,Albania,Europe,78,334070,0,3604
2023-04-23,Albania,Europe,20,334090,0,3604
2023-04-30,Albania,Europe,0,334090,0,3604
2023-05-07,Albania,Europe,0,334090,0,3604
2023-05-14,Albania,Europe,0,334090,0,3604
2023-05-21,Albania,Europe,0,334090,0,3604
2023-05-28,Albania,Europe,0,334090,0,3604
2023-06-04,Albania,Europe,0,334090,0,3604
2023-06-11,Albania,Europe,0,334090,0,3604
2023-06-18,Albania,Europe,0,334090,0,3604
2023-06-25,Albania,Europe,0,334090,0,3604
2023-07-02,Albania,Europe,0,334090,0,3604
2023-07-09,Albania,Europe,0,334090,0,3604
2023-07-16,Albania,Europe,0,334090,0,3604
2023-07-23,Albania,Europe,0,334090,0,3604
2023-07-30,Albania,Europe,0,334090,0,3604
2023-08-06,Albania,Europe,0,334090,0,3604
2023-08-13,Albania,Europe,0,334090,0,3604
2023-08-20,Albania,Europe,0,334090,0,3604
2023-08-27,Albania,Europe,0,334090,0,3604
2023-09-03,Albania,Europe,0,334090,0,3604
2023-09-10,Albania,Europe,0,334090,0,3604
2023-09-17,Albania,Europe,0,334090,0,3604
2023-09-24,Albania,Europe,0,334090,0,3604
2023-10-01,Albania,Europe,0,334090,0,3604
2023-10-08,Albania,Europe,0,334090,0,3604
2023-10-15,Albania,Europe,0,334090,0,3604
2023-10-22,Albania,Europe,0,334090,0,3604
2023-10-29,Albania,Europe,0,334090,0,3604
2023-11-05,Albania,Europe,106,334196,0,3604
2023-11-12,Albania,Europe,74,334270,0,3604
2023-11-19,Albania,Europe,61,334331,0,3604
2023-11-26,Albania,Europe,77,334408,0,3604
2023-12-03,Albania,Europe,42,334450,0,3604
2023-12-10,Albania,Europe,56,334506,0,3604
2023-12-17,Albania,Europe,49,334555,0,3604
2023-12-24,Albania,Europe,41,334596,0,3604
2023-12-31,Albania,Europe,0,334596,0,3604
2024-01-07,Albania,Europe,57,334653,0,3604
2024-01-14,Albania,Europe,99,334752,0,3604
2024-01-21,Albania,Europe,66,334818,1,3605
2024-01-28,Albania,Europe,45,334863,0,3605
2024-02-04,Albania,Europe,33,334896,0,3605
2024-02-11,Albania,Europe,27,334923,0,3605
2024-02-18,Albania,Europe,21,334944,0,3605
2024-02-25,Albania,Europe,15,334959,0,3605
2024-03-03,Albania,Europe,18,334977,0,3605
2024-03-10,Albania,Europe,29,335006,0,3605
2024-03-17,Albania,Europe,17,335023,0,3605
2024-03-24,Albania,Europe,2,335025,0,3605
2024-03-31,Albania,Europe,3,335028,0,3605
2024-04-07,Albania,Europe,3,335031,0,3605
2024-04-14,Albania,Europe,2,335033,0,3605
2024-04-21,Albania,Europe,5,335038,0,3605
2024-04-28,Albania,Europe,5,335043,0,3605
2024-05-05,Albania,Europe,4,335047,0,3605
2024-05-12,Albania,Europe,0,335047,0,3605
2024-05-19,Albania,Europe,0,335047,0,3605
2024-05-26,Albania,Europe,0,335047,0,3605
2024-06-02,Albania,Europe,0,335047,0,3605
2024-06-09,Albania,Europe,0,335047,0,3605
2024-06-16,Albania,Europe,0,335047,0,3605
2024-06-23,Albania,Europe,0,335047,0,3605
2024-06-30,Albania,Europe,0,335047,0,3605
2024-07-07,Albania,Europe,0,335047,0,3605
2024-07-14,Albania,Europe,0,335047,0,3605
2024-07-21,Albania,Europe,0,335047,0,3605
2024-07-28,Albania,Europe,0,335047,0,3605
2024-08-04,Albania,Europe,0,335047,0,3605
2024-08-11,Albania,Europe,0,335047,0,3605
2024-08-18,Albania,Europe,0,335047,0,3605
2024-08-25,Albania,Europe,0,335047,0,3605
2024-09-01,Albania,Europe,0,335047,0,3605
2020-01-05,Algeria,Africa,0,0,0,0
2020-01-12,Algeria,Africa,0,0,0,0
2020-01-19,Algeria,Africa,0,0,0,0
2020-01-26,Algeria,Africa,0,0,0,0
2020-02-02,Algeria,Africa,0,0,0,0
2020-02-09,Algeria,Africa,0,0,0,0
2020-02-16,Algeria,Africa,0,0,0,0
2020-02-23,Algeria,Africa,0,0,0,0
2020-03-01,Algeria,Africa,1,1,0,0
2020-03-08,Algeria,Africa,18,19,0,0
2020-03-15,Algeria,Africa,18,37,0,0
2020-03-22,Algeria,Africa,102,139,0,0
2020-03-29,Algeria,Africa,315,454,30,30
2020-04-05,Algeria,Africa,797,1251,100,130
2020-04-12,Algeria,Africa,574,1825,146,276
2020-04-19,Algeria,Africa,709,2534,92,368
2020-04-26,Algeria,Africa,722,3256,48,416
2020-05-03,Algeria,Africa,1039,4295,40,456
2020-05-10,Algeria,Africa,1263,5558,35,491
2020-05-17,Algeria,Africa,1263,6821,48,539
2020-05-24,Algeria,Africa,1292,8113,50,589
2020-05-31,Algeria,Africa,1154,9267,54,643
2020-06-07,Algeria,Africa,783,10050,52,695
2020-06-14,Algeria,Africa,760,10810,53,748
2020-06-21,Algeria,Africa,821,11631,77,825
2020-06-28,Algeria,Africa,1337,12968,55,880
2020-07-05,Algeria,Africa,2532,15500,54,934
2020-07-12,Algeria,Africa,3212,18712,58,992
2020-07-19,Algeria,Africa,3837,22549,64,1056
2020-07-26,Algeria,Africa,4215,26764,78,1134
2020-08-02,Algeria,Africa,4186,30950,77,1211
2020-08-09,Algeria,Africa,3743,34693,70,1281
2020-08-16,Algeria,Africa,3440,38133,67,1348
2020-08-23,Algeria,Africa,2935,41068,64,1412
2020-08-30,Algeria,Africa,2714,43782,77,1489
2020-09-06,Algeria,Africa,2289,46071,58,1547
2020-09-13,Algeria,Africa,1936,48007,56,1603
2020-09-20,Algeria,Africa,1616,49623,60,1663
2020-09-27,Algeria,Africa,1291,50914,46,1709
2020-10-04,Algeria,Africa,1081,51995,47,1756
2020-10-11,Algeria,Africa,945,52940,39,1795
2020-10-18,Algeria,Africa,1263,54203,51,1846
2020-10-25,Algeria,Africa,1427,55630,51,1897
2020-11-01,Algeria,Africa,2312,57942,67,1964
2020-11-08,Algeria,Africa,3439,61381,72,2036
2020-11-15,Algeria,Africa,5438,66819,103,2139
2020-11-22,Algeria,Africa,6955,73774,119,2258
2020-11-29,Algeria,Africa,7438,81212,135,2393
2020-12-06,Algeria,Africa,6290,87502,108,2501
2020-12-13,Algeria,Africa,4136,91638,83,2584
2020-12-20,Algeria,Africa,3143,94781,75,2659
2020-12-27,Algeria,Africa,3076,97857,63,2722
2021-01-03,Algeria,Africa,2302,100159,47,2769
2021-01-10,Algeria,Africa,1754,101913,34,2803
2021-01-17,Algeria,Africa,1698,103611,28,2831
2021-01-24,Algeria,Africa,1758,105369,30,2861
2021-01-31,Algeria,Africa,1753,107122,27,2888
2021-02-07,Algeria,Africa,1730,108852,23,2911
2021-02-14,Algeria,Africa,1661,110513,24,2935
2021-02-21,Algeria,Africa,1251,111764,23,2958
2021-02-28,Algeria,Africa,1196,112960,21,2979
2021-03-07,Algeria,Africa,1144,114104,31,3010
2021-03-14,Algeria,Africa,1039,115143,24,3034
2021-03-21,Algeria,Africa,923,116066,21,3055
2021-03-28,Algeria,Africa,684,116750,22,3077
2021-04-04,Algeria,Africa,774,117524,25,3102
2021-04-11,Algeria,Africa,854,118378,24,3126
2021-04-18,Algeria,Africa,1108,119486,26,3152
2021-04-25,Algeria,Africa,1250,120736,46,3198
2021-05-02,Algeria,Africa,1575,122311,63,3261
2021-05-09,Algeria,Africa,1589,123900,60,3321
2021-05-16,Algeria,Africa,1294,125194,45,3366
2021-05-23,Algeria,Africa,1457,126651,45,3411
2021-05-30,Algeria,Africa,1805,128456,49,3460
2021-06-06,Algeria,Africa,2225,130681,50,3510
2021-06-13,Algeria,Africa,2389,133070,55,3565
2021-06-20,Algeria,Africa,2516,135586,59,3624
2021-06-27,Algeria,Africa,2527,138113,61,3685
2021-07-04,Algeria,Africa,2894,141007,60,3745
2021-07-11,Algeria,Africa,4289,145296,79,3824
2021-07-18,Algeria,Africa,6914,152210,98,3922
2021-07-25,Algeria,Africa,8658,160868,120,4042
2021-08-01,Algeria,Africa,10524,171392,212,4254
2021-08-08,Algeria,Africa,8964,180356,266,4520
2021-08-15,Algeria,Africa,6299,186655,246,4766
2021-08-22,Algeria,Africa,4516,191171,218,4984
2021-08-29,Algeria,Africa,3500,194671,195,5179
2021-09-05,Algeria,Africa,2988,197659,220,5399
2021-09-12,Algeria,Africa,2163,199822,159,5558
2021-09-19,Algeria,Africa,1402,201224,112,5670
2021-09-26,Algeria,Africa,1350,202574,97,5767
2021-10-03,Algeria,Africa,1083,203657,52,5819
2021-10-10,Algeria,Africa,833,204490,31,5850
2021-10-17,Algeria,Africa,709,205199,20,5870
2021-10-24,Algeria,Africa,551,205750,16,5886
2021-10-31,Algeria,Africa,608,206358,32,5918
2021-11-07,Algeria,Africa,721,207079,23,5941
2021-11-14,Algeria,Africa,794,207873,36,5977
2021-11-21,Algeria,Africa,966,208839,40,6017
2021-11-28,Algeria,Africa,1141,209980,35,6052
2021-12-05,Algeria,Africa,1317,211297,44,6096
2021-12-12,Algeria,Africa,1355,212652,41,6137
2021-12-19,Algeria,Africa,1678,214330,43,6180
2021-12-26,Algeria,Africa,2046,216376,49,6229
2022-01-02,Algeria,Africa,2442,218818,55,6284
2022-01-09,Algeria,Africa,2924,221742,46,6330
2022-01-16,Algeria,Africa,3742,225484,74,6404
2022-01-23,Algeria,Africa,9052,234536,77,6481
2022-01-30,Algeria,Africa,14774,249310,74,6555
2022-02-06,Algeria,Africa,8288,257598,85,6640
2022-02-13,Algeria,Africa,3628,261226,75,6715
2022-02-20,Algeria,Africa,2710,263936,72,6787
2022-02-27,Algeria,Africa,842,264778,41,6828
2022-03-06,Algeria,Africa,449,265227,25,6853
2022-03-13,Algeria,Africa,183,265410,9,6862
2022-03-20,Algeria,Africa,129,265539,9,6871
2022-03-27,Algeria,Africa,82,265621,2,6873
2022-04-03,Algeria,Africa,63,265684,1,6874
2022-04-10,Algeria,Africa,36,265720,0,6874
2022-04-17,Algeria,Africa,19,265739,0,6874
2022-04-24,Algeria,Africa,22,265761,0,6874
2022-05-01,Algeria,Africa,19,265780,1,6875
2022-05-08,Algeria,Africa,14,265794,0,6875
2022-05-15,Algeria,Africa,22,265816,0,6875
2022-05-22,Algeria,Africa,35,265851,0,6875
2022-05-29,Algeria,Africa,22,265873,0,6875
2022-06-05,Algeria,Africa,23,265896,0,6875
2022-06-12,Algeria,Africa,29,265925,0,6875
2022-06-19,Algeria,Africa,46,265971,0,6875
2022-06-26,Algeria,Africa,59,266030,0,6875
2022-07-03,Algeria,Africa,85,266115,0,6875
2022-07-10,Algeria,Africa,131,266246,0,6875
2022-07-17,Algeria,Africa,178,266424,0,6875
2022-07-24,Algeria,Africa,348,266772,1,6876
2022-07-31,Algeria,Africa,602,267374,0,6876
2022-08-07,Algeria,Africa,767,268141,2,6878
2022-08-14,Algeria,Africa,867,269008,0,6878
2022-08-21,Algeria,Africa,723,269731,0,6878
2022-08-28,Algeria,Africa,444,270175,0,6878
2022-09-04,Algeria,Africa,251,270426,0,6878
2022-09-11,Algeria,Africa,106,270532,1,6879
2022-09-18,Algeria,Africa,74,270606,0,6879
2022-09-25,Algeria,Africa,37,270643,0,6879
2022-10-02,Algeria,Africa,39,270682,0,6879
2022-10-09,Algeria,Africa,25,270707,2,6881
2022-10-16,Algeria,Africa,29,270736,0,6881
2022-10-23,Algeria,Africa,41,270777,0,6881
2022-10-30,Algeria,Africa,59,270836,0,6881
2022-11-06,Algeria,Africa,11,270847,0,6881
2022-11-13,Algeria,Africa,34,270881,0,6881
2022-11-20,Algeria,Africa,71,270952,0,6881
2022-11-27,Algeria,Africa,109,271061,0,6881
2022-12-04,Algeria,Africa,41,271102,0,6881
2022-12-11,Algeria,Africa,44,271146,0,6881
2022-12-18,Algeria,Africa,22,271168,0,6881
2022-12-25,Algeria,Africa,26,271194,0,6881
2023-01-01,Algeria,Africa,23,271217,0,6881
2023-01-08,Algeria,Africa,37,271254,0,6881
2023-01-15,Algeria,Africa,33,271287,0,6881
2023-01-22,Algeria,Africa,41,271328,0,6881
2023-01-29,Algeria,Africa,41,271369,0,6881
2023-02-05,Algeria,Africa,25,271394,0,6881
2023-02-12,Algeria,Africa,15,271409,0,6881
2023-02-19,Algeria,Africa,16,271425,0,6881
2023-02-26,Algeria,Africa,14,271439,0,6881
2023-03-05,Algeria,Africa,30,271469,0,6881
2023-03-12,Algeria,Africa,34,271503,0,6881
2023-03-19,Algeria,Africa,45,271548,0,6881
2023-03-26,Algeria,Africa,20,271568,0,6881
2023-04-02,Algeria,Africa,24,271592,0,6881
2023-04-09,Algeria,Africa,21,271613,0,6881
2023-04-16,Algeria,Africa,29,271642,0,6881
2023-04-23,Algeria,Africa,29,271671,0,6881
2023-04-30,Algeria,Africa,41,271712,0,6881
2023-05-07,Algeria,Africa,53,271765,0,6881
2023-05-14,Algeria,Africa,48,271813,0,6881
2023-05-21,Algeria,Africa,9,271822,0,6881
2023-05-28,Algeria,Africa,13,271835,0,6881
2023-06-04,Algeria,Africa,6,271841,0,6881
2023-06-11,Algeria,Africa,0,271841,0,6881
2023-06-18,Algeria,Africa,6,271847,0,6881
2023-06-25,Algeria,Africa,0,271847,0,6881
2023-07-02,Algeria,Africa,5,271852,0,6881
2023-07-09,Algeria,Africa,0,271852,0,6881
2023-07-16,Algeria,Africa,0,271852,0,6881
2023-07-23,Algeria,Africa,0,271852,0,6881
2023-07-30,Algeria,Africa,0,271852,0,6881
2023-08-06,Algeria,Africa,0,271852,0,6881
2023-08-13,Algeria,Africa,17,271869,0,6881
2023-08-20,Algeria,Africa,0,271869,0,6881
2023-08-27,Algeria,Africa,2,271871,0,6881
2023-09-03,Algeria,Africa,2,271873,0,6881
2023-09-10,Algeria,Africa,4,271877,0,6881
2023-09-17,Algeria,Africa,10,271887,0,6881
2023-09-24,Algeria,Africa,8,271895,0,6881
2023-10-01,Algeria,Africa,15,271910,0,6881
2023-10-08,Algeria,Africa,9,271919,0,6881
2023-10-15,Algeria,Africa,7,271926,0,6881
2023-10-22,Algeria,Africa,8,271934,0,6881
2023-10-29,Algeria,Africa,6,271940,0,6881
2023-11-05,Algeria,Africa,20,271960,0,6881
2023-11-12,Algeria,Africa,6,271966,0,6881
2023-11-19,Algeria,Africa,12,271978,0,6881
2023-11-26,Algeria,Africa,13,271991,0,6881
2023-12-03,Algeria,Africa,19,272010,0,6881
2023-12-10,Algeria,Africa,0,272010,0,6881
2023-12-17,Algeria,Africa,0,272010,0,6881
2023-12-24,Algeria,Africa,0,272010,0,6881
2023-12-31,Algeria,Africa,0,272010,0,6881
2024-01-07,Algeria,Africa,0,272010,0,6881
2024-01-14,Algeria,Africa,0,272010,0,6881
2024-01-21,Algeria,Africa,0,272010,0,6881
2024-01-28,Algeria,Africa,0,272010,0,6881
2024-02-04,Algeria,Africa,0,272010,0,6881
2024-02-11,Algeria,Africa,0,272010,0,6881
2024-02-18,Algeria,Africa,0,272010,0,6881
2024-02-25,Algeria,Africa,0,272010,0,6881
2024-03-03,Algeria,Africa,0,272010,0,6881
2024-03-10,Algeria,Africa,0,272010,0,6881
2024-03-17,Algeria,Africa,2,272012,0,6881
2024-03-24,Algeria,Africa,3,272015,0,6881
2024-03-31,Algeria,Africa,2,272017,0,6881
2024-04-07,Algeria,Africa,3,272020,0,6881
2024-04-14,Algeria,Africa,1,272021,0,6881
2024-04-21,Algeria,Africa,2,272023,0,6881
2024-04-28,Algeria,Africa,4,272027,0,6881
2024-05-05,Algeria,Africa,0,272027,0,6881
2024-05-12,Algeria,Africa,0,272027,0,6881
2024-05-19,Algeria,Africa,1,272028,0,6881
2024-05-26,Algeria,Africa,4,272032,0,6881
2024-06-02,Algeria,Africa,1,272033,0,6881
2024-06-09,Algeria,Africa,1,272034,0,6881
2024-06-16,Algeria,Africa,1,272035,0,6881
2024-06-23,Algeria,Africa,2,272037,0,6881
2024-06-30,Algeria,Africa,1,272038,0,6881
2024-07-07,Algeria,Africa,8,272046,0,6881
2024-07-14,Algeria,Africa,6,272052,0,6881
2024-07-21,Algeria,Africa,31,272083,0,6881
2024-07-28,Algeria,Africa,32,272115,0,6881
2024-08-04,Algeria,Africa,6,272121,0,6881
2024-08-11,Algeria,Africa,18,272139,0,6881
2024-08-18,Algeria,Africa,12,272151,0,6881
2024-08-25,Algeria,Africa,3,272154,0,6881
2024-09-01,Algeria,Africa,2,272156,0,6881
2020-01-05,American Samoa,Oceania,0,0,0,0
2020-01-12,American Samoa,Oceania,0,0,0,0
2020-01-19,American Samoa,Oceania,0,0,0,0
2020-01-26,American Samoa,Oceania,0,0,0,0
2020-02-02,American Samoa,Oceania,0,0,0,0
2020-02-09,American Samoa,Oceania,0,0,0,0
2020-02-16,American Samoa,Oceania,0,0,0,0
2020-02-23,American Samoa,Oceania,0,0,0,0
2020-03-01,American Samoa,Oceania,0,0,0,0
2020-03-08,American Samoa,Oceania,0,0,0,0
2020-03-15,American Samoa,Oceania,0,0,0,0
2020-03-22,American Samoa,Oceania,0,0,0,0
2020-03-29,American Samoa,Oceania,0,0,0,0
2020-04-05,American Samoa,Oceania,0,0,0,0
2020-04-12,American Samoa,Oceania,0,0,0,0
2020-04-19,American Samoa,Oceania,0,0,0,0
2020-04-26,American Samoa,Oceania,0,0,0,0
2020-05-03,American Samoa,Oceania,0,0,0,0
2020-05-10,American Samoa,Oceania,0,0,0,0
2020-05-17,American Samoa,Oceania,0,0,0,0
2020-05-24,American Samoa,Oceania,0,0,0,0
2020-05-31,American Samoa,Oceania,0,0,0,0
2020-06-07,American Samoa,Oceania,0,0,0,0
2020-06-14,American Samoa,Oceania,0,0,0,0
2020-06-21,American Samoa,Oceania,0,0,0,0
2020-06-28,American Samoa,Oceania,0,0,0,0
2020-07-05,American Samoa,Oceania,0,0,0,0
2020-07-12,American Samoa,Oceania,0,0,0,0
2020-07-19,American Samoa,Oceania,0,0,0,0
2020-07-26,American Samoa,Oceania,0,0,0,0
2020-08-02,American Samoa,Oceania,0,0,0,0
2020-08-09,American Samoa,Oceania,0,0,0,0
2020-08-16,American Samoa,Oceania,0,0,0,0
2020-08-23,American Samoa,Oceania,0,0,0,0
2020-08-30,American Samoa,Oceania,0,0,0,0
2020-09-06,American Samoa,Oceania,0,0,0,0
2020-09-13,American Samoa,Oceania,0,0,0,0
2020-09-20,American Samoa,Oceania,0,0,0,0
2020-09-27,American Samoa,Oceania,0,0,0,0
2020-10-04,American Samoa,Oceania,0,0,0,0
2020-10-11,American Samoa,Oceania,0,0,0,0
2020-10-18,American Samoa,Oceania,0,0,0,0
2020-10-25,American Samoa,Oceania,0,0,0,0
2020-11-01,American Samoa,Oceania,0,0,0,0
2020-11-08,American Samoa,Oceania,0,0,0,0
2020-11-15,American Samoa,Oceania,0,0,0,0
2020-11-22,American Samoa,Oceania,0,0,0,0
2020-11-29,American Samoa,Oceania,0,0,0,0
2020-12-06,American Samoa,Oceania,0,0,0,0
2020-12-13,American Samoa,Oceania,0,0,0,0
2020-12-20,American Samoa,Oceania,0,0,0,0
2020-12-27,American Samoa,Oceania,0,0,0,0
2021-01-03,American Samoa,Oceania,0,0,0,0
2021-01-10,American Samoa,Oceania,0,0,0,0
2021-01-17,American Samoa,Oceania,0,0,0,0
2021-01-24,American Samoa,Oceania,0,0,0,0
2021-01-31,American Samoa,Oceania,0,0,0,0
2021-02-07,American Samoa,Oceania,0,0,0,0
2021-02-14,American Samoa,Oceania,0,0,0,0
2021-02-21,American Samoa,Oceania,0,0,0,0
2021-02-28,American Samoa,Oceania,0,0,0,0
2021-03-07,American Samoa,Oceania,0,0,0,0
2021-03-14,American Samoa,Oceania,0,0,0,0
2021-03-21,American Samoa,Oceania,0,0,0,0
2021-03-28,American Samoa,Oceania,0,0,0,0
2021-04-04,American Samoa,Oceania,0,0,0,0
2021-04-11,American Samoa,Oceania,0,0,0,0
2021-04-18,American Samoa,Oceania,0,0,0,0
2021-04-25,American Samoa,Oceania,0,0,0,0
2021-05-02,American Samoa,Oceania,0,0,0,0
2021-05-09,American Samoa,Oceania,0,0,0,0
2021-05-16,American Samoa,Oceania,0,0,0,0
2021-05-23,American Samoa,Oceania,0,0,0,0
2021-05-30,American Samoa,Oceania,0,0,0,0
2021-06-06,American Samoa,Oceania,0,0,0,0
2021-06-13,American Samoa,Oceania,0,0,0,0
2021-06-20,American Samoa,Oceania,0,0,0,0
2021-06-27,American Samoa,Oceania,0,0,0,0
2021-07-04,American Samoa,Oceania,0,0,0,0
2021-07-11,American Samoa,Oceania,0,0,0,0
2021-07-18,American Samoa,Oceania,0,0,0,0
2021-07-25,American Samoa,Oceania,0,0,0,0
2021-08-01,American Samoa,Oceania,0,0,0,0
2021-08-08,American Samoa,Oceania,0,0,0,0
2021-08-15,American Samoa,Oceania,0,0,0,0
2021-08-22,American Samoa,Oceania,0,0,0,0
2021-08-29,American Samoa,Oceania,0,0,0,0
2021-09-05,American Samoa,Oceania,0,0,0,0
2021-09-12,American Samoa,Oceania,0,0,0,0
2021-09-19,American Samoa,Oceania,1,1,0,0
2021-09-26,American Samoa,Oceania,0,1,0,0
2021-10-03,American Samoa,Oceania,0,1,0,0
2021-10-10,American Samoa,Oceania,2,3,0,0
2021-10-17,American Samoa,Oceania,0,3,0,0
2021-10-24,American Samoa,Oceania,1,4,0,0
2021-10-31,American Samoa,Oceania,0,4,0,0
2021-11-07,American Samoa,Oceania,0,4,0,0
2021-11-14,American Samoa,Oceania,1,5,0,0
2021-11-21,American Samoa,Oceania,0,5,0,0
2021-11-28,American Samoa,Oceania,0,5,0,0
2021-12-05,American Samoa,Oceania,5,10,0,0
2021-12-12,American Samoa,Oceania,1,11,0,0
2021-12-19,American Samoa,Oceania,0,11,0,0
2021-12-26,American Samoa,Oceania,0,11,0,0
2022-01-02,American Samoa,Oceania,0,11,0,0
2022-01-09,American Samoa,Oceania,7,18,0,0
2022-01-16,American Samoa,Oceania,0,18,0,0
2022-01-23,American Samoa,Oceania,0,18,0,0
2022-01-30,American Samoa,Oceania,0,18,0,0
2022-02-06,American Samoa,Oceania,31,49,0,0
2022-02-13,American Samoa,Oceania,8,57,0,0
2022-02-20,American Samoa,Oceania,0,57,0,0
2022-02-27,American Samoa,Oceania,27,84,0,0
2022-03-06,American Samoa,Oceania,208,292,0,0
2022-03-13,American Samoa,Oceania,263,555,0,0
2022-03-20,American Samoa,Oceania,842,1397,0,0
2022-03-27,American Samoa,Oceania,1881,3278,2,2
2022-04-03,American Samoa,Oceania,1378,4656,5,7
2022-04-10,American Samoa,Oceania,746,5402,4,11
2022-04-17,American Samoa,Oceania,133,5535,7,18
2022-04-24,American Samoa,Oceania,230,5765,5,23
2022-05-01,American Samoa,Oceania,92,5857,3,26
2022-05-08,American Samoa,Oceania,98,5955,3,29
2022-05-15,American Samoa,Oceania,63,6018,1,30
2022-05-22,American Samoa,Oceania,65,6083,0,30
2022-05-29,American Samoa,Oceania,62,6145,1,31
2022-06-05,American Samoa,Oceania,124,6269,0,31
2022-06-12,American Samoa,Oceania,73,6342,0,31
2022-06-19,American Samoa,Oceania,72,6414,0,31
2022-06-26,American Samoa,Oceania,91,6505,0,31
2022-07-03,American Samoa,Oceania,0,6505,0,31
2022-07-10,American Samoa,Oceania,0,6505,0,31
2022-07-17,American Samoa,Oceania,963,7468,2,33
2022-07-24,American Samoa,Oceania,0,7468,0,33
2022-07-31,American Samoa,Oceania,298,7766,0,33
2022-08-07,American Samoa,Oceania,186,7952,0,33
2022-08-14,American Samoa,Oceania,90,8042,0,33
2022-08-21,American Samoa,Oceania,0,8042,0,33
2022-08-28,American Samoa,Oceania,126,8168,1,34
2022-09-04,American Samoa,Oceania,0,8168,0,34
2022-09-11,American Samoa,Oceania,49,8217,0,34
2022-09-18,American Samoa,Oceania,18,8235,0,34
2022-09-25,American Samoa,Oceania,12,8247,0,34
2022-10-02,American Samoa,Oceania,3,8250,0,34
2022-10-09,American Samoa,Oceania,0,8250,0,34
2022-10-16,American Samoa,Oceania,1,8251,0,34
2022-10-23,American Samoa,Oceania,2,8253,0,34
2022-10-30,American Samoa,Oceania,4,8257,0,34
2022-11-06,American Samoa,Oceania,0,8257,0,34
2022-11-13,American Samoa,Oceania,5,8262,0,34
2022-11-20,American Samoa,Oceania,1,8263,0,34
2022-11-27,American Samoa,Oceania,1,8264,0,34
2022-12-04,American Samoa,Oceania,0,8264,0,34
2022-12-11,American Samoa,Oceania,1,8265,0,34
2022-12-18,American Samoa,Oceania,1,8266,0,34
2022-12-25,American Samoa,Oceania,0,8266,0,34
2023-01-01,American Samoa,Oceania,19,8285,0,34
2023-01-08,American Samoa,Oceania,17,8302,0,34
2023-01-15,American Samoa,Oceania,7,8309,0,34
2023-01-22,American Samoa,Oceania,8,8317,0,34
2023-01-29,American Samoa,Oceania,3,8320,0,34
2023-02-05,American Samoa,Oceania,0,8320,0,34
2023-02-12,American Samoa,Oceania,0,8320,0,34
2023-02-19,American Samoa,Oceania,0,8320,0,34
2023-02-26,American Samoa,Oceania,0,8320,0,34
2023-03-05,American Samoa,Oceania,0,8320,0,34
2023-03-12,American Samoa,Oceania,0,8320,0,34
2023-03-19,American Samoa,Oceania,1,8321,0,34
2023-03-26,American Samoa,Oceania,3,8324,0,34
2023-04-02,American Samoa,Oceania,2,8326,0,34
2023-04-09,American Samoa,Oceania,1,8327,0,34
2023-04-16,American Samoa,Oceania,2,8329,0,34
2023-04-23,American Samoa,Oceania,0,8329,0,34
2023-04-30,American Samoa,Oceania,0,8329,0,34
2023-05-07,American Samoa,Oceania,2,8331,0,34
2023-05-14,American Samoa,Oceania,0,8331,0,34
2023-05-21,American Samoa,Oceania,0,8331,0,34
2023-05-28,American Samoa,Oceania,0,8331,0,34
2023-06-04,American Samoa,Oceania,1,8332,0,34
2023-06-11,American Samoa,Oceania,0,8332,0,34
2023-06-18,American Samoa,Oceania,0,8332,0,34
2023-06-25,American Samoa,Oceania,0,8332,0,34
2023-07-02,American Samoa,Oceania,0,8332,0,34
2023-07-09,American Samoa,Oceania,9,8341,0,34
2023-07-16,American Samoa,Oceania,0,8341,0,34
2023-07-23,American Samoa,Oceania,0,8341,0,34
2023-07-30,American Samoa,Oceania,0,8341,0,34
2023-08-06,American Samoa,Oceania,0,8341,0,34
2023-08-13,American Samoa,Oceania,0,8341,0,34
2023-08-20,American Samoa,Oceania,0,8341,0,34
2023-08-27,American Samoa,Oceania,0,8341,0,34
2023-09-03,American Samoa,Oceania,0,8341,0,34
2023-09-10,American Samoa,Oceania,0,8341,0,34
2023-09-17,American Samoa,Oceania,18,8359,0,34
2023-09-24,American Samoa,Oceania,0,8359,0,34
2023-10-01,American Samoa,Oceania,0,8359,0,34
2023-10-08,American Samoa,Oceania,0,8359,0,34
2023-10-15,American Samoa,Oceania,0,8359,0,34
2023-10-22,American Samoa,Oceania,0,8359,0,34
2023-10-29,American Samoa,Oceania,0,8359,0,34
2023-11-05,American Samoa,Oceania,0,8359,0,34
2023-11-12,American Samoa,Oceania,0,8359,0,34
2023-11-19,American Samoa,Oceania,0,8359,0,34
2023-11-26,American Samoa,Oceania,0,8359,0,34
2023-12-03,American Samoa,Oceania,0,8359,0,34
2023-12-10,American Samoa,Oceania,0,8359,0,34
2023-12-17,American Samoa,Oceania,0,8359,0,34
2023-12-24,American Samoa,Oceania,0,8359,0,34
2023-12-31,American Samoa,Oceania,0,8359,0,34
2024-01-07,American Samoa,Oceania,0,8359,0,34
2024-01-14,American Samoa,Oceania,0,8359,0,34
2024-01-21,American Samoa,Oceania,0,8359,0,34
2024-01-28,American Samoa,Oceania,0,8359,0,34
2024-02-04,American Samoa,Oceania,0,8359,0,34
2024-02-11,American Samoa,Oceania,0,8359,0,34
2024-02-18,American Samoa,Oceania,0,8359,0,34
2024-02-25,American Samoa,Oceania,0,8359,0,34
2024-03-03,American Samoa,Oceania,0,8359,0,34
2024-03-10,American Samoa,Oceania,0,8359,0,34
2024-03-17,American Samoa,Oceania,0,8359,0,34
2024-03-24,American Samoa,Oceania,0,8359,0,34
2024-03-31,American Samoa,Oceania,0,8359,0,34
2024-04-07,American Samoa,Oceania,0,8359,0,34
2024-04-14,American Samoa,Oceania,0,8359,0,34
2024-04-21,American Samoa,Oceania,0,8359,0,34
2024-04-28,American Samoa,Oceania,0,8359,0,34
2024-05-05,American Samoa,Oceania,0,8359,0,34
2024-05-12,American Samoa,Oceania,0,8359,0,34
2024-05-19,American Samoa,Oceania,0,8359,0,34
2024-05-26,American Samoa,Oceania,0,8359,0,34
2024-06-02,American Samoa,Oceania,0,8359,0,34
2024-06-09,American Samoa,Oceania,0,8359,0,34
2024-06-16,American Samoa,Oceania,0,8359,0,34
2024-06-23,American Samoa,Oceania,0,8359,0,34
2024-06-30,American Samoa,Oceania,0,8359,0,34
2024-07-07,American Samoa,Oceania,0,8359,0,34
2024-07-14,American Samoa,Oceania,0,8359,0,34
2024-07-21,American Samoa,Oceania,0,8359,0,34
2024-07-28,American Samoa,Oceania,0,8359,0,34
2024-08-04,American Samoa,Oceania,0,8359,0,34
2024-08-11,American Samoa,Oceania,0,8359,0,34
2024-08-18,American Samoa,Oceania,0,8359,0,34
2024-08-25,American Samoa,Oceania,0,8359,0,34
2024-09-01,American Samoa,Oceania,0,8359,0,34
2020-01-05,Andorra,Europe,0,0,0,0
2020-01-12,Andorra,Europe,0,0,0,0
2020-01-19,Andorra,Europe,0,0,0,0
2020-01-26,Andorra,Europe,0,0,0,0
2020-02-02,Andorra,Europe,0,0,0,0
2020-02-09,Andorra,Europe,0,0,0,0
2020-02-16,Andorra,Europe,0,0,0,0
2020-02-23,Andorra,Europe,0,0,0,0
2020-03-01,Andorra,Europe,0,0,0,0
2020-03-08,Andorra,Europe,1,1,0,0
2020-03-15,Andorra,Europe,1,2,0,0
2020-03-22,Andorra,Europe,131,133,1,1
2020-03-29,Andorra,Europe,208,341,5,6
2020-04-05,Andorra,Europe,125,466,11,17
2020-04-12,Andorra,Europe,156,622,11,28
2020-04-19,Andorra,Europe,82,704,7,35
2020-04-26,Andorra,Europe,34,738,5,40
2020-05-03,Andorra,Europe,9,747,4,44
2020-05-10,Andorra,Europe,7,754,4,48
2020-05-17,Andorra,Europe,7,761,3,51
2020-05-24,Andorra,Europe,2,763,0,51
2020-05-31,Andorra,Europe,1,764,0,51
2020-06-07,Andorra,Europe,88,852,0,51
2020-06-14,Andorra,Europe,1,853,0,51
2020-06-21,Andorra,Europe,2,855,1,52
2020-06-28,Andorra,Europe,0,855,0,52
2020-07-05,Andorra,Europe,0,855,0,52
2020-07-12,Andorra,Europe,0,855,0,52
2020-07-19,Andorra,Europe,25,880,0,52
2020-07-26,Andorra,Europe,17,897,0,52
2020-08-02,Andorra,Europe,33,930,0,52
2020-08-09,Andorra,Europe,26,956,0,52
2020-08-16,Andorra,Europe,41,997,1,53
2020-08-23,Andorra,Europe,50,1047,0,53
2020-08-30,Andorra,Europe,77,1124,0,53
2020-09-06,Andorra,Europe,91,1215,0,53
2020-09-13,Andorra,Europe,129,1344,0,53
2020-09-20,Andorra,Europe,220,1564,0,53
2020-09-27,Andorra,Europe,272,1836,0,53
2020-10-04,Andorra,Europe,274,2110,0,53
2020-10-11,Andorra,Europe,586,2696,2,55
2020-10-18,Andorra,Europe,681,3377,4,59
2020-10-25,Andorra,Europe,661,4038,10,69
2020-11-01,Andorra,Europe,718,4756,6,75
2020-11-08,Andorra,Europe,563,5319,0,75
2020-11-15,Andorra,Europe,406,5725,0,75
2020-11-22,Andorra,Europe,482,6207,1,76
2020-11-29,Andorra,Europe,403,6610,0,76
2020-12-06,Andorra,Europe,395,7005,2,78
2020-12-13,Andorra,Europe,283,7288,0,78
2020-12-20,Andorra,Europe,272,7560,2,80
2020-12-27,Andorra,Europe,246,7806,3,83
2021-01-03,Andorra,Europe,360,8166,1,84
2021-01-10,Andorra,Europe,420,8586,1,85
2021-01-17,Andorra,Europe,452,9038,6,91
2021-01-24,Andorra,Europe,461,9499,5,96
2021-01-31,Andorra,Europe,386,9885,5,101
2021-02-07,Andorra,Europe,321,10206,4,105
2021-02-14,Andorra,Europe,257,10463,2,107
2021-02-21,Andorra,Europe,209,10672,0,107
2021-02-28,Andorra,Europe,177,10849,3,110
2021-03-07,Andorra,Europe,170,11019,2,112
2021-03-14,Andorra,Europe,209,11228,0,112
2021-03-21,Andorra,Europe,253,11481,1,113
2021-03-28,Andorra,Europe,328,11809,2,115
2021-04-04,Andorra,Europe,365,12174,2,117
2021-04-11,Andorra,Europe,323,12497,3,120
2021-04-18,Andorra,Europe,274,12771,3,123
2021-04-25,Andorra,Europe,253,13024,1,124
2021-05-02,Andorra,Europe,208,13232,1,125
2021-05-09,Andorra,Europe,174,13406,2,127
2021-05-16,Andorra,Europe,104,13510,0,127
2021-05-23,Andorra,Europe,99,13609,0,127
2021-05-30,Andorra,Europe,84,13693,0,127
2021-06-06,Andorra,Europe,65,13758,0,127
2021-06-13,Andorra,Europe,55,13813,0,127
2021-06-20,Andorra,Europe,29,13842,0,127
2021-06-27,Andorra,Europe,40,13882,0,127
2021-07-04,Andorra,Europe,36,13918,0,127
2021-07-11,Andorra,Europe,157,14075,0,127
2021-07-18,Andorra,Europe,198,14273,0,127
2021-07-25,Andorra,Europe,225,14498,0,127
2021-08-01,Andorra,Europe,180,14678,1,128
2021-08-08,Andorra,Europe,158,14836,0,128
2021-08-15,Andorra,Europe,88,14924,1,129
2021-08-22,Andorra,Europe,64,14988,0,129
2021-08-29,Andorra,Europe,37,15025,1,130
2021-09-05,Andorra,Europe,30,15055,0,130
2021-09-12,Andorra,Europe,28,15083,0,130
2021-09-19,Andorra,Europe,41,15124,0,130
2021-09-26,Andorra,Europe,43,15167,0,130
2021-10-03,Andorra,Europe,55,15222,0,130
2021-10-10,Andorra,Europe,69,15291,0,130
2021-10-17,Andorra,Europe,47,15338,0,130
2021-10-24,Andorra,Europe,66,15404,0,130
2021-10-31,Andorra,Europe,112,15516,0,130
2021-11-07,Andorra,Europe,102,15618,0,130
2021-11-14,Andorra,Europe,201,15819,0,130
2021-11-21,Andorra,Europe,267,16086,0,130
2021-11-28,Andorra,Europe,626,16712,1,131
2021-12-05,Andorra,Europe,1298,18010,1,132
2021-12-12,Andorra,Europe,1430,19440,1,133
2021-12-19,Andorra,Europe,1109,20549,1,134
2021-12-26,Andorra,Europe,1181,21730,5,139
2022-01-02,Andorra,Europe,2010,23740,1,140
2022-01-09,Andorra,Europe,2668,26408,1,141
2022-01-16,Andorra,Europe,3480,29888,1,142
2022-01-23,Andorra,Europe,3137,33025,2,144
2022-01-30,Andorra,Europe,2531,35556,1,145
2022-02-06,Andorra,Europe,1043,36599,2,147
2022-02-13,Andorra,Europe,541,37140,1,148
2022-02-20,Andorra,Europe,449,37589,2,150
2022-02-27,Andorra,Europe,410,37999,1,151
2022-03-06,Andorra,Europe,435,38434,0,151
2022-03-13,Andorra,Europe,360,38794,1,152
2022-03-20,Andorra,Europe,440,39234,1,153
2022-03-27,Andorra,Europe,479,39713,0,153
2022-04-03,Andorra,Europe,311,40024,0,153
2022-04-10,Andorra,Europe,304,40328,0,153
2022-04-17,Andorra,Europe,381,40709,0,153
2022-04-24,Andorra,Europe,304,41013,0,153
2022-05-01,Andorra,Europe,336,41349,0,153
2022-05-08,Andorra,Europe,368,41717,0,153
2022-05-15,Andorra,Europe,439,42156,0,153
2022-05-22,Andorra,Europe,416,42572,0,153
2022-05-29,Andorra,Europe,322,42894,0,153
2022-06-05,Andorra,Europe,173,43067,0,153
2022-06-12,Andorra,Europe,157,43224,0,153
2022-06-19,Andorra,Europe,225,43449,0,153
2022-06-26,Andorra,Europe,325,43774,0,153
2022-07-03,Andorra,Europe,403,44177,0,153
2022-07-10,Andorra,Europe,494,44671,0,153
2022-07-17,Andorra,Europe,390,45061,0,153
2022-07-24,Andorra,Europe,265,45326,0,153
2022-07-31,Andorra,Europe,182,45508,0,153
2022-08-07,Andorra,Europe,285,45793,1,154
2022-08-14,Andorra,Europe,106,45899,0,154
2022-08-21,Andorra,Europe,76,45975,0,154
2022-08-28,Andorra,Europe,52,46027,0,154
2022-09-04,Andorra,Europe,0,46027,0,154
2022-09-11,Andorra,Europe,86,46113,1,155
2022-09-18,Andorra,Europe,34,46147,0,155
2022-09-25,Andorra,Europe,0,46147,0,155
2022-10-02,Andorra,Europe,80,46227,0,155
2022-10-09,Andorra,Europe,48,46275,0,155
2022-10-16,Andorra,Europe,91,46366,0,155
2022-10-23,Andorra,Europe,83,46449,0,155
2022-10-30,Andorra,Europe,86,46535,0,155
2022-11-06,Andorra,Europe,53,46588,0,155
2022-11-13,Andorra,Europe,76,46664,0,155
2022-11-20,Andorra,Europe,160,46824,1,156
2022-11-27,Andorra,Europe,0,46824,0,156
2022-12-04,Andorra,Europe,395,47219,1,157
2022-12-11,Andorra,Europe,227,47446,1,158
2022-12-18,Andorra,Europe,160,47606,0,158
2022-12-25,Andorra,Europe,80,47686,0,158
2023-01-01,Andorra,Europe,65,47751,0,158
2023-01-08,Andorra,Europe,30,47781,1,159
2023-01-15,Andorra,Europe,0,47781,0,159
2023-01-22,Andorra,Europe,39,47820,0,159
2023-01-29,Andorra,Europe,19,47839,0,159
2023-02-05,Andorra,Europe,11,47850,0,159
2023-02-12,Andorra,Europe,10,47860,0,159
2023-02-19,Andorra,Europe,6,47866,0,159
2023-02-26,Andorra,Europe,9,47875,0,159
2023-03-05,Andorra,Europe,15,47890,0,159
2023-03-12,Andorra,Europe,8,47898,0,159
2023-03-19,Andorra,Europe,10,47908,0,159
2023-03-26,Andorra,Europe,9,47917,0,159
2023-04-02,Andorra,Europe,13,47930,0,159
2023-04-09,Andorra,Europe,9,47939,0,159
2023-04-16,Andorra,Europe,6,47945,0,159
2023-04-23,Andorra,Europe,0,47945,0,159
2023-04-30,Andorra,Europe,29,47974,0,159
2023-05-07,Andorra,Europe,41,48015,0,159
2023-05-14,Andorra,Europe,0,48015,0,159
2023-05-21,Andorra,Europe,0,48015,0,159
2023-05-28,Andorra,Europe,0,48015,0,159
2023-06-04,Andorra,Europe,0,48015,0,159
2023-06-11,Andorra,Europe,0,48015,0,159
2023-06-18,Andorra,Europe,0,48015,0,159
2023-06-25,Andorra,Europe,0,48015,0,159
2023-07-02,Andorra,Europe,0,48015,0,159
2023-07-09,Andorra,Europe,0,48015,0,159
2023-07-16,Andorra,Europe,0,48015,0,159
2023-07-23,Andorra,Europe,0,48015,0,159
2023-07-30,Andorra,Europe,0,48015,0,159
2023-08-06,Andorra,Europe,0,48015,0,159
2023-08-13,Andorra,Europe,0,48015,0,159
2023-08-20,Andorra,Europe,0,48015,0,159
2023-08-27,Andorra,Europe,0,48015,0,159
2023-09-03,Andorra,Europe,0,48015,0,159
2023-09-10,Andorra,Europe,0,48015,0,159
2023-09-17,Andorra,Europe,0,48015,0,159
2023-09-24,Andorra,Europe,0,48015,0,159
2023-10-01,Andorra,Europe,0,48015,0,159
2023-10-08,Andorra,Europe,0,48015,0,159
2023-10-15,Andorra,Europe,0,48015,0,159
2023-10-22,Andorra,Europe,0,48015,0,159
2023-10-29,Andorra,Europe,0,48015,0,159
2023-11-05,Andorra,Europe,0,48015,0,159
2023-11-12,Andorra,Europe,0,48015,0,159
2023-11-19,Andorra,Europe,0,48015,0,159
2023-11-26,Andorra,Europe,0,48015,0,159
2023-12-03,Andorra,Europe,0,48015,0,159
2023-12-10,Andorra,Europe,0,48015,0,159
2023-12-17,Andorra,Europe,0,48015,0,159
2023-12-24,Andorra,Europe,0,48015,0,159
2023-12-31,Andorra,Europe,0,48015,0,159
2024-01-07,Andorra,Europe,0,48015,0,159
2024-01-14,Andorra,Europe,0,48015,0,159
2024-01-21,Andorra,Europe,0,48015,0,159
2024-01-28,Andorra,Europe,0,48015,0,159
2024-02-04,Andorra,Europe,0,48015,0,159
2024-02-11,Andorra,Europe,0,48015,0,159
2024-02-18,Andorra,Europe,0,48015,0,159
2024-02-25,Andorra,Europe,0,48015,0,159
2024-03-03,Andorra,Europe,0,48015,0,159
2024-03-10,Andorra,Europe,0,48015,0,159
2024-03-17,Andorra,Europe,0,48015,0,159
2024-03-24,Andorra,Europe,0,48015,0,159
2024-03-31,Andorra,Europe,0,48015,0,159
2024-04-07,Andorra,Europe,0,48015,0,159
2024-04-14,Andorra,Europe,0,48015,0,159
2024-04-21,Andorra,Europe,0,48015,0,159
2024-04-28,Andorra,Europe,0,48015,0,159
2024-05-05,Andorra,Europe,0,48015,0,159
2024-05-12,Andorra,Europe,0,48015,0,159
2024-05-19,Andorra,Europe,0,48015,0,159
2024-05-26,Andorra,Europe,0,48015,0,159
2024-06-02,Andorra,Europe,0,48015,0,159
2024-06-09,Andorra,Europe,0,48015,0,159
2024-06-16,Andorra,Europe,0,48015,0,159
2024-06-23,Andorra,Europe,0,48015,0,159
2024-06-30,Andorra,Europe,0,48015,0,159
2024-07-07,Andorra,Europe,0,48015,0,159
2024-07-14,Andorra,Europe,0,48015,0,159
2024-07-21,Andorra,Europe,0,48015,0,159
2024-07-28,Andorra,Europe,0,48015,0,159
2024-08-04,Andorra,Europe,0,48015,0,159
2024-08-11,Andorra,Europe,0,48015,0,159
2024-08-18,Andorra,Europe,0,48015,0,159
2024-08-25,Andorra,Europe,0,48015,0,159
2024-09-01,Andorra,Europe,0,48015,0,159
2020-01-05,Angola,Africa,0,0,0,0
2020-01-12,Angola,Africa,0,0,0,0
2020-01-19,Angola,Africa,0,0,0,0
2020-01-26,Angola,Africa,0,0,0,0
2020-02-02,Angola,Africa,0,0,0,0
2020-02-09,Angola,Africa,0,0,0,0
2020-02-16,Angola,Africa,0,0,0,0
2020-02-23,Angola,Africa,0,0,0,0
2020-03-01,Angola,Africa,0,0,0,0
2020-03-08,Angola,Africa,0,0,0,0
2020-03-15,Angola,Africa,0,0,0,0
2020-03-22,Angola,Africa,0,0,0,0
2020-03-29,Angola,Africa,0,0,0,0
2020-04-05,Angola,Africa,10,10,0,0
2020-04-12,Angola,Africa,9,19,0,0
2020-04-19,Angola,Africa,5,24,0,0
2020-04-26,Angola,Africa,1,25,0,0
2020-05-03,Angola,Africa,10,35,0,0
2020-05-10,Angola,Africa,8,43,0,0
2020-05-17,Angola,Africa,5,48,0,0
2020-05-24,Angola,Africa,13,61,3,3
2020-05-31,Angola,Africa,23,84,1,4
2020-06-07,Angola,Africa,4,88,0,4
2020-06-14,Angola,Africa,50,138,2,6
2020-06-21,Angola,Africa,34,172,2,8
2020-06-28,Angola,Africa,87,259,2,10
2020-07-05,Angola,Africa,87,346,9,19
2020-07-12,Angola,Africa,137,483,6,25
2020-07-19,Angola,Africa,204,687,4,29
2020-07-26,Angola,Africa,229,916,10,39
2020-08-02,Angola,Africa,248,1164,15,54
2020-08-09,Angola,Africa,408,1572,16,70
2020-08-16,Angola,Africa,307,1879,16,86
2020-08-23,Angola,Africa,255,2134,8,94
2020-08-30,Angola,Africa,417,2551,13,107
2020-09-06,Angola,Africa,384,2935,10,117
2020-09-13,Angola,Africa,400,3335,15,132
2020-09-20,Angola,Africa,566,3901,15,147
2020-09-27,Angola,Africa,771,4672,22,169
2020-10-04,Angola,Africa,698,5370,19,188
2020-10-11,Angola,Africa,876,6246,33,221
2020-10-18,Angola,Africa,1216,7462,23,244
2020-10-25,Angola,Africa,1564,9026,26,270
2020-11-01,Angola,Africa,1779,10805,17,287
2020-11-08,Angola,Africa,1530,12335,16,303
2020-11-15,Angola,Africa,1039,13374,19,322
2020-11-22,Angola,Africa,1039,14413,14,336
2020-11-29,Angola,Africa,674,15087,9,345
2020-12-06,Angola,Africa,449,15536,9,354
2020-12-13,Angola,Africa,625,16161,12,366
2020-12-20,Angola,Africa,465,16626,20,386
2020-12-27,Angola,Africa,523,17149,14,400
2021-01-03,Angola,Africa,459,17608,7,407
2021-01-10,Angola,Africa,548,18156,9,416
2021-01-17,Angola,Africa,609,18765,15,431
2021-01-24,Angola,Africa,602,19367,26,457
2021-01-31,Angola,Africa,415,19782,7,464
2021-02-07,Angola,Africa,280,20062,11,475
2021-02-14,Angola,Africa,267,20329,16,491
2021-02-21,Angola,Africa,170,20499,7,498
2021-02-28,Angola,Africa,283,20782,8,506
2021-03-07,Angola,Africa,273,21055,6,512
2021-03-14,Angola,Africa,268,21323,8,520
2021-03-21,Angola,Africa,373,21696,6,526
2021-03-28,Angola,Africa,335,22031,7,533
2021-04-04,Angola,Africa,548,22579,7,540
2021-04-11,Angola,Africa,752,23331,10,550
2021-04-18,Angola,Africa,969,24300,11,561
2021-04-25,Angola,Africa,1192,25492,16,577
2021-05-02,Angola,Africa,1323,26815,23,600
2021-05-09,Angola,Africa,1662,28477,30,630
2021-05-16,Angola,Africa,1877,30354,25,655
2021-05-23,Angola,Africa,1795,32149,60,715
2021-05-30,Angola,Africa,2031,34180,42,757
2021-06-06,Angola,Africa,1414,35594,37,794
2021-06-13,Angola,Africa,1006,36600,31,825
2021-06-20,Angola,Africa,1004,37604,31,856
2021-06-27,Angola,Africa,924,38528,31,887
2021-07-04,Angola,Africa,644,39172,23,910
2021-07-11,Angola,Africa,709,39881,19,929
2021-07-18,Angola,Africa,826,40707,25,954
2021-07-25,Angola,Africa,1029,41736,28,982
2021-08-01,Angola,Africa,1041,42777,29,1011
2021-08-08,Angola,Africa,815,43592,33,1044
2021-08-15,Angola,Africa,941,44533,42,1086
2021-08-22,Angola,Africa,1284,45817,54,1140
2021-08-29,Angola,Africa,1262,47079,52,1192
2021-09-05,Angola,Africa,1396,48475,66,1258
2021-09-12,Angola,Africa,1873,50348,69,1327
2021-09-19,Angola,Africa,1959,52307,61,1388
2021-09-26,Angola,Africa,2488,54795,99,1487
2021-10-03,Angola,Africa,3808,58603,87,1574
2021-10-10,Angola,Africa,2642,61245,44,1618
2021-10-17,Angola,Africa,1544,62789,44,1662
2021-10-24,Angola,Africa,986,63775,33,1695
2021-10-31,Angola,Africa,599,64374,13,1708
2021-11-07,Angola,Africa,280,64654,11,1719
2021-11-14,Angola,Africa,245,64899,8,1727
2021-11-21,Angola,Africa,112,65011,3,1730
2021-11-28,Angola,Africa,128,65139,3,1733
2021-12-05,Angola,Africa,105,65244,2,1735
2021-12-12,Angola,Africa,153,65397,2,1737
2021-12-19,Angola,Africa,471,65868,1,1738
2021-12-26,Angola,Africa,5274,71142,8,1746
2022-01-02,Angola,Africa,11256,82398,26,1772
2022-01-09,Angola,Africa,6377,88775,37,1809
2022-01-16,Angola,Africa,4749,93524,48,1857
2022-01-23,Angola,Africa,2378,95902,29,1886
2022-01-30,Angola,Africa,2155,98057,8,1894
2022-02-06,Angola,Africa,294,98351,2,1896
2022-02-13,Angola,Africa,163,98514,2,1898
2022-02-20,Angola,Africa,103,98617,1,1899
2022-02-27,Angola,Africa,84,98701,0,1899
2022-03-06,Angola,Africa,101,98802,1,1900
2022-03-13,Angola,Africa,107,98909,0,1900
2022-03-20,Angola,Africa,101,99010,0,1900
2022-03-27,Angola,Africa,96,99106,0,1900
2022-04-03,Angola,Africa,88,99194,0,1900
2022-04-10,Angola,Africa,0,99194,0,1900
2022-04-17,Angola,Africa,93,99287,0,1900
2022-04-24,Angola,Africa,31,99318,0,1900
2022-05-01,Angola,Africa,5,99323,0,1900
2022-05-08,Angola,Africa,90,99413,0,1900
2022-05-15,Angola,Africa,68,99481,0,1900
2022-05-22,Angola,Africa,46,99527,0,1900
2022-05-29,Angola,Africa,234,99761,0,1900
2022-06-05,Angola,Africa,78,99839,0,1900
2022-06-12,Angola,Africa,0,99839,0,1900
2022-06-19,Angola,Africa,987,100826,0,1900
2022-06-26,Angola,Africa,431,101257,0,1900
2022-07-03,Angola,Africa,343,101600,0,1900
2022-07-10,Angola,Africa,383,101983,9,1909
2022-07-17,Angola,Africa,226,102209,3,1912
2022-07-24,Angola,Africa,92,102301,0,1912
2022-07-31,Angola,Africa,174,102475,4,1916
2022-08-07,Angola,Africa,161,102636,1,1917
2022-08-14,Angola,Africa,107,102743,0,1917
2022-08-21,Angola,Africa,182,102925,0,1917
2022-08-28,Angola,Africa,97,103022,0,1917
2022-09-04,Angola,Africa,107,103129,0,1917
2022-09-11,Angola,Africa,2,103131,0,1917
2022-09-18,Angola,Africa,0,103131,0,1917
2022-09-25,Angola,Africa,0,103131,0,1917
2022-10-02,Angola,Africa,99,103230,0,1917
2022-10-09,Angola,Africa,27,103257,0,1917
2022-10-16,Angola,Africa,42,103299,0,1917
2022-10-23,Angola,Africa,115,103414,0,1917
2022-10-30,Angola,Africa,184,103598,0,1917
2022-11-06,Angola,Africa,350,103948,1,1918
2022-11-13,Angola,Africa,279,104227,3,1921
2022-11-20,Angola,Africa,259,104486,2,1923
2022-11-27,Angola,Africa,173,104659,1,1924
2022-12-04,Angola,Africa,149,104808,1,1925
2022-12-11,Angola,Africa,138,104946,3,1928
2022-12-18,Angola,Africa,88,105034,0,1928
2022-12-25,Angola,Africa,36,105070,1,1929
2023-01-01,Angola,Africa,25,105095,1,1930
2023-01-08,Angola,Africa,45,105140,1,1931
2023-01-15,Angola,Africa,21,105161,0,1931
2023-01-22,Angola,Africa,22,105183,0,1931
2023-01-29,Angola,Africa,1,105184,0,1931
2023-02-05,Angola,Africa,21,105205,0,1931
2023-02-12,Angola,Africa,19,105224,1,1932
2023-02-19,Angola,Africa,19,105243,0,1932
2023-02-26,Angola,Africa,12,105255,1,1933
2023-03-05,Angola,Africa,22,105277,0,1933
2023-03-12,Angola,Africa,11,105288,0,1933
2023-03-19,Angola,Africa,10,105298,0,1933
2023-03-26,Angola,Africa,18,105316,0,1933
2023-04-02,Angola,Africa,15,105331,1,1934
2023-04-09,Angola,Africa,13,105344,0,1934
2023-04-16,Angola,Africa,9,105353,0,1934
2023-04-23,Angola,Africa,31,105384,0,1934
2023-04-30,Angola,Africa,0,105384,0,1934
2023-05-07,Angola,Africa,177,105561,2,1936
2023-05-14,Angola,Africa,120,105681,0,1936
2023-05-21,Angola,Africa,89,105770,0,1936
2023-05-28,Angola,Africa,49,105819,0,1936
2023-06-04,Angola,Africa,32,105851,0,1936
2023-06-11,Angola,Africa,33,105884,0,1936
2023-06-18,Angola,Africa,13,105897,0,1936
2023-06-25,Angola,Africa,7,105904,0,1936
2023-07-02,Angola,Africa,2,105906,0,1936
2023-07-09,Angola,Africa,15,105921,0,1936
2023-07-16,Angola,Africa,4,105925,0,1936
2023-07-23,Angola,Africa,1,105926,0,1936
2023-07-30,Angola,Africa,5,105931,0,1936
2023-08-06,Angola,Africa,2,105933,0,1936
2023-08-13,Angola,Africa,1,105934,0,1936
2023-08-20,Angola,Africa,0,105934,0,1936
2023-08-27,Angola,Africa,3,105937,0,1936
2023-09-03,Angola,Africa,7,105944,0,1936
2023-09-10,Angola,Africa,8,105952,0,1936
2023-09-17,Angola,Africa,8,105960,0,1936
2023-09-24,Angola,Africa,2,105962,0,1936
2023-10-01,Angola,Africa,6,105968,0,1936
2023-10-08,Angola,Africa,4,105972,0,1936
2023-10-15,Angola,Africa,3,105975,0,1936
2023-10-22,Angola,Africa,1,105976,0,1936
2023-10-29,Angola,Africa,0,105976,0,1936
2023-11-05,Angola,Africa,2,105978,0,1936
2023-11-12,Angola,Africa,9,105987,0,1936
2023-11-19,Angola,Africa,15,106002,0,1936
2023-11-26,Angola,Africa,122,106124,0,1936
2023-12-03,Angola,Africa,92,106216,1,1937
2023-12-10,Angola,Africa,87,106303,0,1937
2023-12-17,Angola,Africa,45,106348,0,1937
2023-12-24,Angola,Africa,372,106720,0,1937
2023-12-31,Angola,Africa,208,106928,0,1937
2024-01-07,Angola,Africa,205,107133,0,1937
2024-01-14,Angola,Africa,100,107233,0,1937
2024-01-21,Angola,Africa,38,107271,0,1937
2024-01-28,Angola,Africa,21,107292,0,1937
2024-02-04,Angola,Africa,30,107322,0,1937
2024-02-11,Angola,Africa,1,107323,0,1937
2024-02-18,Angola,Africa,2,107325,0,1937
2024-02-25,Angola,Africa,1,107326,0,1937
2024-03-03,Angola,Africa,1,107327,0,1937
2024-03-10,Angola,Africa,0,107327,0,1937
2024-03-17,Angola,Africa,0,107327,0,1937
2024-03-24,Angola,Africa,28,107355,0,1937
2024-03-31,Angola,Africa,2,107357,0,1937
2024-04-07,Angola,Africa,8,107365,0,1937
2024-04-14,Angola,Africa,0,107365,0,1937
2024-04-21,Angola,Africa,6,107371,0,1937
2024-04-28,Angola,Africa,23,107394,0,1937
2024-05-05,Angola,Africa,29,107423,0,1937
2024-05-12,Angola,Africa,20,107443,0,1937
2024-05-19,Angola,Africa,8,107451,0,1937
2024-05-26,Angola,Africa,3,107454,0,1937
2024-06-02,Angola,Africa,9,107463,0,1937
2024-06-09,Angola,Africa,5,107468,0,1937
2024-06-16,Angola,Africa,1,107469,0,1937
2024-06-23,Angola,Africa,2,107471,0,1937
2024-06-30,Angola,Africa,1,107472,0,1937
2024-07-07,Angola,Africa,3,107475,0,1937
2024-07-14,Angola,Africa,4,107479,0,1937
2024-07-21,Angola,Africa,2,107481,0,1937
2024-07-28,Angola,Africa,0,107481,0,1937
2024-08-04,Angola,Africa,0,107481,0,1937
2024-08-11,Angola,Africa,0,107481,0,1937
2024-08-18,Angola,Africa,0,107481,0,1937
2024-08-25,Angola,Africa,0,107481,0,1937
2024-09-01,Angola,Africa,0,107481,0,1937
2020-01-05,Anguilla,North America,0,0,0,0
2020-01-12,Anguilla,North America,0,0,0,0
2020-01-19,Anguilla,North America,0,0,0,0
2020-01-26,Anguilla,North America,0,0,0,0
2020-02-02,Anguilla,North America,0,0,0,0
2020-02-09,Anguilla,North America,0,0,0,0
2020-02-16,Anguilla,North America,0,0,0,0
2020-02-23,Anguilla,North America,0,0,0,0
2020-03-01,Anguilla,North America,0,0,0,0
2020-03-08,Anguilla,North America,0,0,0,0
2020-03-15,Anguilla,North America,0,0,0,0
2020-03-22,Anguilla,North America,0,0,0,0
2020-03-29,Anguilla,North America,2,2,0,0
2020-04-05,Anguilla,North America,1,3,0,0
2020-04-12,Anguilla,North America,0,3,0,0
2020-04-19,Anguilla,North America,0,3,0,0
2020-04-26,Anguilla,North America,0,3,0,0
2020-05-03,Anguilla,North America,0,3,0,0
2020-05-10,Anguilla,North America,0,3,0,0
2020-05-17,Anguilla,North America,0,3,0,0
2020-05-24,Anguilla,North America,0,3,0,0
2020-05-31,Anguilla,North America,0,3,0,0
2020-06-07,Anguilla,North America,0,3,0,0
2020-06-14,Anguilla,North America,0,3,0,0
2020-06-21,Anguilla,North America,0,3,0,0
2020-06-28,Anguilla,North America,0,3,0,0
2020-07-05,Anguilla,North America,0,3,0,0
2020-07-12,Anguilla,North America,0,3,0,0
2020-07-19,Anguilla,North America,0,3,0,0
2020-07-26,Anguilla,North America,0,3,0,0
2020-08-02,Anguilla,North America,0,3,0,0
2020-08-09,Anguilla,North America,0,3,0,0
2020-08-16,Anguilla,North America,0,3,0,0
2020-08-23,Anguilla,North America,0,3,0,0
2020-08-30,Anguilla,North America,0,3,0,0
2020-09-06,Anguilla,North America,0,3,0,0
2020-09-13,Anguilla,North America,0,3,0,0
2020-09-20,Anguilla,North America,0,3,0,0
2020-09-27,Anguilla,North America,0,3,0,0
2020-10-04,Anguilla,North America,0,3,0,0
2020-10-11,Anguilla,North America,0,3,0,0
2020-10-18,Anguilla,North America,0,3,0,0
2020-10-25,Anguilla,North America,0,3,0,0
2020-11-01,Anguilla,North America,0,3,0,0
2020-11-08,Anguilla,North America,0,3,0,0
2020-11-15,Anguilla,North America,0,3,0,0
2020-11-22,Anguilla,North America,0,3,0,0
2020-11-29,Anguilla,North America,1,4,0,0
2020-12-06,Anguilla,North America,3,7,0,0
2020-12-13,Anguilla,North America,3,10,0,0
2020-12-20,Anguilla,North America,0,10,0,0
2020-12-27,Anguilla,North America,2,12,0,0
2021-01-03,Anguilla,North America,3,15,0,0
2021-01-10,Anguilla,North America,0,15,0,0
2021-01-17,Anguilla,North America,0,15,0,0
2021-01-24,Anguilla,North America,0,15,0,0
2021-01-31,Anguilla,North America,2,17,0,0
2021-02-07,Anguilla,North America,0,17,0,0
2021-02-14,Anguilla,North America,1,18,0,0
2021-02-21,Anguilla,North America,0,18,0,0
2021-02-28,Anguilla,North America,0,18,0,0
2021-03-07,Anguilla,North America,0,18,0,0
2021-03-14,Anguilla,North America,3,21,0,0
2021-03-21,Anguilla,North America,1,22,0,0
2021-03-28,Anguilla,North America,1,23,0,0
2021-04-04,Anguilla,North America,2,25,0,0
2021-04-11,Anguilla,North America,4,29,0,0
2021-04-18,Anguilla,North America,0,29,0,0
2021-04-25,Anguilla,North America,29,58,0,0
2021-05-02,Anguilla,North America,35,93,0,0
2021-05-09,Anguilla,North America,6,99,0,0
2021-05-16,Anguilla,North America,10,109,0,0
2021-05-23,Anguilla,North America,0,109,0,0
2021-05-30,Anguilla,North America,0,109,0,0
2021-06-06,Anguilla,North America,0,109,0,0
2021-06-13,Anguilla,North America,0,109,0,0
2021-06-20,Anguilla,North America,0,109,0,0
2021-06-27,Anguilla,North America,0,109,0,0
2021-07-04,Anguilla,North America,2,111,0,0
2021-07-11,Anguilla,North America,0,111,0,0
2021-07-18,Anguilla,North America,1,112,0,0
2021-07-25,Anguilla,North America,1,113,0,0
2021-08-01,Anguilla,North America,1,114,0,0
2021-08-08,Anguilla,North America,0,114,0,0
2021-08-15,Anguilla,North America,13,127,0,0
2021-08-22,Anguilla,North America,27,154,0,0
2021-08-29,Anguilla,North America,40,194,0,0
2021-09-05,Anguilla,North America,85,279,0,0
2021-09-12,Anguilla,North America,33,312,0,0
2021-09-19,Anguilla,North America,19,331,0,0
2021-09-26,Anguilla,North America,33,364,1,1
2021-10-03,Anguilla,North America,61,425,0,1
2021-10-10,Anguilla,North America,119,544,0,1
2021-10-17,Anguilla,North America,124,668,0,1
2021-10-24,Anguilla,North America,125,793,0,1
2021-10-31,Anguilla,North America,99,892,0,1
2021-11-07,Anguilla,North America,147,1039,0,1
2021-11-14,Anguilla,North America,70,1109,2,3
2021-11-21,Anguilla,North America,159,1268,0,3
2021-11-28,Anguilla,North America,66,1334,0,3
2021-12-05,Anguilla,North America,80,1414,0,3
2021-12-12,Anguilla,North America,109,1523,1,4
2021-12-19,Anguilla,North America,69,1592,0,4
2021-12-26,Anguilla,North America,54,1646,1,5
2022-01-02,Anguilla,North America,28,1674,0,5
2022-01-09,Anguilla,North America,103,1777,1,6
2022-01-16,Anguilla,North America,263,2040,0,6
2022-01-23,Anguilla,North America,147,2187,1,7
2022-01-30,Anguilla,North America,137,2324,1,8
2022-02-06,Anguilla,North America,60,2384,0,8
2022-02-13,Anguilla,North America,74,2458,1,9
2022-02-20,Anguilla,North America,48,2506,0,9
2022-02-27,Anguilla,North America,22,2528,0,9
2022-03-06,Anguilla,North America,27,2555,0,9
2022-03-13,Anguilla,North America,19,2574,0,9
2022-03-20,Anguilla,North America,20,2594,0,9
2022-03-27,Anguilla,North America,39,2633,0,9
2022-04-03,Anguilla,North America,67,2700,0,9
2022-04-10,Anguilla,North America,17,2717,0,9
2022-04-17,Anguilla,North America,14,2731,0,9
2022-04-24,Anguilla,North America,0,2731,0,9
2022-05-01,Anguilla,North America,57,2788,0,9
2022-05-08,Anguilla,North America,0,2788,0,9
2022-05-15,Anguilla,North America,196,2984,0,9
2022-05-22,Anguilla,North America,132,3116,0,9
2022-05-29,Anguilla,North America,87,3203,0,9
2022-06-05,Anguilla,North America,91,3294,0,9
2022-06-12,Anguilla,North America,48,3342,0,9
2022-06-19,Anguilla,North America,32,3374,0,9
2022-06-26,Anguilla,North America,37,3411,0,9
2022-07-03,Anguilla,North America,45,3456,0,9
2022-07-10,Anguilla,North America,20,3476,0,9
2022-07-17,Anguilla,North America,20,3496,0,9
2022-07-24,Anguilla,North America,39,3535,0,9
2022-07-31,Anguilla,North America,45,3580,1,10
2022-08-07,Anguilla,North America,40,3620,0,10
2022-08-14,Anguilla,North America,0,3620,0,10
2022-08-21,Anguilla,North America,126,3746,0,10
2022-08-28,Anguilla,North America,59,3805,0,10
2022-09-04,Anguilla,North America,32,3837,1,11
2022-09-11,Anguilla,North America,14,3851,1,12
2022-09-18,Anguilla,North America,5,3856,0,12
2022-09-25,Anguilla,North America,2,3858,0,12
2022-10-02,Anguilla,North America,7,3865,0,12
2022-10-09,Anguilla,North America,1,3866,0,12
2022-10-16,Anguilla,North America,0,3866,0,12
2022-10-23,Anguilla,North America,0,3866,0,12
2022-10-30,Anguilla,North America,0,3866,0,12
2022-11-06,Anguilla,North America,0,3866,0,12
2022-11-13,Anguilla,North America,0,3866,0,12
2022-11-20,Anguilla,North America,0,3866,0,12
2022-11-27,Anguilla,North America,0,3866,0,12
2022-12-04,Anguilla,North America,38,3904,0,12
2022-12-11,Anguilla,North America,0,3904,0,12
2022-12-18,Anguilla,North America,0,3904,0,12
2022-12-25,Anguilla,North America,0,3904,0,12
2023-01-01,Anguilla,North America,0,3904,0,12
2023-01-08,Anguilla,North America,0,3904,0,12
2023-01-15,Anguilla,North America,0,3904,0,12
2023-01-22,Anguilla,North America,0,3904,0,12
2023-01-29,Anguilla,North America,0,3904,0,12
2023-02-05,Anguilla,North America,0,3904,0,12
2023-02-12,Anguilla,North America,0,3904,0,12
2023-02-19,Anguilla,North America,0,3904,0,12
2023-02-26,Anguilla,North America,0,3904,0,12
2023-03-05,Anguilla,North America,0,3904,0,12
2023-03-12,Anguilla,North America,0,3904,0,12
2023-03-19,Anguilla,North America,0,3904,0,12
2023-03-26,Anguilla,North America,0,3904,0,12
2023-04-02,Anguilla,North America,0,3904,0,12
2023-04-09,Anguilla,North America,0,3904,0,12
2023-04-16,Anguilla,North America,0,3904,0,12
2023-04-23,Anguilla,North America,0,3904,0,12
2023-04-30,Anguilla,North America,0,3904,0,12
2023-05-07,Anguilla,North America,0,3904,0,12
2023-05-14,Anguilla,North America,0,3904,0,12
2023-05-21,Anguilla,North America,0,3904,0,12
2023-05-28,Anguilla,North America,0,3904,0,12
2023-06-04,Anguilla,North America,0,3904,0,12
2023-06-11,Anguilla,North America,0,3904,0,12
2023-06-18,Anguilla,North America,0,3904,0,12
2023-06-25,Anguilla,North America,0,3904,0,12
2023-07-02,Anguilla,North America,0,3904,0,12
2023-07-09,Anguilla,North America,0,3904,0,12
2023-07-16,Anguilla,North America,0,3904,0,12
2023-07-23,Anguilla,North America,0,3904,0,12
2023-07-30,Anguilla,North America,0,3904,0,12
2023-08-06,Anguilla,North America,0,3904,0,12
2023-08-13,Anguilla,North America,0,3904,0,12
2023-08-20,Anguilla,North America,0,3904,0,12
2023-08-27,Anguilla,North America,0,3904,0,12
2023-09-03,Anguilla,North America,0,3904,0,12
2023-09-10,Anguilla,North America,0,3904,0,12
2023-09-17,Anguilla,North America,0,3904,0,12
2023-09-24,Anguilla,North America,0,3904,0,12
2023-10-01,Anguilla,North America,0,3904,0,12
2023-10-08,Anguilla,North America,0,3904,0,12
2023-10-15,Anguilla,North America,0,3904,0,12
2023-10-22,Anguilla,North America,0,3904,0,12
2023-10-29,Anguilla,North America,0,3904,0,12
2023-11-05,Anguilla,North America,0,3904,0,12
2023-11-12,Anguilla,North America,0,3904,0,12
2023-11-19,Anguilla,North America,0,3904,0,12
2023-11-26,Anguilla,North America,0,3904,0,12
2023-12-03,Anguilla,North America,0,3904,0,12
2023-12-10,Anguilla,North America,0,3904,0,12
2023-12-17,Anguilla,North America,0,3904,0,12
2023-12-24,Anguilla,North America,0,3904,0,12
2023-12-31,Anguilla,North America,0,3904,0,12
2024-01-07,Anguilla,North America,0,3904,0,12
2024-01-14,Anguilla,North America,0,3904,0,12
2024-01-21,Anguilla,North America,0,3904,0,12
2024-01-28,Anguilla,North America,0,3904,0,12
2024-02-04,Anguilla,North America,0,3904,0,12
2024-02-11,Anguilla,North America,0,3904,0,12
2024-02-18,Anguilla,North America,0,3904,0,12
2024-02-25,Anguilla,North America,0,3904,0,12
2024-03-03,Anguilla,North America,0,3904,0,12
2024-03-10,Anguilla,North America,0,3904,0,12
2024-03-17,Anguilla,North America,0,3904,0,12
2024-03-24,Anguilla,North America,0,3904,0,12
2024-03-31,Anguilla,North America,0,3904,0,12
2024-04-07,Anguilla,North America,0,3904,0,12
2024-04-14,Anguilla,North America,0,3904,0,12
2024-04-21,Anguilla,North America,0,3904,0,12
2024-04-28,Anguilla,North America,0,3904,0,12
2024-05-05,Anguilla,North America,0,3904,0,12
2024-05-12,Anguilla,North America,0,3904,0,12
2024-05-19,Anguilla,North America,0,3904,0,12
2024-05-26,Anguilla,North America,0,3904,0,12
2024-06-02,Anguilla,North America,0,3904,0,12
2024-06-09,Anguilla,North America,0,3904,0,12
2024-06-16,Anguilla,North America,0,3904,0,12
2024-06-23,Anguilla,North America,0,3904,0,12
2024-06-30,Anguilla,North America,0,3904,0,12
2024-07-07,Anguilla,North America,0,3904,0,12
2024-07-14,Anguilla,North America,0,3904,0,12
2024-07-21,Anguilla,North America,0,3904,0,12
2024-07-28,Anguilla,North America,0,3904,0,12
2024-08-04,Anguilla,North America,0,3904,0,12
2024-08-11,Anguilla,North America,0,3904,0,12
2024-08-18,Anguilla,North America,0,3904,0,12
2024-08-25,Anguilla,North America,0,3904,0,12
2024-09-01,Anguilla,North America,0,3904,0,12
2020-01-05,Antigua and Barbuda,North America,0,0,0,0
2020-01-12,Antigua and Barbuda,North America,0,0,0,0
2020-01-19,Antigua and Barbuda,North America,0,0,0,0
2020-01-26,Antigua and Barbuda,North America,0,0,0,0
2020-02-02,Antigua and Barbuda,North America,0,0,0,0
2020-02-09,Antigua and Barbuda,North America,0,0,0,0
2020-02-16,Antigua and Barbuda,North America,0,0,0,0
2020-02-23,Antigua and Barbuda,North America,0,0,0,0
2020-03-01,Antigua and Barbuda,North America,0,0,0,0
2020-03-08,Antigua and Barbuda,North America,0,0,0,0
2020-03-15,Antigua and Barbuda,North America,1,1,0,0
2020-03-22,Antigua and Barbuda,North America,0,1,0,0
2020-03-29,Antigua and Barbuda,North America,6,7,0,0
2020-04-05,Antigua and Barbuda,North America,0,7,0,0
2020-04-12,Antigua and Barbuda,North America,14,21,2,2
2020-04-19,Antigua and Barbuda,North America,2,23,0,2
2020-04-26,Antigua and Barbuda,North America,1,24,1,3
2020-05-03,Antigua and Barbuda,North America,0,24,0,3
2020-05-10,Antigua and Barbuda,North America,1,25,0,3
2020-05-17,Antigua and Barbuda,North America,0,25,0,3
2020-05-24,Antigua and Barbuda,North America,0,25,0,3
2020-05-31,Antigua and Barbuda,North America,0,25,0,3
2020-06-07,Antigua and Barbuda,North America,0,25,0,3
2020-06-14,Antigua and Barbuda,North America,1,26,0,3
2020-06-21,Antigua and Barbuda,North America,0,26,0,3
2020-06-28,Antigua and Barbuda,North America,39,65,0,3
2020-07-05,Antigua and Barbuda,North America,3,68,0,3
2020-07-12,Antigua and Barbuda,North America,6,74,0,3
2020-07-19,Antigua and Barbuda,North America,2,76,0,3
2020-07-26,Antigua and Barbuda,North America,6,82,0,3
2020-08-02,Antigua and Barbuda,North America,9,91,0,3
2020-08-09,Antigua and Barbuda,North America,1,92,0,3
2020-08-16,Antigua and Barbuda,North America,1,93,0,3
2020-08-23,Antigua and Barbuda,North America,1,94,0,3
2020-08-30,Antigua and Barbuda,North America,0,94,0,3
2020-09-06,Antigua and Barbuda,North America,1,95,0,3
2020-09-13,Antigua and Barbuda,North America,0,95,0,3
2020-09-20,Antigua and Barbuda,North America,0,95,0,3
2020-09-27,Antigua and Barbuda,North America,3,98,0,3
2020-10-04,Antigua and Barbuda,North America,8,106,0,3
2020-10-11,Antigua and Barbuda,North America,5,111,0,3
2020-10-18,Antigua and Barbuda,North America,2,113,0,3
2020-10-25,Antigua and Barbuda,North America,9,122,0,3
2020-11-01,Antigua and Barbuda,North America,5,127,0,3
2020-11-08,Antigua and Barbuda,North America,3,130,0,3
2020-11-15,Antigua and Barbuda,North America,3,133,1,4
2020-11-22,Antigua and Barbuda,North America,6,139,0,4
2020-11-29,Antigua and Barbuda,North America,2,141,0,4
2020-12-06,Antigua and Barbuda,North America,3,144,0,4
2020-12-13,Antigua and Barbuda,North America,3,147,0,4
2020-12-20,Antigua and Barbuda,North America,5,152,1,5
2020-12-27,Antigua and Barbuda,North America,3,155,0,5
2021-01-03,Antigua and Barbuda,North America,4,159,0,5
2021-01-10,Antigua and Barbuda,North America,10,169,0,5
2021-01-17,Antigua and Barbuda,North America,18,187,1,6
2021-01-24,Antigua and Barbuda,North America,8,195,0,6
2021-01-31,Antigua and Barbuda,North America,23,218,1,7
2021-02-07,Antigua and Barbuda,North America,59,277,0,7
2021-02-14,Antigua and Barbuda,North America,150,427,2,9
2021-02-21,Antigua and Barbuda,North America,171,598,2,11
2021-02-28,Antigua and Barbuda,North America,128,726,3,14
2021-03-07,Antigua and Barbuda,North America,87,813,7,21
2021-03-14,Antigua and Barbuda,North America,149,962,6,27
2021-03-21,Antigua and Barbuda,North America,71,1033,1,28
2021-03-28,Antigua and Barbuda,North America,89,1122,0,28
2021-04-04,Antigua and Barbuda,North America,48,1170,0,28
2021-04-11,Antigua and Barbuda,North America,12,1182,2,30
2021-04-18,Antigua and Barbuda,North America,31,1213,1,31
2021-04-25,Antigua and Barbuda,North America,14,1227,0,31
2021-05-02,Antigua and Barbuda,North America,2,1229,1,32
2021-05-09,Antigua and Barbuda,North America,8,1237,0,32
2021-05-16,Antigua and Barbuda,North America,14,1251,10,42
2021-05-23,Antigua and Barbuda,North America,4,1255,0,42
2021-05-30,Antigua and Barbuda,North America,4,1259,0,42
2021-06-06,Antigua and Barbuda,North America,4,1263,0,42
2021-06-13,Antigua and Barbuda,North America,0,1263,0,42
2021-06-20,Antigua and Barbuda,North America,0,1263,0,42
2021-06-27,Antigua and Barbuda,North America,0,1263,0,42
2021-07-04,Antigua and Barbuda,North America,1,1264,0,42
2021-07-11,Antigua and Barbuda,North America,2,1266,0,42
2021-07-18,Antigua and Barbuda,North America,2,1268,0,42
2021-07-25,Antigua and Barbuda,North America,12,1280,1,43
2021-08-01,Antigua and Barbuda,North America,23,1303,0,43
2021-08-08,Antigua and Barbuda,North America,25,1328,0,43
2021-08-15,Antigua and Barbuda,North America,44,1372,0,43
2021-08-22,Antigua and Barbuda,North America,118,1490,0,43
2021-08-29,Antigua and Barbuda,North America,148,1638,0,43
2021-09-05,Antigua and Barbuda,North America,121,1759,3,46
2021-09-12,Antigua and Barbuda,North America,394,2153,2,48
2021-09-19,Antigua and Barbuda,North America,450,2603,7,55
2021-09-26,Antigua and Barbuda,North America,299,2902,9,64
2021-10-03,Antigua and Barbuda,North America,501,3403,20,84
2021-10-10,Antigua and Barbuda,North America,335,3738,7,91
2021-10-17,Antigua and Barbuda,North America,150,3888,4,95
2021-10-24,Antigua and Barbuda,North America,122,4010,4,99
2021-10-31,Antigua and Barbuda,North America,30,4040,3,102
2021-11-07,Antigua and Barbuda,North America,38,4078,2,104
2021-11-14,Antigua and Barbuda,North America,40,4118,3,107
2021-11-21,Antigua and Barbuda,North America,15,4133,1,108
2021-11-28,Antigua and Barbuda,North America,8,4141,9,117
2021-12-05,Antigua and Barbuda,North America,6,4147,0,117
2021-12-12,Antigua and Barbuda,North America,12,4159,0,117
2021-12-19,Antigua and Barbuda,North America,39,4198,0,117
2021-12-26,Antigua and Barbuda,North America,31,4229,1,118
2022-01-02,Antigua and Barbuda,North America,182,4411,1,119
2022-01-09,Antigua and Barbuda,North America,433,4844,0,119
2022-01-16,Antigua and Barbuda,North America,477,5321,1,120
2022-01-23,Antigua and Barbuda,North America,610,5931,2,122
2022-01-30,Antigua and Barbuda,North America,627,6558,5,127
2022-02-06,Antigua and Barbuda,North America,174,6732,0,127
2022-02-13,Antigua and Barbuda,North America,599,7331,7,134
2022-02-20,Antigua and Barbuda,North America,77,7408,1,135
2022-02-27,Antigua and Barbuda,North America,29,7437,0,135
2022-03-06,Antigua and Barbuda,North America,18,7455,0,135
2022-03-13,Antigua and Barbuda,North America,11,7466,0,135
2022-03-20,Antigua and Barbuda,North America,4,7470,0,135
2022-03-27,Antigua and Barbuda,North America,12,7482,0,135
2022-04-03,Antigua and Barbuda,North America,11,7493,0,135
2022-04-10,Antigua and Barbuda,North America,18,7511,0,135
2022-04-17,Antigua and Barbuda,North America,24,7535,0,135
2022-04-24,Antigua and Barbuda,North America,36,7571,0,135
2022-05-01,Antigua and Barbuda,North America,55,7626,1,136
2022-05-08,Antigua and Barbuda,North America,37,7663,1,137
2022-05-15,Antigua and Barbuda,North America,58,7721,0,137
2022-05-22,Antigua and Barbuda,North America,221,7942,1,138
2022-05-29,Antigua and Barbuda,North America,177,8119,0,138
2022-06-05,Antigua and Barbuda,North America,213,8332,0,138
2022-06-12,Antigua and Barbuda,North America,160,8492,2,140
2022-06-19,Antigua and Barbuda,North America,89,8581,0,140
2022-06-26,Antigua and Barbuda,North America,44,8625,1,141
2022-07-03,Antigua and Barbuda,North America,31,8656,0,141
2022-07-10,Antigua and Barbuda,North America,30,8686,2,143
2022-07-17,Antigua and Barbuda,North America,18,8704,0,143
2022-07-24,Antigua and Barbuda,North America,32,8736,1,144
2022-07-31,Antigua and Barbuda,North America,37,8773,0,144
2022-08-07,Antigua and Barbuda,North America,14,8787,0,144
2022-08-14,Antigua and Barbuda,North America,33,8820,0,144
2022-08-21,Antigua and Barbuda,North America,75,8895,0,144
2022-08-28,Antigua and Barbuda,North America,54,8949,1,145
2022-09-04,Antigua and Barbuda,North America,25,8974,0,145
2022-09-11,Antigua and Barbuda,North America,0,8974,0,145
2022-09-18,Antigua and Barbuda,North America,34,9008,0,145
2022-09-25,Antigua and Barbuda,North America,81,9089,1,146
2022-10-02,Antigua and Barbuda,North America,9,9098,0,146
2022-10-09,Antigua and Barbuda,North America,8,9106,0,146
2022-10-16,Antigua and Barbuda,North America,0,9106,0,146
2022-10-23,Antigua and Barbuda,North America,0,9106,0,146
2022-10-30,Antigua and Barbuda,North America,0,9106,0,146
2022-11-06,Antigua and Barbuda,North America,0,9106,0,146
2022-11-13,Antigua and Barbuda,North America,0,9106,0,146
2022-11-20,Antigua and Barbuda,North America,0,9106,0,146
2022-11-27,Antigua and Barbuda,North America,0,9106,0,146
2022-12-04,Antigua and Barbuda,North America,0,9106,0,146
2022-12-11,Antigua and Barbuda,North America,0,9106,0,146
2022-12-18,Antigua and Barbuda,North America,0,9106,0,146
2022-12-25,Antigua and Barbuda,North America,0,9106,0,146
2023-01-01,Antigua and Barbuda,North America,0,9106,0,146
2023-01-08,Antigua and Barbuda,North America,0,9106,0,146
2023-01-15,Antigua and Barbuda,North America,0,9106,0,146
2023-01-22,Antigua and Barbuda,North America,0,9106,0,146
2023-01-29,Antigua and Barbuda,North America,0,9106,0,146
2023-02-05,Antigua and Barbuda,North America,0,9106,0,146
2023-02-12,Antigua and Barbuda,North America,0,9106,0,146
2023-02-19,Antigua and Barbuda,North America,0,9106,0,146
2023-02-26,Antigua and Barbuda,North America,0,9106,0,146
2023-03-05,Antigua and Barbuda,North America,0,9106,0,146
2023-03-12,Antigua and Barbuda,North America,0,9106,0,146
2023-03-19,Antigua and Barbuda,North America,0,9106,0,146
2023-03-26,Antigua and Barbuda,North America,0,9106,0,146
2023-04-02,Antigua and Barbuda,North America,0,9106,0,146
2023-04-09,Antigua and Barbuda,North America,0,9106,0,146
2023-04-16,Antigua and Barbuda,North America,0,9106,0,146
2023-04-23,Antigua and Barbuda,North America,0,9106,0,146
2023-04-30,Antigua and Barbuda,North America,0,9106,0,146
2023-05-07,Antigua and Barbuda,North America,0,9106,0,146
2023-05-14,Antigua and Barbuda,North America,0,9106,0,146
2023-05-21,Antigua and Barbuda,North America,0,9106,0,146
2023-05-28,Antigua and Barbuda,North America,0,9106,0,146
2023-06-04,Antigua and Barbuda,North America,0,9106,0,146
2023-06-11,Antigua and Barbuda,North America,0,9106,0,146
2023-06-18,Antigua and Barbuda,North America,0,9106,0,146
2023-06-25,Antigua and Barbuda,North America,0,9106,0,146
2023-07-02,Antigua and Barbuda,North America,0,9106,0,146
2023-07-09,Antigua and Barbuda,North America,0,9106,0,146
2023-07-16,Antigua and Barbuda,North America,0,9106,0,146
2023-07-23,Antigua and Barbuda,North America,0,9106,0,146
2023-07-30,Antigua and Barbuda,North America,0,9106,0,146
2023-08-06,Antigua and Barbuda,North America,0,9106,0,146
2023-08-13,Antigua and Barbuda,North America,0,9106,0,146
2023-08-20,Antigua and Barbuda,North America,0,9106,0,146
2023-08-27,Antigua and Barbuda,North America,0,9106,0,146
2023-09-03,Antigua and Barbuda,North America,0,9106,0,146
2023-09-10,Antigua and Barbuda,North America,0,9106,0,146
2023-09-17,Antigua and Barbuda,North America,0,9106,0,146
2023-09-24,Antigua and Barbuda,North America,0,9106,0,146
2023-10-01,Antigua and Barbuda,North America,0,9106,0,146
2023-10-08,Antigua and Barbuda,North America,0,9106,0,146
2023-10-15,Antigua and Barbuda,North America,0,9106,0,146
2023-10-22,Antigua and Barbuda,North America,0,9106,0,146
2023-10-29,Antigua and Barbuda,North America,0,9106,0,146
2023-11-05,Antigua and Barbuda,North America,0,9106,0,146
2023-11-12,Antigua and Barbuda,North America,0,9106,0,146
2023-11-19,Antigua and Barbuda,North America,0,9106,0,146
2023-11-26,Antigua and Barbuda,North America,0,9106,0,146
2023-12-03,Antigua and Barbuda,North America,0,9106,0,146
2023-12-10,Antigua and Barbuda,North America,0,9106,0,146
2023-12-17,Antigua and Barbuda,North America,0,9106,0,146
2023-12-24,Antigua and Barbuda,North America,0,9106,0,146
2023-12-31,Antigua and Barbuda,North America,0,9106,0,146
2024-01-07,Antigua and Barbuda,North America,0,9106,0,146
2024-01-14,Antigua and Barbuda,North America,0,9106,0,146
2024-01-21,Antigua and Barbuda,North America,0,9106,0,146
2024-01-28,Antigua and Barbuda,North America,0,9106,0,146
2024-02-04,Antigua and Barbuda,North America,0,9106,0,146
2024-02-11,Antigua and Barbuda,North America,0,9106,0,146
2024-02-18,Antigua and Barbuda,North America,0,9106,0,146
2024-02-25,Antigua and Barbuda,North America,0,9106,0,146
2024-03-03,Antigua and Barbuda,North America,0,9106,0,146
2024-03-10,Antigua and Barbuda,North America,0,9106,0,146
2024-03-17,Antigua and Barbuda,North America,0,9106,0,146
2024-03-24,Antigua and Barbuda,North America,0,9106,0,146
2024-03-31,Antigua and Barbuda,North America,0,9106,0,146
2024-04-07,Antigua and Barbuda,North America,0,9106,0,146
2024-04-14,Antigua and Barbuda,North America,0,9106,0,146
2024-04-21,Antigua and Barbuda,North America,0,9106,0,146
2024-04-28,Antigua and Barbuda,North America,0,9106,0,146
2024-05-05,Antigua and Barbuda,North America,0,9106,0,146
2024-05-12,Antigua and Barbuda,North America,0,9106,0,146
2024-05-19,Antigua and Barbuda,North America,0,9106,0,146
2024-05-26,Antigua and Barbuda,North America,0,9106,0,146
2024-06-02,Antigua and Barbuda,North America,0,9106,0,146
2024-06-09,Antigua and Barbuda,North America,0,9106,0,146
2024-06-16,Antigua and Barbuda,North America,0,9106,0,146
2024-06-23,Antigua and Barbuda,North America,0,9106,0,146
2024-06-30,Antigua and Barbuda,North America,0,9106,0,146
2024-07-07,Antigua and Barbuda,North America,0,9106,0,146
2024-07-14,Antigua and Barbuda,North America,0,9106,0,146
2024-07-21,Antigua and Barbuda,North America,0,9106,0,146
2024-07-28,Antigua and Barbuda,North America,0,9106,0,146
2024-08-04,Antigua and Barbuda,North America,0,9106,0,146
2024-08-11,Antigua and Barbuda,North America,0,9106,0,146
2024-08-18,Antigua and Barbuda,North America,0,9106,0,146
2024-08-25,Antigua and Barbuda,North America,0,9106,0,146
2024-09-01,Antigua and Barbuda,North America,0,9106,0,146
2020-01-05,Argentina,South America,0,0,0,0
2020-01-12,Argentina,South America,0,0,0,0
2020-01-19,Argentina,South America,0,0,0,0
2020-01-26,Argentina,South America,0,0,0,0
2020-02-02,Argentina,South America,0,0,0,0
2020-02-09,Argentina,South America,0,0,0,0
2020-02-16,Argentina,South America,0,0,0,0
2020-02-23,Argentina,South America,0,0,0,0
2020-03-01,Argentina,South America,0,0,0,0
2020-03-08,Argentina,South America,22,22,1,1
2020-03-15,Argentina,South America,109,131,8,9
2020-03-22,Argentina,South America,405,536,11,20
2020-03-29,Argentina,South America,746,1282,50,70
2020-04-05,Argentina,South America,791,2073,61,131
2020-04-12,Argentina,South America,917,2990,74,205
2020-04-19,Argentina,South America,1076,4066,74,279
2020-04-26,Argentina,South America,1398,5464,132,411
2020-05-03,Argentina,South America,1289,6753,115,526
2020-05-10,Argentina,South America,1897,8650,120,646
2020-05-17,Argentina,South America,2910,11560,144,790
2020-05-24,Argentina,South America,5061,16621,219,1009
2020-05-31,Argentina,South America,5785,22406,297,1306
2020-06-07,Argentina,South America,7297,29703,358,1664
2020-06-14,Argentina,South America,10685,40388,458,2122
2020-06-21,Argentina,South America,14050,54438,602,2724
2020-06-28,Argentina,South America,19007,73445,776,3500
2020-07-05,Argentina,South America,20195,93640,903,4403
2020-07-12,Argentina,South America,24971,118611,1153,5556
2020-07-19,Argentina,South America,31572,150183,1374,6930
2020-07-26,Argentina,South America,39247,189430,1544,8474
2020-08-02,Argentina,South America,41965,231395,1456,9930
2020-08-09,Argentina,South America,51641,283036,1762,11692
2020-08-16,Argentina,South America,48677,331713,1662,13354
2020-08-23,Argentina,South America,51183,382896,1877,15231
2020-08-30,Argentina,South America,68979,451875,2260,17491
2020-09-06,Argentina,South America,72320,524195,2324,19815
2020-09-13,Argentina,South America,78158,602353,2446,22261
2020-09-20,Argentina,South America,75330,677683,2340,24601
2020-09-27,Argentina,South America,81712,759395,2456,27057
2020-10-04,Argentina,South America,87054,846449,2523,29580
2020-10-11,Argentina,South America,96217,942666,2602,32182
2020-10-18,Argentina,South America,95982,1038648,2449,34631
2020-10-25,Argentina,South America,97588,1136236,2348,36979
2020-11-01,Argentina,South America,81504,1217740,1854,38833
2020-11-08,Argentina,South America,70725,1288465,1683,40516
2020-11-15,Argentina,South America,67129,1355594,1452,41968
2020-11-22,Argentina,South America,57887,1413481,1170,43138
2020-11-29,Argentina,South America,48034,1461515,943,44081
2020-12-06,Argentina,South America,42762,1504277,862,44943
2020-12-13,Argentina,South America,35314,1539591,795,45738
2020-12-20,Argentina,South America,45454,1585045,910,46648
2020-12-27,Argentina,South America,44863,1629908,859,47507
2021-01-03,Argentina,South America,60464,1690372,1103,48610
2021-01-10,Argentina,South America,84733,1775105,1415,50025
2021-01-17,Argentina,South America,77946,1853051,1300,51325
2021-01-24,Argentina,South America,79316,1932367,1260,52585
2021-01-31,Argentina,South America,61185,1993552,1131,53716
2021-02-07,Argentina,South America,51269,2044821,948,54664
2021-02-14,Argentina,South America,50744,2095565,935,55599
2021-02-21,Argentina,South America,42687,2138252,797,56396
2021-02-28,Argentina,South America,44701,2182953,831,57227
2021-03-07,Argentina,South America,43723,2226676,884,58111
2021-03-14,Argentina,South America,50279,2276955,977,59088
2021-03-21,Argentina,South America,51631,2328586,994,60082
2021-03-28,Argentina,South America,71481,2400067,1259,61341
2021-04-04,Argentina,South America,93977,2494044,1654,62995
2021-04-11,Argentina,South America,153369,2647413,2619,65614
2021-04-18,Argentina,South America,164523,2811936,3293,68907
2021-04-25,Argentina,South America,165754,2977690,3470,72377
2021-05-02,Argentina,South America,141493,3119183,3115,75492
2021-05-09,Argentina,South America,144708,3263891,3189,78681
2021-05-16,Argentina,South America,165989,3429880,3641,82322
2021-05-23,Argentina,South America,234660,3664540,4516,86838
2021-05-30,Argentina,South America,208332,3872872,4339,91177
2021-06-06,Argentina,South America,195205,4068077,3978,95155
2021-06-13,Argentina,South America,162769,4230846,3317,98472
2021-06-20,Argentina,South America,137636,4368482,2694,101166
2021-06-27,Argentina,South America,133147,4501629,2532,103698
2021-07-04,Argentina,South America,125444,4627073,2169,105867
2021-07-11,Argentina,South America,108881,4735954,1889,107756
2021-07-18,Argentina,South America,105110,4841064,1782,109538
2021-07-25,Argentina,South America,88348,4929412,1367,110905
2021-08-01,Argentina,South America,87225,5016637,1205,112110
2021-08-08,Argentina,South America,80437,5097074,1157,113267
2021-08-15,Argentina,South America,62306,5159380,893,114160
2021-08-22,Argentina,South America,47254,5206634,684,114844
2021-08-29,Argentina,South America,38265,5244899,537,115381
2021-09-05,Argentina,South America,28531,5273430,418,115799
2021-09-12,Argentina,South America,19860,5293290,290,116089
2021-09-19,Argentina,South America,14221,5307511,218,116307
2021-09-26,Argentina,South America,10997,5318508,127,116434
2021-10-03,Argentina,South America,9250,5327758,87,116521
2021-10-10,Argentina,South America,6633,5334391,84,116605
2021-10-17,Argentina,South America,7214,5341605,86,116691
2021-10-24,Argentina,South America,8597,5350202,70,116761
2021-10-31,Argentina,South America,9024,5359226,62,116823
2021-11-07,Argentina,South America,8642,5367868,64,116887
2021-11-14,Argentina,South America,9415,5377283,82,116969
2021-11-21,Argentina,South America,10247,5387530,99,117068
2021-11-28,Argentina,South America,11855,5399385,114,117182
2021-12-05,Argentina,South America,15763,5415148,117,117299
2021-12-12,Argentina,South America,20177,5435325,135,117434
2021-12-19,Argentina,South America,37801,5473126,163,117597
2021-12-26,Argentina,South America,86790,5559916,233,117830
2022-01-02,Argentina,South America,262012,5821928,421,118251
2022-01-09,Argentina,South America,647721,6469649,1003,119254
2022-01-16,Argentina,South America,770687,7240336,1808,121062
2022-01-23,Argentina,South America,727782,7968118,2464,123526
2022-01-30,Argentina,South America,432304,8400422,1988,125514
2022-02-06,Argentina,South America,226829,8627251,1212,126726
2022-02-13,Argentina,South America,124665,8751916,628,127354
2022-02-20,Argentina,South America,83236,8835152,454,127808
2022-02-27,Argentina,South America,64211,8899363,223,128031
2022-03-06,Argentina,South America,36613,8935976,113,128144
2022-03-13,Argentina,South America,31940,8967916,71,128215
2022-03-20,Argentina,South America,34029,9001945,51,128266
2022-03-27,Argentina,South America,15927,9017872,33,128299
2022-04-03,Argentina,South America,12994,9030866,31,128330
2022-04-10,Argentina,South America,9837,9040703,11,128341
2022-04-17,Argentina,South America,6695,9047398,3,128344
2022-04-24,Argentina,South America,24832,9072230,198,128542
2022-05-01,Argentina,South America,11443,9083673,111,128653
2022-05-08,Argentina,South America,17646,9101319,76,128729
2022-05-15,Argentina,South America,33989,9135308,47,128776
2022-05-22,Argentina,South America,43487,9178795,49,128825
2022-05-29,Argentina,South America,51778,9230573,64,128889
2022-06-05,Argentina,South America,46045,9276618,84,128973
2022-06-12,Argentina,South America,36835,9313453,21,128994
2022-06-19,Argentina,South America,28039,9341492,22,129016
2022-06-26,Argentina,South America,25680,9367172,54,129070
2022-07-03,Argentina,South America,27154,9394326,39,129109
2022-07-10,Argentina,South America,31845,9426171,36,129145
2022-07-17,Argentina,South America,39656,9465827,57,129202
2022-07-24,Argentina,South America,41735,9507562,76,129278
2022-07-31,Argentina,South America,52745,9560307,91,129369
2022-08-07,Argentina,South America,42227,9602534,71,129440
2022-08-14,Argentina,South America,31198,9633732,126,129566
2022-08-21,Argentina,South America,24659,9658391,80,129646
2022-08-28,Argentina,South America,19834,9678225,65,129711
2022-09-04,Argentina,South America,11636,9689861,58,129769
2022-09-11,Argentina,South America,7902,9697763,61,129830
2022-09-18,Argentina,South America,6175,9703938,25,129855
2022-09-25,Argentina,South America,4482,9708420,42,129897
2022-10-02,Argentina,South America,2935,9711355,40,129937
2022-10-09,Argentina,South America,2239,9713594,21,129958
2022-10-16,Argentina,South America,1870,9715464,12,129970
2022-10-23,Argentina,South America,2082,9717546,9,129979
2022-10-30,Argentina,South America,1329,9718875,12,129991
2022-11-06,Argentina,South America,1357,9720232,12,130003
2022-11-13,Argentina,South America,1486,9721718,8,130011
2022-11-20,Argentina,South America,2206,9723924,6,130017
2022-11-27,Argentina,South America,3323,9727247,8,130025
2022-12-04,Argentina,South America,12609,9739856,9,130034
2022-12-11,Argentina,South America,27119,9766975,7,130041
2022-12-18,Argentina,South America,62261,9829236,39,130080
2022-12-25,Argentina,South America,61903,9891139,44,130124
2023-01-01,Argentina,South America,72558,9963697,47,130171
2023-01-08,Argentina,South America,40982,10004679,78,130249
2023-01-15,Argentina,South America,19416,10024095,89,130338
2023-01-22,Argentina,South America,8614,10032709,56,130394
2023-01-29,Argentina,South America,4426,10037135,27,130421
2023-02-05,Argentina,South America,3194,10040329,16,130437
2023-02-12,Argentina,South America,1807,10042136,11,130448
2023-02-19,Argentina,South America,1172,10043308,10,130458
2023-02-26,Argentina,South America,817,10044125,5,130463
2023-03-05,Argentina,South America,832,10044957,9,130472
2023-03-12,Argentina,South America,0,10044957,0,130472
2023-03-19,Argentina,South America,0,10044957,0,130472
2023-03-26,Argentina,South America,0,10044957,0,130472
2023-04-02,Argentina,South America,0,10044957,0,130472
2023-04-09,Argentina,South America,0,10044957,0,130472
2023-04-16,Argentina,South America,0,10044957,0,130472
2023-04-23,Argentina,South America,0,10044957,0,130472
2023-04-30,Argentina,South America,0,10044957,0,130472
2023-05-07,Argentina,South America,0,10044957,0,130472
2023-05-14,Argentina,South America,0,10044957,0,130472
2023-05-21,Argentina,South America,0,10044957,0,130472
2023-05-28,Argentina,South America,0,10044957,0,130472
2023-06-04,Argentina,South America,0,10044957,0,130472
2023-06-11,Argentina,South America,0,10044957,0,130472
2023-06-18,Argentina,South America,0,10044957,0,130472
2023-06-25,Argentina,South America,0,10044957,0,130472
2023-07-02,Argentina,South America,0,10044957,0,130472
2023-07-09,Argentina,South America,0,10044957,0,130472
2023-07-16,Argentina,South America,0,10044957,0,130472
2023-07-23,Argentina,South America,0,10044957,0,130472
2023-07-30,Argentina,South America,0,10044957,0,130472
2023-08-06,Argentina,South America,0,10044957,0,130472
2023-08-13,Argentina,South America,0,10044957,0,130472
2023-08-20,Argentina,South America,0,10044957,0,130472
2023-08-27,Argentina,South America,0,10044957,0,130472
2023-09-03,Argentina,South America,0,10044957,0,130472
2023-09-10,Argentina,South America,0,10044957,0,130472
2023-09-17,Argentina,South America,0,10044957,0,130472
2023-09-24,Argentina,South America,0,10044957,0,130472
2023-10-01,Argentina,South America,0,10044957,0,130472
2023-10-08,Argentina,South America,0,10044957,0,130472
2023-10-15,Argentina,South America,0,10044957,0,130472
2023-10-22,Argentina,South America,0,10044957,0,130472
2023-10-29,Argentina,South America,0,10044957,0,130472
2023-11-05,Argentina,South America,0,10044957,0,130472
2023-11-12,Argentina,South America,0,10044957,0,130472
2023-11-19,Argentina,South America,0,10044957,0,130472
2023-11-26,Argentina,South America,0,10044957,0,130472
2023-12-03,Argentina,South America,0,10044957,0,130472
2023-12-10,Argentina,South America,0,10044957,0,130472
2023-12-17,Argentina,South America,0,10044957,0,130472
2023-12-24,Argentina,South America,0,10044957,0,130472
2023-12-31,Argentina,South America,0,10044957,0,130472
2024-01-07,Argentina,South America,2216,10047173,6,130478
2024-01-14,Argentina,South America,4033,10051206,12,130490
2024-01-21,Argentina,South America,6589,10057795,18,130508
2024-01-28,Argentina,South America,9027,10066822,18,130526
2024-02-04,Argentina,South America,8904,10075726,25,130551
2024-02-11,Argentina,South America,6198,10081924,24,130575
2024-02-18,Argentina,South America,3747,10085671,20,130595
2024-02-25,Argentina,South America,4082,10089753,9,130604
2024-03-03,Argentina,South America,3022,10092775,11,130615
2024-03-10,Argentina,South America,2091,10094866,7,130622
2024-03-17,Argentina,South America,1917,10096783,8,130630
2024-03-24,Argentina,South America,1318,10098101,8,130638
2024-03-31,Argentina,South America,676,10098777,6,130644
2024-04-07,Argentina,South America,417,10099194,0,130644
2024-04-14,Argentina,South America,278,10099472,1,130645
2024-04-21,Argentina,South America,211,10099683,2,130647
2024-04-28,Argentina,South America,151,10099834,0,130647
2024-05-05,Argentina,South America,121,10099955,3,130650
2024-05-12,Argentina,South America,78,10100033,0,130650
2024-05-19,Argentina,South America,93,10100126,2,130652
2024-05-26,Argentina,South America,116,10100242,3,130655
2024-06-02,Argentina,South America,107,10100349,1,130656
2024-06-09,Argentina,South America,132,10100481,3,130659
2024-06-16,Argentina,South America,135,10100616,0,130659
2024-06-23,Argentina,South America,122,10100738,1,130660
2024-06-30,Argentina,South America,109,10100847,0,130660
2024-07-07,Argentina,South America,83,10100930,1,130661
2024-07-14,Argentina,South America,79,10101009,1,130662
2024-07-21,Argentina,South America,95,10101104,0,130662
2024-07-28,Argentina,South America,100,10101204,1,130663
2024-08-04,Argentina,South America,122,10101326,2,130665
2024-08-11,Argentina,South America,130,10101456,0,130665
2024-08-18,Argentina,South America,143,10101599,1,130666
2024-08-25,Argentina,South America,150,10101749,0,130666
2024-09-01,Argentina,South America,109,10101858,1,130667
2020-01-05,Armenia,Asia,0,0,0,0
2020-01-12,Armenia,Asia,0,0,0,0
2020-01-19,Armenia,Asia,0,0,0,0
2020-01-26,Armenia,Asia,0,0,0,0
2020-02-02,Armenia,Asia,0,0,0,0
2020-02-09,Armenia,Asia,0,0,0,0
2020-02-16,Armenia,Asia,0,0,0,0
2020-02-23,Armenia,Asia,0,0,0,0
2020-03-01,Armenia,Asia,0,0,0,0
2020-03-08,Armenia,Asia,1,1,0,0
2020-03-15,Armenia,Asia,19,20,0,0
2020-03-22,Armenia,Asia,170,190,0,0
2020-03-29,Armenia,Asia,234,424,1,1
2020-04-05,Armenia,Asia,398,822,6,7
2020-04-12,Armenia,Asia,191,1013,6,13
2020-04-19,Armenia,Asia,278,1291,7,20
2020-04-26,Armenia,Asia,455,1746,8,28
2020-05-03,Armenia,Asia,640,2386,7,35
2020-05-10,Armenia,Asia,927,3313,10,45
2020-05-17,Armenia,Asia,1159,4472,15,60
2020-05-24,Armenia,Asia,2189,6661,21,81
2020-05-31,Armenia,Asia,2621,9282,50,131
2020-06-07,Armenia,Asia,3848,13130,69,200
2020-06-14,Armenia,Asia,3537,16667,69,269
2020-06-21,Armenia,Asia,3601,20268,81,350
2020-06-28,Armenia,Asia,4377,24645,76,426
2020-07-05,Armenia,Asia,3961,28606,58,484
2020-07-12,Armenia,Asia,3363,31969,81,565
2020-07-19,Armenia,Asia,2908,34877,76,641
2020-07-26,Armenia,Asia,2440,37317,64,705
2020-08-02,Armenia,Asia,1733,39050,49,754
2020-08-09,Armenia,Asia,1360,40410,37,791
2020-08-16,Armenia,Asia,1253,41663,27,818
2020-08-23,Armenia,Asia,1129,42792,34,852
2020-08-30,Armenia,Asia,958,43750,25,877
2020-09-06,Armenia,Asia,1033,44783,20,897
2020-09-13,Armenia,Asia,1079,45862,19,916
2020-09-20,Armenia,Asia,1569,47431,14,930
2020-09-27,Armenia,Asia,1969,49400,21,951
2020-10-04,Armenia,Asia,3096,52496,26,977
2020-10-11,Armenia,Asia,3955,56451,43,1020
2020-10-18,Armenia,Asia,8243,64694,61,1081
2020-10-25,Armenia,Asia,13143,77837,99,1180
2020-11-01,Armenia,Asia,14417,92254,183,1363
2020-11-08,Armenia,Asia,14170,106424,196,1559
2020-11-15,Armenia,Asia,10913,117337,204,1763
2020-11-22,Armenia,Asia,8887,126224,189,1952
2020-11-29,Armenia,Asia,8544,134768,190,2142
2020-12-06,Armenia,Asia,7169,141937,184,2326
2020-12-13,Armenia,Asia,6388,148325,160,2486
2020-12-20,Armenia,Asia,5500,153825,144,2630
2020-12-27,Armenia,Asia,4009,157834,138,2768
2021-01-03,Armenia,Asia,2193,160027,82,2850
2021-01-10,Armenia,Asia,2104,162131,79,2929
2021-01-17,Armenia,Asia,2455,164586,63,2992
2021-01-24,Armenia,Asia,1450,166036,47,3039
2021-01-31,Armenia,Asia,990,167026,41,3080
2021-02-07,Armenia,Asia,1062,168088,37,3117
2021-02-14,Armenia,Asia,1079,169167,24,3141
2021-02-21,Armenia,Asia,1235,170402,23,3164
2021-02-28,Armenia,Asia,1656,172058,28,3192
2021-03-07,Armenia,Asia,2621,174679,29,3221
2021-03-14,Armenia,Asia,3706,178385,34,3255
2021-03-21,Armenia,Asia,5328,183713,93,3348
2021-03-28,Armenia,Asia,6604,190317,116,3464
2021-04-04,Armenia,Asia,6317,196634,128,3592
2021-04-11,Armenia,Asia,6183,202817,143,3735
2021-04-18,Armenia,Asia,5703,208520,143,3878
2021-04-25,Armenia,Asia,4768,213288,140,4018
2021-05-02,Armenia,Asia,3575,216863,121,4139
2021-05-09,Armenia,Asia,2407,219270,95,4234
2021-05-16,Armenia,Asia,1590,220860,89,4323
2021-05-23,Armenia,Asia,1088,221948,69,4392
2021-05-30,Armenia,Asia,688,222636,40,4432
2021-06-06,Armenia,Asia,544,223180,26,4458
2021-06-13,Armenia,Asia,502,223682,26,4484
2021-06-20,Armenia,Asia,545,224227,14,4498
2021-06-27,Armenia,Asia,570,224797,10,4508
2021-07-04,Armenia,Asia,756,225553,18,4526
2021-07-11,Armenia,Asia,835,226388,18,4544
2021-07-18,Armenia,Asia,1042,227430,22,4566
2021-07-25,Armenia,Asia,1368,228798,21,4587
2021-08-01,Armenia,Asia,1541,230339,32,4619
2021-08-08,Armenia,Asia,1818,232157,31,4650
2021-08-15,Armenia,Asia,2401,234558,45,4695
2021-08-22,Armenia,Asia,3076,237634,57,4752
2021-08-29,Armenia,Asia,3702,241336,71,4823
2021-09-05,Armenia,Asia,3689,245025,88,4911
2021-09-12,Armenia,Asia,3825,248850,91,5002
2021-09-19,Armenia,Asia,4750,253600,129,5131
2021-09-26,Armenia,Asia,4945,258545,120,5251
2021-10-03,Armenia,Asia,6145,264690,121,5372
2021-10-10,Armenia,Asia,7666,272356,177,5549
2021-10-17,Armenia,Asia,9635,281991,229,5778
2021-10-24,Armenia,Asia,13377,295368,235,6013
2021-10-31,Armenia,Asia,12958,308326,315,6328
2021-11-07,Armenia,Asia,12107,320433,342,6670
2021-11-14,Armenia,Asia,8530,328963,346,7016
2021-11-21,Armenia,Asia,5112,334075,262,7278
2021-11-28,Armenia,Asia,3856,337931,236,7514
2021-12-05,Armenia,Asia,2792,340723,169,7683
2021-12-12,Armenia,Asia,1815,342538,119,7802
2021-12-19,Armenia,Asia,1098,343636,97,7899
2021-12-26,Armenia,Asia,845,344481,44,7943
2022-01-02,Armenia,Asia,526,345007,34,7977
2022-01-09,Armenia,Asia,848,345855,24,8001
2022-01-16,Armenia,Asia,1762,347617,18,8019
2022-01-23,Armenia,Asia,4094,351711,9,8028
2022-01-30,Armenia,Asia,14722,366433,18,8046
2022-02-06,Armenia,Asia,23524,389957,40,8086
2022-02-13,Armenia,Asia,16422,406379,81,8167
2022-02-20,Armenia,Asia,9085,415464,155,8322
2022-02-27,Armenia,Asia,4229,419693,127,8449
2022-03-06,Armenia,Asia,1648,421341,87,8536
2022-03-13,Armenia,Asia,663,422004,36,8572
2022-03-20,Armenia,Asia,303,422307,23,8595
2022-03-27,Armenia,Asia,151,422458,15,8610
2022-04-03,Armenia,Asia,116,422574,7,8617
2022-04-10,Armenia,Asia,103,422677,3,8620
2022-04-17,Armenia,Asia,85,422762,1,8621
2022-04-24,Armenia,Asia,63,422825,1,8622
2022-05-01,Armenia,Asia,46,422871,0,8622
2022-05-08,Armenia,Asia,21,422892,1,8623
2022-05-15,Armenia,Asia,25,422917,0,8623
2022-05-22,Armenia,Asia,18,422935,1,8624
2022-05-29,Armenia,Asia,25,422960,1,8625
2022-06-05,Armenia,Asia,3,422963,0,8625
2022-06-12,Armenia,Asia,43,423006,0,8625
2022-06-19,Armenia,Asia,38,423044,0,8625
2022-06-26,Armenia,Asia,60,423104,0,8625
2022-07-03,Armenia,Asia,139,423243,1,8626
2022-07-10,Armenia,Asia,174,423417,0,8626
2022-07-17,Armenia,Asia,354,423771,0,8626
2022-07-24,Armenia,Asia,629,424400,0,8626
2022-07-31,Armenia,Asia,965,425365,7,8633
2022-08-07,Armenia,Asia,1434,426799,2,8635
2022-08-14,Armenia,Asia,1849,428648,2,8637
2022-08-21,Armenia,Asia,1713,430361,6,8643
2022-08-28,Armenia,Asia,1913,432274,5,8648
2022-09-04,Armenia,Asia,2124,434398,7,8655
2022-09-11,Armenia,Asia,2329,436727,7,8662
2022-09-18,Armenia,Asia,2086,438813,7,8669
2022-09-25,Armenia,Asia,2142,440955,4,8673
2022-10-02,Armenia,Asia,1431,442386,4,8677
2022-10-09,Armenia,Asia,910,443296,8,8685
2022-10-16,Armenia,Asia,697,443993,9,8694
2022-10-23,Armenia,Asia,387,444380,6,8700
2022-10-30,Armenia,Asia,231,444611,0,8700
2022-11-06,Armenia,Asia,172,444783,3,8703
2022-11-13,Armenia,Asia,185,444968,0,8703
2022-11-20,Armenia,Asia,146,445114,0,8703
2022-11-27,Armenia,Asia,148,445262,0,8703
2022-12-04,Armenia,Asia,119,445381,1,8704
2022-12-11,Armenia,Asia,91,445472,2,8706
2022-12-18,Armenia,Asia,53,445525,0,8706
2022-12-25,Armenia,Asia,58,445583,2,8708
2023-01-01,Armenia,Asia,37,445620,2,8710
2023-01-08,Armenia,Asia,32,445652,1,8711
2023-01-15,Armenia,Asia,39,445691,2,8713
2023-01-22,Armenia,Asia,69,445760,0,8713
2023-01-29,Armenia,Asia,88,445848,0,8713
2023-02-05,Armenia,Asia,105,445953,0,8713
2023-02-12,Armenia,Asia,110,446063,2,8715
2023-02-19,Armenia,Asia,170,446233,1,8716
2023-02-26,Armenia,Asia,230,446463,2,8718
2023-03-05,Armenia,Asia,356,446819,3,8721
2023-03-12,Armenia,Asia,470,447289,6,8727
2023-03-19,Armenia,Asia,441,447730,5,8732
2023-03-26,Armenia,Asia,421,448151,7,8739
2023-04-02,Armenia,Asia,307,448458,4,8743
2023-04-09,Armenia,Asia,249,448707,0,8743
2023-04-16,Armenia,Asia,139,448846,2,8745
2023-04-23,Armenia,Asia,134,448980,1,8746
2023-04-30,Armenia,Asia,82,449062,1,8747
2023-05-07,Armenia,Asia,51,449113,2,8749
2023-05-14,Armenia,Asia,35,449148,0,8749
2023-05-21,Armenia,Asia,21,449169,1,8750
2023-05-28,Armenia,Asia,34,449203,0,8750
2023-06-04,Armenia,Asia,10,449213,0,8750
2023-06-11,Armenia,Asia,9,449222,0,8750
2023-06-18,Armenia,Asia,9,449231,0,8750
2023-06-25,Armenia,Asia,2,449233,1,8751
2023-07-02,Armenia,Asia,22,449255,0,8751
2023-07-09,Armenia,Asia,5,449260,0,8751
2023-07-16,Armenia,Asia,3,449263,0,8751
2023-07-23,Armenia,Asia,10,449273,0,8751
2023-07-30,Armenia,Asia,9,449282,0,8751
2023-08-06,Armenia,Asia,11,449293,0,8751
2023-08-13,Armenia,Asia,6,449299,0,8751
2023-08-20,Armenia,Asia,21,449320,0,8751
2023-08-27,Armenia,Asia,37,449357,0,8751
2023-09-03,Armenia,Asia,31,449388,0,8751
2023-09-10,Armenia,Asia,77,449465,0,8751
2023-09-17,Armenia,Asia,63,449528,0,8751
2023-09-24,Armenia,Asia,122,449650,0,8751
2023-10-01,Armenia,Asia,217,449867,2,8753
2023-10-08,Armenia,Asia,233,450100,3,8756
2023-10-15,Armenia,Asia,234,450334,6,8762
2023-10-22,Armenia,Asia,236,450570,3,8765
2023-10-29,Armenia,Asia,162,450732,2,8767
2023-11-05,Armenia,Asia,141,450873,2,8769
2023-11-12,Armenia,Asia,119,450992,0,8769
2023-11-19,Armenia,Asia,115,451107,0,8769
2023-11-26,Armenia,Asia,97,451204,1,8770
2023-12-03,Armenia,Asia,68,451272,0,8770
2023-12-10,Armenia,Asia,81,451353,1,8771
2023-12-17,Armenia,Asia,73,451426,4,8775
2023-12-24,Armenia,Asia,0,451426,0,8775
2023-12-31,Armenia,Asia,0,451426,0,8775
2024-01-07,Armenia,Asia,51,451477,0,8775
2024-01-14,Armenia,Asia,79,451556,0,8775
2024-01-21,Armenia,Asia,61,451617,0,8775
2024-01-28,Armenia,Asia,48,451665,0,8775
2024-02-04,Armenia,Asia,49,451714,1,8776
2024-02-11,Armenia,Asia,52,451766,0,8776
2024-02-18,Armenia,Asia,38,451804,0,8776
2024-02-25,Armenia,Asia,0,451804,0,8776
2024-03-03,Armenia,Asia,0,451804,0,8776
2024-03-10,Armenia,Asia,26,451830,0,8776
2024-03-17,Armenia,Asia,31,451861,0,8776
2024-03-24,Armenia,Asia,27,451888,0,8776
2024-03-31,Armenia,Asia,29,451917,0,8776
2024-04-07,Armenia,Asia,29,451946,0,8776
2024-04-14,Armenia,Asia,35,451981,1,8777
2024-04-21,Armenia,Asia,29,452010,0,8777
2024-04-28,Armenia,Asia,0,452010,0,8777
2024-05-05,Armenia,Asia,30,452040,0,8777
2024-05-12,Armenia,Asia,24,452064,0,8777
2024-05-19,Armenia,Asia,32,452096,0,8777
2024-05-26,Armenia,Asia,40,452136,0,8777
2024-06-02,Armenia,Asia,39,452175,0,8777
2024-06-09,Armenia,Asia,44,452219,0,8777
2024-06-16,Armenia,Asia,54,452273,0,8777
2024-06-23,Armenia,Asia,0,452273,0,8777
2024-06-30,Armenia,Asia,0,452273,0,8777
2024-07-07,Armenia,Asia,0,452273,0,8777
2024-07-14,Armenia,Asia,0,452273,0,8777
2024-07-21,Armenia,Asia,0,452273,0,8777
2024-07-28,Armenia,Asia,0,452273,0,8777
2024-08-04,Armenia,Asia,0,452273,0,8777
2024-08-11,Armenia,Asia,0,452273,0,8777
2024-08-18,Armenia,Asia,0,452273,0,8777
2024-08-25,Armenia,Asia,0,452273,0,8777
2024-09-01,Armenia,Asia,0,452273,0,8777
2020-01-05,Aruba,North America,0,0,0,0
2020-01-12,Aruba,North America,0,0,0,0
2020-01-19,Aruba,North America,0,0,0,0
2020-01-26,Aruba,North America,0,0,0,0
2020-02-02,Aruba,North America,0,0,0,0
2020-02-09,Aruba,North America,0,0,0,0
2020-02-16,Aruba,North America,0,0,0,0
2020-02-23,Aruba,North America,0,0,0,0
2020-03-01,Aruba,North America,0,0,0,0
2020-03-08,Aruba,North America,0,0,0,0
2020-03-15,Aruba,North America,0,0,0,0
2020-03-22,Aruba,North America,5,5,0,0
2020-03-29,Aruba,North America,41,46,0,0
2020-04-05,Aruba,North America,18,64,0,0
2020-04-12,Aruba,North America,28,92,0,0
2020-04-19,Aruba,North America,4,96,2,2
2020-04-26,Aruba,North America,4,100,0,2
2020-05-03,Aruba,North America,0,100,0,2
2020-05-10,Aruba,North America,1,101,1,3
2020-05-17,Aruba,North America,0,101,0,3
2020-05-24,Aruba,North America,0,101,0,3
2020-05-31,Aruba,North America,0,101,0,3
2020-06-07,Aruba,North America,0,101,0,3
2020-06-14,Aruba,North America,0,101,0,3
2020-06-21,Aruba,North America,0,101,0,3
2020-06-28,Aruba,North America,0,101,0,3
2020-07-05,Aruba,North America,3,104,0,3
2020-07-12,Aruba,North America,1,105,0,3
2020-07-19,Aruba,North America,3,108,0,3
2020-07-26,Aruba,North America,9,117,0,3
2020-08-02,Aruba,North America,3,120,0,3
2020-08-09,Aruba,North America,143,263,0,3
2020-08-16,Aruba,North America,631,894,1,4
2020-08-23,Aruba,North America,493,1387,2,6
2020-08-30,Aruba,North America,461,1848,2,8
2020-09-06,Aruba,North America,444,2292,5,13
2020-09-13,Aruba,North America,527,2819,3,16
2020-09-20,Aruba,North America,563,3382,7,23
2020-09-27,Aruba,North America,374,3756,2,25
2020-10-04,Aruba,North America,242,3998,2,27
2020-10-11,Aruba,North America,152,4150,4,31
2020-10-18,Aruba,North America,135,4285,1,32
2020-10-25,Aruba,North America,104,4389,4,36
2020-11-01,Aruba,North America,83,4472,1,37
2020-11-08,Aruba,North America,92,4564,2,39
2020-11-15,Aruba,North America,75,4639,4,43
2020-11-22,Aruba,North America,54,4693,2,45
2020-11-29,Aruba,North America,98,4791,0,45
2020-12-06,Aruba,North America,132,4923,0,45
2020-12-13,Aruba,North America,88,5011,1,46
2020-12-20,Aruba,North America,113,5124,1,47
2020-12-27,Aruba,North America,104,5228,0,47
2021-01-03,Aruba,North America,214,5442,2,49
2021-01-10,Aruba,North America,441,5883,1,50
2021-01-17,Aruba,North America,413,6296,2,52
2021-01-24,Aruba,North America,327,6623,0,52
2021-01-31,Aruba,North America,235,6858,6,58
2021-02-07,Aruba,North America,276,7134,3,61
2021-02-14,Aruba,North America,204,7338,7,68
2021-02-21,Aruba,North America,215,7553,2,70
2021-02-28,Aruba,North America,251,7804,1,71
2021-03-07,Aruba,North America,205,8009,4,75
2021-03-14,Aruba,North America,263,8272,2,77
2021-03-21,Aruba,North America,352,8624,4,81
2021-03-28,Aruba,North America,449,9073,1,82
2021-04-04,Aruba,North America,430,9503,4,86
2021-04-11,Aruba,North America,393,9896,6,92
2021-04-18,Aruba,North America,323,10219,0,92
2021-04-25,Aruba,North America,250,10469,3,95
2021-05-02,Aruba,North America,139,10608,3,98
2021-05-09,Aruba,North America,129,10737,2,100
2021-05-16,Aruba,North America,89,10826,4,104
2021-05-23,Aruba,North America,66,10892,2,106
2021-05-30,Aruba,North America,65,10957,1,107
2021-06-06,Aruba,North America,61,11018,0,107
2021-06-13,Aruba,North America,51,11069,0,107
2021-06-20,Aruba,North America,30,11099,0,107
2021-06-27,Aruba,North America,26,11125,0,107
2021-07-04,Aruba,North America,15,11140,0,107
2021-07-11,Aruba,North America,21,11161,0,107
2021-07-18,Aruba,North America,37,11198,1,108
2021-07-25,Aruba,North America,94,11292,1,109
2021-08-01,Aruba,North America,292,11584,0,109
2021-08-08,Aruba,North America,544,12128,2,111
2021-08-15,Aruba,North America,801,12929,4,115
2021-08-22,Aruba,North America,790,13719,9,124
2021-08-29,Aruba,North America,599,14318,9,133
2021-09-05,Aruba,North America,401,14719,15,148
2021-09-12,Aruba,North America,272,14991,6,154
2021-09-19,Aruba,North America,186,15177,2,156
2021-09-26,Aruba,North America,174,15351,4,160
2021-10-03,Aruba,North America,149,15500,6,166
2021-10-10,Aruba,North America,87,15587,3,169
2021-10-17,Aruba,North America,105,15692,1,170
2021-10-24,Aruba,North America,87,15779,1,171
2021-10-31,Aruba,North America,103,15882,0,171
2021-11-07,Aruba,North America,67,15949,0,171
2021-11-14,Aruba,North America,108,16057,1,172
2021-11-21,Aruba,North America,92,16149,1,173
2021-11-28,Aruba,North America,114,16263,1,174
2021-12-05,Aruba,North America,129,16392,0,174
2021-12-12,Aruba,North America,139,16531,2,176
2021-12-19,Aruba,North America,185,16716,2,178
2021-12-26,Aruba,North America,449,17165,3,181
2022-01-02,Aruba,North America,2554,19719,0,181
2022-01-09,Aruba,North America,5535,25254,0,181
2022-01-16,Aruba,North America,4440,29694,3,184
2022-01-23,Aruba,North America,2141,31835,3,187
2022-01-30,Aruba,North America,883,32718,6,193
2022-02-06,Aruba,North America,482,33200,1,194
2022-02-13,Aruba,North America,236,33436,2,196
2022-02-20,Aruba,North America,132,33568,2,198
2022-02-27,Aruba,North America,87,33655,13,211
2022-03-06,Aruba,North America,29,33684,0,211
2022-03-13,Aruba,North America,48,33732,1,212
2022-03-20,Aruba,North America,85,33817,0,212
2022-03-27,Aruba,North America,26,33843,0,212
2022-04-03,Aruba,North America,123,33966,0,212
2022-04-10,Aruba,North America,123,34089,0,212
2022-04-17,Aruba,North America,175,34264,0,212
2022-04-24,Aruba,North America,182,34446,0,212
2022-05-01,Aruba,North America,247,34693,0,212
2022-05-08,Aruba,North America,272,34965,0,212
2022-05-15,Aruba,North America,369,35334,0,212
2022-05-22,Aruba,North America,586,35920,1,213
2022-05-29,Aruba,North America,644,36564,0,213
2022-06-05,Aruba,North America,788,37352,0,213
2022-06-12,Aruba,North America,949,38301,3,216
2022-06-19,Aruba,North America,1038,39339,3,219
2022-06-26,Aruba,North America,840,40179,2,221
2022-07-03,Aruba,North America,539,40718,0,221
2022-07-10,Aruba,North America,282,41000,1,222
2022-07-17,Aruba,North America,445,41445,2,224
2022-07-24,Aruba,North America,342,41787,0,224
2022-07-31,Aruba,North America,293,42080,0,224
2022-08-07,Aruba,North America,206,42286,2,226
2022-08-14,Aruba,North America,192,42478,0,226
2022-08-21,Aruba,North America,160,42638,1,227
2022-08-28,Aruba,North America,112,42750,0,227
2022-09-04,Aruba,North America,98,42848,0,227
2022-09-11,Aruba,North America,122,42970,1,228
2022-09-18,Aruba,North America,0,42970,0,228
2022-09-25,Aruba,North America,0,42970,0,228
2022-10-02,Aruba,North America,175,43145,2,230
2022-10-09,Aruba,North America,66,43211,1,231
2022-10-16,Aruba,North America,40,43251,1,232
2022-10-23,Aruba,North America,40,43291,0,232
2022-10-30,Aruba,North America,43,43334,0,232
2022-11-06,Aruba,North America,45,43379,1,233
2022-11-13,Aruba,North America,44,43423,1,234
2022-11-20,Aruba,North America,71,43494,1,235
2022-11-27,Aruba,North America,74,43568,1,236
2022-12-04,Aruba,North America,73,43641,0,236
2022-12-11,Aruba,North America,52,43693,44,280
2022-12-18,Aruba,North America,0,43693,0,280
2022-12-25,Aruba,North America,59,43752,0,280
2023-01-01,Aruba,North America,108,43860,0,280
2023-01-08,Aruba,North America,0,43860,0,280
2023-01-15,Aruba,North America,76,43936,1,281
2023-01-22,Aruba,North America,29,43965,0,281
2023-01-29,Aruba,North America,28,43993,0,281
2023-02-05,Aruba,North America,0,43993,0,281
2023-02-12,Aruba,North America,33,44026,1,282
2023-02-19,Aruba,North America,0,44026,0,282
2023-02-26,Aruba,North America,18,44044,0,282
2023-03-05,Aruba,North America,22,44066,4,286
2023-03-12,Aruba,North America,16,44082,0,286
2023-03-19,Aruba,North America,9,44091,1,287
2023-03-26,Aruba,North America,8,44099,0,287
2023-04-02,Aruba,North America,15,44114,0,287
2023-04-09,Aruba,North America,0,44114,0,287
2023-04-16,Aruba,North America,0,44114,0,287
2023-04-23,Aruba,North America,0,44114,0,287
2023-04-30,Aruba,North America,0,44114,0,287
2023-05-07,Aruba,North America,66,44180,1,288
2023-05-14,Aruba,North America,0,44180,0,288
2023-05-21,Aruba,North America,0,44180,0,288
2023-05-28,Aruba,North America,0,44180,0,288
2023-06-04,Aruba,North America,20,44200,2,290
2023-06-11,Aruba,North America,0,44200,0,290
2023-06-18,Aruba,North America,0,44200,0,290
2023-06-25,Aruba,North America,0,44200,0,290
2023-07-02,Aruba,North America,24,44224,2,292
2023-07-09,Aruba,North America,0,44224,0,292
2023-07-16,Aruba,North America,0,44224,0,292
2023-07-23,Aruba,North America,0,44224,0,292
2023-07-30,Aruba,North America,0,44224,0,292
2023-08-06,Aruba,North America,0,44224,0,292
2023-08-13,Aruba,North America,0,44224,0,292
2023-08-20,Aruba,North America,0,44224,0,292
2023-08-27,Aruba,North America,0,44224,0,292
2023-09-03,Aruba,North America,0,44224,0,292
2023-09-10,Aruba,North America,0,44224,0,292
2023-09-17,Aruba,North America,0,44224,0,292
2023-09-24,Aruba,North America,0,44224,0,292
2023-10-01,Aruba,North America,0,44224,0,292
2023-10-08,Aruba,North America,0,44224,0,292
2023-10-15,Aruba,North America,0,44224,0,292
2023-10-22,Aruba,North America,0,44224,0,292
2023-10-29,Aruba,North America,0,44224,0,292
2023-11-05,Aruba,North America,0,44224,0,292
2023-11-12,Aruba,North America,0,44224,0,292
2023-11-19,Aruba,North America,0,44224,0,292
2023-11-26,Aruba,North America,0,44224,0,292
2023-12-03,Aruba,North America,0,44224,0,292
2023-12-10,Aruba,North America,0,44224,0,292
2023-12-17,Aruba,North America,0,44224,0,292
2023-12-24,Aruba,North America,0,44224,0,292
2023-12-31,Aruba,North America,0,44224,0,292
2024-01-07,Aruba,North America,0,44224,0,292
2024-01-14,Aruba,North America,0,44224,0,292
2024-01-21,Aruba,North America,0,44224,0,292
2024-01-28,Aruba,North America,0,44224,0,292
2024-02-04,Aruba,North America,0,44224,0,292
2024-02-11,Aruba,North America,0,44224,0,292
2024-02-18,Aruba,North America,0,44224,0,292
2024-02-25,Aruba,North America,0,44224,0,292
2024-03-03,Aruba,North America,0,44224,0,292
2024-03-10,Aruba,North America,0,44224,0,292
2024-03-17,Aruba,North America,0,44224,0,292
2024-03-24,Aruba,North America,0,44224,0,292
2024-03-31,Aruba,North America,0,44224,0,292
2024-04-07,Aruba,North America,0,44224,0,292
2024-04-14,Aruba,North America,0,44224,0,292
2024-04-21,Aruba,North America,0,44224,0,292
2024-04-28,Aruba,North America,0,44224,0,292
2024-05-05,Aruba,North America,0,44224,0,292
2024-05-12,Aruba,North America,0,44224,0,292
2024-05-19,Aruba,North America,0,44224,0,292
2024-05-26,Aruba,North America,0,44224,0,292
2024-06-02,Aruba,North America,0,44224,0,292
2024-06-09,Aruba,North America,0,44224,0,292
2024-06-16,Aruba,North America,0,44224,0,292
2024-06-23,Aruba,North America,0,44224,0,292
2024-06-30,Aruba,North America,0,44224,0,292
2024-07-07,Aruba,North America,0,44224,0,292
2024-07-14,Aruba,North America,0,44224,0,292
2024-07-21,Aruba,North America,0,44224,0,292
2024-07-28,Aruba,North America,0,44224,0,292
2024-08-04,Aruba,North America,0,44224,0,292
2024-08-11,Aruba,North America,0,44224,0,292
2024-08-18,Aruba,North America,0,44224,0,292
2024-08-25,Aruba,North America,0,44224,0,292
2024-09-01,Aruba,North America,0,44224,0,292
2020-01-05,Australia,Oceania,0,0,0,0
2020-01-12,Australia,Oceania,0,0,0,0
2020-01-19,Australia,Oceania,0,0,0,0
2020-01-26,Australia,Oceania,4,4,0,0
2020-02-02,Australia,Oceania,8,12,0,0
2020-02-09,Australia,Oceania,3,15,0,0
2020-02-16,Australia,Oceania,0,15,0,0
2020-02-23,Australia,Oceania,7,22,0,0
2020-03-01,Australia,Oceania,3,25,0,0
2020-03-08,Australia,Oceania,45,70,4,4
2020-03-15,Australia,Oceania,179,249,3,7
2020-03-22,Australia,Oceania,832,1081,2,9
2020-03-29,Australia,Oceania,2728,3809,7,16
2020-04-05,Australia,Oceania,1826,5635,20,36
2020-04-12,Australia,Oceania,654,6289,25,61
2020-04-19,Australia,Oceania,297,6586,12,73
2020-04-26,Australia,Oceania,117,6703,12,85
2020-05-03,Australia,Oceania,80,6783,14,99
2020-05-10,Australia,Oceania,146,6929,2,101
2020-05-17,Australia,Oceania,107,7036,2,103
2020-05-24,Australia,Oceania,70,7106,4,107
2020-05-31,Australia,Oceania,79,7185,0,107
2020-06-07,Australia,Oceania,70,7255,0,107
2020-06-14,Australia,Oceania,47,7302,0,107
2020-06-21,Australia,Oceania,134,7436,0,107
2020-06-28,Australia,Oceania,205,7641,1,108
2020-07-05,Australia,Oceania,721,8362,1,109
2020-07-12,Australia,Oceania,1191,9553,4,113
2020-07-19,Australia,Oceania,1888,11441,16,129
2020-07-26,Australia,Oceania,2509,13950,45,174
2020-08-02,Australia,Oceania,3332,17282,95,269
2020-08-09,Australia,Oceania,3416,20698,106,375
2020-08-16,Australia,Oceania,2337,23035,138,513
2020-08-23,Australia,Oceania,1567,24602,114,627
2020-08-30,Australia,Oceania,945,25547,97,724
2020-09-06,Australia,Oceania,660,26207,58,782
2020-09-13,Australia,Oceania,400,26607,46,828
2020-09-20,Australia,Oceania,278,26885,36,864
2020-09-27,Australia,Oceania,131,27016,23,887
2020-10-04,Australia,Oceania,105,27121,19,906
2020-10-11,Australia,Oceania,123,27244,5,911
2020-10-18,Australia,Oceania,139,27383,1,912
2020-10-25,Australia,Oceania,116,27499,2,914
2020-11-01,Australia,Oceania,91,27590,0,914
2020-11-08,Australia,Oceania,62,27652,0,914
2020-11-15,Australia,Oceania,59,27711,3,917
2020-11-22,Australia,Oceania,96,27807,0,917
2020-11-29,Australia,Oceania,78,27885,1,918
2020-12-06,Australia,Oceania,71,27956,1,919
2020-12-13,Australia,Oceania,69,28025,0,919
2020-12-20,Australia,Oceania,103,28128,0,919
2020-12-27,Australia,Oceania,168,28296,1,920
2021-01-03,Australia,Oceania,187,28483,2,922
2021-01-10,Australia,Oceania,112,28595,0,922
2021-01-17,Australia,Oceania,113,28708,1,923
2021-01-24,Australia,Oceania,58,28766,0,923
2021-01-31,Australia,Oceania,45,28811,0,923
2021-02-07,Australia,Oceania,39,28850,0,923
2021-02-14,Australia,Oceania,48,28898,0,923
2021-02-21,Australia,Oceania,28,28926,1,924
2021-02-28,Australia,Oceania,44,28970,0,924
2021-03-07,Australia,Oceania,67,29037,0,924
2021-03-14,Australia,Oceania,80,29117,1,925
2021-03-21,Australia,Oceania,79,29196,0,925
2021-03-28,Australia,Oceania,64,29260,0,925
2021-04-04,Australia,Oceania,88,29348,1,926
2021-04-11,Australia,Oceania,57,29405,0,926
2021-04-18,Australia,Oceania,114,29519,2,928
2021-04-25,Australia,Oceania,147,29666,0,928
2021-05-02,Australia,Oceania,160,29826,0,928
2021-05-09,Australia,Oceania,97,29923,0,928
2021-05-16,Australia,Oceania,52,29975,0,928
2021-05-23,Australia,Oceania,36,30011,0,928
2021-05-30,Australia,Oceania,87,30098,0,928
2021-06-06,Australia,Oceania,357,30455,0,928
2021-06-13,Australia,Oceania,58,30513,0,928
2021-06-20,Australia,Oceania,87,30600,0,928
2021-06-27,Australia,Oceania,235,30835,0,928
2021-07-04,Australia,Oceania,276,31111,0,928
2021-07-11,Australia,Oceania,549,31660,2,930
2021-07-18,Australia,Oceania,875,32535,5,935
2021-07-25,Australia,Oceania,1260,33795,5,940
2021-08-01,Australia,Oceania,1667,35462,7,947
2021-08-08,Australia,Oceania,2313,37775,16,963
2021-08-15,Australia,Oceania,3613,41388,27,990
2021-08-22,Australia,Oceania,6133,47521,22,1012
2021-08-29,Australia,Oceania,8140,55661,20,1032
2021-09-05,Australia,Oceania,11094,66755,52,1084
2021-09-12,Australia,Oceania,12596,79351,56,1140
2021-09-19,Australia,Oceania,12301,91652,77,1217
2021-09-26,Australia,Oceania,12498,104150,95,1312
2021-10-03,Australia,Oceania,15401,119551,110,1422
2021-10-10,Australia,Oceania,15281,134832,119,1541
2021-10-17,Australia,Oceania,15347,150179,105,1646
2021-10-24,Australia,Oceania,13759,163938,108,1754
2021-10-31,Australia,Oceania,10046,173984,112,1866
2021-11-07,Australia,Oceania,9666,183650,97,1963
2021-11-14,Australia,Oceania,8701,192351,66,2029
2021-11-21,Australia,Oceania,9330,201681,81,2110
2021-11-28,Australia,Oceania,9744,211425,56,2166
2021-12-05,Australia,Oceania,10526,221951,52,2218
2021-12-12,Australia,Oceania,13403,235354,36,2254
2021-12-19,Australia,Oceania,31489,266843,54,2308
2021-12-26,Australia,Oceania,99764,366607,69,2377
2022-01-02,Australia,Oceania,289614,656221,103,2480
2022-01-09,Australia,Oceania,588813,1245034,219,2699
2022-01-16,Australia,Oceania,462325,1707359,440,3139
2022-01-23,Australia,Oceania,347960,2055319,660,3799
2022-01-30,Australia,Oceania,267817,2323136,670,4469
2022-02-06,Australia,Oceania,201112,2524248,581,5050
2022-02-13,Australia,Oceania,171754,2696002,436,5486
2022-02-20,Australia,Oceania,160429,2856431,324,5810
2022-02-27,Australia,Oceania,160402,3016833,242,6052
2022-03-06,Australia,Oceania,195717,3212550,151,6203
2022-03-13,Australia,Oceania,241848,3454398,140,6343
2022-03-20,Australia,Oceania,327240,3781638,139,6482
2022-03-27,Australia,Oceania,385762,4167400,149,6631
2022-04-03,Australia,Oceania,395982,4563382,200,6831
2022-04-10,Australia,Oceania,359765,4923147,198,7029
2022-04-17,Australia,Oceania,306184,5229331,250,7279
2022-04-24,Australia,Oceania,289282,5518613,315,7594
2022-05-01,Australia,Oceania,272054,5790667,295,7889
2022-05-08,Australia,Oceania,304061,6094728,315,8204
2022-05-15,Australia,Oceania,350375,6445103,339,8543
2022-05-22,Australia,Oceania,311716,6756819,317,8860
2022-05-29,Australia,Oceania,240429,6997248,344,9204
2022-06-05,Australia,Oceania,199964,7197212,375,9579
2022-06-12,Australia,Oceania,184472,7381684,331,9910
2022-06-19,Australia,Oceania,191043,7572727,344,10254
2022-06-26,Australia,Oceania,204308,7777035,324,10578
2022-07-03,Australia,Oceania,0,7777035,344,10922
2022-07-10,Australia,Oceania,243697,8020732,400,11322
2022-07-17,Australia,Oceania,271605,8292337,451,11773
2022-07-24,Australia,Oceania,303029,8595366,607,12380
2022-07-31,Australia,Oceania,319779,8915145,618,12998
2022-08-07,Australia,Oceania,259334,9174479,603,13601
2022-08-14,Australia,Oceania,200397,9374876,526,14127
2022-08-21,Australia,Oceania,139178,9514054,375,14502
2022-08-28,Australia,Oceania,103184,9617238,329,14831
2022-09-04,Australia,Oceania,79985,9697223,240,15071
2022-09-11,Australia,Oceania,63392,9760615,214,15285
2022-09-18,Australia,Oceania,51273,9811888,184,15469
2022-09-25,Australia,Oceania,43401,9855289,147,15616
2022-10-02,Australia,Oceania,37578,9892867,113,15729
2022-10-09,Australia,Oceania,38674,9931541,102,15831
2022-10-16,Australia,Oceania,31327,9962868,74,15905
2022-10-23,Australia,Oceania,29620,9992488,103,16008
2022-10-30,Australia,Oceania,30363,10022851,85,16093
2022-11-06,Australia,Oceania,35763,10058614,111,16204
2022-11-13,Australia,Oceania,52310,10110924,116,16320
2022-11-20,Australia,Oceania,73573,10184497,154,16474
2022-11-27,Australia,Oceania,83407,10267904,178,16652
2022-12-04,Australia,Oceania,97897,10365801,259,16911
2022-12-11,Australia,Oceania,107902,10473703,272,17183
2022-12-18,Australia,Oceania,112016,10585719,299,17482
2022-12-25,Australia,Oceania,108322,10694041,334,17816
2023-01-01,Australia,Oceania,91518,10785559,1094,18910
2023-01-08,Australia,Oceania,86989,10872548,0,18910
2023-01-15,Australia,Oceania,46003,10918551,0,18910
2023-01-22,Australia,Oceania,30909,10949460,0,18910
2023-01-29,Australia,Oceania,22041,10971501,0,18910
2023-02-05,Australia,Oceania,18922,10990423,1161,20071
2023-02-12,Australia,Oceania,17067,11007490,96,20167
2023-02-19,Australia,Oceania,17927,11025417,89,20256
2023-02-26,Australia,Oceania,17814,11043231,90,20346
2023-03-05,Australia,Oceania,18262,11061493,78,20424
2023-03-12,Australia,Oceania,19780,11081273,78,20502
2023-03-19,Australia,Oceania,21681,11102954,88,20590
2023-03-26,Australia,Oceania,23014,11125968,93,20683
2023-04-02,Australia,Oceania,25521,11151489,103,20786
2023-04-09,Australia,Oceania,27650,11179139,123,20909
2023-04-16,Australia,Oceania,27055,11206194,131,21040
2023-04-23,Australia,Oceania,29966,11236160,146,21186
2023-04-30,Australia,Oceania,29431,11265591,155,21341
2023-05-07,Australia,Oceania,29663,11295254,173,21514
2023-05-14,Australia,Oceania,31859,11327113,173,21687
2023-05-21,Australia,Oceania,37720,11364833,170,21857
2023-05-28,Australia,Oceania,41012,11405845,213,22070
2023-06-04,Australia,Oceania,39051,11444896,232,22302
2023-06-11,Australia,Oceania,33125,11478021,226,22528
2023-06-18,Australia,Oceania,22769,11500790,183,22711
2023-06-25,Australia,Oceania,16822,11517612,59,22770
2023-07-02,Australia,Oceania,13551,11531163,0,22770
2023-07-09,Australia,Oceania,10511,11541674,0,22770
2023-07-16,Australia,Oceania,7826,11549500,0,22770
2023-07-23,Australia,Oceania,6495,11555995,-76,22694
2023-07-30,Australia,Oceania,5525,11561520,85,22779
2023-08-06,Australia,Oceania,5410,11566930,60,22839
2023-08-13,Australia,Oceania,5116,11572046,67,22906
2023-08-20,Australia,Oceania,5194,11577240,56,22962
2023-08-27,Australia,Oceania,5176,11582416,53,23015
2023-09-03,Australia,Oceania,5491,11587907,39,23054
2023-09-10,Australia,Oceania,5033,11592940,40,23094
2023-09-17,Australia,Oceania,5017,11597957,38,23132
2023-09-24,Australia,Oceania,5189,11603146,37,23169
2023-10-01,Australia,Oceania,5393,11608539,33,23202
2023-10-08,Australia,Oceania,5561,11614100,78,23280
2023-10-15,Australia,Oceania,4691,11618791,45,23325
2023-10-22,Australia,Oceania,5358,11624149,52,23377
2023-10-29,Australia,Oceania,6347,11630496,72,23449
2023-11-05,Australia,Oceania,7687,11638183,51,23500
2023-11-12,Australia,Oceania,10293,11648476,113,23613
2023-11-19,Australia,Oceania,10799,11659275,91,23704
2023-11-26,Australia,Oceania,10282,11669557,89,23793
2023-12-03,Australia,Oceania,9620,11679177,152,23945
2023-12-10,Australia,Oceania,9981,11689158,172,24117
2023-12-17,Australia,Oceania,10497,11699655,92,24209
2023-12-24,Australia,Oceania,11146,11710801,64,24273
2023-12-31,Australia,Oceania,10734,11721535,71,24344
2024-01-07,Australia,Oceania,9818,11731353,63,24407
2024-01-14,Australia,Oceania,11054,11742407,60,24467
2024-01-21,Australia,Oceania,10792,11753199,137,24604
2024-01-28,Australia,Oceania,9043,11762242,53,24657
2024-02-04,Australia,Oceania,7918,11770160,53,24710
2024-02-11,Australia,Oceania,8100,11778260,75,24785
2024-02-18,Australia,Oceania,7461,11785721,58,24843
2024-02-25,Australia,Oceania,7398,11793119,40,24883
2024-03-03,Australia,Oceania,7388,11800507,42,24925
2024-03-10,Australia,Oceania,6719,11807226,33,24958
2024-03-17,Australia,Oceania,6514,11813740,0,24958
2024-03-24,Australia,Oceania,5201,11818941,47,25005
2024-03-31,Australia,Oceania,4698,11823639,34,25039
2024-04-07,Australia,Oceania,4281,11827920,51,25090
2024-04-14,Australia,Oceania,4522,11832442,41,25131
2024-04-21,Australia,Oceania,4424,11836866,34,25165
2024-04-28,Australia,Oceania,4657,11841523,21,25186
2024-05-05,Australia,Oceania,4866,11846389,16,25202
2024-05-12,Australia,Oceania,6769,11853158,18,25220
2024-05-19,Australia,Oceania,8003,11861161,16,25236
2024-05-26,Australia,Oceania,0,11861161,0,25236
2024-06-02,Australia,Oceania,0,11861161,0,25236
2024-06-09,Australia,Oceania,0,11861161,0,25236
2024-06-16,Australia,Oceania,0,11861161,0,25236
2024-06-23,Australia,Oceania,0,11861161,0,25236
2024-06-30,Australia,Oceania,0,11861161,0,25236
2024-07-07,Australia,Oceania,0,11861161,0,25236
2024-07-14,Australia,Oceania,0,11861161,0,25236
2024-07-21,Australia,Oceania,0,11861161,0,25236
2024-07-28,Australia,Oceania,0,11861161,0,25236
2024-08-04,Australia,Oceania,0,11861161,0,25236
2024-08-11,Australia,Oceania,0,11861161,0,25236
2024-08-18,Australia,Oceania,0,11861161,0,25236
2024-08-25,Australia,Oceania,0,11861161,0,25236
2024-09-01,Australia,Oceania,0,11861161,0,25236
2020-01-05,Austria,Europe,0,0,0,0
2020-01-12,Austria,Europe,0,0,0,0
2020-01-19,Austria,Europe,0,0,0,0
2020-01-26,Austria,Europe,0,0,0,0
2020-02-02,Austria,Europe,0,0,0,0
2020-02-09,Austria,Europe,0,0,0,0
2020-02-16,Austria,Europe,0,0,0,0
2020-02-23,Austria,Europe,0,0,0,0
2020-03-01,Austria,Europe,7,7,0,0
2020-03-08,Austria,Europe,68,75,0,0
2020-03-15,Austria,Europe,513,588,1,1
2020-03-22,Austria,Europe,544,1132,14,15
2020-03-29,Austria,Europe,3814,4946,51,66
2020-04-05,Austria,Europe,3753,8699,103,169
2020-04-12,Austria,Europe,1942,10641,151,320
2020-04-19,Austria,Europe,889,11530,111,431
2020-04-26,Austria,Europe,450,11980,85,516
2020-05-03,Austria,Europe,366,12346,60,576
2020-05-10,Austria,Europe,259,12605,33,609
2020-05-17,Austria,Europe,329,12934,20,629
2020-05-24,Austria,Europe,249,13183,17,646
2020-05-31,Austria,Europe,213,13396,12,658
2020-06-07,Austria,Europe,208,13604,16,674
2020-06-14,Austria,Europe,188,13792,12,686
2020-06-21,Austria,Europe,227,14019,17,703
2020-06-28,Austria,Europe,288,14307,16,719
2020-07-05,Austria,Europe,565,14872,11,730
2020-07-12,Austria,Europe,636,15508,5,735
2020-07-19,Austria,Europe,758,16266,9,744
2020-07-26,Austria,Europe,827,17093,10,754
2020-08-02,Austria,Europe,876,17969,13,767
2020-08-09,Austria,Europe,676,18645,13,780
2020-08-16,Austria,Europe,1310,19955,11,791
2020-08-23,Austria,Europe,1812,21767,11,802
2020-08-30,Austria,Europe,1904,23671,10,812
2020-09-06,Austria,Europe,2141,25812,13,825
2020-09-13,Austria,Europe,3750,29562,13,838
2020-09-20,Austria,Europe,4906,34468,20,858
2020-09-27,Austria,Europe,4661,39129,31,889
2020-10-04,Austria,Europe,5291,44420,36,925
2020-10-11,Austria,Europe,7102,51522,63,988
2020-10-18,Austria,Europe,9059,60581,62,1050
2020-10-25,Austria,Europe,15533,76114,112,1162
2020-11-01,Austria,Europe,27818,103932,214,1376
2020-11-08,Austria,Europe,42962,146894,353,1729
2020-11-15,Austria,Europe,49191,196085,571,2300
2020-11-22,Austria,Europe,42797,238882,727,3027
2020-11-29,Austria,Europe,32574,271456,822,3849
2020-12-06,Austria,Europe,24249,295705,957,4806
2020-12-13,Austria,Europe,18476,314181,871,5677
2020-12-20,Austria,Europe,17130,331311,729,6406
2020-12-27,Austria,Europe,13421,344732,643,7049
2021-01-03,Austria,Europe,14212,358944,550,7599
2021-01-10,Austria,Europe,15104,374048,453,8052
2021-01-17,Austria,Europe,11470,385518,438,8490
2021-01-24,Austria,Europe,10528,396046,401,8891
2021-01-31,Austria,Europe,9512,405558,387,9278
2021-02-07,Austria,Europe,9181,414739,321,9599
2021-02-14,Austria,Europe,9273,424012,268,9867
2021-02-21,Austria,Europe,11105,435117,217,10084
2021-02-28,Austria,Europe,13481,448598,225,10309
2021-03-07,Austria,Europe,15679,464277,196,10505
2021-03-14,Austria,Europe,17980,482257,208,10713
2021-03-21,Austria,Europe,20380,502637,243,10956
2021-03-28,Austria,Europe,21544,524181,219,11175
2021-04-04,Austria,Europe,21501,545682,249,11424
2021-04-11,Austria,Europe,18730,564412,264,11688
2021-04-18,Austria,Europe,16783,581195,250,11938
2021-04-25,Austria,Europe,15655,596850,221,12159
2021-05-02,Austria,Europe,13512,610362,178,12337
2021-05-09,Austria,Europe,9651,620013,180,12517
2021-05-16,Austria,Europe,6321,626334,117,12634
2021-05-23,Austria,Europe,4502,630836,80,12714
2021-05-30,Austria,Europe,3299,634135,75,12789
2021-06-06,Austria,Europe,2499,636634,55,12844
2021-06-13,Austria,Europe,2011,638645,39,12883
2021-06-20,Austria,Europe,1088,639733,31,12914
2021-06-27,Austria,Europe,765,640498,26,12940
2021-07-04,Austria,Europe,630,641128,22,12962
2021-07-11,Austria,Europe,895,642023,16,12978
2021-07-18,Austria,Europe,1940,643963,14,12992
2021-07-25,Austria,Europe,2481,646444,13,13005
2021-08-01,Austria,Europe,3134,649578,13,13018
2021-08-08,Austria,Europe,3433,653011,23,13041
2021-08-15,Austria,Europe,5269,658280,13,13054
2021-08-22,Austria,Europe,7609,665889,14,13068
2021-08-29,Austria,Europe,9095,674984,27,13095
2021-09-05,Austria,Europe,10736,685720,38,13133
2021-09-12,Austria,Europe,13822,699542,59,13192
2021-09-19,Austria,Europe,14233,713775,68,13260
2021-09-26,Austria,Europe,11737,725512,78,13338
2021-10-03,Austria,Europe,12441,737953,77,13415
2021-10-10,Austria,Europe,12820,750773,77,13492
2021-10-17,Austria,Europe,14078,764851,88,13580
2021-10-24,Austria,Europe,21646,786497,111,13691
2021-10-31,Austria,Europe,30465,816962,137,13828
2021-11-07,Austria,Europe,50720,867682,192,14020
2021-11-14,Austria,Europe,72220,939902,287,14307
2021-11-21,Austria,Europe,93928,1033830,386,14693
2021-11-28,Austria,Europe,90679,1124509,467,15160
2021-12-05,Austria,Europe,58797,1183306,483,15643
2021-12-12,Austria,Europe,32187,1215493,443,16086
2021-12-19,Austria,Europe,21481,1236974,303,16389
2021-12-26,Austria,Europe,15114,1252088,198,16587
2022-01-02,Austria,Europe,19925,1272013,154,16741
2022-01-09,Austria,Europe,47142,1319155,89,16830
2022-01-16,Austria,Europe,101269,1420424,72,16902
2022-01-23,Austria,Europe,158635,1579059,71,16973
2022-01-30,Austria,Europe,220484,1799543,106,17079
2022-02-06,Austria,Europe,231714,2031257,127,17206
2022-02-13,Austria,Europe,223088,2254345,170,17376
2022-02-20,Austria,Europe,200933,2455278,201,17577
2022-02-27,Austria,Europe,185138,2640416,213,17790
2022-03-06,Austria,Europe,206248,2846664,228,18018
2022-03-13,Austria,Europe,281597,3128261,192,18210
2022-03-20,Austria,Europe,319108,3447369,226,18436
2022-03-27,Austria,Europe,270232,3717601,288,18724
2022-04-03,Austria,Europe,172589,3890190,289,19013
2022-04-10,Austria,Europe,103990,3994180,226,19239
2022-04-17,Austria,Europe,68173,4062353,179,19418
2022-04-24,Austria,Europe,52197,4114550,138,19556
2022-05-01,Austria,Europe,41690,4156240,100,19656
2022-05-08,Austria,Europe,37988,4194228,76,19732
2022-05-15,Austria,Europe,31290,4225518,61,19793
2022-05-22,Austria,Europe,22565,4248083,34,19827
2022-05-29,Austria,Europe,15151,4263234,39,19866
2022-06-05,Austria,Europe,18678,4281912,21,19887
2022-06-12,Austria,Europe,23968,4305880,22,19909
2022-06-19,Austria,Europe,35416,4341296,28,19937
2022-06-26,Austria,Europe,58037,4399333,33,19970
2022-07-03,Austria,Europe,68562,4467895,53,20023
2022-07-10,Austria,Europe,74223,4542118,58,20081
2022-07-17,Austria,Europe,80557,4622675,57,20138
2022-07-24,Austria,Europe,82554,4705229,89,20227
2022-07-31,Austria,Europe,60380,4765609,104,20331
2022-08-07,Austria,Europe,44332,4809941,76,20407
2022-08-14,Austria,Europe,39284,4849225,83,20490
2022-08-21,Austria,Europe,37611,4886836,57,20547
2022-08-28,Austria,Europe,34819,4921655,55,20602
2022-09-04,Austria,Europe,30154,4951809,32,20634
2022-09-11,Austria,Europe,28946,4980755,52,20686
2022-09-18,Austria,Europe,33920,5014675,34,20720
2022-09-25,Austria,Europe,47759,5062434,33,20753
2022-10-02,Austria,Europe,77655,5140089,51,20804
2022-10-09,Austria,Europe,96821,5236910,86,20890
2022-10-16,Austria,Europe,90835,5327745,93,20983
2022-10-23,Austria,Europe,64550,5392295,69,21052
2022-10-30,Austria,Europe,39248,5431543,91,21143
2022-11-06,Austria,Europe,30833,5462376,57,21200
2022-11-13,Austria,Europe,25591,5487967,49,21249
2022-11-20,Austria,Europe,26519,5514486,61,21310
2022-11-27,Austria,Europe,29327,5543813,41,21351
2022-12-04,Austria,Europe,33020,5576833,50,21401
2022-12-11,Austria,Europe,31822,5608655,43,21444
2022-12-18,Austria,Europe,36251,5644906,52,21496
2022-12-25,Austria,Europe,33439,5678345,75,21571
2023-01-01,Austria,Europe,26728,5705073,73,21644
2023-01-08,Austria,Europe,19106,5724179,64,21708
2023-01-15,Austria,Europe,16350,5740529,66,21774
2023-01-22,Austria,Europe,13499,5754028,42,21816
2023-01-29,Austria,Europe,18243,5772271,42,21858
2023-02-05,Austria,Europe,26105,5798376,54,21912
2023-02-12,Austria,Europe,27763,5826139,37,21949
2023-02-19,Austria,Europe,33324,5859463,34,21983
2023-02-26,Austria,Europe,37763,5897226,60,22043
2023-03-05,Austria,Europe,39473,5936699,54,22097
2023-03-12,Austria,Europe,34418,5971117,72,22169
2023-03-19,Austria,Europe,28347,5999464,47,22216
2023-03-26,Austria,Europe,22317,6021781,58,22274
2023-04-02,Austria,Europe,14310,6036091,41,22315
2023-04-09,Austria,Europe,9089,6045180,38,22353
2023-04-16,Austria,Europe,7508,6052688,36,22389
2023-04-23,Austria,Europe,6676,6059364,29,22418
2023-04-30,Austria,Europe,5463,6064827,33,22451
2023-05-07,Austria,Europe,4026,6068853,20,22471
2023-05-14,Austria,Europe,3061,6071914,13,22484
2023-05-21,Austria,Europe,2145,6074059,12,22496
2023-05-28,Austria,Europe,2345,6076404,12,22508
2023-06-04,Austria,Europe,1468,6077872,12,22520
2023-06-11,Austria,Europe,1018,6078890,5,22525
2023-06-18,Austria,Europe,1057,6079947,7,22532
2023-06-25,Austria,Europe,828,6080775,2,22534
2023-07-02,Austria,Europe,512,6081287,0,22534
2023-07-09,Austria,Europe,0,6081287,0,22534
2023-07-16,Austria,Europe,0,6081287,0,22534
2023-07-23,Austria,Europe,0,6081287,0,22534
2023-07-30,Austria,Europe,0,6081287,0,22534
2023-08-06,Austria,Europe,0,6081287,0,22534
2023-08-13,Austria,Europe,0,6081287,0,22534
2023-08-20,Austria,Europe,0,6081287,0,22534
2023-08-27,Austria,Europe,0,6081287,0,22534
2023-09-03,Austria,Europe,0,6081287,0,22534
2023-09-10,Austria,Europe,0,6081287,0,22534
2023-09-17,Austria,Europe,0,6081287,0,22534
2023-09-24,Austria,Europe,0,6081287,0,22534
2023-10-01,Austria,Europe,0,6081287,0,22534
2023-10-08,Austria,Europe,0,6081287,0,22534
2023-10-15,Austria,Europe,0,6081287,0,22534
2023-10-22,Austria,Europe,0,6081287,0,22534
2023-10-29,Austria,Europe,0,6081287,0,22534
2023-11-05,Austria,Europe,63,6081350,0,22534
2023-11-12,Austria,Europe,87,6081437,0,22534
2023-11-19,Austria,Europe,76,6081513,0,22534
2023-11-26,Austria,Europe,104,6081617,0,22534
2023-12-03,Austria,Europe,131,6081748,0,22534
2023-12-10,Austria,Europe,102,6081850,0,22534
2023-12-17,Austria,Europe,148,6081998,0,22534
2023-12-24,Austria,Europe,126,6082124,0,22534
2023-12-31,Austria,Europe,46,6082170,0,22534
2024-01-07,Austria,Europe,50,6082220,0,22534
2024-01-14,Austria,Europe,35,6082255,0,22534
2024-01-21,Austria,Europe,24,6082279,0,22534
2024-01-28,Austria,Europe,13,6082292,0,22534
2024-02-04,Austria,Europe,15,6082307,0,22534
2024-02-11,Austria,Europe,16,6082323,0,22534
2024-02-18,Austria,Europe,4,6082327,0,22534
2024-02-25,Austria,Europe,3,6082330,0,22534
2024-03-03,Austria,Europe,4,6082334,0,22534
2024-03-10,Austria,Europe,2,6082336,0,22534
2024-03-17,Austria,Europe,1,6082337,0,22534
2024-03-24,Austria,Europe,2,6082339,0,22534
2024-03-31,Austria,Europe,2,6082341,0,22534
2024-04-07,Austria,Europe,0,6082341,0,22534
2024-04-14,Austria,Europe,1,6082342,0,22534
2024-04-21,Austria,Europe,1,6082343,0,22534
2024-04-28,Austria,Europe,2,6082345,0,22534
2024-05-05,Austria,Europe,2,6082347,0,22534
2024-05-12,Austria,Europe,0,6082347,0,22534
2024-05-19,Austria,Europe,1,6082348,0,22534
2024-05-26,Austria,Europe,0,6082348,0,22534
2024-06-02,Austria,Europe,3,6082351,0,22534
2024-06-09,Austria,Europe,3,6082354,0,22534
2024-06-16,Austria,Europe,2,6082356,0,22534
2024-06-23,Austria,Europe,9,6082365,0,22534
2024-06-30,Austria,Europe,8,6082373,0,22534
2024-07-07,Austria,Europe,17,6082390,0,22534
2024-07-14,Austria,Europe,12,6082402,0,22534
2024-07-21,Austria,Europe,12,6082414,0,22534
2024-07-28,Austria,Europe,15,6082429,0,22534
2024-08-04,Austria,Europe,15,6082444,0,22534
2024-08-11,Austria,Europe,21,6082465,0,22534
2024-08-18,Austria,Europe,14,6082479,0,22534
2024-08-25,Austria,Europe,14,6082493,0,22534
2024-09-01,Austria,Europe,15,6082508,0,22534
2020-01-05,Azerbaijan,Asia,0,0,0,0
2020-01-12,Azerbaijan,Asia,0,0,0,0
2020-01-19,Azerbaijan,Asia,0,0,0,0
2020-01-26,Azerbaijan,Asia,0,0,0,0
2020-02-02,Azerbaijan,Asia,0,0,0,0
2020-02-09,Azerbaijan,Asia,0,0,0,0
2020-02-16,Azerbaijan,Asia,0,0,0,0
2020-02-23,Azerbaijan,Asia,0,0,0,0
2020-03-01,Azerbaijan,Asia,3,3,0,0
2020-03-08,Azerbaijan,Asia,6,9,0,0
2020-03-15,Azerbaijan,Asia,2,11,0,0
2020-03-22,Azerbaijan,Asia,42,53,1,1
2020-03-29,Azerbaijan,Asia,94,147,2,3
2020-04-05,Azerbaijan,Asia,296,443,2,5
2020-04-12,Azerbaijan,Asia,548,991,5,10
2020-04-19,Azerbaijan,Asia,349,1340,5,15
2020-04-26,Azerbaijan,Asia,252,1592,6,21
2020-05-03,Azerbaijan,Asia,262,1854,4,25
2020-05-10,Azerbaijan,Asia,425,2279,3,28
2020-05-17,Azerbaijan,Asia,701,2980,8,36
2020-05-24,Azerbaijan,Asia,875,3855,10,46
2020-05-31,Azerbaijan,Asia,1134,4989,12,58
2020-06-07,Azerbaijan,Asia,1871,6860,24,82
2020-06-14,Azerbaijan,Asia,2358,9218,31,113
2020-06-21,Azerbaijan,Asia,2549,11767,30,143
2020-06-28,Azerbaijan,Asia,3602,15369,44,187
2020-07-05,Azerbaijan,Asia,3898,19267,48,235
2020-07-12,Azerbaijan,Asia,3723,22990,57,292
2020-07-19,Azerbaijan,Asia,3646,26636,49,341
2020-07-26,Azerbaijan,Asia,2676,29312,59,400
2020-08-02,Azerbaijan,Asia,2566,31878,48,448
2020-08-09,Azerbaijan,Asia,1498,33376,35,483
2020-08-16,Azerbaijan,Asia,642,34018,21,504
2020-08-23,Azerbaijan,Asia,903,34921,8,512
2020-08-30,Azerbaijan,Asia,1065,35986,15,527
2020-09-06,Azerbaijan,Asia,1045,37031,16,543
2020-09-13,Azerbaijan,Asia,1006,38037,14,557
2020-09-20,Azerbaijan,Asia,857,38894,15,572
2020-09-27,Azerbaijan,Asia,893,39787,11,583
2020-10-04,Azerbaijan,Asia,666,40453,11,594
2020-10-11,Azerbaijan,Asia,1066,41519,11,605
2020-10-18,Azerbaijan,Asia,2270,43789,16,621
2020-10-25,Azerbaijan,Asia,4432,48221,35,656
2020-11-01,Azerbaijan,Asia,5953,54174,62,718
2020-11-08,Azerbaijan,Asia,8164,62338,93,811
2020-11-15,Azerbaijan,Asia,9242,71580,116,927
2020-11-22,Azerbaijan,Asia,15583,87163,152,1079
2020-11-29,Azerbaijan,Asia,22650,109813,212,1291
2020-12-06,Azerbaijan,Asia,28187,138000,260,1551
2020-12-13,Azerbaijan,Asia,29155,167155,289,1840
2020-12-20,Azerbaijan,Asia,28267,195422,293,2133
2020-12-27,Azerbaijan,Asia,16342,211764,283,2416
2021-01-03,Azerbaijan,Asia,7277,219041,254,2670
2021-01-10,Azerbaijan,Asia,4376,223417,199,2869
2021-01-17,Azerbaijan,Asia,3132,226549,114,2983
2021-01-24,Azerbaijan,Asia,1977,228526,81,3064
2021-01-31,Azerbaijan,Asia,1409,229935,55,3119
2021-02-07,Azerbaijan,Asia,972,230907,34,3153
2021-02-14,Azerbaijan,Asia,933,231840,20,3173
2021-02-21,Azerbaijan,Asia,989,232829,20,3193
2021-02-28,Azerbaijan,Asia,1160,233989,20,3213
2021-03-07,Azerbaijan,Asia,2376,236365,25,3238
2021-03-14,Azerbaijan,Asia,3327,239692,38,3276
2021-03-21,Azerbaijan,Asia,5798,245490,63,3339
2021-03-28,Azerbaijan,Asia,8880,254370,125,3464
2021-04-04,Azerbaijan,Asia,14344,268714,184,3648
2021-04-11,Azerbaijan,Asia,14865,283579,231,3879
2021-04-18,Azerbaijan,Asia,14943,298522,228,4107
2021-04-25,Azerbaijan,Asia,12943,311465,235,4342
2021-05-02,Azerbaijan,Asia,8857,320322,196,4538
2021-05-09,Azerbaijan,Asia,5734,326056,128,4666
2021-05-16,Azerbaijan,Asia,3315,329371,102,4768
2021-05-23,Azerbaijan,Asia,2864,332235,83,4851
2021-05-30,Azerbaijan,Asia,1488,333723,52,4903
2021-06-06,Azerbaijan,Asia,924,334647,33,4936
2021-06-13,Azerbaijan,Asia,479,335126,17,4953
2021-06-20,Azerbaijan,Asia,311,335437,8,4961
2021-06-27,Azerbaijan,Asia,359,335796,6,4967
2021-07-04,Azerbaijan,Asia,522,336318,10,4977
2021-07-11,Azerbaijan,Asia,780,337098,7,4984
2021-07-18,Azerbaijan,Asia,1085,338183,7,4991
2021-07-25,Azerbaijan,Asia,1874,340057,11,5002
2021-08-01,Azerbaijan,Asia,3792,343849,21,5023
2021-08-08,Azerbaijan,Asia,6756,350605,33,5056
2021-08-15,Azerbaijan,Asia,14404,365009,82,5138
2021-08-22,Azerbaijan,Asia,23428,388437,141,5279
2021-08-29,Azerbaijan,Asia,25549,413986,233,5512
2021-09-05,Azerbaijan,Asia,25576,439562,288,5800
2021-09-12,Azerbaijan,Asia,15482,455044,231,6031
2021-09-19,Azerbaijan,Asia,15941,470985,249,6280
2021-09-26,Azerbaijan,Asia,8829,479814,153,6433
2021-10-03,Azerbaijan,Asia,5461,485275,126,6559
2021-10-10,Azerbaijan,Asia,5872,491147,95,6654
2021-10-17,Azerbaijan,Asia,9164,500311,92,6746
2021-10-24,Azerbaijan,Asia,13978,514289,123,6869
2021-10-31,Azerbaijan,Asia,14820,529109,180,7049
2021-11-07,Azerbaijan,Asia,15541,544650,192,7241
2021-11-14,Azerbaijan,Asia,13781,558431,175,7416
2021-11-21,Azerbaijan,Asia,13654,572085,183,7599
2021-11-28,Azerbaijan,Asia,12036,584121,190,7789
2021-12-05,Azerbaijan,Asia,10873,594994,158,7947
2021-12-12,Azerbaijan,Asia,8369,603363,123,8070
2021-12-19,Azerbaijan,Asia,6034,609397,112,8182
2021-12-26,Azerbaijan,Asia,4722,614119,102,8284
2022-01-02,Azerbaijan,Asia,3192,617311,81,8365
2022-01-09,Azerbaijan,Asia,3368,620679,72,8437
2022-01-16,Azerbaijan,Asia,4239,624918,73,8510
2022-01-23,Azerbaijan,Asia,7116,632034,87,8597
2022-01-30,Azerbaijan,Asia,19307,651341,103,8700
2022-02-06,Azerbaijan,Asia,39839,691180,146,8846
2022-02-13,Azerbaijan,Asia,47148,738328,181,9027
2022-02-20,Azerbaijan,Asia,33381,771709,184,9211
2022-02-27,Azerbaijan,Asia,12551,784260,167,9378
2022-03-06,Azerbaijan,Asia,4698,788958,122,9500
2022-03-13,Azerbaijan,Asia,1617,790575,99,9599
2022-03-20,Azerbaijan,Asia,829,791404,52,9651
2022-03-27,Azerbaijan,Asia,291,791695,28,9679
2022-04-03,Azerbaijan,Asia,324,792019,18,9697
2022-04-10,Azerbaijan,Asia,197,792216,6,9703
2022-04-17,Azerbaijan,Asia,133,792349,2,9705
2022-04-24,Azerbaijan,Asia,127,792476,2,9707
2022-05-01,Azerbaijan,Asia,86,792562,2,9709
2022-05-08,Azerbaijan,Asia,56,792618,0,9709
2022-05-15,Azerbaijan,Asia,50,792668,0,9709
2022-05-22,Azerbaijan,Asia,40,792708,1,9710
2022-05-29,Azerbaijan,Asia,49,792757,2,9712
2022-06-05,Azerbaijan,Asia,47,792804,1,9713
2022-06-12,Azerbaijan,Asia,66,792870,2,9715
2022-06-19,Azerbaijan,Asia,115,792985,1,9716
2022-06-26,Azerbaijan,Asia,155,793140,1,9717
2022-07-03,Azerbaijan,Asia,195,793335,0,9717
2022-07-10,Azerbaijan,Asia,360,793695,2,9719
2022-07-17,Azerbaijan,Asia,703,794398,4,9723
2022-07-24,Azerbaijan,Asia,1743,796141,12,9735
2022-07-31,Azerbaijan,Asia,2263,798404,12,9747
2022-08-07,Azerbaijan,Asia,3066,801470,13,9760
2022-08-14,Azerbaijan,Asia,3115,804585,13,9773
2022-08-21,Azerbaijan,Asia,3399,807984,11,9784
2022-08-28,Azerbaijan,Asia,3575,811559,21,9805
2022-09-04,Azerbaijan,Asia,3488,815047,17,9822
2022-09-11,Azerbaijan,Asia,2549,817596,30,9852
2022-09-18,Azerbaijan,Asia,1742,819338,32,9884
2022-09-25,Azerbaijan,Asia,1324,820662,19,9903
2022-10-02,Azerbaijan,Asia,870,821532,16,9919
2022-10-09,Azerbaijan,Asia,572,822104,8,9927
2022-10-16,Azerbaijan,Asia,434,822538,4,9931
2022-10-23,Azerbaijan,Asia,370,822908,6,9937
2022-10-30,Azerbaijan,Asia,294,823202,7,9944
2022-11-06,Azerbaijan,Asia,294,823496,11,9955
2022-11-13,Azerbaijan,Asia,192,823688,6,9961
2022-11-20,Azerbaijan,Asia,235,823923,11,9972
2022-11-27,Azerbaijan,Asia,270,824193,4,9976
2022-12-04,Azerbaijan,Asia,259,824452,7,9983
2022-12-11,Azerbaijan,Asia,350,824802,3,9986
2022-12-18,Azerbaijan,Asia,535,825337,7,9993
2022-12-25,Azerbaijan,Asia,556,825893,13,10006
2023-01-01,Azerbaijan,Asia,508,826401,2,10008
2023-01-08,Azerbaijan,Asia,402,826803,9,10017
2023-01-15,Azerbaijan,Asia,497,827300,28,10045
2023-01-22,Azerbaijan,Asia,338,827638,23,10068
2023-01-29,Azerbaijan,Asia,242,827880,13,10081
2023-02-05,Azerbaijan,Asia,184,828064,14,10095
2023-02-12,Azerbaijan,Asia,146,828210,3,10098
2023-02-19,Azerbaijan,Asia,128,828338,5,10103
2023-02-26,Azerbaijan,Asia,154,828492,13,10116
2023-03-05,Azerbaijan,Asia,190,828682,11,10127
2023-03-12,Azerbaijan,Asia,224,828906,16,10143
2023-03-19,Azerbaijan,Asia,311,829217,10,10153
2023-03-26,Azerbaijan,Asia,128,829345,7,10160
2023-04-02,Azerbaijan,Asia,454,829799,24,10184
2023-04-09,Azerbaijan,Asia,502,830301,13,10197
2023-04-16,Azerbaijan,Asia,479,830780,15,10212
2023-04-23,Azerbaijan,Asia,315,831095,10,10222
2023-04-30,Azerbaijan,Asia,259,831354,19,10241
2023-05-07,Azerbaijan,Asia,186,831540,16,10257
2023-05-14,Azerbaijan,Asia,108,831648,11,10268
2023-05-21,Azerbaijan,Asia,79,831727,4,10272
2023-05-28,Azerbaijan,Asia,85,831812,1,10273
2023-06-04,Azerbaijan,Asia,47,831859,4,10277
2023-06-11,Azerbaijan,Asia,19,831878,3,10280
2023-06-18,Azerbaijan,Asia,12,831890,1,10281
2023-06-25,Azerbaijan,Asia,6,831896,0,10281
2023-07-02,Azerbaijan,Asia,42,831938,1,10282
2023-07-09,Azerbaijan,Asia,12,831950,1,10283
2023-07-16,Azerbaijan,Asia,12,831962,2,10285
2023-07-23,Azerbaijan,Asia,21,831983,3,10288
2023-07-30,Azerbaijan,Asia,21,832004,1,10289
2023-08-06,Azerbaijan,Asia,17,832021,1,10290
2023-08-13,Azerbaijan,Asia,15,832036,3,10293
2023-08-20,Azerbaijan,Asia,8,832044,2,10295
2023-08-27,Azerbaijan,Asia,27,832071,0,10295
2023-09-03,Azerbaijan,Asia,241,832312,7,10302
2023-09-10,Azerbaijan,Asia,126,832438,0,10302
2023-09-17,Azerbaijan,Asia,142,832580,0,10302
2023-09-24,Azerbaijan,Asia,229,832809,19,10321
2023-10-01,Azerbaijan,Asia,380,833189,11,10332
2023-10-08,Azerbaijan,Asia,361,833550,5,10337
2023-10-15,Azerbaijan,Asia,249,833799,10,10347
2023-10-22,Azerbaijan,Asia,156,833955,6,10353
2023-10-29,Azerbaijan,Asia,0,833955,0,10353
2023-11-05,Azerbaijan,Asia,43,833998,0,10353
2023-11-12,Azerbaijan,Asia,19,834017,0,10353
2023-11-19,Azerbaijan,Asia,21,834038,0,10353
2023-11-26,Azerbaijan,Asia,12,834050,0,10353
2023-12-03,Azerbaijan,Asia,20,834070,0,10353
2023-12-10,Azerbaijan,Asia,95,834165,0,10353
2023-12-17,Azerbaijan,Asia,18,834183,0,10353
2023-12-24,Azerbaijan,Asia,39,834222,0,10353
2023-12-31,Azerbaijan,Asia,32,834254,0,10353
2024-01-07,Azerbaijan,Asia,33,834287,0,10353
2024-01-14,Azerbaijan,Asia,49,834336,0,10353
2024-01-21,Azerbaijan,Asia,35,834371,0,10353
2024-01-28,Azerbaijan,Asia,99,834470,0,10353
2024-02-04,Azerbaijan,Asia,75,834545,0,10353
2024-02-11,Azerbaijan,Asia,104,834649,0,10353
2024-02-18,Azerbaijan,Asia,136,834785,0,10353
2024-02-25,Azerbaijan,Asia,131,834916,0,10353
2024-03-03,Azerbaijan,Asia,115,835031,0,10353
2024-03-10,Azerbaijan,Asia,105,835136,0,10353
2024-03-17,Azerbaijan,Asia,83,835219,0,10353
2024-03-24,Azerbaijan,Asia,15,835234,0,10353
2024-03-31,Azerbaijan,Asia,38,835272,0,10353
2024-04-07,Azerbaijan,Asia,46,835318,0,10353
2024-04-14,Azerbaijan,Asia,9,835327,0,10353
2024-04-21,Azerbaijan,Asia,0,835327,0,10353
2024-04-28,Azerbaijan,Asia,22,835349,0,10353
2024-05-05,Azerbaijan,Asia,22,835371,0,10353
2024-05-12,Azerbaijan,Asia,23,835394,0,10353
2024-05-19,Azerbaijan,Asia,16,835410,0,10353
2024-05-26,Azerbaijan,Asia,14,835424,0,10353
2024-06-02,Azerbaijan,Asia,10,835434,0,10353
2024-06-09,Azerbaijan,Asia,17,835451,0,10353
2024-06-16,Azerbaijan,Asia,17,835468,0,10353
2024-06-23,Azerbaijan,Asia,21,835489,0,10353
2024-06-30,Azerbaijan,Asia,26,835515,0,10353
2024-07-07,Azerbaijan,Asia,27,835542,0,10353
2024-07-14,Azerbaijan,Asia,0,835542,0,10353
2024-07-21,Azerbaijan,Asia,94,835636,0,10353
2024-07-28,Azerbaijan,Asia,58,835694,0,10353
2024-08-04,Azerbaijan,Asia,63,835757,0,10353
2024-08-11,Azerbaijan,Asia,81,835838,0,10353
2024-08-18,Azerbaijan,Asia,46,835884,0,10353
2024-08-25,Azerbaijan,Asia,77,835961,0,10353
2024-09-01,Azerbaijan,Asia,80,836041,0,10353
2020-01-05,Bahamas,North America,0,0,0,0
2020-01-12,Bahamas,North America,0,0,0,0
2020-01-19,Bahamas,North America,0,0,0,0
2020-01-26,Bahamas,North America,0,0,0,0
2020-02-02,Bahamas,North America,0,0,0,0
2020-02-09,Bahamas,North America,0,0,0,0
2020-02-16,Bahamas,North America,0,0,0,0
2020-02-23,Bahamas,North America,0,0,0,0
2020-03-01,Bahamas,North America,0,0,0,0
2020-03-08,Bahamas,North America,0,0,0,0
2020-03-15,Bahamas,North America,0,0,0,0
2020-03-22,Bahamas,North America,4,4,0,0
2020-03-29,Bahamas,North America,5,9,0,0
2020-04-05,Bahamas,North America,15,24,3,3
2020-04-12,Bahamas,North America,18,42,5,8
2020-04-19,Bahamas,North America,12,54,1,9
2020-04-26,Bahamas,North America,18,72,2,11
2020-05-03,Bahamas,North America,10,82,0,11
2020-05-10,Bahamas,North America,10,92,0,11
2020-05-17,Bahamas,North America,4,96,0,11
2020-05-24,Bahamas,North America,1,97,0,11
2020-05-31,Bahamas,North America,4,101,0,11
2020-06-07,Bahamas,North America,2,103,0,11
2020-06-14,Bahamas,North America,0,103,0,11
2020-06-21,Bahamas,North America,1,104,0,11
2020-06-28,Bahamas,North America,0,104,0,11
2020-07-05,Bahamas,North America,0,104,0,11
2020-07-12,Bahamas,North America,4,108,0,11
2020-07-19,Bahamas,North America,21,129,0,11
2020-07-26,Bahamas,North America,187,316,0,11
2020-08-02,Bahamas,North America,192,508,3,14
2020-08-09,Bahamas,North America,322,830,0,14
2020-08-16,Bahamas,North America,289,1119,3,17
2020-08-23,Bahamas,North America,584,1703,10,27
2020-08-30,Bahamas,North America,354,2057,13,40
2020-09-06,Bahamas,North America,419,2476,15,55
2020-09-13,Bahamas,North America,398,2874,12,67
2020-09-20,Bahamas,North America,303,3177,2,69
2020-09-27,Bahamas,North America,613,3790,20,89
2020-10-04,Bahamas,North America,542,4332,7,96
2020-10-11,Bahamas,North America,623,4955,10,106
2020-10-18,Bahamas,North America,673,5628,10,116
2020-10-25,Bahamas,North America,724,6352,16,132
2020-11-01,Bahamas,North America,362,6714,12,144
2020-11-08,Bahamas,North America,233,6947,8,152
2020-11-15,Bahamas,North America,216,7163,3,155
2020-11-22,Bahamas,North America,232,7395,8,163
2020-11-29,Bahamas,North America,101,7496,0,163
2020-12-06,Bahamas,North America,74,7570,0,163
2020-12-13,Bahamas,North America,89,7659,0,163
2020-12-20,Bahamas,North America,74,7733,1,164
2020-12-27,Bahamas,North America,55,7788,5,169
2021-01-03,Bahamas,North America,111,7899,2,171
2021-01-10,Bahamas,North America,78,7977,4,175
2021-01-17,Bahamas,North America,62,8039,0,175
2021-01-24,Bahamas,North America,71,8110,0,175
2021-01-31,Bahamas,North America,73,8183,1,176
2021-02-07,Bahamas,North America,87,8270,0,176
2021-02-14,Bahamas,North America,89,8359,3,179
2021-02-21,Bahamas,North America,94,8453,0,179
2021-02-28,Bahamas,North America,89,8542,1,180
2021-03-07,Bahamas,North America,74,8616,2,182
2021-03-14,Bahamas,North America,106,8722,3,185
2021-03-21,Bahamas,North America,162,8884,1,186
2021-03-28,Bahamas,North America,150,9034,2,188
2021-04-04,Bahamas,North America,200,9234,1,189
2021-04-11,Bahamas,North America,183,9417,0,189
2021-04-18,Bahamas,North America,279,9696,5,194
2021-04-25,Bahamas,North America,354,10050,2,196
2021-05-02,Bahamas,North America,469,10519,3,199
2021-05-09,Bahamas,North America,311,10830,13,212
2021-05-16,Bahamas,North America,304,11134,6,218
2021-05-23,Bahamas,North America,365,11499,7,225
2021-05-30,Bahamas,North America,261,11760,5,230
2021-06-06,Bahamas,North America,227,11987,2,232
2021-06-13,Bahamas,North America,172,12159,5,237
2021-06-20,Bahamas,North America,168,12327,6,243
2021-06-27,Bahamas,North America,177,12504,2,245
2021-07-04,Bahamas,North America,337,12841,5,250
2021-07-11,Bahamas,North America,273,13114,4,254
2021-07-18,Bahamas,North America,352,13466,19,273
2021-07-25,Bahamas,North America,591,14057,9,282
2021-08-01,Bahamas,North America,783,14840,5,287
2021-08-08,Bahamas,North America,697,15537,17,304
2021-08-15,Bahamas,North America,893,16430,9,313
2021-08-22,Bahamas,North America,848,17278,20,333
2021-08-29,Bahamas,North America,753,18031,21,354
2021-09-05,Bahamas,North America,735,18766,70,424
2021-09-12,Bahamas,North America,674,19440,30,454
2021-09-19,Bahamas,North America,675,20115,52,506
2021-09-26,Bahamas,North America,590,20705,16,522
2021-10-03,Bahamas,North America,560,21265,33,555
2021-10-10,Bahamas,North America,361,21626,39,594
2021-10-17,Bahamas,North America,328,21954,32,626
2021-10-24,Bahamas,North America,273,22227,16,642
2021-10-31,Bahamas,North America,169,22396,1,643
2021-11-07,Bahamas,North America,117,22513,18,661
2021-11-14,Bahamas,North America,59,22572,4,665
2021-11-21,Bahamas,North America,86,22658,6,671
2021-11-28,Bahamas,North America,93,22751,0,671
2021-12-05,Bahamas,North America,76,22827,30,701
2021-12-12,Bahamas,North America,69,22896,7,708
2021-12-19,Bahamas,North America,175,23071,5,713
2021-12-26,Bahamas,North America,559,23630,0,713
2022-01-02,Bahamas,North America,1655,25285,4,717
2022-01-09,Bahamas,North America,1837,27122,0,717
2022-01-16,Bahamas,North America,3132,30254,2,719
2022-01-23,Bahamas,North America,1661,31915,7,726
2022-01-30,Bahamas,North America,571,32486,19,745
2022-02-06,Bahamas,North America,194,32680,3,748
2022-02-13,Bahamas,North America,245,32925,9,757
2022-02-20,Bahamas,North America,116,33041,13,770
2022-02-27,Bahamas,North America,80,33121,1,771
2022-03-06,Bahamas,North America,50,33171,0,771
2022-03-13,Bahamas,North America,23,33194,0,771
2022-03-20,Bahamas,North America,25,33219,16,787
2022-03-27,Bahamas,North America,35,33254,1,788
2022-04-03,Bahamas,North America,41,33295,0,788
2022-04-10,Bahamas,North America,51,33346,1,789
2022-04-17,Bahamas,North America,45,33391,0,789
2022-04-24,Bahamas,North America,72,33463,0,789
2022-05-01,Bahamas,North America,95,33558,9,798
2022-05-08,Bahamas,North America,137,33695,0,798
2022-05-15,Bahamas,North America,176,33871,3,801
2022-05-22,Bahamas,North America,341,34212,9,810
2022-05-29,Bahamas,North America,414,34626,0,810
2022-06-05,Bahamas,North America,384,35010,0,810
2022-06-12,Bahamas,North America,276,35286,2,812
2022-06-19,Bahamas,North America,317,35603,3,815
2022-06-26,Bahamas,North America,211,35814,1,816
2022-07-03,Bahamas,North America,215,36029,2,818
2022-07-10,Bahamas,North America,216,36245,4,822
2022-07-17,Bahamas,North America,181,36426,0,822
2022-07-24,Bahamas,North America,142,36568,0,822
2022-07-31,Bahamas,North America,148,36716,0,822
2022-08-07,Bahamas,North America,96,36812,0,822
2022-08-14,Bahamas,North America,93,36905,1,823
2022-08-21,Bahamas,North America,78,36983,0,823
2022-08-28,Bahamas,North America,69,37052,0,823
2022-09-04,Bahamas,North America,46,37098,0,823
2022-09-11,Bahamas,North America,48,37146,7,830
2022-09-18,Bahamas,North America,57,37203,3,833
2022-09-25,Bahamas,North America,64,37267,0,833
2022-10-02,Bahamas,North America,42,37309,0,833
2022-10-09,Bahamas,North America,9,37318,0,833
2022-10-16,Bahamas,North America,16,37334,0,833
2022-10-23,Bahamas,North America,30,37364,0,833
2022-10-30,Bahamas,North America,22,37386,0,833
2022-11-06,Bahamas,North America,33,37419,0,833
2022-11-13,Bahamas,North America,16,37435,0,833
2022-11-20,Bahamas,North America,18,37453,0,833
2022-11-27,Bahamas,North America,23,37476,0,833
2022-12-04,Bahamas,North America,15,37491,0,833
2022-12-11,Bahamas,North America,0,37491,0,833
2022-12-18,Bahamas,North America,0,37491,0,833
2022-12-25,Bahamas,North America,0,37491,0,833
2023-01-01,Bahamas,North America,0,37491,0,833
2023-01-08,Bahamas,North America,0,37491,0,833
2023-01-15,Bahamas,North America,0,37491,0,833
2023-01-22,Bahamas,North America,0,37491,0,833
2023-01-29,Bahamas,North America,0,37491,0,833
2023-02-05,Bahamas,North America,0,37491,0,833
2023-02-12,Bahamas,North America,0,37491,0,833
2023-02-19,Bahamas,North America,0,37491,0,833
2023-02-26,Bahamas,North America,0,37491,0,833
2023-03-05,Bahamas,North America,0,37491,0,833
2023-03-12,Bahamas,North America,0,37491,0,833
2023-03-19,Bahamas,North America,0,37491,0,833
2023-03-26,Bahamas,North America,0,37491,0,833
2023-04-02,Bahamas,North America,0,37491,0,833
2023-04-09,Bahamas,North America,0,37491,0,833
2023-04-16,Bahamas,North America,512,38003,11,844
2023-04-23,Bahamas,North America,81,38084,0,844
2023-04-30,Bahamas,North America,0,38084,0,844
2023-05-07,Bahamas,North America,0,38084,0,844
2023-05-14,Bahamas,North America,0,38084,0,844
2023-05-21,Bahamas,North America,0,38084,0,844
2023-05-28,Bahamas,North America,0,38084,0,844
2023-06-04,Bahamas,North America,0,38084,0,844
2023-06-11,Bahamas,North America,0,38084,0,844
2023-06-18,Bahamas,North America,0,38084,0,844
2023-06-25,Bahamas,North America,0,38084,0,844
2023-07-02,Bahamas,North America,0,38084,0,844
2023-07-09,Bahamas,North America,0,38084,0,844
2023-07-16,Bahamas,North America,0,38084,0,844
2023-07-23,Bahamas,North America,0,38084,0,844
2023-07-30,Bahamas,North America,0,38084,0,844
2023-08-06,Bahamas,North America,0,38084,0,844
2023-08-13,Bahamas,North America,0,38084,0,844
2023-08-20,Bahamas,North America,0,38084,0,844
2023-08-27,Bahamas,North America,0,38084,0,844
2023-09-03,Bahamas,North America,0,38084,0,844
2023-09-10,Bahamas,North America,0,38084,0,844
2023-09-17,Bahamas,North America,0,38084,0,844
2023-09-24,Bahamas,North America,0,38084,0,844
2023-10-01,Bahamas,North America,0,38084,0,844
2023-10-08,Bahamas,North America,0,38084,0,844
2023-10-15,Bahamas,North America,3,38087,0,844
2023-10-22,Bahamas,North America,6,38093,1,845
2023-10-29,Bahamas,North America,6,38099,0,845
2023-11-05,Bahamas,North America,3,38102,0,845
2023-11-12,Bahamas,North America,2,38104,0,845
2023-11-19,Bahamas,North America,7,38111,0,845
2023-11-26,Bahamas,North America,4,38115,1,846
2023-12-03,Bahamas,North America,0,38115,0,846
2023-12-10,Bahamas,North America,3,38118,0,846
2023-12-17,Bahamas,North America,15,38133,0,846
2023-12-24,Bahamas,North America,5,38138,0,846
2023-12-31,Bahamas,North America,9,38147,0,846
2024-01-07,Bahamas,North America,15,38162,1,847
2024-01-14,Bahamas,North America,52,38214,1,848
2024-01-21,Bahamas,North America,48,38262,0,848
2024-01-28,Bahamas,North America,38,38300,0,848
2024-02-04,Bahamas,North America,26,38326,0,848
2024-02-11,Bahamas,North America,31,38357,0,848
2024-02-18,Bahamas,North America,34,38391,0,848
2024-02-25,Bahamas,North America,34,38425,0,848
2024-03-03,Bahamas,North America,37,38462,0,848
2024-03-10,Bahamas,North America,31,38493,0,848
2024-03-17,Bahamas,North America,17,38510,0,848
2024-03-24,Bahamas,North America,12,38522,0,848
2024-03-31,Bahamas,North America,10,38532,0,848
2024-04-07,Bahamas,North America,5,38537,0,848
2024-04-14,Bahamas,North America,8,38545,0,848
2024-04-21,Bahamas,North America,8,38553,0,848
2024-04-28,Bahamas,North America,1,38554,0,848
2024-05-05,Bahamas,North America,9,38563,0,848
2024-05-12,Bahamas,North America,15,38578,0,848
2024-05-19,Bahamas,North America,11,38589,0,848
2024-05-26,Bahamas,North America,10,38599,0,848
2024-06-02,Bahamas,North America,5,38604,0,848
2024-06-09,Bahamas,North America,16,38620,0,848
2024-06-16,Bahamas,North America,18,38638,0,848
2024-06-23,Bahamas,North America,42,38680,0,848
2024-06-30,Bahamas,North America,100,38780,0,848
2024-07-07,Bahamas,North America,105,38885,0,848
2024-07-14,Bahamas,North America,107,38992,1,849
2024-07-21,Bahamas,North America,72,39064,0,849
2024-07-28,Bahamas,North America,63,39127,0,849
2024-08-04,Bahamas,North America,0,39127,0,849
2024-08-11,Bahamas,North America,0,39127,0,849
2024-08-18,Bahamas,North America,0,39127,0,849
2024-08-25,Bahamas,North America,0,39127,0,849
2024-09-01,Bahamas,North America,0,39127,0,849
2020-01-05,Bahrain,Asia,0,0,0,0
2020-01-12,Bahrain,Asia,0,0,0,0
2020-01-19,Bahrain,Asia,0,0,0,0
2020-01-26,Bahrain,Asia,0,0,0,0
2020-02-02,Bahrain,Asia,0,0,0,0
2020-02-09,Bahrain,Asia,0,0,0,0
2020-02-16,Bahrain,Asia,0,0,0,0
2020-02-23,Bahrain,Asia,0,0,0,0
2020-03-01,Bahrain,Asia,41,41,0,0
2020-03-08,Bahrain,Asia,22,63,0,0
2020-03-15,Bahrain,Asia,148,211,0,0
2020-03-22,Bahrain,Asia,100,311,1,1
2020-03-29,Bahrain,Asia,165,476,3,4
2020-04-05,Bahrain,Asia,212,688,0,4
2020-04-12,Bahrain,Asia,352,1040,2,6
2020-04-19,Bahrain,Asia,733,1773,1,7
2020-04-26,Bahrain,Asia,816,2589,1,8
2020-05-03,Bahrain,Asia,695,3284,0,8
2020-05-10,Bahrain,Asia,1490,4774,0,8
2020-05-17,Bahrain,Asia,1973,6747,4,12
2020-05-24,Bahrain,Asia,2055,8802,1,13
2020-05-31,Bahrain,Asia,1991,10793,4,17
2020-06-07,Bahrain,Asia,3590,14383,7,24
2020-06-14,Bahrain,Asia,3844,18227,15,39
2020-06-21,Bahrain,Asia,3104,21331,21,60
2020-06-28,Bahrain,Asia,3936,25267,18,78
2020-07-05,Bahrain,Asia,3590,28857,18,96
2020-07-12,Bahrain,Asia,3613,32470,8,104
2020-07-19,Bahrain,Asia,3534,36004,20,124
2020-07-26,Bahrain,Asia,2743,38747,13,137
2020-08-02,Bahrain,Asia,2443,41190,10,147
2020-08-09,Bahrain,Asia,2439,43629,14,161
2020-08-16,Bahrain,Asia,2801,46430,9,170
2020-08-23,Bahrain,Asia,2608,49038,13,183
2020-08-30,Bahrain,Asia,2353,51391,6,189
2020-09-06,Bahrain,Asia,3380,54771,7,196
2020-09-13,Bahrain,Asia,4815,59586,16,212
2020-09-20,Bahrain,Asia,4913,64499,9,221
2020-09-27,Bahrain,Asia,4276,68775,18,239
2020-10-04,Bahrain,Asia,3535,72310,19,258
2020-10-11,Bahrain,Asia,2977,75287,15,273
2020-10-18,Bahrain,Asia,2284,77571,20,293
2020-10-25,Bahrain,Asia,2404,79975,19,312
2020-11-01,Bahrain,Asia,1670,81645,9,321
2020-11-08,Bahrain,Asia,1619,83264,8,329
2020-11-15,Bahrain,Asia,1259,84523,4,333
2020-11-22,Bahrain,Asia,1068,85591,5,338
2020-11-29,Bahrain,Asia,1054,86645,3,341
2020-12-06,Bahrain,Asia,1087,87732,0,341
2020-12-13,Bahrain,Asia,1233,88965,7,348
2020-12-20,Bahrain,Asia,1097,90062,1,349
2020-12-27,Bahrain,Asia,1456,91518,2,351
2021-01-03,Bahrain,Asia,1666,93184,1,352
2021-01-10,Bahrain,Asia,2133,95317,3,355
2021-01-17,Bahrain,Asia,1951,97268,3,358
2021-01-24,Bahrain,Asia,2188,99456,9,367
2021-01-31,Bahrain,Asia,3170,102626,5,372
2021-02-07,Bahrain,Asia,4087,106713,7,379
2021-02-14,Bahrain,Asia,5389,112102,19,398
2021-02-21,Bahrain,Asia,5132,117234,22,420
2021-02-28,Bahrain,Asia,4544,121778,24,444
2021-03-07,Bahrain,Asia,4348,126126,25,469
2021-03-14,Bahrain,Asia,4278,130404,12,481
2021-03-21,Bahrain,Asia,4922,135326,17,498
2021-03-28,Bahrain,Asia,5492,140818,15,513
2021-04-04,Bahrain,Asia,6952,147770,18,531
2021-04-11,Bahrain,Asia,7632,155402,23,554
2021-04-18,Bahrain,Asia,7711,163113,34,588
2021-04-25,Bahrain,Asia,7222,170335,32,620
2021-05-02,Bahrain,Asia,7662,177997,28,648
2021-05-09,Bahrain,Asia,9908,187905,30,678
2021-05-16,Bahrain,Asia,11188,199093,59,737
2021-05-23,Bahrain,Asia,15777,214870,72,809
2021-05-30,Bahrain,Asia,20829,235699,130,939
2021-06-06,Bahrain,Asia,13883,249582,152,1091
2021-06-13,Bahrain,Asia,8270,257852,115,1206
2021-06-20,Bahrain,Asia,4575,262427,91,1297
2021-06-27,Bahrain,Asia,2568,264995,44,1341
2021-07-04,Bahrain,Asia,1291,266286,17,1358
2021-07-11,Bahrain,Asia,826,267112,18,1376
2021-07-18,Bahrain,Asia,684,267796,4,1380
2021-07-25,Bahrain,Asia,617,268413,2,1382
2021-08-01,Bahrain,Asia,773,269186,2,1384
2021-08-08,Bahrain,Asia,763,269949,0,1384
2021-08-15,Bahrain,Asia,867,270816,0,1384
2021-08-22,Bahrain,Asia,718,271534,2,1386
2021-08-29,Bahrain,Asia,712,272246,2,1388
2021-09-05,Bahrain,Asia,670,272916,0,1388
2021-09-12,Bahrain,Asia,706,273622,0,1388
2021-09-19,Bahrain,Asia,557,274179,0,1388
2021-09-26,Bahrain,Asia,566,274745,1,1389
2021-10-03,Bahrain,Asia,430,275175,0,1389
2021-10-10,Bahrain,Asia,422,275597,1,1390
2021-10-17,Bahrain,Asia,433,276030,1,1391
2021-10-24,Bahrain,Asia,496,276526,2,1393
2021-10-31,Bahrain,Asia,268,276794,0,1393
2021-11-07,Bahrain,Asia,247,277041,0,1393
2021-11-14,Bahrain,Asia,160,277201,0,1393
2021-11-21,Bahrain,Asia,147,277348,1,1394
2021-11-28,Bahrain,Asia,204,277552,0,1394
2021-12-05,Bahrain,Asia,251,277803,0,1394
2021-12-12,Bahrain,Asia,234,278037,0,1394
2021-12-19,Bahrain,Asia,373,278410,0,1394
2021-12-26,Bahrain,Asia,1108,279518,0,1394
2022-01-02,Bahrain,Asia,3159,282677,0,1394
2022-01-09,Bahrain,Asia,8201,290878,3,1397
2022-01-16,Bahrain,Asia,14536,305414,1,1398
2022-01-23,Bahrain,Asia,22052,327466,1,1399
2022-01-30,Bahrain,Asia,34556,362022,5,1404
2022-02-06,Bahrain,Asia,51350,413372,7,1411
2022-02-13,Bahrain,Asia,45167,458539,14,1425
2022-02-20,Bahrain,Asia,29884,488423,12,1437
2022-02-27,Bahrain,Asia,20967,509390,13,1450
2022-03-06,Bahrain,Asia,15781,525171,8,1458
2022-03-13,Bahrain,Asia,11070,536241,4,1462
2022-03-20,Bahrain,Asia,7594,543835,3,1465
2022-03-27,Bahrain,Asia,6527,550362,3,1468
2022-04-03,Bahrain,Asia,5198,555560,3,1471
2022-04-10,Bahrain,Asia,3871,559431,1,1472
2022-04-17,Bahrain,Asia,3328,562759,1,1473
2022-04-24,Bahrain,Asia,3071,565830,2,1475
2022-05-01,Bahrain,Asia,2876,568706,0,1475
2022-05-08,Bahrain,Asia,3376,572082,2,1477
2022-05-15,Bahrain,Asia,4915,576997,2,1479
2022-05-22,Bahrain,Asia,3800,580797,1,1480
2022-05-29,Bahrain,Asia,3187,583984,7,1487
2022-06-05,Bahrain,Asia,4086,588070,1,1488
2022-06-12,Bahrain,Asia,6551,594621,1,1489
2022-06-19,Bahrain,Asia,9227,603848,2,1491
2022-06-26,Bahrain,Asia,12740,616588,1,1492
2022-07-03,Bahrain,Asia,12155,628743,2,1494
2022-07-10,Bahrain,Asia,9732,638475,4,1498
2022-07-17,Bahrain,Asia,9460,647935,7,1505
2022-07-24,Bahrain,Asia,6938,654873,1,1506
2022-07-31,Bahrain,Asia,4351,659224,3,1509
2022-08-07,Bahrain,Asia,3182,662406,2,1511
2022-08-14,Bahrain,Asia,3967,666373,1,1512
2022-08-21,Bahrain,Asia,3019,669392,1,1513
2022-08-28,Bahrain,Asia,1462,670854,0,1513
2022-09-04,Bahrain,Asia,1391,672245,2,1515
2022-09-11,Bahrain,Asia,1448,673693,3,1518
2022-09-18,Bahrain,Asia,2048,675741,2,1520
2022-09-25,Bahrain,Asia,2539,678280,0,1520
2022-10-02,Bahrain,Asia,2525,680805,0,1520
2022-10-09,Bahrain,Asia,2437,683242,0,1520
2022-10-16,Bahrain,Asia,2027,685269,1,1521
2022-10-23,Bahrain,Asia,2084,687353,3,1524
2022-10-30,Bahrain,Asia,2127,689480,3,1527
2022-11-06,Bahrain,Asia,2029,691509,2,1529
2022-11-13,Bahrain,Asia,1752,693261,2,1531
2022-11-20,Bahrain,Asia,1479,694740,2,1533
2022-11-27,Bahrain,Asia,1026,695766,3,1536
2022-12-04,Bahrain,Asia,848,696614,0,1536
2022-12-11,Bahrain,Asia,0,696614,0,1536
2022-12-18,Bahrain,Asia,0,696614,0,1536
2022-12-25,Bahrain,Asia,0,696614,0,1536
2023-01-01,Bahrain,Asia,0,696614,0,1536
2023-01-08,Bahrain,Asia,0,696614,0,1536
2023-01-15,Bahrain,Asia,0,696614,0,1536
2023-01-22,Bahrain,Asia,0,696614,0,1536
2023-01-29,Bahrain,Asia,0,696614,0,1536
2023-02-05,Bahrain,Asia,0,696614,0,1536
2023-02-12,Bahrain,Asia,0,696614,0,1536
2023-02-19,Bahrain,Asia,0,696614,0,1536
2023-02-26,Bahrain,Asia,0,696614,0,1536
2023-03-05,Bahrain,Asia,0,696614,0,1536
2023-03-12,Bahrain,Asia,0,696614,0,1536
2023-03-19,Bahrain,Asia,0,696614,0,1536
2023-03-26,Bahrain,Asia,0,696614,0,1536
2023-04-02,Bahrain,Asia,0,696614,0,1536
2023-04-09,Bahrain,Asia,0,696614,0,1536
2023-04-16,Bahrain,Asia,0,696614,0,1536
2023-04-23,Bahrain,Asia,0,696614,0,1536
2023-04-30,Bahrain,Asia,0,696614,0,1536
2023-05-07,Bahrain,Asia,0,696614,0,1536
2023-05-14,Bahrain,Asia,0,696614,0,1536
2023-05-21,Bahrain,Asia,0,696614,0,1536
2023-05-28,Bahrain,Asia,0,696614,0,1536
2023-06-04,Bahrain,Asia,0,696614,0,1536
2023-06-11,Bahrain,Asia,0,696614,0,1536
2023-06-18,Bahrain,Asia,0,696614,0,1536
2023-06-25,Bahrain,Asia,0,696614,0,1536
2023-07-02,Bahrain,Asia,0,696614,0,1536
2023-07-09,Bahrain,Asia,0,696614,0,1536
2023-07-16,Bahrain,Asia,0,696614,0,1536
2023-07-23,Bahrain,Asia,0,696614,0,1536
2023-07-30,Bahrain,Asia,0,696614,0,1536
2023-08-06,Bahrain,Asia,0,696614,0,1536
2023-08-13,Bahrain,Asia,0,696614,0,1536
2023-08-20,Bahrain,Asia,0,696614,0,1536
2023-08-27,Bahrain,Asia,0,696614,0,1536
2023-09-03,Bahrain,Asia,0,696614,0,1536
2023-09-10,Bahrain,Asia,0,696614,0,1536
2023-09-17,Bahrain,Asia,0,696614,0,1536
2023-09-24,Bahrain,Asia,0,696614,0,1536
2023-10-01,Bahrain,Asia,0,696614,0,1536
2023-10-08,Bahrain,Asia,0,696614,0,1536
2023-10-15,Bahrain,Asia,0,696614,0,1536
2023-10-22,Bahrain,Asia,0,696614,0,1536
2023-10-29,Bahrain,Asia,0,696614,0,1536
2023-11-05,Bahrain,Asia,0,696614,0,1536
2023-11-12,Bahrain,Asia,0,696614,0,1536
2023-11-19,Bahrain,Asia,0,696614,0,1536
2023-11-26,Bahrain,Asia,0,696614,0,1536
2023-12-03,Bahrain,Asia,0,696614,0,1536
2023-12-10,Bahrain,Asia,0,696614,0,1536
2023-12-17,Bahrain,Asia,0,696614,0,1536
2023-12-24,Bahrain,Asia,0,696614,0,1536
2023-12-31,Bahrain,Asia,0,696614,0,1536
2024-01-07,Bahrain,Asia,0,696614,0,1536
2024-01-14,Bahrain,Asia,0,696614,0,1536
2024-01-21,Bahrain,Asia,0,696614,0,1536
2024-01-28,Bahrain,Asia,0,696614,0,1536
2024-02-04,Bahrain,Asia,0,696614,0,1536
2024-02-11,Bahrain,Asia,0,696614,0,1536
2024-02-18,Bahrain,Asia,0,696614,0,1536
2024-02-25,Bahrain,Asia,0,696614,0,1536
2024-03-03,Bahrain,Asia,0,696614,0,1536
2024-03-10,Bahrain,Asia,0,696614,0,1536
2024-03-17,Bahrain,Asia,0,696614,0,1536
2024-03-24,Bahrain,Asia,0,696614,0,1536
2024-03-31,Bahrain,Asia,0,696614,0,1536
2024-04-07,Bahrain,Asia,0,696614,0,1536
2024-04-14,Bahrain,Asia,0,696614,0,1536
2024-04-21,Bahrain,Asia,0,696614,0,1536
2024-04-28,Bahrain,Asia,0,696614,0,1536
2024-05-05,Bahrain,Asia,0,696614,0,1536
2024-05-12,Bahrain,Asia,0,696614,0,1536
2024-05-19,Bahrain,Asia,0,696614,0,1536
2024-05-26,Bahrain,Asia,0,696614,0,1536
2024-06-02,Bahrain,Asia,0,696614,0,1536
2024-06-09,Bahrain,Asia,0,696614,0,1536
2024-06-16,Bahrain,Asia,0,696614,0,1536
2024-06-23,Bahrain,Asia,0,696614,0,1536
2024-06-30,Bahrain,Asia,0,696614,0,1536
2024-07-07,Bahrain,Asia,0,696614,0,1536
2024-07-14,Bahrain,Asia,0,696614,0,1536
2024-07-21,Bahrain,Asia,0,696614,0,1536
2024-07-28,Bahrain,Asia,0,696614,0,1536
2024-08-04,Bahrain,Asia,0,696614,0,1536
2024-08-11,Bahrain,Asia,0,696614,0,1536
2024-08-18,Bahrain,Asia,0,696614,0,1536
2024-08-25,Bahrain,Asia,0,696614,0,1536
2024-09-01,Bahrain,Asia,0,696614,0,1536
2020-01-05,Bangladesh,Asia,0,0,0,0
2020-01-12,Bangladesh,Asia,0,0,0,0
2020-01-19,Bangladesh,Asia,0,0,0,0
2020-01-26,Bangladesh,Asia,0,0,0,0
2020-02-02,Bangladesh,Asia,0,0,0,0
2020-02-09,Bangladesh,Asia,0,0,0,0
2020-02-16,Bangladesh,Asia,0,0,0,0
2020-02-23,Bangladesh,Asia,0,0,0,0
2020-03-01,Bangladesh,Asia,0,0,0,0
2020-03-08,Bangladesh,Asia,3,3,0,0
2020-03-15,Bangladesh,Asia,4,7,0,0
2020-03-22,Bangladesh,Asia,17,24,2,2
2020-03-29,Bangladesh,Asia,24,48,3,5
2020-04-05,Bangladesh,Asia,40,88,3,8
2020-04-12,Bangladesh,Asia,533,621,26,34
2020-04-19,Bangladesh,Asia,1835,2456,57,91
2020-04-26,Bangladesh,Asia,2960,5416,54,145
2020-05-03,Bangladesh,Asia,4039,9455,32,177
2020-05-10,Bangladesh,Asia,5202,14657,51,228
2020-05-17,Bangladesh,Asia,7611,22268,100,328
2020-05-24,Bangladesh,Asia,11342,33610,152,480
2020-05-31,Bangladesh,Asia,13543,47153,170,650
2020-06-07,Bangladesh,Asia,18616,65769,238,888
2020-06-14,Bangladesh,Asia,21751,87520,283,1171
2020-06-21,Bangladesh,Asia,24786,112306,293,1464
2020-06-28,Bangladesh,Asia,25481,137787,274,1738
2020-07-05,Bangladesh,Asia,24630,162417,314,2052
2020-07-12,Bangladesh,Asia,21378,183795,300,2352
2020-07-19,Bangladesh,Asia,20730,204525,266,2618
2020-07-26,Bangladesh,Asia,18928,223453,310,2928
2020-08-02,Bangladesh,Asia,17293,240746,226,3154
2020-08-09,Bangladesh,Asia,16854,257600,245,3399
2020-08-16,Bangladesh,Asia,18949,276549,258,3657
2020-08-23,Bangladesh,Asia,18049,294598,284,3941
2020-08-30,Bangladesh,Asia,16224,310822,307,4248
2020-09-06,Bangladesh,Asia,14335,325157,231,4479
2020-09-13,Bangladesh,Asia,12363,337520,254,4733
2020-09-20,Bangladesh,Asia,11396,348916,206,4939
2020-09-27,Bangladesh,Asia,10232,359148,222,5161
2020-10-04,Bangladesh,Asia,9542,368690,187,5348
2020-10-11,Bangladesh,Asia,9576,378266,176,5524
2020-10-18,Bangladesh,Asia,10303,388569,136,5660
2020-10-25,Bangladesh,Asia,10246,398815,143,5803
2020-11-01,Bangladesh,Asia,10437,409252,138,5941
2020-11-08,Bangladesh,Asia,10986,420238,126,6067
2020-11-15,Bangladesh,Asia,12095,432333,127,6194
2020-11-22,Bangladesh,Asia,15008,447341,194,6388
2020-11-29,Bangladesh,Asia,15066,462407,221,6609
2020-12-06,Bangladesh,Asia,15138,477545,229,6838
2020-12-13,Bangladesh,Asia,12988,490533,214,7052
2020-12-20,Bangladesh,Asia,10180,500713,228,7280
2020-12-27,Bangladesh,Asia,8435,509148,172,7452
2021-01-03,Bangladesh,Asia,6871,516019,174,7626
2021-01-10,Bangladesh,Asia,6434,522453,155,7781
2021-01-17,Bangladesh,Asia,5179,527632,125,7906
2021-01-24,Bangladesh,Asia,4167,531799,117,8023
2021-01-31,Bangladesh,Asia,3340,535139,104,8127
2021-02-07,Bangladesh,Asia,2923,538062,78,8205
2021-02-14,Bangladesh,Asia,2530,540592,69,8274
2021-02-21,Bangladesh,Asia,2759,543351,75,8349
2021-02-28,Bangladesh,Asia,2865,546216,59,8408
2021-03-07,Bangladesh,Asia,4114,550330,54,8462
2021-03-14,Bangladesh,Asia,7065,557395,83,8545
2021-03-21,Bangladesh,Asia,13483,570878,145,8690
2021-03-28,Bangladesh,Asia,24836,595714,214,8904
2021-04-04,Bangladesh,Asia,41650,637364,362,9266
2021-04-11,Bangladesh,Asia,47392,684756,473,9739
2021-04-18,Bangladesh,Asia,34194,718950,646,10385
2021-04-25,Bangladesh,Asia,26372,745322,668,11053
2021-05-02,Bangladesh,Asia,16621,761943,526,11579
2021-05-09,Bangladesh,Asia,11570,773513,355,11934
2021-05-16,Bangladesh,Asia,6646,780159,215,12149
2021-05-23,Bangladesh,Asia,8921,789080,227,12376
2021-05-30,Bangladesh,Asia,9750,798830,207,12583
2021-06-06,Bangladesh,Asia,12160,810990,256,12839
2021-06-13,Bangladesh,Asia,15932,826922,279,13118
2021-06-20,Bangladesh,Asia,24746,851668,430,13548
2021-06-27,Bangladesh,Asia,36738,888406,624,14172
2021-07-04,Bangladesh,Asia,56511,944917,893,15065
2021-07-11,Bangladesh,Asia,76272,1021189,1354,16419
2021-07-18,Bangladesh,Asia,82800,1103989,1475,17894
2021-07-25,Bangladesh,Asia,60646,1164635,1380,19274
2021-08-01,Bangladesh,Asia,99693,1264328,1642,20916
2021-08-08,Bangladesh,Asia,89367,1353695,1736,22652
2021-08-15,Bangladesh,Asia,65207,1418902,1523,24175
2021-08-22,Bangladesh,Asia,43096,1461998,1107,25282
2021-08-29,Bangladesh,Asia,31539,1493537,733,26015
2021-09-05,Bangladesh,Asia,20919,1514456,548,26563
2021-09-12,Bangladesh,Asia,15957,1530413,368,26931
2021-09-19,Bangladesh,Asia,12270,1542683,294,27225
2021-09-26,Bangladesh,Asia,8668,1551351,189,27414
2021-10-03,Bangladesh,Asia,6613,1557964,159,27573
2021-10-10,Bangladesh,Asia,4395,1562359,115,27688
2021-10-17,Bangladesh,Asia,3129,1565488,80,27768
2021-10-24,Bangladesh,Asia,2204,1567692,55,27823
2021-10-31,Bangladesh,Asia,1847,1569539,45,27868
2021-11-07,Bangladesh,Asia,1474,1571013,27,27895
2021-11-14,Bangladesh,Asia,1488,1572501,27,27922
2021-11-21,Bangladesh,Asia,1587,1574088,31,27953
2021-11-28,Bangladesh,Asia,1696,1575784,25,27978
2021-12-05,Bangladesh,Asia,1659,1577443,23,28001
2021-12-12,Bangladesh,Asia,1882,1579325,27,28028
2021-12-19,Bangladesh,Asia,1758,1581083,20,28048
2021-12-26,Bangladesh,Asia,2170,1583253,12,28060
2022-01-02,Bangladesh,Asia,3213,1586466,17,28077
2022-01-09,Bangladesh,Asia,7234,1593700,25,28102
2022-01-16,Bangladesh,Asia,24011,1617711,42,28144
2022-01-23,Bangladesh,Asia,67425,1685136,79,28223
2022-01-30,Bangladesh,Asia,100196,1785332,140,28363
2022-02-06,Bangladesh,Asia,76200,1861532,226,28589
2022-02-13,Bangladesh,Asia,48132,1909664,230,28819
2022-02-20,Bangladesh,Asia,23627,1933291,146,28965
2022-02-27,Bangladesh,Asia,9389,1942680,68,29033
2022-03-06,Bangladesh,Asia,4586,1947266,52,29085
2022-03-13,Bangladesh,Asia,2220,1949486,26,29111
2022-03-20,Bangladesh,Asia,1123,1950609,6,29117
2022-03-27,Bangladesh,Asia,673,1951282,1,29118
2022-04-03,Bangladesh,Asia,488,1951770,4,29122
2022-04-10,Bangladesh,Asia,295,1952065,1,29123
2022-04-17,Bangladesh,Asia,261,1952326,1,29124
2022-04-24,Bangladesh,Asia,230,1952556,3,29127
2022-05-01,Bangladesh,Asia,160,1952716,0,29127
2022-05-08,Bangladesh,Asia,83,1952799,0,29127
2022-05-15,Bangladesh,Asia,213,1953012,0,29127
2022-05-22,Bangladesh,Asia,192,1953204,1,29128
2022-05-29,Bangladesh,Asia,203,1953407,2,29130
2022-06-05,Bangladesh,Asia,216,1953623,1,29131
2022-06-12,Bangladesh,Asia,492,1954115,0,29131
2022-06-19,Bangladesh,Asia,2212,1956327,0,29131
2022-06-26,Bangladesh,Asia,8846,1965173,9,29140
2022-07-03,Bangladesh,Asia,13516,1978689,22,29162
2022-07-10,Bangladesh,Asia,11165,1989854,38,29200
2022-07-17,Bangladesh,Asia,6486,1996340,34,29234
2022-07-24,Bangladesh,Asia,5435,2001775,32,29266
2022-07-31,Bangladesh,Asia,3482,2005257,25,29291
2022-08-07,Bangladesh,Asia,2078,2007335,13,29304
2022-08-14,Bangladesh,Asia,1535,2008870,9,29313
2022-08-21,Bangladesh,Asia,1100,2009970,2,29315
2022-08-28,Bangladesh,Asia,1347,2011317,8,29323
2022-09-04,Bangladesh,Asia,1444,2012761,5,29328
2022-09-11,Bangladesh,Asia,2126,2014887,6,29334
2022-09-18,Bangladesh,Asia,2727,2017614,5,29339
2022-09-25,Bangladesh,Asia,4076,2021690,14,29353
2022-10-02,Bangladesh,Asia,4522,2026212,16,29369
2022-10-09,Bangladesh,Asia,3511,2029723,12,29381
2022-10-16,Bangladesh,Asia,2720,2032443,20,29401
2022-10-23,Bangladesh,Asia,1698,2034141,12,29413
2022-10-30,Bangladesh,Asia,1011,2035152,10,29423
2022-11-06,Bangladesh,Asia,676,2035828,3,29426
2022-11-13,Bangladesh,Asia,338,2036166,1,29427
2022-11-20,Bangladesh,Asia,201,2036367,3,29430
2022-11-27,Bangladesh,Asia,160,2036527,1,29431
2022-12-04,Bangladesh,Asia,110,2036637,3,29434
2022-12-11,Bangladesh,Asia,169,2036806,2,29436
2022-12-18,Bangladesh,Asia,122,2036928,2,29438
2022-12-25,Bangladesh,Asia,96,2037024,1,29439
2023-01-01,Bangladesh,Asia,118,2037142,1,29440
2023-01-08,Bangladesh,Asia,125,2037267,0,29440
2023-01-15,Bangladesh,Asia,101,2037368,1,29441
2023-01-22,Bangladesh,Asia,76,2037444,0,29441
2023-01-29,Bangladesh,Asia,88,2037532,1,29442
2023-02-05,Bangladesh,Asia,77,2037609,1,29443
2023-02-12,Bangladesh,Asia,70,2037679,1,29444
2023-02-19,Bangladesh,Asia,71,2037750,1,29445
2023-02-26,Bangladesh,Asia,58,2037808,0,29445
2023-03-05,Bangladesh,Asia,57,2037865,0,29445
2023-03-12,Bangladesh,Asia,57,2037922,0,29445
2023-03-19,Bangladesh,Asia,47,2037969,0,29445
2023-03-26,Bangladesh,Asia,32,2038001,0,29445
2023-04-02,Bangladesh,Asia,37,2038038,1,29446
2023-04-09,Bangladesh,Asia,40,2038078,0,29446
2023-04-16,Bangladesh,Asia,38,2038116,0,29446
2023-04-23,Bangladesh,Asia,38,2038154,0,29446
2023-04-30,Bangladesh,Asia,78,2038232,0,29446
2023-05-07,Bangladesh,Asia,106,2038338,0,29446
2023-05-14,Bangladesh,Asia,140,2038478,0,29446
2023-05-21,Bangladesh,Asia,148,2038626,0,29446
2023-05-28,Bangladesh,Asia,345,2038971,0,29446
2023-06-04,Bangladesh,Asia,668,2039639,2,29448
2023-06-11,Bangladesh,Asia,831,2040470,3,29451
2023-06-18,Bangladesh,Asia,1000,2041470,6,29457
2023-06-25,Bangladesh,Asia,782,2042252,4,29461
2023-07-02,Bangladesh,Asia,450,2042702,1,29462
2023-07-09,Bangladesh,Asia,459,2043161,0,29462
2023-07-16,Bangladesh,Asia,416,2043577,2,29464
2023-07-23,Bangladesh,Asia,394,2043971,4,29468
2023-07-30,Bangladesh,Asia,439,2044410,4,29472
2023-08-06,Bangladesh,Asia,369,2044779,2,29474
2023-08-13,Bangladesh,Asia,218,2044997,2,29476
2023-08-20,Bangladesh,Asia,162,2045159,0,29476
2023-08-27,Bangladesh,Asia,127,2045286,0,29476
2023-09-03,Bangladesh,Asia,122,2045408,1,29477
2023-09-10,Bangladesh,Asia,109,2045517,0,29477
2023-09-17,Bangladesh,Asia,85,2045602,0,29477
2023-09-24,Bangladesh,Asia,69,2045671,0,29477
2023-10-01,Bangladesh,Asia,63,2045734,0,29477
2023-10-08,Bangladesh,Asia,55,2045789,0,29477
2023-10-15,Bangladesh,Asia,54,2045843,0,29477
2023-10-22,Bangladesh,Asia,49,2045892,0,29477
2023-10-29,Bangladesh,Asia,31,2045923,0,29477
2023-11-05,Bangladesh,Asia,35,2045958,0,29477
2023-11-12,Bangladesh,Asia,34,2045992,0,29477
2023-11-19,Bangladesh,Asia,34,2046026,0,29477
2023-11-26,Bangladesh,Asia,34,2046060,0,29477
2023-12-03,Bangladesh,Asia,30,2046090,0,29477
2023-12-10,Bangladesh,Asia,43,2046133,0,29477
2023-12-17,Bangladesh,Asia,32,2046165,0,29477
2023-12-24,Bangladesh,Asia,42,2046207,0,29477
2023-12-31,Bangladesh,Asia,85,2046292,0,29477
2024-01-07,Bangladesh,Asia,117,2046409,0,29477
2024-01-14,Bangladesh,Asia,190,2046599,2,29479
2024-01-21,Bangladesh,Asia,159,2046758,1,29480
2024-01-28,Bangladesh,Asia,240,2046998,1,29481
2024-02-04,Bangladesh,Asia,299,2047297,1,29482
2024-02-11,Bangladesh,Asia,255,2047552,1,29483
2024-02-18,Bangladesh,Asia,335,2047887,3,29486
2024-02-25,Bangladesh,Asia,345,2048232,3,29489
2024-03-03,Bangladesh,Asia,356,2048588,2,29491
2024-03-10,Bangladesh,Asia,326,2048914,1,29492
2024-03-17,Bangladesh,Asia,241,2049155,0,29492
2024-03-24,Bangladesh,Asia,222,2049377,1,29493
2024-03-31,Bangladesh,Asia,142,2049519,0,29493
2024-04-07,Bangladesh,Asia,126,2049645,0,29493
2024-04-14,Bangladesh,Asia,83,2049728,0,29493
2024-04-21,Bangladesh,Asia,122,2049850,1,29494
2024-04-28,Bangladesh,Asia,120,2049970,0,29494
2024-05-05,Bangladesh,Asia,90,2050060,0,29494
2024-05-12,Bangladesh,Asia,96,2050156,0,29494
2024-05-19,Bangladesh,Asia,87,2050243,1,29495
2024-05-26,Bangladesh,Asia,124,2050367,0,29495
2024-06-02,Bangladesh,Asia,144,2050511,0,29495
2024-06-09,Bangladesh,Asia,192,2050703,0,29495
2024-06-16,Bangladesh,Asia,131,2050834,1,29496
2024-06-23,Bangladesh,Asia,66,2050900,1,29497
2024-06-30,Bangladesh,Asia,109,2051009,1,29498
2024-07-07,Bangladesh,Asia,121,2051130,0,29498
2024-07-14,Bangladesh,Asia,102,2051232,0,29498
2024-07-21,Bangladesh,Asia,40,2051272,0,29498
2024-07-28,Bangladesh,Asia,36,2051308,1,29499
2024-08-04,Bangladesh,Asia,40,2051348,0,29499
2024-08-11,Bangladesh,Asia,15,2051363,0,29499
2024-08-18,Bangladesh,Asia,9,2051372,0,29499
2024-08-25,Bangladesh,Asia,8,2051380,0,29499
2024-09-01,Bangladesh,Asia,9,2051389,0,29499
2020-01-05,Barbados,North America,0,0,0,0
2020-01-12,Barbados,North America,0,0,0,0
2020-01-19,Barbados,North America,0,0,0,0
2020-01-26,Barbados,North America,0,0,0,0
2020-02-02,Barbados,North America,0,0,0,0
2020-02-09,Barbados,North America,0,0,0,0
2020-02-16,Barbados,North America,0,0,0,0
2020-02-23,Barbados,North America,0,0,0,0
2020-03-01,Barbados,North America,0,0,0,0
2020-03-08,Barbados,North America,0,0,0,0
2020-03-15,Barbados,North America,0,0,0,0
2020-03-22,Barbados,North America,5,5,0,0
2020-03-29,Barbados,North America,19,24,0,0
2020-04-05,Barbados,North America,27,51,0,0
2020-04-12,Barbados,North America,16,67,4,4
2020-04-19,Barbados,North America,8,75,1,5
2020-04-26,Barbados,North America,2,77,1,6
2020-05-03,Barbados,North America,4,81,1,7
2020-05-10,Barbados,North America,1,82,0,7
2020-05-17,Barbados,North America,3,85,0,7
2020-05-24,Barbados,North America,5,90,0,7
2020-05-31,Barbados,North America,2,92,0,7
2020-06-07,Barbados,North America,0,92,0,7
2020-06-14,Barbados,North America,4,96,0,7
2020-06-21,Barbados,North America,1,97,0,7
2020-06-28,Barbados,North America,0,97,0,7
2020-07-05,Barbados,North America,0,97,0,7
2020-07-12,Barbados,North America,1,98,0,7
2020-07-19,Barbados,North America,6,104,0,7
2020-07-26,Barbados,North America,4,108,0,7
2020-08-02,Barbados,North America,2,110,0,7
2020-08-09,Barbados,North America,28,138,0,7
2020-08-16,Barbados,North America,10,148,0,7
2020-08-23,Barbados,North America,9,157,0,7
2020-08-30,Barbados,North America,9,166,0,7
2020-09-06,Barbados,North America,12,178,0,7
2020-09-13,Barbados,North America,2,180,0,7
2020-09-20,Barbados,North America,5,185,0,7
2020-09-27,Barbados,North America,5,190,0,7
2020-10-04,Barbados,North America,6,196,0,7
2020-10-11,Barbados,North America,9,205,0,7
2020-10-18,Barbados,North America,14,219,0,7
2020-10-25,Barbados,North America,8,227,0,7
2020-11-01,Barbados,North America,9,236,0,7
2020-11-08,Barbados,North America,6,242,0,7
2020-11-15,Barbados,North America,7,249,0,7
2020-11-22,Barbados,North America,4,253,0,7
2020-11-29,Barbados,North America,17,270,0,7
2020-12-06,Barbados,North America,15,285,0,7
2020-12-13,Barbados,North America,7,292,0,7
2020-12-20,Barbados,North America,15,307,0,7
2020-12-27,Barbados,North America,40,347,0,7
2021-01-03,Barbados,North America,48,395,0,7
2021-01-10,Barbados,North America,413,808,0,7
2021-01-17,Barbados,North America,228,1036,0,7
2021-01-24,Barbados,North America,305,1341,2,9
2021-01-31,Barbados,North America,157,1498,3,12
2021-02-07,Barbados,North America,178,1676,6,18
2021-02-14,Barbados,North America,271,1947,5,23
2021-02-21,Barbados,North America,730,2677,7,30
2021-02-28,Barbados,North America,317,2994,3,33
2021-03-07,Barbados,North America,223,3217,4,37
2021-03-14,Barbados,North America,174,3391,0,37
2021-03-21,Barbados,North America,121,3512,2,39
2021-03-28,Barbados,North America,91,3603,2,41
2021-04-04,Barbados,North America,62,3665,1,42
2021-04-11,Barbados,North America,43,3708,2,44
2021-04-18,Barbados,North America,65,3773,0,44
2021-04-25,Barbados,North America,47,3820,0,44
2021-05-02,Barbados,North America,43,3863,0,44
2021-05-09,Barbados,North America,68,3931,1,45
2021-05-16,Barbados,North America,30,3961,1,46
2021-05-23,Barbados,North America,24,3985,1,47
2021-05-30,Barbados,North America,24,4009,0,47
2021-06-06,Barbados,North America,20,4029,0,47
2021-06-13,Barbados,North America,4,4033,0,47
2021-06-20,Barbados,North America,7,4040,0,47
2021-06-27,Barbados,North America,26,4066,0,47
2021-07-04,Barbados,North America,16,4082,0,47
2021-07-11,Barbados,North America,54,4136,0,47
2021-07-18,Barbados,North America,105,4241,1,48
2021-07-25,Barbados,North America,89,4330,0,48
2021-08-01,Barbados,North America,49,4379,0,48
2021-08-08,Barbados,North America,76,4455,0,48
2021-08-15,Barbados,North America,60,4515,0,48
2021-08-22,Barbados,North America,113,4628,0,48
2021-08-29,Barbados,North America,161,4789,0,48
2021-09-05,Barbados,North America,394,5183,3,51
2021-09-12,Barbados,North America,576,5759,0,51
2021-09-19,Barbados,North America,599,6358,6,57
2021-09-26,Barbados,North America,1043,7401,6,63
2021-10-03,Barbados,North America,1208,8609,15,78
2021-10-10,Barbados,North America,1774,10383,10,88
2021-10-17,Barbados,North America,1722,12105,20,108
2021-10-24,Barbados,North America,2648,14753,16,124
2021-10-31,Barbados,North America,2712,17465,28,152
2021-11-07,Barbados,North America,2051,19516,18,170
2021-11-14,Barbados,North America,2361,21877,21,191
2021-11-21,Barbados,North America,1549,23426,15,206
2021-11-28,Barbados,North America,1497,24923,17,223
2021-12-05,Barbados,North America,1041,25964,11,234
2021-12-12,Barbados,North America,776,26740,17,251
2021-12-19,Barbados,North America,429,27169,5,256
2021-12-26,Barbados,North America,460,27629,4,260
2022-01-02,Barbados,North America,1181,28810,2,262
2022-01-09,Barbados,North America,2194,31004,3,265
2022-01-16,Barbados,North America,3687,34691,4,269
2022-01-23,Barbados,North America,3895,38586,5,274
2022-01-30,Barbados,North America,4265,42851,3,277
2022-02-06,Barbados,North America,4273,47124,9,286
2022-02-13,Barbados,North America,3756,50880,5,291
2022-02-20,Barbados,North America,2628,53508,17,308
2022-02-27,Barbados,North America,1394,54902,5,313
2022-03-06,Barbados,North America,961,55863,3,316
2022-03-13,Barbados,North America,942,56805,7,323
2022-03-20,Barbados,North America,743,57548,3,326
2022-03-27,Barbados,North America,722,58270,4,330
2022-04-03,Barbados,North America,1225,59495,45,375
2022-04-10,Barbados,North America,1772,61267,4,379
2022-04-17,Barbados,North America,2910,64177,2,381
2022-04-24,Barbados,North America,2633,66810,7,388
2022-05-01,Barbados,North America,2752,69562,4,392
2022-05-08,Barbados,North America,3181,72743,11,403
2022-05-15,Barbados,North America,3102,75845,29,432
2022-05-22,Barbados,North America,2603,78448,4,436
2022-05-29,Barbados,North America,1590,80038,8,444
2022-06-05,Barbados,North America,1136,81174,18,462
2022-06-12,Barbados,North America,897,82071,5,467
2022-06-19,Barbados,North America,659,82730,4,471
2022-06-26,Barbados,North America,794,83524,2,473
2022-07-03,Barbados,North America,1038,84562,4,477
2022-07-10,Barbados,North America,1117,85679,1,478
2022-07-17,Barbados,North America,1784,87463,1,479
2022-07-24,Barbados,North America,1876,89339,3,482
2022-07-31,Barbados,North America,2254,91593,10,492
2022-08-07,Barbados,North America,2500,94093,6,498
2022-08-14,Barbados,North America,3011,97104,17,515
2022-08-21,Barbados,North America,2100,99204,14,529
2022-08-28,Barbados,North America,1322,100526,8,537
2022-09-04,Barbados,North America,689,101215,7,544
2022-09-11,Barbados,North America,594,101809,12,556
2022-09-18,Barbados,North America,351,102160,3,559
2022-09-25,Barbados,North America,223,102383,0,559
2022-10-02,Barbados,North America,226,102609,1,560
2022-10-09,Barbados,North America,0,102609,0,560
2022-10-16,Barbados,North America,405,103014,0,560
2022-10-23,Barbados,North America,0,103014,0,560
2022-10-30,Barbados,North America,410,103424,0,560
2022-11-06,Barbados,North America,0,103424,0,560
2022-11-13,Barbados,North America,121,103545,4,564
2022-11-20,Barbados,North America,0,103545,0,564
2022-11-27,Barbados,North America,871,104416,3,567
2022-12-04,Barbados,North America,0,104416,0,567
2022-12-11,Barbados,North America,528,104944,1,568
2022-12-18,Barbados,North America,0,104944,0,568
2022-12-25,Barbados,North America,571,105515,0,568
2023-01-01,Barbados,North America,0,105515,0,568
2023-01-08,Barbados,North America,390,105905,1,569
2023-01-15,Barbados,North America,0,105905,0,569
2023-01-22,Barbados,North America,252,106157,2,571
2023-01-29,Barbados,North America,0,106157,0,571
2023-02-05,Barbados,North America,277,106434,2,573
2023-02-12,Barbados,North America,0,106434,0,573
2023-02-19,Barbados,North America,211,106645,2,575
2023-02-26,Barbados,North America,0,106645,0,575
2023-03-05,Barbados,North America,153,106798,4,579
2023-03-12,Barbados,North America,0,106798,0,579
2023-03-19,Barbados,North America,0,106798,0,579
2023-03-26,Barbados,North America,0,106798,0,579
2023-04-02,Barbados,North America,534,107332,3,582
2023-04-09,Barbados,North America,0,107332,0,582
2023-04-16,Barbados,North America,0,107332,0,582
2023-04-23,Barbados,North America,134,107466,6,588
2023-04-30,Barbados,North America,0,107466,0,588
2023-05-07,Barbados,North America,100,107566,1,589
2023-05-14,Barbados,North America,228,107794,4,593
2023-05-21,Barbados,North America,0,107794,0,593
2023-05-28,Barbados,North America,0,107794,0,593
2023-06-04,Barbados,North America,0,107794,0,593
2023-06-11,Barbados,North America,0,107794,0,593
2023-06-18,Barbados,North America,0,107794,0,593
2023-06-25,Barbados,North America,0,107794,0,593
2023-07-02,Barbados,North America,0,107794,0,593
2023-07-09,Barbados,North America,0,107794,0,593
2023-07-16,Barbados,North America,0,107794,0,593
2023-07-23,Barbados,North America,0,107794,0,593
2023-07-30,Barbados,North America,0,107794,0,593
2023-08-06,Barbados,North America,0,107794,0,593
2023-08-13,Barbados,North America,0,107794,0,593
2023-08-20,Barbados,North America,0,107794,0,593
2023-08-27,Barbados,North America,0,107794,0,593
2023-09-03,Barbados,North America,0,107794,0,593
2023-09-10,Barbados,North America,0,107794,0,593
2023-09-17,Barbados,North America,0,107794,0,593
2023-09-24,Barbados,North America,0,107794,0,593
2023-10-01,Barbados,North America,0,107794,0,593
2023-10-08,Barbados,North America,0,107794,0,593
2023-10-15,Barbados,North America,0,107794,0,593
2023-10-22,Barbados,North America,0,107794,0,593
2023-10-29,Barbados,North America,0,107794,0,593
2023-11-05,Barbados,North America,0,107794,0,593
2023-11-12,Barbados,North America,0,107794,0,593
2023-11-19,Barbados,North America,0,107794,0,593
2023-11-26,Barbados,North America,0,107794,0,593
2023-12-03,Barbados,North America,0,107794,0,593
2023-12-10,Barbados,North America,0,107794,0,593
2023-12-17,Barbados,North America,0,107794,0,593
2023-12-24,Barbados,North America,0,107794,0,593
2023-12-31,Barbados,North America,0,107794,0,593
2024-01-07,Barbados,North America,32,107826,0,593
2024-01-14,Barbados,North America,60,107886,0,593
2024-01-21,Barbados,North America,66,107952,0,593
2024-01-28,Barbados,North America,43,107995,0,593
2024-02-04,Barbados,North America,10,108005,0,593
2024-02-11,Barbados,North America,20,108025,0,593
2024-02-18,Barbados,North America,22,108047,0,593
2024-02-25,Barbados,North America,11,108058,0,593
2024-03-03,Barbados,North America,6,108064,0,593
2024-03-10,Barbados,North America,4,108068,0,593
2024-03-17,Barbados,North America,7,108075,0,593
2024-03-24,Barbados,North America,13,108088,0,593
2024-03-31,Barbados,North America,2,108090,0,593
2024-04-07,Barbados,North America,7,108097,0,593
2024-04-14,Barbados,North America,4,108101,0,593
2024-04-21,Barbados,North America,1,108102,0,593
2024-04-28,Barbados,North America,3,108105,0,593
2024-05-05,Barbados,North America,20,108125,0,593
2024-05-12,Barbados,North America,38,108163,0,593
2024-05-19,Barbados,North America,27,108190,0,593
2024-05-26,Barbados,North America,27,108217,0,593
2024-06-02,Barbados,North America,38,108255,0,593
2024-06-09,Barbados,North America,41,108296,0,593
2024-06-16,Barbados,North America,17,108313,0,593
2024-06-23,Barbados,North America,11,108324,0,593
2024-06-30,Barbados,North America,14,108338,0,593
2024-07-07,Barbados,North America,43,108381,0,593
2024-07-14,Barbados,North America,52,108433,0,593
2024-07-21,Barbados,North America,40,108473,0,593
2024-07-28,Barbados,North America,52,108525,0,593
2024-08-04,Barbados,North America,57,108582,0,593
2024-08-11,Barbados,North America,60,108642,0,593
2024-08-18,Barbados,North America,74,108716,0,593
2024-08-25,Barbados,North America,34,108750,0,593
2024-09-01,Barbados,North America,32,108782,0,593
2020-01-05,Belarus,Europe,0,0,0,0
2020-01-12,Belarus,Europe,0,0,0,0
2020-01-19,Belarus,Europe,0,0,0,0
2020-01-26,Belarus,Europe,0,0,0,0
2020-02-02,Belarus,Europe,0,0,0,0
2020-02-09,Belarus,Europe,0,0,0,0
2020-02-16,Belarus,Europe,0,0,0,0
2020-02-23,Belarus,Europe,0,0,0,0
2020-03-01,Belarus,Europe,1,1,0,0
2020-03-08,Belarus,Europe,5,6,0,0
2020-03-15,Belarus,Europe,15,21,0,0
2020-03-22,Belarus,Europe,55,76,0,0
2020-03-29,Belarus,Europe,18,94,0,0
2020-04-05,Belarus,Europe,346,440,4,4
2020-04-12,Belarus,Europe,1786,2226,19,23
2020-04-19,Belarus,Europe,3063,5289,22,45
2020-04-26,Belarus,Europe,4301,9590,22,67
2020-05-03,Belarus,Europe,6238,15828,30,97
2020-05-10,Belarus,Europe,7145,22973,34,131
2020-05-17,Belarus,Europe,5708,28681,29,160
2020-05-24,Belarus,Europe,6563,35244,34,194
2020-05-31,Belarus,Europe,6414,41658,35,229
2020-06-07,Belarus,Europe,5210,46868,30,259
2020-06-14,Belarus,Europe,6373,53241,44,303
2020-06-21,Belarus,Europe,4695,57936,40,343
2020-06-28,Belarus,Europe,3159,61095,34,377
2020-07-05,Belarus,Europe,2175,63270,41,418
2020-07-12,Belarus,Europe,1494,64764,41,459
2020-07-19,Belarus,Europe,1189,65953,36,495
2020-07-26,Belarus,Europe,1049,67002,35,530
2020-08-02,Belarus,Europe,944,67946,33,563
2020-08-09,Belarus,Europe,792,68738,22,585
2020-08-16,Belarus,Europe,686,69424,22,607
2020-08-23,Belarus,Europe,861,70285,30,637
2020-08-30,Belarus,Europe,1238,71523,34,671
2020-09-06,Belarus,Europe,1140,72663,34,705
2020-09-13,Belarus,Europe,1312,73975,39,744
2020-09-20,Belarus,Europe,1486,75461,32,776
2020-09-27,Belarus,Europe,1828,77289,37,813
2020-10-04,Belarus,Europe,2563,79852,38,851
2020-10-11,Belarus,Europe,3171,83023,40,891
2020-10-18,Belarus,Europe,4040,87063,34,925
2020-10-25,Belarus,Europe,4104,91167,20,945
2020-11-01,Belarus,Europe,8292,99459,40,985
2020-11-08,Belarus,Europe,5824,105283,19,1004
2020-11-15,Belarus,Europe,7587,112870,35,1039
2020-11-22,Belarus,Europe,9565,122435,50,1089
2020-11-29,Belarus,Europe,10889,133324,54,1143
2020-12-06,Belarus,Europe,11955,145279,55,1198
2020-12-13,Belarus,Europe,13055,158334,56,1254
2020-12-20,Belarus,Europe,13245,171579,62,1316
2020-12-27,Belarus,Europe,13343,184922,60,1376
2021-01-03,Belarus,Europe,13203,198125,66,1442
2021-01-10,Belarus,Europe,12243,210368,65,1507
2021-01-17,Belarus,Europe,13169,223537,66,1573
2021-01-24,Belarus,Europe,12322,235859,66,1639
2021-01-31,Belarus,Europe,10711,246570,69,1708
2021-02-07,Belarus,Europe,10389,256959,65,1773
2021-02-14,Belarus,Europe,10070,267029,67,1840
2021-02-21,Belarus,Europe,9961,276990,63,1903
2021-02-28,Belarus,Europe,8969,285959,63,1966
2021-03-07,Belarus,Europe,8473,294432,63,2029
2021-03-14,Belarus,Europe,6896,301328,58,2087
2021-03-21,Belarus,Europe,7965,309293,61,2148
2021-03-28,Belarus,Europe,8338,317631,63,2211
2021-04-04,Belarus,Europe,8434,326065,65,2276
2021-04-11,Belarus,Europe,8798,334863,68,2344
2021-04-18,Belarus,Europe,8060,342923,69,2413
2021-04-25,Belarus,Europe,8751,351674,70,2483
2021-05-02,Belarus,Europe,8308,359982,69,2552
2021-05-09,Belarus,Europe,7692,367674,70,2622
2021-05-16,Belarus,Europe,7040,374714,69,2691
2021-05-23,Belarus,Europe,10059,384773,70,2761
2021-05-30,Belarus,Europe,6864,391637,60,2821
2021-06-06,Belarus,Europe,7272,398909,79,2900
2021-06-13,Belarus,Europe,5831,404740,69,2969
2021-06-20,Belarus,Europe,5356,410096,66,3035
2021-06-27,Belarus,Europe,4634,414730,68,3103
2021-07-04,Belarus,Europe,5676,420406,72,3175
2021-07-11,Belarus,Europe,6480,426886,72,3247
2021-07-18,Belarus,Europe,6523,433409,69,3316
2021-07-25,Belarus,Europe,6419,439828,69,3385
2021-08-01,Belarus,Europe,6212,446040,69,3454
2021-08-08,Belarus,Europe,6913,452953,69,3523
2021-08-15,Belarus,Europe,7045,459998,70,3593
2021-08-22,Belarus,Europe,8417,468415,77,3670
2021-08-29,Belarus,Europe,9486,477901,75,3745
2021-09-05,Belarus,Europe,11062,488963,81,3826
2021-09-12,Belarus,Europe,12203,501166,79,3905
2021-09-19,Belarus,Europe,13280,514446,86,3991
2021-09-26,Belarus,Europe,13783,528229,90,4081
2021-10-03,Belarus,Europe,13749,541978,92,4173
2021-10-10,Belarus,Europe,13815,555793,102,4275
2021-10-17,Belarus,Europe,14213,570006,111,4386
2021-10-24,Belarus,Europe,14184,584190,113,4499
2021-10-31,Belarus,Europe,13942,598132,115,4614
2021-11-07,Belarus,Europe,13883,612015,116,4730
2021-11-14,Belarus,Europe,13577,625592,104,4834
2021-11-21,Belarus,Europe,12810,638402,98,4932
2021-11-28,Belarus,Europe,11766,650168,109,5041
2021-12-05,Belarus,Europe,11888,662056,106,5147
2021-12-12,Belarus,Europe,11213,673269,114,5261
2021-12-19,Belarus,Europe,9903,683172,110,5371
2021-12-26,Belarus,Europe,9429,692601,113,5484
2022-01-02,Belarus,Europe,7820,700421,110,5594
2022-01-09,Belarus,Europe,7293,707714,105,5699
2022-01-16,Belarus,Europe,6581,714295,109,5808
2022-01-23,Belarus,Europe,10608,724903,108,5916
2022-01-30,Belarus,Europe,13698,738601,108,6024
2022-02-06,Belarus,Europe,30475,769076,108,6132
2022-02-13,Belarus,Europe,53969,823045,105,6237
2022-02-20,Belarus,Europe,52889,875934,111,6348
2022-02-27,Belarus,Europe,37399,913333,106,6454
2022-03-06,Belarus,Europe,16007,929340,96,6550
2022-03-13,Belarus,Europe,10174,939514,97,6647
2022-03-20,Belarus,Europe,10480,949994,69,6716
2022-03-27,Belarus,Europe,8498,958492,52,6768
2022-04-03,Belarus,Europe,6185,964677,68,6836
2022-04-10,Belarus,Europe,4939,969616,36,6872
2022-04-17,Belarus,Europe,4430,974046,27,6899
2022-04-24,Belarus,Europe,3388,977434,23,6922
2022-05-01,Belarus,Europe,2911,980345,25,6947
2022-05-08,Belarus,Europe,1986,982331,22,6969
2022-05-15,Belarus,Europe,536,982867,9,6978
2022-05-22,Belarus,Europe,0,982867,0,6978
2022-05-29,Belarus,Europe,0,982867,0,6978
2022-06-05,Belarus,Europe,0,982867,0,6978
2022-06-12,Belarus,Europe,0,982867,0,6978
2022-06-19,Belarus,Europe,0,982867,0,6978
2022-06-26,Belarus,Europe,0,982867,0,6978
2022-07-03,Belarus,Europe,11170,994037,140,7118
2022-07-10,Belarus,Europe,0,994037,0,7118
2022-07-17,Belarus,Europe,0,994037,0,7118
2022-07-24,Belarus,Europe,0,994037,0,7118
2022-07-31,Belarus,Europe,0,994037,0,7118
2022-08-07,Belarus,Europe,0,994037,0,7118
2022-08-14,Belarus,Europe,0,994037,0,7118
2022-08-21,Belarus,Europe,0,994037,0,7118
2022-08-28,Belarus,Europe,0,994037,0,7118
2022-09-04,Belarus,Europe,0,994037,0,7118
2022-09-11,Belarus,Europe,0,994037,0,7118
2022-09-18,Belarus,Europe,0,994037,0,7118
2022-09-25,Belarus,Europe,0,994037,0,7118
2022-10-02,Belarus,Europe,0,994037,0,7118
2022-10-09,Belarus,Europe,0,994037,0,7118
2022-10-16,Belarus,Europe,0,994037,0,7118
2022-10-23,Belarus,Europe,0,994037,0,7118
2022-10-30,Belarus,Europe,0,994037,0,7118
2022-11-06,Belarus,Europe,0,994037,0,7118
2022-11-13,Belarus,Europe,0,994037,0,7118
2022-11-20,Belarus,Europe,0,994037,0,7118
2022-11-27,Belarus,Europe,0,994037,0,7118
2022-12-04,Belarus,Europe,0,994037,0,7118
2022-12-11,Belarus,Europe,0,994037,0,7118
2022-12-18,Belarus,Europe,0,994037,0,7118
2022-12-25,Belarus,Europe,0,994037,0,7118
2023-01-01,Belarus,Europe,0,994037,0,7118
2023-01-08,Belarus,Europe,0,994037,0,7118
2023-01-15,Belarus,Europe,0,994037,0,7118
2023-01-22,Belarus,Europe,0,994037,0,7118
2023-01-29,Belarus,Europe,0,994037,0,7118
2023-02-05,Belarus,Europe,0,994037,0,7118
2023-02-12,Belarus,Europe,0,994037,0,7118
2023-02-19,Belarus,Europe,0,994037,0,7118
2023-02-26,Belarus,Europe,0,994037,0,7118
2023-03-05,Belarus,Europe,0,994037,0,7118
2023-03-12,Belarus,Europe,0,994037,0,7118
2023-03-19,Belarus,Europe,0,994037,0,7118
2023-03-26,Belarus,Europe,0,994037,0,7118
2023-04-02,Belarus,Europe,0,994037,0,7118
2023-04-09,Belarus,Europe,0,994037,0,7118
2023-04-16,Belarus,Europe,0,994037,0,7118
2023-04-23,Belarus,Europe,0,994037,0,7118
2023-04-30,Belarus,Europe,0,994037,0,7118
2023-05-07,Belarus,Europe,0,994037,0,7118
2023-05-14,Belarus,Europe,0,994037,0,7118
2023-05-21,Belarus,Europe,0,994037,0,7118
2023-05-28,Belarus,Europe,0,994037,0,7118
2023-06-04,Belarus,Europe,0,994037,0,7118
2023-06-11,Belarus,Europe,0,994037,0,7118
2023-06-18,Belarus,Europe,0,994037,0,7118
2023-06-25,Belarus,Europe,0,994037,0,7118
2023-07-02,Belarus,Europe,0,994037,0,7118
2023-07-09,Belarus,Europe,0,994037,0,7118
2023-07-16,Belarus,Europe,0,994037,0,7118
2023-07-23,Belarus,Europe,0,994037,0,7118
2023-07-30,Belarus,Europe,0,994037,0,7118
2023-08-06,Belarus,Europe,0,994037,0,7118
2023-08-13,Belarus,Europe,0,994037,0,7118
2023-08-20,Belarus,Europe,0,994037,0,7118
2023-08-27,Belarus,Europe,0,994037,0,7118
2023-09-03,Belarus,Europe,0,994037,0,7118
2023-09-10,Belarus,Europe,0,994037,0,7118
2023-09-17,Belarus,Europe,0,994037,0,7118
2023-09-24,Belarus,Europe,0,994037,0,7118
2023-10-01,Belarus,Europe,0,994037,0,7118
2023-10-08,Belarus,Europe,0,994037,0,7118
2023-10-15,Belarus,Europe,0,994037,0,7118
2023-10-22,Belarus,Europe,0,994037,0,7118
2023-10-29,Belarus,Europe,0,994037,0,7118
2023-11-05,Belarus,Europe,0,994037,0,7118
2023-11-12,Belarus,Europe,0,994037,0,7118
2023-11-19,Belarus,Europe,0,994037,0,7118
2023-11-26,Belarus,Europe,0,994037,0,7118
2023-12-03,Belarus,Europe,0,994037,0,7118
2023-12-10,Belarus,Europe,0,994037,0,7118
2023-12-17,Belarus,Europe,0,994037,0,7118
2023-12-24,Belarus,Europe,0,994037,0,7118
2023-12-31,Belarus,Europe,0,994037,0,7118
2024-01-07,Belarus,Europe,0,994037,0,7118
2024-01-14,Belarus,Europe,0,994037,0,7118
2024-01-21,Belarus,Europe,0,994037,0,7118
2024-01-28,Belarus,Europe,0,994037,0,7118
2024-02-04,Belarus,Europe,0,994037,0,7118
2024-02-11,Belarus,Europe,0,994037,0,7118
2024-02-18,Belarus,Europe,0,994037,0,7118
2024-02-25,Belarus,Europe,0,994037,0,7118
2024-03-03,Belarus,Europe,0,994037,0,7118
2024-03-10,Belarus,Europe,0,994037,0,7118
2024-03-17,Belarus,Europe,0,994037,0,7118
2024-03-24,Belarus,Europe,0,994037,0,7118
2024-03-31,Belarus,Europe,0,994037,0,7118
2024-04-07,Belarus,Europe,0,994037,0,7118
2024-04-14,Belarus,Europe,0,994037,0,7118
2024-04-21,Belarus,Europe,0,994037,0,7118
2024-04-28,Belarus,Europe,0,994037,0,7118
2024-05-05,Belarus,Europe,0,994037,0,7118
2024-05-12,Belarus,Europe,0,994037,0,7118
2024-05-19,Belarus,Europe,0,994037,0,7118
2024-05-26,Belarus,Europe,0,994037,0,7118
2024-06-02,Belarus,Europe,0,994037,0,7118
2024-06-09,Belarus,Europe,0,994037,0,7118
2024-06-16,Belarus,Europe,0,994037,0,7118
2024-06-23,Belarus,Europe,0,994037,0,7118
2024-06-30,Belarus,Europe,0,994037,0,7118
2024-07-07,Belarus,Europe,0,994037,0,7118
2024-07-14,Belarus,Europe,0,994037,0,7118
2024-07-21,Belarus,Europe,0,994037,0,7118
2024-07-28,Belarus,Europe,0,994037,0,7118
2024-08-04,Belarus,Europe,0,994037,0,7118
2024-08-11,Belarus,Europe,0,994037,0,7118
2024-08-18,Belarus,Europe,0,994037,0,7118
2024-08-25,Belarus,Europe,0,994037,0,7118
2024-09-01,Belarus,Europe,0,994037,0,7118
2020-01-05,Belgium,Europe,0,0,0,0
2020-01-12,Belgium,Europe,0,0,0,0
2020-01-19,Belgium,Europe,0,0,0,0
2020-01-26,Belgium,Europe,0,0,0,0
2020-02-02,Belgium,Europe,0,0,0,0
2020-02-09,Belgium,Europe,1,1,0,0
2020-02-16,Belgium,Europe,0,1,0,0
2020-02-23,Belgium,Europe,0,1,0,0
2020-03-01,Belgium,Europe,0,1,0,0
2020-03-08,Belgium,Europe,315,316,0,0
2020-03-15,Belgium,Europe,1046,1362,9,9
2020-03-22,Belgium,Europe,3111,4473,140,149
2020-03-29,Belgium,Europe,7558,12031,602,751
2020-04-05,Belgium,Europe,9634,21665,1357,2108
2020-04-12,Belgium,Europe,11209,32874,1938,4046
2020-04-19,Belgium,Europe,8351,41225,1820,5866
2020-04-26,Belgium,Europe,6275,47500,1285,7151
2020-05-03,Belgium,Europe,3262,50762,830,7981
2020-05-10,Belgium,Europe,3119,53881,571,8552
2020-05-17,Belgium,Europe,2201,56082,414,8966
2020-05-24,Belgium,Europe,1540,57622,246,9212
2020-05-31,Belgium,Europe,1232,58854,181,9393
2020-06-07,Belgium,Europe,835,59689,141,9534
2020-06-14,Belgium,Europe,722,60411,79,9613
2020-06-21,Belgium,Europe,669,61080,44,9657
2020-06-28,Belgium,Europe,612,61692,40,9697
2020-07-05,Belgium,Europe,614,62306,33,9730
2020-07-12,Belgium,Europe,687,62993,13,9743
2020-07-19,Belgium,Europe,1296,64289,22,9765
2020-07-26,Belgium,Europe,2270,66559,17,9782
2020-08-02,Belgium,Europe,3715,70274,20,9802
2020-08-09,Belgium,Europe,4371,74645,34,9836
2020-08-16,Belgium,Europe,3882,78527,67,9903
2020-08-23,Belgium,Europe,3430,81957,53,9956
2020-08-30,Belgium,Europe,3127,85084,31,9987
2020-09-06,Belgium,Europe,3490,88574,22,10009
2020-09-13,Belgium,Europe,5717,94291,21,10030
2020-09-20,Belgium,Europe,9672,103963,20,10050
2020-09-27,Belgium,Europe,11145,115108,33,10083
2020-10-04,Belgium,Europe,17885,132993,76,10159
2020-10-11,Belgium,Europe,35324,168317,125,10284
2020-10-18,Belgium,Europe,67672,235989,237,10521
2020-10-25,Belgium,Europe,101847,337836,366,10887
2020-11-01,Belgium,Europe,106752,444588,915,11802
2020-11-08,Belgium,Europe,58229,502817,1354,13156
2020-11-15,Belgium,Europe,34794,537611,1381,14537
2020-11-22,Belgium,Europe,23781,561392,1224,15761
2020-11-29,Belgium,Europe,16348,577740,924,16685
2020-12-06,Belgium,Europe,14990,592730,773,17458
2020-12-13,Belgium,Europe,15997,608727,663,18121
2020-12-20,Belgium,Europe,17504,626231,655,18776
2020-12-27,Belgium,Europe,12529,638760,598,19374
2021-01-03,Belgium,Europe,10587,649347,478,19852
2021-01-10,Belgium,Europe,13335,662682,387,20239
2021-01-17,Belgium,Europe,13362,676044,364,20603
2021-01-24,Belgium,Europe,14307,690351,360,20963
2021-01-31,Belgium,Europe,16127,706478,345,21308
2021-02-07,Belgium,Europe,15414,721892,287,21595
2021-02-14,Belgium,Europe,12643,734535,279,21874
2021-02-21,Belgium,Europe,14680,749215,252,22126
2021-02-28,Belgium,Europe,16796,766011,165,22291
2021-03-07,Belgium,Europe,16333,782344,192,22483
2021-03-14,Belgium,Europe,20001,802345,174,22657
2021-03-21,Belgium,Europe,28468,830813,180,22837
2021-03-28,Belgium,Europe,33670,864483,187,23024
2021-04-04,Belgium,Europe,30410,894893,232,23256
2021-04-11,Belgium,Europe,24742,919635,301,23557
2021-04-18,Belgium,Europe,24408,944043,275,23832
2021-04-25,Belgium,Europe,25035,969078,272,24104
2021-05-02,Belgium,Europe,21346,990424,273,24377
2021-05-09,Belgium,Europe,20880,1011304,247,24624
2021-05-16,Belgium,Europe,15229,1026533,179,24803
2021-05-23,Belgium,Europe,16785,1043318,140,24943
2021-05-30,Belgium,Europe,12669,1055987,95,25038
2021-06-06,Belgium,Europe,9742,1065729,99,25137
2021-06-13,Belgium,Europe,5708,1071437,60,25197
2021-06-20,Belgium,Europe,3192,1074629,44,25241
2021-06-27,Belgium,Europe,2393,1077022,32,25273
2021-07-04,Belgium,Europe,3624,1080646,22,25295
2021-07-11,Belgium,Europe,6617,1087263,13,25308
2021-07-18,Belgium,Europe,9384,1096647,12,25320
2021-07-25,Belgium,Europe,10389,1107036,11,25331
2021-08-01,Belgium,Europe,10985,1118021,24,25355
2021-08-08,Belgium,Europe,12286,1130307,24,25379
2021-08-15,Belgium,Europe,13436,1143743,23,25402
2021-08-22,Belgium,Europe,13713,1157456,36,25438
2021-08-29,Belgium,Europe,14154,1171610,40,25478
2021-09-05,Belgium,Europe,13996,1185606,37,25515
2021-09-12,Belgium,Europe,13755,1199361,56,25571
2021-09-19,Belgium,Europe,14553,1213914,42,25613
2021-09-26,Belgium,Europe,13625,1227539,56,25669
2021-10-03,Belgium,Europe,13444,1240983,58,25727
2021-10-10,Belgium,Europe,14524,1255507,66,25793
2021-10-17,Belgium,Europe,21273,1276780,82,25875
2021-10-24,Belgium,Europe,37375,1314155,98,25973
2021-10-31,Belgium,Europe,53380,1367535,154,26127
2021-11-07,Belgium,Europe,55358,1422893,146,26273
2021-11-14,Belgium,Europe,70372,1493265,197,26470
2021-11-21,Belgium,Europe,109038,1602303,240,26710
2021-11-28,Belgium,Europe,125241,1727544,281,26991
2021-12-05,Belgium,Europe,120571,1848115,346,27337
2021-12-12,Belgium,Europe,93713,1941828,328,27665
2021-12-19,Belgium,Europe,60686,2002514,273,27938
2021-12-26,Belgium,Europe,45596,2048110,254,28192
2022-01-02,Belgium,Europe,76996,2125106,170,28362
2022-01-09,Belgium,Europe,142541,2267647,131,28493
2022-01-16,Belgium,Europe,189412,2457059,150,28643
2022-01-23,Belgium,Europe,334758,2791817,171,28814
2022-01-30,Belgium,Europe,336348,3128165,210,29024
2022-02-06,Belgium,Europe,202844,3331009,287,29311
2022-02-13,Belgium,Europe,110136,3441145,325,29636
2022-02-20,Belgium,Europe,67474,3508619,292,29928
2022-02-27,Belgium,Europe,46661,3555280,174,30102
2022-03-06,Belgium,Europe,42733,3598013,139,30241
2022-03-13,Belgium,Europe,56086,3654099,142,30383
2022-03-20,Belgium,Europe,71510,3725609,130,30513
2022-03-27,Belgium,Europe,79185,3804794,152,30665
2022-04-03,Belgium,Europe,73163,3877957,169,30834
2022-04-10,Belgium,Europe,64176,3942133,176,31010
2022-04-17,Belgium,Europe,53684,3995817,164,31174
2022-04-24,Belgium,Europe,42050,4037867,138,31312
2022-05-01,Belgium,Europe,33693,4071560,111,31423
2022-05-08,Belgium,Europe,31079,4102639,107,31530
2022-05-15,Belgium,Europe,26107,4128746,64,31594
2022-05-22,Belgium,Europe,16893,4145639,58,31652
2022-05-29,Belgium,Europe,9459,4155098,48,31700
2022-06-05,Belgium,Europe,11121,4166219,43,31743
2022-06-12,Belgium,Europe,13293,4179512,44,31787
2022-06-19,Belgium,Europe,19471,4198983,38,31825
2022-06-26,Belgium,Europe,27121,4226104,33,31858
2022-07-03,Belgium,Europe,39113,4265217,57,31915
2022-07-10,Belgium,Europe,54259,4319476,54,31969
2022-07-17,Belgium,Europe,50068,4369544,79,32048
2022-07-24,Belgium,Europe,30244,4399788,77,32125
2022-07-31,Belgium,Europe,28023,4427811,99,32224
2022-08-07,Belgium,Europe,20468,4448279,71,32295
2022-08-14,Belgium,Europe,15148,4463427,69,32364
2022-08-21,Belgium,Europe,12031,4475458,65,32429
2022-08-28,Belgium,Europe,10917,4486375,50,32479
2022-09-04,Belgium,Europe,10473,4496848,40,32519
2022-09-11,Belgium,Europe,11341,4508189,35,32554
2022-09-18,Belgium,Europe,13019,4521208,46,32600
2022-09-25,Belgium,Europe,15764,4536972,20,32620
2022-10-02,Belgium,Europe,20014,4556986,27,32647
2022-10-09,Belgium,Europe,22321,4579307,50,32697
2022-10-16,Belgium,Europe,19437,4598744,69,32766
2022-10-23,Belgium,Europe,13434,4612178,65,32831
2022-10-30,Belgium,Europe,8326,4620504,50,32881
2022-11-06,Belgium,Europe,4596,4625100,40,32921
2022-11-13,Belgium,Europe,4600,4629700,33,32954
2022-11-20,Belgium,Europe,5268,4634968,38,32992
2022-11-27,Belgium,Europe,6650,4641618,27,33019
2022-12-04,Belgium,Europe,8170,4649788,21,33040
2022-12-11,Belgium,Europe,9710,4659498,45,33085
2022-12-18,Belgium,Europe,10121,4669619,70,33155
2022-12-25,Belgium,Europe,9853,4679472,85,33240
2023-01-01,Belgium,Europe,6375,4685847,96,33336
2023-01-08,Belgium,Europe,4684,4690531,72,33408
2023-01-15,Belgium,Europe,3088,4693619,62,33470
2023-01-22,Belgium,Europe,2442,4696061,36,33506
2023-01-29,Belgium,Europe,3167,4699228,31,33537
2023-02-05,Belgium,Europe,4830,4704058,21,33558
2023-02-12,Belgium,Europe,6208,4710266,48,33606
2023-02-19,Belgium,Europe,8813,4719079,48,33654
2023-02-26,Belgium,Europe,9732,4728811,59,33713
2023-03-05,Belgium,Europe,10777,4739588,57,33770
2023-03-12,Belgium,Europe,12484,4752072,57,33827
2023-03-19,Belgium,Europe,11577,4763649,77,33904
2023-03-26,Belgium,Europe,9908,4773557,84,33988
2023-04-02,Belgium,Europe,7120,4780677,69,34057
2023-04-09,Belgium,Europe,5044,4785721,52,34109
2023-04-16,Belgium,Europe,3691,4789412,35,34144
2023-04-23,Belgium,Europe,3194,4792606,30,34174
2023-04-30,Belgium,Europe,2492,4795098,43,34217
2023-05-07,Belgium,Europe,1717,4796815,31,34248
2023-05-14,Belgium,Europe,1361,4798176,19,34267
2023-05-21,Belgium,Europe,956,4799132,23,34290
2023-05-28,Belgium,Europe,873,4800005,17,34307
2023-06-04,Belgium,Europe,547,4800552,10,34317
2023-06-11,Belgium,Europe,532,4801084,7,34324
2023-06-18,Belgium,Europe,332,4801416,8,34332
2023-06-25,Belgium,Europe,236,4801652,6,34338
2023-07-02,Belgium,Europe,180,4801832,1,34339
2023-07-09,Belgium,Europe,160,4801992,0,34339
2023-07-16,Belgium,Europe,225,4802217,0,34339
2023-07-23,Belgium,Europe,193,4802410,0,34339
2023-07-30,Belgium,Europe,330,4802740,0,34339
2023-08-06,Belgium,Europe,513,4803253,0,34339
2023-08-13,Belgium,Europe,820,4804073,0,34339
2023-08-20,Belgium,Europe,1232,4805305,0,34339
2023-08-27,Belgium,Europe,1622,4806927,0,34339
2023-09-03,Belgium,Europe,2006,4808933,0,34339
2023-09-10,Belgium,Europe,2729,4811662,0,34339
2023-09-17,Belgium,Europe,2546,4814208,0,34339
2023-09-24,Belgium,Europe,2348,4816556,0,34339
2023-10-01,Belgium,Europe,2373,4818929,0,34339
2023-10-08,Belgium,Europe,2220,4821149,0,34339
2023-10-15,Belgium,Europe,2045,4823194,0,34339
2023-10-22,Belgium,Europe,1780,4824974,0,34339
2023-10-29,Belgium,Europe,1756,4826730,0,34339
2023-11-05,Belgium,Europe,1350,4828080,0,34339
2023-11-12,Belgium,Europe,1389,4829469,0,34339
2023-11-19,Belgium,Europe,1463,4830932,0,34339
2023-11-26,Belgium,Europe,1671,4832603,0,34339
2023-12-03,Belgium,Europe,2219,4834822,0,34339
2023-12-10,Belgium,Europe,3270,4838092,0,34339
2023-12-17,Belgium,Europe,3991,4842083,0,34339
2023-12-24,Belgium,Europe,3739,4845822,0,34339
2023-12-31,Belgium,Europe,2923,4848745,0,34339
2024-01-07,Belgium,Europe,2285,4851030,0,34339
2024-01-14,Belgium,Europe,1702,4852732,0,34339
2024-01-21,Belgium,Europe,1747,4854479,0,34339
2024-01-28,Belgium,Europe,1667,4856146,0,34339
2024-02-04,Belgium,Europe,1306,4857452,0,34339
2024-02-11,Belgium,Europe,1052,4858504,0,34339
2024-02-18,Belgium,Europe,722,4859226,0,34339
2024-02-25,Belgium,Europe,539,4859765,0,34339
2024-03-03,Belgium,Europe,369,4860134,0,34339
2024-03-10,Belgium,Europe,292,4860426,0,34339
2024-03-17,Belgium,Europe,278,4860704,0,34339
2024-03-24,Belgium,Europe,209,4860913,0,34339
2024-03-31,Belgium,Europe,192,4861105,0,34339
2024-04-07,Belgium,Europe,158,4861263,0,34339
2024-04-14,Belgium,Europe,106,4861369,0,34339
2024-04-21,Belgium,Europe,131,4861500,0,34339
2024-04-28,Belgium,Europe,159,4861659,0,34339
2024-05-05,Belgium,Europe,162,4861821,0,34339
2024-05-12,Belgium,Europe,147,4861968,0,34339
2024-05-19,Belgium,Europe,214,4862182,0,34339
2024-05-26,Belgium,Europe,214,4862396,0,34339
2024-06-02,Belgium,Europe,254,4862650,0,34339
2024-06-09,Belgium,Europe,418,4863068,0,34339
2024-06-16,Belgium,Europe,656,4863724,0,34339
2024-06-23,Belgium,Europe,986,4864710,0,34339
2024-06-30,Belgium,Europe,1115,4865825,0,34339
2024-07-07,Belgium,Europe,1093,4866918,0,34339
2024-07-14,Belgium,Europe,1548,4868466,0,34339
2024-07-21,Belgium,Europe,1693,4870159,0,34339
2024-07-28,Belgium,Europe,1393,4871552,0,34339
2024-08-04,Belgium,Europe,1280,4872832,0,34339
2024-08-11,Belgium,Europe,1114,4873946,0,34339
2024-08-18,Belgium,Europe,927,4874873,0,34339
2024-08-25,Belgium,Europe,936,4875809,0,34339
2024-09-01,Belgium,Europe,1144,4876953,0,34339
2020-01-05,Belize,North America,0,0,0,0
2020-01-12,Belize,North America,0,0,0,0
2020-01-19,Belize,North America,0,0,0,0
2020-01-26,Belize,North America,0,0,0,0
2020-02-02,Belize,North America,0,0,0,0
2020-02-09,Belize,North America,0,0,0,0
2020-02-16,Belize,North America,0,0,0,0
2020-02-23,Belize,North America,0,0,0,0
2020-03-01,Belize,North America,0,0,0,0
2020-03-08,Belize,North America,0,0,0,0
2020-03-15,Belize,North America,0,0,0,0
2020-03-22,Belize,North America,0,0,0,0
2020-03-29,Belize,North America,2,2,0,0
2020-04-05,Belize,North America,2,4,0,0
2020-04-12,Belize,North America,6,10,2,2
2020-04-19,Belize,North America,8,18,0,2
2020-04-26,Belize,North America,0,18,0,2
2020-05-03,Belize,North America,0,18,0,2
2020-05-10,Belize,North America,0,18,0,2
2020-05-17,Belize,North America,0,18,0,2
2020-05-24,Belize,North America,0,18,0,2
2020-05-31,Belize,North America,0,18,0,2
2020-06-07,Belize,North America,1,19,0,2
2020-06-14,Belize,North America,1,20,0,2
2020-06-21,Belize,North America,2,22,0,2
2020-06-28,Belize,North America,2,24,0,2
2020-07-05,Belize,North America,6,30,0,2
2020-07-12,Belize,North America,7,37,0,2
2020-07-19,Belize,North America,3,40,0,2
2020-07-26,Belize,North America,8,48,0,2
2020-08-02,Belize,North America,0,48,0,2
2020-08-09,Belize,North America,98,146,0,2
2020-08-16,Belize,North America,242,388,1,3
2020-08-23,Belize,North America,260,648,2,5
2020-08-30,Belize,North America,222,870,7,12
2020-09-06,Belize,North America,282,1152,3,15
2020-09-13,Belize,North America,283,1435,4,19
2020-09-20,Belize,North America,155,1590,1,20
2020-09-27,Belize,North America,218,1808,3,23
2020-10-04,Belize,North America,272,2080,5,28
2020-10-11,Belize,North America,347,2427,7,35
2020-10-18,Belize,North America,301,2728,8,43
2020-10-25,Belize,North America,322,3050,4,47
2020-11-01,Belize,North America,412,3462,11,58
2020-11-08,Belize,North America,554,4016,9,67
2020-11-15,Belize,North America,699,4715,18,85
2020-11-22,Belize,North America,341,5056,22,107
2020-11-29,Belize,North America,531,5587,34,141
2020-12-06,Belize,North America,1796,7383,29,170
2020-12-13,Belize,North America,1582,8965,15,185
2020-12-20,Belize,North America,964,9929,30,215
2020-12-27,Belize,North America,561,10490,13,228
2021-01-03,Belize,North America,317,10807,21,249
2021-01-10,Belize,North America,395,11202,22,271
2021-01-17,Belize,North America,327,11529,10,281
2021-01-24,Belize,North America,171,11700,9,290
2021-01-31,Belize,North America,177,11877,11,301
2021-02-07,Belize,North America,136,12013,5,306
2021-02-14,Belize,North America,121,12134,7,313
2021-02-21,Belize,North America,93,12227,1,314
2021-02-28,Belize,North America,66,12293,0,314
2021-03-07,Belize,North America,42,12335,1,315
2021-03-14,Belize,North America,35,12370,1,316
2021-03-21,Belize,North America,30,12400,0,316
2021-03-28,Belize,North America,15,12415,1,317
2021-04-04,Belize,North America,41,12456,0,317
2021-04-11,Belize,North America,31,12487,1,318
2021-04-18,Belize,North America,51,12538,0,318
2021-04-25,Belize,North America,61,12599,3,321
2021-05-02,Belize,North America,69,12668,2,323
2021-05-09,Belize,North America,18,12686,0,323
2021-05-16,Belize,North America,28,12714,0,323
2021-05-23,Belize,North America,50,12764,0,323
2021-05-30,Belize,North America,27,12791,1,324
2021-06-06,Belize,North America,70,12861,1,325
2021-06-13,Belize,North America,77,12938,0,325
2021-06-20,Belize,North America,66,13004,3,328
2021-06-27,Belize,North America,133,13137,1,329
2021-07-04,Belize,North America,206,13343,1,330
2021-07-11,Belize,North America,175,13518,0,330
2021-07-18,Belize,North America,165,13683,2,332
2021-07-25,Belize,North America,234,13917,0,332
2021-08-01,Belize,North America,246,14163,5,337
2021-08-08,Belize,North America,275,14438,2,339
2021-08-15,Belize,North America,409,14847,5,344
2021-08-22,Belize,North America,568,15415,7,351
2021-08-29,Belize,North America,597,16012,5,356
2021-09-05,Belize,North America,738,16750,7,363
2021-09-12,Belize,North America,655,17405,10,373
2021-09-19,Belize,North America,1127,18532,16,389
2021-09-26,Belize,North America,1068,19600,13,402
2021-10-03,Belize,North America,1403,21003,16,418
2021-10-10,Belize,North America,1184,22187,13,431
2021-10-17,Belize,North America,1803,23990,30,461
2021-10-24,Belize,North America,1455,25445,12,473
2021-10-31,Belize,North America,1353,26798,18,491
2021-11-07,Belize,North America,1096,27894,18,509
2021-11-14,Belize,North America,1005,28899,25,534
2021-11-21,Belize,North America,602,29501,24,558
2021-11-28,Belize,North America,664,30165,12,570
2021-12-05,Belize,North America,515,30680,9,579
2021-12-12,Belize,North America,353,31033,7,586
2021-12-19,Belize,North America,213,31246,3,589
2021-12-26,Belize,North America,257,31503,3,592
2022-01-02,Belize,North America,1337,32840,10,602
2022-01-09,Belize,North America,2962,35802,3,605
2022-01-16,Belize,North America,4810,40612,3,608
2022-01-23,Belize,North America,5141,45753,8,616
2022-01-30,Belize,North America,4734,50487,9,625
2022-02-06,Belize,North America,3057,53544,4,629
2022-02-13,Belize,North America,1639,55183,2,631
2022-02-20,Belize,North America,896,56079,10,641
2022-02-27,Belize,North America,518,56597,9,650
2022-03-06,Belize,North America,279,56876,1,651
2022-03-13,Belize,North America,158,57034,1,652
2022-03-20,Belize,North America,109,57143,2,654
2022-03-27,Belize,North America,88,57231,0,654
2022-04-03,Belize,North America,58,57289,2,656
2022-04-10,Belize,North America,-2,57287,8,664
2022-04-17,Belize,North America,44,57331,8,672
2022-04-24,Belize,North America,88,57419,4,676
2022-05-01,Belize,North America,72,57491,0,676
2022-05-08,Belize,North America,121,57612,0,676
2022-05-15,Belize,North America,284,57896,0,676
2022-05-22,Belize,North America,523,58419,1,677
2022-05-29,Belize,North America,630,59049,0,677
2022-06-05,Belize,North America,739,59788,1,678
2022-06-12,Belize,North America,1075,60863,0,678
2022-06-19,Belize,North America,1055,61918,0,678
2022-06-26,Belize,North America,1119,63037,1,679
2022-07-03,Belize,North America,1101,64138,1,680
2022-07-10,Belize,North America,810,64948,0,680
2022-07-17,Belize,North America,1046,65994,0,680
2022-07-24,Belize,North America,627,66621,0,680
2022-07-31,Belize,North America,490,67111,0,680
2022-08-07,Belize,North America,313,67424,0,680
2022-08-14,Belize,North America,206,67630,0,680
2022-08-21,Belize,North America,261,67891,0,680
2022-08-28,Belize,North America,296,68187,0,680
2022-09-04,Belize,North America,163,68350,0,680
2022-09-11,Belize,North America,123,68473,0,680
2022-09-18,Belize,North America,231,68704,0,680
2022-09-25,Belize,North America,80,68784,3,683
2022-10-02,Belize,North America,70,68854,3,686
2022-10-09,Belize,North America,30,68884,0,686
2022-10-16,Belize,North America,25,68909,0,686
2022-10-23,Belize,North America,17,68926,1,687
2022-10-30,Belize,North America,17,68943,0,687
2022-11-06,Belize,North America,14,68957,0,687
2022-11-13,Belize,North America,15,68972,0,687
2022-11-20,Belize,North America,16,68988,0,687
2022-11-27,Belize,North America,24,69012,1,688
2022-12-04,Belize,North America,36,69048,0,688
2022-12-11,Belize,North America,69,69117,0,688
2022-12-18,Belize,North America,259,69376,0,688
2022-12-25,Belize,North America,299,69675,0,688
2023-01-01,Belize,North America,271,69946,0,688
2023-01-08,Belize,North America,228,70174,0,688
2023-01-15,Belize,North America,223,70397,0,688
2023-01-22,Belize,North America,158,70555,0,688
2023-01-29,Belize,North America,55,70610,0,688
2023-02-05,Belize,North America,50,70660,0,688
2023-02-12,Belize,North America,37,70697,0,688
2023-02-19,Belize,North America,24,70721,0,688
2023-02-26,Belize,North America,19,70740,0,688
2023-03-05,Belize,North America,17,70757,0,688
2023-03-12,Belize,North America,25,70782,0,688
2023-03-19,Belize,North America,0,70782,0,688
2023-03-26,Belize,North America,0,70782,0,688
2023-04-02,Belize,North America,0,70782,0,688
2023-04-09,Belize,North America,0,70782,0,688
2023-04-16,Belize,North America,0,70782,0,688
2023-04-23,Belize,North America,0,70782,0,688
2023-04-30,Belize,North America,0,70782,0,688
2023-05-07,Belize,North America,0,70782,0,688
2023-05-14,Belize,North America,0,70782,0,688
2023-05-21,Belize,North America,10,70792,0,688
2023-05-28,Belize,North America,11,70803,0,688
2023-06-04,Belize,North America,7,70810,0,688
2023-06-11,Belize,North America,28,70838,0,688
2023-06-18,Belize,North America,28,70866,0,688
2023-06-25,Belize,North America,29,70895,0,688
2023-07-02,Belize,North America,33,70928,0,688
2023-07-09,Belize,North America,20,70948,0,688
2023-07-16,Belize,North America,41,70989,0,688
2023-07-23,Belize,North America,21,71010,0,688
2023-07-30,Belize,North America,42,71052,0,688
2023-08-06,Belize,North America,53,71105,0,688
2023-08-13,Belize,North America,59,71164,0,688
2023-08-20,Belize,North America,88,71252,0,688
2023-08-27,Belize,North America,20,71272,0,688
2023-09-03,Belize,North America,52,71324,0,688
2023-09-10,Belize,North America,29,71353,0,688
2023-09-17,Belize,North America,18,71371,0,688
2023-09-24,Belize,North America,12,71383,0,688
2023-10-01,Belize,North America,0,71383,0,688
2023-10-08,Belize,North America,0,71383,0,688
2023-10-15,Belize,North America,0,71383,0,688
2023-10-22,Belize,North America,0,71383,0,688
2023-10-29,Belize,North America,0,71383,0,688
2023-11-05,Belize,North America,0,71383,0,688
2023-11-12,Belize,North America,0,71383,0,688
2023-11-19,Belize,North America,0,71383,0,688
2023-11-26,Belize,North America,0,71383,0,688
2023-12-03,Belize,North America,0,71383,0,688
2023-12-10,Belize,North America,0,71383,0,688
2023-12-17,Belize,North America,0,71383,0,688
2023-12-24,Belize,North America,0,71383,0,688
2023-12-31,Belize,North America,0,71383,0,688
2024-01-07,Belize,North America,3,71386,0,688
2024-01-14,Belize,North America,1,71387,0,688
2024-01-21,Belize,North America,1,71388,0,688
2024-01-28,Belize,North America,3,71391,0,688
2024-02-04,Belize,North America,6,71397,0,688
2024-02-11,Belize,North America,3,71400,0,688
2024-02-18,Belize,North America,3,71403,0,688
2024-02-25,Belize,North America,2,71405,0,688
2024-03-03,Belize,North America,2,71407,0,688
2024-03-10,Belize,North America,2,71409,0,688
2024-03-17,Belize,North America,0,71409,0,688
2024-03-24,Belize,North America,0,71409,0,688
2024-03-31,Belize,North America,0,71409,0,688
2024-04-07,Belize,North America,0,71409,0,688
2024-04-14,Belize,North America,0,71409,0,688
2024-04-21,Belize,North America,0,71409,0,688
2024-04-28,Belize,North America,0,71409,0,688
2024-05-05,Belize,North America,0,71409,0,688
2024-05-12,Belize,North America,0,71409,0,688
2024-05-19,Belize,North America,0,71409,0,688
2024-05-26,Belize,North America,0,71409,0,688
2024-06-02,Belize,North America,0,71409,0,688
2024-06-09,Belize,North America,0,71409,0,688
2024-06-16,Belize,North America,1,71410,0,688
2024-06-23,Belize,North America,0,71410,0,688
2024-06-30,Belize,North America,1,71411,0,688
2024-07-07,Belize,North America,0,71411,0,688
2024-07-14,Belize,North America,1,71412,0,688
2024-07-21,Belize,North America,1,71413,0,688
2024-07-28,Belize,North America,1,71414,0,688
2024-08-04,Belize,North America,1,71415,0,688
2024-08-11,Belize,North America,1,71416,0,688
2024-08-18,Belize,North America,0,71416,0,688
2024-08-25,Belize,North America,0,71416,0,688
2024-09-01,Belize,North America,0,71416,0,688
2020-01-05,Benin,Africa,0,0,0,0
2020-01-12,Benin,Africa,0,0,0,0
2020-01-19,Benin,Africa,0,0,0,0
2020-01-26,Benin,Africa,0,0,0,0
2020-02-02,Benin,Africa,0,0,0,0
2020-02-09,Benin,Africa,0,0,0,0
2020-02-16,Benin,Africa,0,0,0,0
2020-02-23,Benin,Africa,0,0,0,0
2020-03-01,Benin,Africa,0,0,0,0
2020-03-08,Benin,Africa,0,0,0,0
2020-03-15,Benin,Africa,0,0,0,0
2020-03-22,Benin,Africa,2,2,0,0
2020-03-29,Benin,Africa,1,3,0,0
2020-04-05,Benin,Africa,10,13,0,0
2020-04-12,Benin,Africa,22,35,0,0
2020-04-19,Benin,Africa,19,54,0,0
2020-04-26,Benin,Africa,6,60,0,0
2020-05-03,Benin,Africa,30,90,2,2
2020-05-10,Benin,Africa,21,111,0,2
2020-05-17,Benin,Africa,20,131,0,2
2020-05-24,Benin,Africa,6,137,1,3
2020-05-31,Benin,Africa,102,239,0,3
2020-06-07,Benin,Africa,29,268,1,4
2020-06-14,Benin,Africa,202,470,2,6
2020-06-21,Benin,Africa,295,765,7,13
2020-06-28,Benin,Africa,384,1149,3,16
2020-07-05,Benin,Africa,50,1199,5,21
2020-07-12,Benin,Africa,179,1378,5,26
2020-07-19,Benin,Africa,224,1602,5,31
2020-07-26,Benin,Africa,168,1770,4,35
2020-08-02,Benin,Africa,139,1909,3,38
2020-08-09,Benin,Africa,27,1936,0,38
2020-08-16,Benin,Africa,127,2063,1,39
2020-08-23,Benin,Africa,52,2115,0,39
2020-08-30,Benin,Africa,30,2145,1,40
2020-09-06,Benin,Africa,68,2213,0,40
2020-09-13,Benin,Africa,29,2242,0,40
2020-09-20,Benin,Africa,38,2280,0,40
2020-09-27,Benin,Africa,45,2325,0,40
2020-10-04,Benin,Africa,32,2357,1,41
2020-10-11,Benin,Africa,54,2411,0,41
2020-10-18,Benin,Africa,85,2496,0,41
2020-10-25,Benin,Africa,61,2557,0,41
2020-11-01,Benin,Africa,86,2643,0,41
2020-11-08,Benin,Africa,102,2745,2,43
2020-11-15,Benin,Africa,99,2844,0,43
2020-11-22,Benin,Africa,72,2916,0,43
2020-11-29,Benin,Africa,58,2974,0,43
2020-12-06,Benin,Africa,81,3055,1,44
2020-12-13,Benin,Africa,35,3090,0,44
2020-12-20,Benin,Africa,62,3152,0,44
2020-12-27,Benin,Africa,53,3205,0,44
2021-01-03,Benin,Africa,46,3251,0,44
2021-01-10,Benin,Africa,53,3304,0,44
2021-01-17,Benin,Africa,109,3413,2,46
2021-01-24,Benin,Africa,230,3643,2,48
2021-01-31,Benin,Africa,143,3786,0,48
2021-02-07,Benin,Africa,407,4193,7,55
2021-02-14,Benin,Africa,367,4560,1,56
2021-02-21,Benin,Africa,583,5143,9,65
2021-02-28,Benin,Africa,491,5634,5,70
2021-03-07,Benin,Africa,437,6071,5,75
2021-03-14,Benin,Africa,430,6501,6,81
2021-03-21,Benin,Africa,317,6818,9,90
2021-03-28,Benin,Africa,282,7100,0,90
2021-04-04,Benin,Africa,213,7313,3,93
2021-04-11,Benin,Africa,202,7515,0,93
2021-04-18,Benin,Africa,96,7611,3,96
2021-04-25,Benin,Africa,109,7720,1,97
2021-05-02,Benin,Africa,101,7821,2,99
2021-05-09,Benin,Africa,74,7895,1,100
2021-05-16,Benin,Africa,89,7984,1,101
2021-05-23,Benin,Africa,41,8025,0,101
2021-05-30,Benin,Africa,33,8058,0,101
2021-06-06,Benin,Africa,24,8082,1,102
2021-06-13,Benin,Africa,27,8109,0,102
2021-06-20,Benin,Africa,31,8140,1,103
2021-06-27,Benin,Africa,30,8170,1,104
2021-07-04,Benin,Africa,29,8199,0,104
2021-07-11,Benin,Africa,28,8227,1,105
2021-07-18,Benin,Africa,17,8244,2,107
2021-07-25,Benin,Africa,80,8324,0,107
2021-08-01,Benin,Africa,70,8394,1,108
2021-08-08,Benin,Africa,214,8608,2,110
2021-08-15,Benin,Africa,457,9065,3,113
2021-08-22,Benin,Africa,1118,10183,6,119
2021-08-29,Benin,Africa,2309,12492,8,127
2021-09-05,Benin,Africa,4454,16946,8,135
2021-09-12,Benin,Africa,2344,19290,6,141
2021-09-19,Benin,Africa,2160,21450,5,146
2021-09-26,Benin,Africa,1508,22958,8,154
2021-10-03,Benin,Africa,932,23890,5,159
2021-10-10,Benin,Africa,445,24335,0,159
2021-10-17,Benin,Africa,225,24560,2,161
2021-10-24,Benin,Africa,118,24678,0,161
2021-10-31,Benin,Africa,71,24749,0,161
2021-11-07,Benin,Africa,55,24804,0,161
2021-11-14,Benin,Africa,23,24827,0,161
2021-11-21,Benin,Africa,19,24846,0,161
2021-11-28,Benin,Africa,4,24850,0,161
2021-12-05,Benin,Africa,13,24863,0,161
2021-12-12,Benin,Africa,34,24897,0,161
2021-12-19,Benin,Africa,10,24907,0,161
2021-12-26,Benin,Africa,28,24935,0,161
2022-01-02,Benin,Africa,109,25044,0,161
2022-01-09,Benin,Africa,478,25522,0,161
2022-01-16,Benin,Africa,514,26036,1,162
2022-01-23,Benin,Africa,273,26309,1,163
2022-01-30,Benin,Africa,141,26450,0,163
2022-02-06,Benin,Africa,48,26498,0,163
2022-02-13,Benin,Africa,54,26552,0,163
2022-02-20,Benin,Africa,15,26567,0,163
2022-02-27,Benin,Africa,0,26567,0,163
2022-03-06,Benin,Africa,8,26575,0,163
2022-03-13,Benin,Africa,0,26575,0,163
2022-03-20,Benin,Africa,18,26593,0,163
2022-03-27,Benin,Africa,0,26593,0,163
2022-04-03,Benin,Africa,2,26595,0,163
2022-04-10,Benin,Africa,0,26595,0,163
2022-04-17,Benin,Africa,10,26605,0,163
2022-04-24,Benin,Africa,0,26605,0,163
2022-05-01,Benin,Africa,0,26605,0,163
2022-05-08,Benin,Africa,5,26610,0,163
2022-05-15,Benin,Africa,0,26610,0,163
2022-05-22,Benin,Africa,60,26670,0,163
2022-05-29,Benin,Africa,119,26789,0,163
2022-06-05,Benin,Africa,125,26914,0,163
2022-06-12,Benin,Africa,128,27042,0,163
2022-06-19,Benin,Africa,80,27122,0,163
2022-06-26,Benin,Africa,38,27160,0,163
2022-07-03,Benin,Africa,56,27216,0,163
2022-07-10,Benin,Africa,30,27246,0,163
2022-07-17,Benin,Africa,25,27271,0,163
2022-07-24,Benin,Africa,24,27295,0,163
2022-07-31,Benin,Africa,21,27316,0,163
2022-08-07,Benin,Africa,0,27316,0,163
2022-08-14,Benin,Africa,0,27316,0,163
2022-08-21,Benin,Africa,0,27316,0,163
2022-08-28,Benin,Africa,174,27490,0,163
2022-09-04,Benin,Africa,45,27535,0,163
2022-09-11,Benin,Africa,103,27638,0,163
2022-09-18,Benin,Africa,89,27727,0,163
2022-09-25,Benin,Africa,55,27782,0,163
2022-10-02,Benin,Africa,0,27782,0,163
2022-10-09,Benin,Africa,0,27782,0,163
2022-10-16,Benin,Africa,0,27782,0,163
2022-10-23,Benin,Africa,0,27782,0,163
2022-10-30,Benin,Africa,130,27912,0,163
2022-11-06,Benin,Africa,3,27915,0,163
2022-11-13,Benin,Africa,7,27922,0,163
2022-11-20,Benin,Africa,53,27975,0,163
2022-11-27,Benin,Africa,5,27980,0,163
2022-12-04,Benin,Africa,1,27981,0,163
2022-12-11,Benin,Africa,1,27982,0,163
2022-12-18,Benin,Africa,0,27982,0,163
2022-12-25,Benin,Africa,3,27985,0,163
2023-01-01,Benin,Africa,1,27986,0,163
2023-01-08,Benin,Africa,0,27986,0,163
2023-01-15,Benin,Africa,3,27989,0,163
2023-01-22,Benin,Africa,1,27990,0,163
2023-01-29,Benin,Africa,0,27990,0,163
2023-02-05,Benin,Africa,1,27991,0,163
2023-02-12,Benin,Africa,3,27994,0,163
2023-02-19,Benin,Africa,5,27999,0,163
2023-02-26,Benin,Africa,0,27999,0,163
2023-03-05,Benin,Africa,8,28007,0,163
2023-03-12,Benin,Africa,2,28009,0,163
2023-03-19,Benin,Africa,3,28012,0,163
2023-03-26,Benin,Africa,1,28013,0,163
2023-04-02,Benin,Africa,1,28014,0,163
2023-04-09,Benin,Africa,0,28014,0,163
2023-04-16,Benin,Africa,0,28014,0,163
2023-04-23,Benin,Africa,0,28014,0,163
2023-04-30,Benin,Africa,0,28014,0,163
2023-05-07,Benin,Africa,0,28014,0,163
2023-05-14,Benin,Africa,0,28014,0,163
2023-05-21,Benin,Africa,0,28014,0,163
2023-05-28,Benin,Africa,0,28014,0,163
2023-06-04,Benin,Africa,0,28014,0,163
2023-06-11,Benin,Africa,0,28014,0,163
2023-06-18,Benin,Africa,0,28014,0,163
2023-06-25,Benin,Africa,0,28014,0,163
2023-07-02,Benin,Africa,0,28014,0,163
2023-07-09,Benin,Africa,0,28014,0,163
2023-07-16,Benin,Africa,0,28014,0,163
2023-07-23,Benin,Africa,0,28014,0,163
2023-07-30,Benin,Africa,0,28014,0,163
2023-08-06,Benin,Africa,0,28014,0,163
2023-08-13,Benin,Africa,0,28014,0,163
2023-08-20,Benin,Africa,17,28031,0,163
2023-08-27,Benin,Africa,0,28031,0,163
2023-09-03,Benin,Africa,2,28033,0,163
2023-09-10,Benin,Africa,0,28033,0,163
2023-09-17,Benin,Africa,0,28033,0,163
2023-09-24,Benin,Africa,3,28036,0,163
2023-10-01,Benin,Africa,0,28036,0,163
2023-10-08,Benin,Africa,0,28036,0,163
2023-10-15,Benin,Africa,0,28036,0,163
2023-10-22,Benin,Africa,0,28036,0,163
2023-10-29,Benin,Africa,0,28036,0,163
2023-11-05,Benin,Africa,0,28036,0,163
2023-11-12,Benin,Africa,0,28036,0,163
2023-11-19,Benin,Africa,0,28036,0,163
2023-11-26,Benin,Africa,0,28036,0,163
2023-12-03,Benin,Africa,0,28036,0,163
2023-12-10,Benin,Africa,0,28036,0,163
2023-12-17,Benin,Africa,0,28036,0,163
2023-12-24,Benin,Africa,0,28036,0,163
2023-12-31,Benin,Africa,0,28036,0,163
2024-01-07,Benin,Africa,0,28036,0,163
2024-01-14,Benin,Africa,0,28036,0,163
2024-01-21,Benin,Africa,0,28036,0,163
2024-01-28,Benin,Africa,0,28036,0,163
2024-02-04,Benin,Africa,0,28036,0,163
2024-02-11,Benin,Africa,0,28036,0,163
2024-02-18,Benin,Africa,0,28036,0,163
2024-02-25,Benin,Africa,0,28036,0,163
2024-03-03,Benin,Africa,0,28036,0,163
2024-03-10,Benin,Africa,0,28036,0,163
2024-03-17,Benin,Africa,0,28036,0,163
2024-03-24,Benin,Africa,0,28036,0,163
2024-03-31,Benin,Africa,0,28036,0,163
2024-04-07,Benin,Africa,0,28036,0,163
2024-04-14,Benin,Africa,0,28036,0,163
2024-04-21,Benin,Africa,0,28036,0,163
2024-04-28,Benin,Africa,0,28036,0,163
2024-05-05,Benin,Africa,0,28036,0,163
2024-05-12,Benin,Africa,0,28036,0,163
2024-05-19,Benin,Africa,0,28036,0,163
2024-05-26,Benin,Africa,0,28036,0,163
2024-06-02,Benin,Africa,0,28036,0,163
2024-06-09,Benin,Africa,0,28036,0,163
2024-06-16,Benin,Africa,0,28036,0,163
2024-06-23,Benin,Africa,0,28036,0,163
2024-06-30,Benin,Africa,0,28036,0,163
2024-07-07,Benin,Africa,0,28036,0,163
2024-07-14,Benin,Africa,0,28036,0,163
2024-07-21,Benin,Africa,0,28036,0,163
2024-07-28,Benin,Africa,0,28036,0,163
2024-08-04,Benin,Africa,0,28036,0,163
2024-08-11,Benin,Africa,0,28036,0,163
2024-08-18,Benin,Africa,0,28036,0,163
2024-08-25,Benin,Africa,0,28036,0,163
2024-09-01,Benin,Africa,0,28036,0,163
2020-01-05,Bermuda,North America,0,0,0,0
2020-01-12,Bermuda,North America,0,0,0,0
2020-01-19,Bermuda,North America,0,0,0,0
2020-01-26,Bermuda,North America,0,0,0,0
2020-02-02,Bermuda,North America,0,0,0,0
2020-02-09,Bermuda,North America,0,0,0,0
2020-02-16,Bermuda,North America,0,0,0,0
2020-02-23,Bermuda,North America,0,0,0,0
2020-03-01,Bermuda,North America,0,0,0,0
2020-03-08,Bermuda,North America,0,0,0,0
2020-03-15,Bermuda,North America,0,0,0,0
2020-03-22,Bermuda,North America,2,2,0,0
2020-03-29,Bermuda,North America,15,17,0,0
2020-04-05,Bermuda,North America,18,35,0,0
2020-04-12,Bermuda,North America,13,48,4,4
2020-04-19,Bermuda,North America,35,83,1,5
2020-04-26,Bermuda,North America,16,99,0,5
2020-05-03,Bermuda,North America,15,114,1,6
2020-05-10,Bermuda,North America,4,118,1,7
2020-05-17,Bermuda,North America,5,123,2,9
2020-05-24,Bermuda,North America,5,128,0,9
2020-05-31,Bermuda,North America,12,140,0,9
2020-06-07,Bermuda,North America,1,141,0,9
2020-06-14,Bermuda,North America,1,142,0,9
2020-06-21,Bermuda,North America,4,146,0,9
2020-06-28,Bermuda,North America,0,146,0,9
2020-07-05,Bermuda,North America,0,146,0,9
2020-07-12,Bermuda,North America,4,150,0,9
2020-07-19,Bermuda,North America,2,152,0,9
2020-07-26,Bermuda,North America,1,153,0,9
2020-08-02,Bermuda,North America,3,156,0,9
2020-08-09,Bermuda,North America,2,158,0,9
2020-08-16,Bermuda,North America,1,159,0,9
2020-08-23,Bermuda,North America,8,167,0,9
2020-08-30,Bermuda,North America,1,168,0,9
2020-09-06,Bermuda,North America,7,175,0,9
2020-09-13,Bermuda,North America,2,177,0,9
2020-09-20,Bermuda,North America,1,178,0,9
2020-09-27,Bermuda,North America,3,181,0,9
2020-10-04,Bermuda,North America,0,181,0,9
2020-10-11,Bermuda,North America,3,184,0,9
2020-10-18,Bermuda,North America,1,185,0,9
2020-10-25,Bermuda,North America,5,190,0,9
2020-11-01,Bermuda,North America,9,199,0,9
2020-11-08,Bermuda,North America,10,209,0,9
2020-11-15,Bermuda,North America,13,222,0,9
2020-11-22,Bermuda,North America,5,227,0,9
2020-11-29,Bermuda,North America,20,247,0,9
2020-12-06,Bermuda,North America,41,288,0,9
2020-12-13,Bermuda,North America,103,391,0,9
2020-12-20,Bermuda,North America,125,516,0,9
2020-12-27,Bermuda,North America,45,561,0,9
2021-01-03,Bermuda,North America,43,604,1,10
2021-01-10,Bermuda,North America,42,646,2,12
2021-01-17,Bermuda,North America,24,670,0,12
2021-01-24,Bermuda,North America,16,686,0,12
2021-01-31,Bermuda,North America,5,691,0,12
2021-02-07,Bermuda,North America,1,692,0,12
2021-02-14,Bermuda,North America,2,694,0,12
2021-02-21,Bermuda,North America,5,699,0,12
2021-02-28,Bermuda,North America,6,705,0,12
2021-03-07,Bermuda,North America,17,722,0,12
2021-03-14,Bermuda,North America,13,735,0,12
2021-03-21,Bermuda,North America,32,767,0,12
2021-03-28,Bermuda,North America,180,947,0,12
2021-04-04,Bermuda,North America,415,1362,0,12
2021-04-11,Bermuda,North America,411,1773,2,14
2021-04-18,Bermuda,North America,287,2060,3,17
2021-04-25,Bermuda,North America,255,2315,6,23
2021-05-02,Bermuda,North America,78,2393,5,28
2021-05-09,Bermuda,North America,41,2434,2,30
2021-05-16,Bermuda,North America,32,2466,2,32
2021-05-23,Bermuda,North America,22,2488,0,32
2021-05-30,Bermuda,North America,3,2491,0,32
2021-06-06,Bermuda,North America,3,2494,1,33
2021-06-13,Bermuda,North America,3,2497,0,33
2021-06-20,Bermuda,North America,7,2504,0,33
2021-06-27,Bermuda,North America,6,2510,0,33
2021-07-04,Bermuda,North America,6,2516,0,33
2021-07-11,Bermuda,North America,5,2521,0,33
2021-07-18,Bermuda,North America,9,2530,0,33
2021-07-25,Bermuda,North America,8,2538,0,33
2021-08-01,Bermuda,North America,30,2568,0,33
2021-08-08,Bermuda,North America,46,2614,0,33
2021-08-15,Bermuda,North America,61,2675,0,33
2021-08-22,Bermuda,North America,75,2750,0,33
2021-08-29,Bermuda,North America,94,2844,0,33
2021-09-05,Bermuda,North America,204,3048,1,34
2021-09-12,Bermuda,North America,471,3519,1,35
2021-09-19,Bermuda,North America,699,4218,3,38
2021-09-26,Bermuda,North America,764,4982,14,52
2021-10-03,Bermuda,North America,354,5336,23,75
2021-10-10,Bermuda,North America,165,5501,14,89
2021-10-17,Bermuda,North America,66,5567,6,95
2021-10-24,Bermuda,North America,45,5612,1,96
2021-10-31,Bermuda,North America,35,5647,5,101
2021-11-07,Bermuda,North America,30,5677,5,106
2021-11-14,Bermuda,North America,31,5708,0,106
2021-11-21,Bermuda,North America,7,5715,0,106
2021-11-28,Bermuda,North America,15,5730,0,106
2021-12-05,Bermuda,North America,23,5753,0,106
2021-12-12,Bermuda,North America,15,5768,0,106
2021-12-19,Bermuda,North America,47,5815,0,106
2021-12-26,Bermuda,North America,249,6064,0,106
2022-01-02,Bermuda,North America,356,6420,4,110
2022-01-09,Bermuda,North America,771,7191,0,110
2022-01-16,Bermuda,North America,1350,8541,0,110
2022-01-23,Bermuda,North America,1225,9766,2,112
2022-01-30,Bermuda,North America,786,10552,4,116
2022-02-06,Bermuda,North America,369,10921,2,118
2022-02-13,Bermuda,North America,225,11146,2,120
2022-02-20,Bermuda,North America,170,11316,2,122
2022-02-27,Bermuda,North America,174,11490,1,123
2022-03-06,Bermuda,North America,144,11634,0,123
2022-03-13,Bermuda,North America,216,11850,1,124
2022-03-20,Bermuda,North America,244,12094,2,126
2022-03-27,Bermuda,North America,260,12354,1,127
2022-04-03,Bermuda,North America,210,12564,1,128
2022-04-10,Bermuda,North America,175,12739,1,129
2022-04-17,Bermuda,North America,162,12901,2,131
2022-04-24,Bermuda,North America,351,13252,0,131
2022-05-01,Bermuda,North America,307,13559,0,131
2022-05-08,Bermuda,North America,273,13832,3,134
2022-05-15,Bermuda,North America,303,14135,1,135
2022-05-22,Bermuda,North America,307,14442,2,137
2022-05-29,Bermuda,North America,313,14755,1,138
2022-06-05,Bermuda,North America,330,15085,0,138
2022-06-12,Bermuda,North America,343,15428,0,138
2022-06-19,Bermuda,North America,334,15762,0,138
2022-06-26,Bermuda,North America,195,15957,0,138
2022-07-03,Bermuda,North America,205,16162,2,140
2022-07-10,Bermuda,North America,239,16401,0,140
2022-07-17,Bermuda,North America,321,16722,1,141
2022-07-24,Bermuda,North America,266,16988,1,142
2022-07-31,Bermuda,North America,205,17193,2,144
2022-08-07,Bermuda,North America,163,17356,4,148
2022-08-14,Bermuda,North America,200,17556,0,148
2022-08-21,Bermuda,North America,118,17674,0,148
2022-08-28,Bermuda,North America,239,17913,0,148
2022-09-04,Bermuda,North America,0,17913,0,148
2022-09-11,Bermuda,North America,0,17913,0,148
2022-09-18,Bermuda,North America,164,18077,0,148
2022-09-25,Bermuda,North America,45,18122,0,148
2022-10-02,Bermuda,North America,32,18154,0,148
2022-10-09,Bermuda,North America,66,18220,0,148
2022-10-16,Bermuda,North America,60,18280,0,148
2022-10-23,Bermuda,North America,60,18340,0,148
2022-10-30,Bermuda,North America,0,18340,0,148
2022-11-06,Bermuda,North America,88,18428,1,149
2022-11-13,Bermuda,North America,0,18428,0,149
2022-11-20,Bermuda,North America,35,18463,2,151
2022-11-27,Bermuda,North America,0,18463,0,151
2022-12-04,Bermuda,North America,56,18519,1,152
2022-12-11,Bermuda,North America,0,18519,0,152
2022-12-18,Bermuda,North America,38,18557,0,152
2022-12-25,Bermuda,North America,0,18557,0,152
2023-01-01,Bermuda,North America,65,18622,1,153
2023-01-08,Bermuda,North America,62,18684,1,154
2023-01-15,Bermuda,North America,34,18718,1,155
2023-01-22,Bermuda,North America,33,18751,2,157
2023-01-29,Bermuda,North America,15,18766,0,157
2023-02-05,Bermuda,North America,5,18771,0,157
2023-02-12,Bermuda,North America,14,18785,1,158
2023-02-19,Bermuda,North America,6,18791,1,159
2023-02-26,Bermuda,North America,8,18799,1,160
2023-03-05,Bermuda,North America,15,18814,0,160
2023-03-12,Bermuda,North America,14,18828,0,160
2023-03-19,Bermuda,North America,8,18836,1,161
2023-03-26,Bermuda,North America,13,18849,2,163
2023-04-02,Bermuda,North America,0,18849,0,163
2023-04-09,Bermuda,North America,11,18860,2,165
2023-04-16,Bermuda,North America,0,18860,0,165
2023-04-23,Bermuda,North America,0,18860,0,165
2023-04-30,Bermuda,North America,0,18860,0,165
2023-05-07,Bermuda,North America,0,18860,0,165
2023-05-14,Bermuda,North America,0,18860,0,165
2023-05-21,Bermuda,North America,0,18860,0,165
2023-05-28,Bermuda,North America,0,18860,0,165
2023-06-04,Bermuda,North America,0,18860,0,165
2023-06-11,Bermuda,North America,0,18860,0,165
2023-06-18,Bermuda,North America,0,18860,0,165
2023-06-25,Bermuda,North America,0,18860,0,165
2023-07-02,Bermuda,North America,0,18860,0,165
2023-07-09,Bermuda,North America,0,18860,0,165
2023-07-16,Bermuda,North America,0,18860,0,165
2023-07-23,Bermuda,North America,0,18860,0,165
2023-07-30,Bermuda,North America,0,18860,0,165
2023-08-06,Bermuda,North America,0,18860,0,165
2023-08-13,Bermuda,North America,0,18860,0,165
2023-08-20,Bermuda,North America,0,18860,0,165
2023-08-27,Bermuda,North America,0,18860,0,165
2023-09-03,Bermuda,North America,0,18860,0,165
2023-09-10,Bermuda,North America,0,18860,0,165
2023-09-17,Bermuda,North America,0,18860,0,165
2023-09-24,Bermuda,North America,0,18860,0,165
2023-10-01,Bermuda,North America,0,18860,0,165
2023-10-08,Bermuda,North America,0,18860,0,165
2023-10-15,Bermuda,North America,0,18860,0,165
2023-10-22,Bermuda,North America,0,18860,0,165
2023-10-29,Bermuda,North America,0,18860,0,165
2023-11-05,Bermuda,North America,0,18860,0,165
2023-11-12,Bermuda,North America,0,18860,0,165
2023-11-19,Bermuda,North America,0,18860,0,165
2023-11-26,Bermuda,North America,0,18860,0,165
2023-12-03,Bermuda,North America,0,18860,0,165
2023-12-10,Bermuda,North America,0,18860,0,165
2023-12-17,Bermuda,North America,0,18860,0,165
2023-12-24,Bermuda,North America,0,18860,0,165
2023-12-31,Bermuda,North America,0,18860,0,165
2024-01-07,Bermuda,North America,0,18860,0,165
2024-01-14,Bermuda,North America,0,18860,0,165
2024-01-21,Bermuda,North America,0,18860,0,165
2024-01-28,Bermuda,North America,0,18860,0,165
2024-02-04,Bermuda,North America,0,18860,0,165
2024-02-11,Bermuda,North America,0,18860,0,165
2024-02-18,Bermuda,North America,0,18860,0,165
2024-02-25,Bermuda,North America,0,18860,0,165
2024-03-03,Bermuda,North America,0,18860,0,165
2024-03-10,Bermuda,North America,0,18860,0,165
2024-03-17,Bermuda,North America,0,18860,0,165
2024-03-24,Bermuda,North America,0,18860,0,165
2024-03-31,Bermuda,North America,0,18860,0,165
2024-04-07,Bermuda,North America,0,18860,0,165
2024-04-14,Bermuda,North America,0,18860,0,165
2024-04-21,Bermuda,North America,0,18860,0,165
2024-04-28,Bermuda,North America,0,18860,0,165
2024-05-05,Bermuda,North America,0,18860,0,165
2024-05-12,Bermuda,North America,0,18860,0,165
2024-05-19,Bermuda,North America,0,18860,0,165
2024-05-26,Bermuda,North America,0,18860,0,165
2024-06-02,Bermuda,North America,0,18860,0,165
2024-06-09,Bermuda,North America,0,18860,0,165
2024-06-16,Bermuda,North America,0,18860,0,165
2024-06-23,Bermuda,North America,0,18860,0,165
2024-06-30,Bermuda,North America,0,18860,0,165
2024-07-07,Bermuda,North America,0,18860,0,165
2024-07-14,Bermuda,North America,0,18860,0,165
2024-07-21,Bermuda,North America,0,18860,0,165
2024-07-28,Bermuda,North America,0,18860,0,165
2024-08-04,Bermuda,North America,0,18860,0,165
2024-08-11,Bermuda,North America,0,18860,0,165
2024-08-18,Bermuda,North America,0,18860,0,165
2024-08-25,Bermuda,North America,0,18860,0,165
2024-09-01,Bermuda,North America,0,18860,0,165
2020-01-05,Bhutan,Asia,0,0,0,0
2020-01-12,Bhutan,Asia,0,0,0,0
2020-01-19,Bhutan,Asia,0,0,0,0
2020-01-26,Bhutan,Asia,0,0,0,0
2020-02-02,Bhutan,Asia,0,0,0,0
2020-02-09,Bhutan,Asia,0,0,0,0
2020-02-16,Bhutan,Asia,0,0,0,0
2020-02-23,Bhutan,Asia,0,0,0,0
2020-03-01,Bhutan,Asia,0,0,0,0
2020-03-08,Bhutan,Asia,1,1,0,0
2020-03-15,Bhutan,Asia,0,1,0,0
2020-03-22,Bhutan,Asia,1,2,0,0
2020-03-29,Bhutan,Asia,1,3,0,0
2020-04-05,Bhutan,Asia,2,5,0,0
2020-04-12,Bhutan,Asia,0,5,0,0
2020-04-19,Bhutan,Asia,0,5,0,0
2020-04-26,Bhutan,Asia,2,7,0,0
2020-05-03,Bhutan,Asia,0,7,0,0
2020-05-10,Bhutan,Asia,0,7,0,0
2020-05-17,Bhutan,Asia,14,21,0,0
2020-05-24,Bhutan,Asia,6,27,0,0
2020-05-31,Bhutan,Asia,16,43,0,0
2020-06-07,Bhutan,Asia,16,59,0,0
2020-06-14,Bhutan,Asia,7,66,0,0
2020-06-21,Bhutan,Asia,2,68,0,0
2020-06-28,Bhutan,Asia,8,76,0,0
2020-07-05,Bhutan,Asia,4,80,0,0
2020-07-12,Bhutan,Asia,4,84,0,0
2020-07-19,Bhutan,Asia,5,89,0,0
2020-07-26,Bhutan,Asia,6,95,0,0
2020-08-02,Bhutan,Asia,8,103,0,0
2020-08-09,Bhutan,Asia,7,110,0,0
2020-08-16,Bhutan,Asia,28,138,0,0
2020-08-23,Bhutan,Asia,17,155,0,0
2020-08-30,Bhutan,Asia,69,224,0,0
2020-09-06,Bhutan,Asia,6,230,0,0
2020-09-13,Bhutan,Asia,15,245,0,0
2020-09-20,Bhutan,Asia,16,261,0,0
2020-09-27,Bhutan,Asia,12,273,0,0
2020-10-04,Bhutan,Asia,25,298,0,0
2020-10-11,Bhutan,Asia,11,309,0,0
2020-10-18,Bhutan,Asia,16,325,0,0
2020-10-25,Bhutan,Asia,15,340,0,0
2020-11-01,Bhutan,Asia,9,349,0,0
2020-11-08,Bhutan,Asia,10,359,0,0
2020-11-15,Bhutan,Asia,16,375,0,0
2020-11-22,Bhutan,Asia,4,379,0,0
2020-11-29,Bhutan,Asia,17,396,0,0
2020-12-06,Bhutan,Asia,30,426,0,0
2020-12-13,Bhutan,Asia,11,437,0,0
2020-12-20,Bhutan,Asia,9,446,0,0
2020-12-27,Bhutan,Asia,151,597,0,0
2021-01-03,Bhutan,Asia,119,716,0,0
2021-01-10,Bhutan,Asia,97,813,1,1
2021-01-17,Bhutan,Asia,29,842,0,1
2021-01-24,Bhutan,Asia,13,855,0,1
2021-01-31,Bhutan,Asia,4,859,0,1
2021-02-07,Bhutan,Asia,2,861,0,1
2021-02-14,Bhutan,Asia,3,864,0,1
2021-02-21,Bhutan,Asia,2,866,0,1
2021-02-28,Bhutan,Asia,1,867,0,1
2021-03-07,Bhutan,Asia,1,868,0,1
2021-03-14,Bhutan,Asia,0,868,0,1
2021-03-21,Bhutan,Asia,1,869,0,1
2021-03-28,Bhutan,Asia,3,872,0,1
2021-04-04,Bhutan,Asia,19,891,0,1
2021-04-11,Bhutan,Asia,27,918,0,1
2021-04-18,Bhutan,Asia,39,957,0,1
2021-04-25,Bhutan,Asia,65,1022,0,1
2021-05-02,Bhutan,Asia,89,1111,0,1
2021-05-09,Bhutan,Asia,110,1221,0,1
2021-05-16,Bhutan,Asia,65,1286,0,1
2021-05-23,Bhutan,Asia,108,1394,0,1
2021-05-30,Bhutan,Asia,218,1612,0,1
2021-06-06,Bhutan,Asia,75,1687,0,1
2021-06-13,Bhutan,Asia,126,1813,0,1
2021-06-20,Bhutan,Asia,111,1924,0,1
2021-06-27,Bhutan,Asia,128,2052,0,1
2021-07-04,Bhutan,Asia,107,2159,0,1
2021-07-11,Bhutan,Asia,116,2275,0,1
2021-07-18,Bhutan,Asia,146,2421,1,2
2021-07-25,Bhutan,Asia,65,2486,0,2
2021-08-01,Bhutan,Asia,32,2518,0,2
2021-08-08,Bhutan,Asia,26,2544,0,2
2021-08-15,Bhutan,Asia,27,2571,1,3
2021-08-22,Bhutan,Asia,14,2585,0,3
2021-08-29,Bhutan,Asia,9,2594,0,3
2021-09-05,Bhutan,Asia,2,2596,0,3
2021-09-12,Bhutan,Asia,0,2596,0,3
2021-09-19,Bhutan,Asia,1,2597,0,3
2021-09-26,Bhutan,Asia,2,2599,0,3
2021-10-03,Bhutan,Asia,9,2608,0,3
2021-10-10,Bhutan,Asia,5,2613,0,3
2021-10-17,Bhutan,Asia,4,2617,0,3
2021-10-24,Bhutan,Asia,0,2617,0,3
2021-10-31,Bhutan,Asia,4,2621,0,3
2021-11-07,Bhutan,Asia,2,2623,0,3
2021-11-14,Bhutan,Asia,2,2625,0,3
2021-11-21,Bhutan,Asia,7,2632,0,3
2021-11-28,Bhutan,Asia,8,2640,0,3
2021-12-05,Bhutan,Asia,1,2641,0,3
2021-12-12,Bhutan,Asia,8,2649,0,3
2021-12-19,Bhutan,Asia,8,2657,0,3
2021-12-26,Bhutan,Asia,3,2660,0,3
2022-01-02,Bhutan,Asia,0,2660,0,3
2022-01-09,Bhutan,Asia,121,2781,0,3
2022-01-16,Bhutan,Asia,147,2928,0,3
2022-01-23,Bhutan,Asia,721,3649,0,3
2022-01-30,Bhutan,Asia,1036,4685,1,4
2022-02-06,Bhutan,Asia,1407,6092,0,4
2022-02-13,Bhutan,Asia,1337,7429,1,5
2022-02-20,Bhutan,Asia,2649,10078,1,6
2022-02-27,Bhutan,Asia,2116,12194,0,6
2022-03-06,Bhutan,Asia,2604,14798,1,7
2022-03-13,Bhutan,Asia,2822,17620,0,7
2022-03-20,Bhutan,Asia,4384,22004,2,9
2022-03-27,Bhutan,Asia,3076,25080,0,9
2022-04-03,Bhutan,Asia,6357,31437,3,12
2022-04-10,Bhutan,Asia,10785,42222,2,14
2022-04-17,Bhutan,Asia,10574,52796,4,18
2022-04-24,Bhutan,Asia,4975,57771,2,20
2022-05-01,Bhutan,Asia,1448,59219,1,21
2022-05-08,Bhutan,Asia,278,59497,0,21
2022-05-15,Bhutan,Asia,73,59570,0,21
2022-05-22,Bhutan,Asia,42,59612,0,21
2022-05-29,Bhutan,Asia,13,59625,0,21
2022-06-05,Bhutan,Asia,11,59636,0,21
2022-06-12,Bhutan,Asia,7,59643,0,21
2022-06-19,Bhutan,Asia,18,59661,0,21
2022-06-26,Bhutan,Asia,48,59709,0,21
2022-07-03,Bhutan,Asia,103,59812,0,21
2022-07-10,Bhutan,Asia,128,59940,0,21
2022-07-17,Bhutan,Asia,167,60107,0,21
2022-07-24,Bhutan,Asia,261,60368,0,21
2022-07-31,Bhutan,Asia,162,60530,0,21
2022-08-07,Bhutan,Asia,133,60663,0,21
2022-08-14,Bhutan,Asia,116,60779,0,21
2022-08-21,Bhutan,Asia,119,60898,0,21
2022-08-28,Bhutan,Asia,178,61076,0,21
2022-09-04,Bhutan,Asia,157,61233,0,21
2022-09-11,Bhutan,Asia,186,61419,0,21
2022-09-18,Bhutan,Asia,311,61730,0,21
2022-09-25,Bhutan,Asia,239,61969,0,21
2022-10-02,Bhutan,Asia,126,62095,0,21
2022-10-09,Bhutan,Asia,105,62200,0,21
2022-10-16,Bhutan,Asia,48,62248,0,21
2022-10-23,Bhutan,Asia,83,62331,0,21
2022-10-30,Bhutan,Asia,49,62380,0,21
2022-11-06,Bhutan,Asia,50,62430,0,21
2022-11-13,Bhutan,Asia,30,62460,0,21
2022-11-20,Bhutan,Asia,28,62488,0,21
2022-11-27,Bhutan,Asia,15,62503,0,21
2022-12-04,Bhutan,Asia,9,62512,0,21
2022-12-11,Bhutan,Asia,9,62521,0,21
2022-12-18,Bhutan,Asia,3,62524,0,21
2022-12-25,Bhutan,Asia,7,62531,0,21
2023-01-01,Bhutan,Asia,7,62538,0,21
2023-01-08,Bhutan,Asia,13,62551,0,21
2023-01-15,Bhutan,Asia,26,62577,0,21
2023-01-22,Bhutan,Asia,21,62598,0,21
2023-01-29,Bhutan,Asia,7,62605,0,21
2023-02-05,Bhutan,Asia,3,62608,0,21
2023-02-12,Bhutan,Asia,3,62611,0,21
2023-02-19,Bhutan,Asia,4,62615,0,21
2023-02-26,Bhutan,Asia,5,62620,0,21
2023-03-05,Bhutan,Asia,7,62627,0,21
2023-03-12,Bhutan,Asia,10,62637,0,21
2023-03-19,Bhutan,Asia,10,62647,0,21
2023-03-26,Bhutan,Asia,1,62648,0,21
2023-04-02,Bhutan,Asia,1,62649,0,21
2023-04-09,Bhutan,Asia,1,62650,0,21
2023-04-16,Bhutan,Asia,4,62654,0,21
2023-04-23,Bhutan,Asia,9,62663,0,21
2023-04-30,Bhutan,Asia,3,62666,0,21
2023-05-07,Bhutan,Asia,2,62668,0,21
2023-05-14,Bhutan,Asia,0,62668,0,21
2023-05-21,Bhutan,Asia,2,62670,0,21
2023-05-28,Bhutan,Asia,1,62671,0,21
2023-06-04,Bhutan,Asia,1,62672,0,21
2023-06-11,Bhutan,Asia,0,62672,0,21
2023-06-18,Bhutan,Asia,0,62672,0,21
2023-06-25,Bhutan,Asia,1,62673,0,21
2023-07-02,Bhutan,Asia,0,62673,0,21
2023-07-09,Bhutan,Asia,10,62683,0,21
2023-07-16,Bhutan,Asia,7,62690,0,21
2023-07-23,Bhutan,Asia,0,62690,0,21
2023-07-30,Bhutan,Asia,1,62691,0,21
2023-08-06,Bhutan,Asia,0,62691,0,21
2023-08-13,Bhutan,Asia,3,62694,0,21
2023-08-20,Bhutan,Asia,0,62694,0,21
2023-08-27,Bhutan,Asia,3,62697,0,21
2023-09-03,Bhutan,Asia,0,62697,0,21
2023-09-10,Bhutan,Asia,0,62697,0,21
2023-09-17,Bhutan,Asia,0,62697,0,21
2023-09-24,Bhutan,Asia,0,62697,0,21
2023-10-01,Bhutan,Asia,0,62697,0,21
2023-10-08,Bhutan,Asia,0,62697,0,21
2023-10-15,Bhutan,Asia,0,62697,0,21
2023-10-22,Bhutan,Asia,0,62697,0,21
2023-10-29,Bhutan,Asia,0,62697,0,21
2023-11-05,Bhutan,Asia,0,62697,0,21
2023-11-12,Bhutan,Asia,0,62697,0,21
2023-11-19,Bhutan,Asia,0,62697,0,21
2023-11-26,Bhutan,Asia,0,62697,0,21
2023-12-03,Bhutan,Asia,0,62697,0,21
2023-12-10,Bhutan,Asia,0,62697,0,21
2023-12-17,Bhutan,Asia,0,62697,0,21
2023-12-24,Bhutan,Asia,0,62697,0,21
2023-12-31,Bhutan,Asia,0,62697,0,21
2024-01-07,Bhutan,Asia,0,62697,0,21
2024-01-14,Bhutan,Asia,0,62697,0,21
2024-01-21,Bhutan,Asia,0,62697,0,21
2024-01-28,Bhutan,Asia,0,62697,0,21
2024-02-04,Bhutan,Asia,0,62697,0,21
2024-02-11,Bhutan,Asia,0,62697,0,21
2024-02-18,Bhutan,Asia,0,62697,0,21
2024-02-25,Bhutan,Asia,0,62697,0,21
2024-03-03,Bhutan,Asia,0,62697,0,21
2024-03-10,Bhutan,Asia,0,62697,0,21
2024-03-17,Bhutan,Asia,0,62697,0,21
2024-03-24,Bhutan,Asia,0,62697,0,21
2024-03-31,Bhutan,Asia,0,62697,0,21
2024-04-07,Bhutan,Asia,0,62697,0,21
2024-04-14,Bhutan,Asia,0,62697,0,21
2024-04-21,Bhutan,Asia,0,62697,0,21
2024-04-28,Bhutan,Asia,0,62697,0,21
2024-05-05,Bhutan,Asia,0,62697,0,21
2024-05-12,Bhutan,Asia,0,62697,0,21
2024-05-19,Bhutan,Asia,0,62697,0,21
2024-05-26,Bhutan,Asia,0,62697,0,21
2024-06-02,Bhutan,Asia,0,62697,0,21
2024-06-09,Bhutan,Asia,0,62697,0,21
2024-06-16,Bhutan,Asia,0,62697,0,21
2024-06-23,Bhutan,Asia,0,62697,0,21
2024-06-30,Bhutan,Asia,0,62697,0,21
2024-07-07,Bhutan,Asia,0,62697,0,21
2024-07-14,Bhutan,Asia,0,62697,0,21
2024-07-21,Bhutan,Asia,0,62697,0,21
2024-07-28,Bhutan,Asia,0,62697,0,21
2024-08-04,Bhutan,Asia,0,62697,0,21
2024-08-11,Bhutan,Asia,0,62697,0,21
2024-08-18,Bhutan,Asia,0,62697,0,21
2024-08-25,Bhutan,Asia,0,62697,0,21
2024-09-01,Bhutan,Asia,0,62697,0,21
2020-01-05,Bolivia (Plurinational State of),South America,0,0,0,0
2020-01-12,Bolivia (Plurinational State of),South America,0,0,0,0
2020-01-19,Bolivia (Plurinational State of),South America,0,0,0,0
2020-01-26,Bolivia (Plurinational State of),South America,0,0,0,0
2020-02-02,Bolivia (Plurinational State of),South America,0,0,0,0
2020-02-09,Bolivia (Plurinational State of),South America,0,0,0,0
2020-02-16,Bolivia (Plurinational State of),South America,0,0,0,0
2020-02-23,Bolivia (Plurinational State of),South America,0,0,0,0
2020-03-01,Bolivia (Plurinational State of),South America,0,0,0,0
2020-03-08,Bolivia (Plurinational State of),South America,0,0,0,0
2020-03-15,Bolivia (Plurinational State of),South America,10,10,0,0
2020-03-22,Bolivia (Plurinational State of),South America,9,19,0,0
2020-03-29,Bolivia (Plurinational State of),South America,71,90,0,0
2020-04-05,Bolivia (Plurinational State of),South America,49,139,10,10
2020-04-12,Bolivia (Plurinational State of),South America,136,275,10,20
2020-04-19,Bolivia (Plurinational State of),South America,218,493,11,31
2020-04-26,Bolivia (Plurinational State of),South America,314,807,13,44
2020-05-03,Bolivia (Plurinational State of),South America,422,1229,22,66
2020-05-10,Bolivia (Plurinational State of),South America,1037,2266,40,106
2020-05-17,Bolivia (Plurinational State of),South America,1311,3577,58,164
2020-05-24,Bolivia (Plurinational State of),South America,2002,5579,66,230
2020-05-31,Bolivia (Plurinational State of),South America,3152,8731,70,300
2020-06-07,Bolivia (Plurinational State of),South America,3997,12728,127,427
2020-06-14,Bolivia (Plurinational State of),South America,4201,16929,132,559
2020-06-21,Bolivia (Plurinational State of),South America,5547,22476,156,715
2020-06-28,Bolivia (Plurinational State of),South America,6947,29423,219,934
2020-07-05,Bolivia (Plurinational State of),South America,7395,36818,386,1320
2020-07-12,Bolivia (Plurinational State of),South America,8747,45565,382,1702
2020-07-19,Bolivia (Plurinational State of),South America,10537,56102,347,2049
2020-07-26,Bolivia (Plurinational State of),South America,10354,66456,424,2473
2020-08-02,Bolivia (Plurinational State of),South America,10333,76789,504,2977
2020-08-09,Bolivia (Plurinational State of),South America,11102,87891,547,3524
2020-08-16,Bolivia (Plurinational State of),South America,10059,97950,415,3939
2020-08-23,Bolivia (Plurinational State of),South America,9485,107435,427,4366
2020-08-30,Bolivia (Plurinational State of),South America,6974,114409,480,4846
2020-09-06,Bolivia (Plurinational State of),South America,5171,119580,497,5343
2020-09-13,Bolivia (Plurinational State of),South America,5592,125172,1907,7250
2020-09-20,Bolivia (Plurinational State of),South America,4879,130051,300,7550
2020-09-27,Bolivia (Plurinational State of),South America,3171,133222,250,7800
2020-10-04,Bolivia (Plurinational State of),South America,2997,136219,245,8045
2020-10-11,Bolivia (Plurinational State of),South America,2007,138226,217,8262
2020-10-18,Bolivia (Plurinational State of),South America,1336,139562,177,8439
2020-10-25,Bolivia (Plurinational State of),South America,1050,140612,169,8608
2020-11-01,Bolivia (Plurinational State of),South America,1019,141631,107,8715
2020-11-08,Bolivia (Plurinational State of),South America,712,142343,66,8781
2020-11-15,Bolivia (Plurinational State of),South America,726,143069,54,8835
2020-11-22,Bolivia (Plurinational State of),South America,785,143854,65,8900
2020-11-29,Bolivia (Plurinational State of),South America,640,144494,43,8943
2020-12-06,Bolivia (Plurinational State of),South America,831,145325,44,8987
2020-12-13,Bolivia (Plurinational State of),South America,1372,146697,26,9013
2020-12-20,Bolivia (Plurinational State of),South America,2452,149149,20,9033
2020-12-27,Bolivia (Plurinational State of),South America,4441,153590,50,9083
2021-01-03,Bolivia (Plurinational State of),South America,7395,160985,92,9175
2021-01-10,Bolivia (Plurinational State of),South America,10169,171154,153,9328
2021-01-17,Bolivia (Plurinational State of),South America,12435,183589,243,9571
2021-01-24,Bolivia (Plurinational State of),South America,14668,198257,300,9871
2021-01-31,Bolivia (Plurinational State of),South America,15135,213392,355,10226
2021-02-07,Bolivia (Plurinational State of),South America,12518,225910,461,10687
2021-02-14,Bolivia (Plurinational State of),South America,9188,235098,420,11107
2021-02-21,Bolivia (Plurinational State of),South America,5578,240676,283,11390
2021-02-28,Bolivia (Plurinational State of),South America,7215,247891,219,11609
2021-03-07,Bolivia (Plurinational State of),South America,5406,253297,180,11789
2021-03-14,Bolivia (Plurinational State of),South America,5027,258324,114,11903
2021-03-21,Bolivia (Plurinational State of),South America,5484,263808,138,12041
2021-03-28,Bolivia (Plurinational State of),South America,4903,268711,102,12143
2021-04-04,Bolivia (Plurinational State of),South America,5236,273947,162,12305
2021-04-11,Bolivia (Plurinational State of),South America,6702,280649,123,12428
2021-04-18,Bolivia (Plurinational State of),South America,6711,287360,197,12625
2021-04-25,Bolivia (Plurinational State of),South America,8532,295892,158,12783
2021-05-02,Bolivia (Plurinational State of),South America,9702,305594,192,12975
2021-05-09,Bolivia (Plurinational State of),South America,10559,316153,207,13182
2021-05-16,Bolivia (Plurinational State of),South America,13580,329733,269,13451
2021-05-23,Bolivia (Plurinational State of),South America,16337,346070,406,13857
2021-05-30,Bolivia (Plurinational State of),South America,18500,364570,520,14377
2021-06-06,Bolivia (Plurinational State of),South America,18887,383457,523,14900
2021-06-13,Bolivia (Plurinational State of),South America,19834,403291,517,15417
2021-06-20,Bolivia (Plurinational State of),South America,16022,419313,592,16009
2021-06-27,Bolivia (Plurinational State of),South America,12047,431360,487,16496
2021-07-04,Bolivia (Plurinational State of),South America,11524,442884,383,16879
2021-07-11,Bolivia (Plurinational State of),South America,9792,452676,294,17173
2021-07-18,Bolivia (Plurinational State of),South America,8142,460818,233,17406
2021-07-25,Bolivia (Plurinational State of),South America,6525,467343,207,17613
2021-08-01,Bolivia (Plurinational State of),South America,5470,472813,193,17806
2021-08-08,Bolivia (Plurinational State of),South America,4449,477262,153,17959
2021-08-15,Bolivia (Plurinational State of),South America,4369,481631,193,18152
2021-08-22,Bolivia (Plurinational State of),South America,4295,485926,117,18269
2021-08-29,Bolivia (Plurinational State of),South America,3007,488933,102,18371
2021-09-05,Bolivia (Plurinational State of),South America,3287,492220,126,18497
2021-09-12,Bolivia (Plurinational State of),South America,2444,494664,71,18568
2021-09-19,Bolivia (Plurinational State of),South America,2036,496700,80,18648
2021-09-26,Bolivia (Plurinational State of),South America,1895,498595,48,18696
2021-10-03,Bolivia (Plurinational State of),South America,2228,500823,54,18750
2021-10-10,Bolivia (Plurinational State of),South America,2609,503432,39,18789
2021-10-17,Bolivia (Plurinational State of),South America,2718,506150,35,18824
2021-10-24,Bolivia (Plurinational State of),South America,3126,509276,72,18896
2021-10-31,Bolivia (Plurinational State of),South America,3836,513112,28,18924
2021-11-07,Bolivia (Plurinational State of),South America,4117,517229,36,18960
2021-11-14,Bolivia (Plurinational State of),South America,5301,522530,44,19004
2021-11-21,Bolivia (Plurinational State of),South America,5877,528407,47,19051
2021-11-28,Bolivia (Plurinational State of),South America,6708,535115,86,19137
2021-12-05,Bolivia (Plurinational State of),South America,5754,540869,68,19205
2021-12-12,Bolivia (Plurinational State of),South America,10647,551516,100,19305
2021-12-19,Bolivia (Plurinational State of),South America,11122,562638,103,19408
2021-12-26,Bolivia (Plurinational State of),South America,12609,575247,122,19530
2022-01-02,Bolivia (Plurinational State of),South America,24506,599753,150,19680
2022-01-09,Bolivia (Plurinational State of),South America,53066,652819,208,19888
2022-01-16,Bolivia (Plurinational State of),South America,72640,725459,261,20149
2022-01-23,Bolivia (Plurinational State of),South America,79218,804677,421,20570
2022-01-30,Bolivia (Plurinational State of),South America,37080,841757,254,20824
2022-02-06,Bolivia (Plurinational State of),South America,28135,869892,278,21102
2022-02-13,Bolivia (Plurinational State of),South America,13490,883382,182,21284
2022-02-20,Bolivia (Plurinational State of),South America,6129,889511,88,21372
2022-02-27,Bolivia (Plurinational State of),South America,2340,891851,34,21406
2022-03-06,Bolivia (Plurinational State of),South America,2700,894551,49,21455
2022-03-13,Bolivia (Plurinational State of),South America,2834,897385,18,21473
2022-03-20,Bolivia (Plurinational State of),South America,2312,899697,9,21482
2022-03-27,Bolivia (Plurinational State of),South America,1595,901292,5,21487
2022-04-03,Bolivia (Plurinational State of),South America,1156,902448,409,21896
2022-04-10,Bolivia (Plurinational State of),South America,858,903306,3,21899
2022-04-17,Bolivia (Plurinational State of),South America,582,903888,4,21903
2022-04-24,Bolivia (Plurinational State of),South America,324,904212,3,21906
2022-05-01,Bolivia (Plurinational State of),South America,671,904883,4,21910
2022-05-08,Bolivia (Plurinational State of),South America,472,905355,15,21925
2022-05-15,Bolivia (Plurinational State of),South America,465,905820,1,21926
2022-05-22,Bolivia (Plurinational State of),South America,1193,907013,17,21943
2022-05-29,Bolivia (Plurinational State of),South America,1370,908383,4,21947
2022-06-05,Bolivia (Plurinational State of),South America,1250,909633,1,21948
2022-06-12,Bolivia (Plurinational State of),South America,2002,911635,2,21950
2022-06-19,Bolivia (Plurinational State of),South America,2617,914252,1,21951
2022-06-26,Bolivia (Plurinational State of),South America,5485,919737,1,21952
2022-07-03,Bolivia (Plurinational State of),South America,8713,928450,3,21955
2022-07-10,Bolivia (Plurinational State of),South America,13857,942307,9,21964
2022-07-17,Bolivia (Plurinational State of),South America,14322,956629,13,21977
2022-07-24,Bolivia (Plurinational State of),South America,40986,997615,36,22013
2022-07-31,Bolivia (Plurinational State of),South America,34408,1032023,40,22053
2022-08-07,Bolivia (Plurinational State of),South America,28461,1060484,36,22089
2022-08-14,Bolivia (Plurinational State of),South America,16331,1076815,31,22120
2022-08-21,Bolivia (Plurinational State of),South America,14653,1091468,47,22167
2022-08-28,Bolivia (Plurinational State of),South America,7566,1099034,24,22191
2022-09-04,Bolivia (Plurinational State of),South America,4522,1103556,14,22205
2022-09-11,Bolivia (Plurinational State of),South America,2256,1105812,11,22216
2022-09-18,Bolivia (Plurinational State of),South America,1237,1107049,11,22227
2022-09-25,Bolivia (Plurinational State of),South America,733,1107782,5,22232
2022-10-02,Bolivia (Plurinational State of),South America,480,1108262,5,22237
2022-10-09,Bolivia (Plurinational State of),South America,386,1108648,0,22237
2022-10-16,Bolivia (Plurinational State of),South America,300,1108948,0,22237
2022-10-23,Bolivia (Plurinational State of),South America,264,1109212,2,22239
2022-10-30,Bolivia (Plurinational State of),South America,205,1109417,0,22239
2022-11-06,Bolivia (Plurinational State of),South America,164,1109581,1,22240
2022-11-13,Bolivia (Plurinational State of),South America,182,1109763,3,22243
2022-11-20,Bolivia (Plurinational State of),South America,407,1110170,1,22244
2022-11-27,Bolivia (Plurinational State of),South America,438,1110608,1,22245
2022-12-04,Bolivia (Plurinational State of),South America,1038,1111646,3,22248
2022-12-11,Bolivia (Plurinational State of),South America,5786,1117432,5,22253
2022-12-18,Bolivia (Plurinational State of),South America,10152,1127584,9,22262
2022-12-25,Bolivia (Plurinational State of),South America,19157,1146741,18,22280
2023-01-01,Bolivia (Plurinational State of),South America,14277,1161018,19,22299
2023-01-08,Bolivia (Plurinational State of),South America,9349,1170367,19,22318
2023-01-15,Bolivia (Plurinational State of),South America,8133,1178500,11,22329
2023-01-22,Bolivia (Plurinational State of),South America,5205,1183705,13,22342
2023-01-29,Bolivia (Plurinational State of),South America,3387,1187092,3,22345
2023-02-05,Bolivia (Plurinational State of),South America,2365,1189457,7,22352
2023-02-12,Bolivia (Plurinational State of),South America,1461,1190918,2,22354
2023-02-19,Bolivia (Plurinational State of),South America,974,1191892,5,22359
2023-02-26,Bolivia (Plurinational State of),South America,804,1192696,5,22364
2023-03-05,Bolivia (Plurinational State of),South America,1119,1193815,1,22365
2023-03-12,Bolivia (Plurinational State of),South America,572,1194387,1,22366
2023-03-19,Bolivia (Plurinational State of),South America,677,1195064,2,22368
2023-03-26,Bolivia (Plurinational State of),South America,457,1195521,4,22372
2023-04-02,Bolivia (Plurinational State of),South America,359,1195880,2,22374
2023-04-09,Bolivia (Plurinational State of),South America,0,1195880,0,22374
2023-04-16,Bolivia (Plurinational State of),South America,536,1196416,1,22375
2023-04-23,Bolivia (Plurinational State of),South America,403,1196819,1,22376
2023-04-30,Bolivia (Plurinational State of),South America,420,1197239,1,22377
2023-05-07,Bolivia (Plurinational State of),South America,411,1197650,3,22380
2023-05-14,Bolivia (Plurinational State of),South America,333,1197983,2,22382
2023-05-21,Bolivia (Plurinational State of),South America,380,1198363,0,22382
2023-05-28,Bolivia (Plurinational State of),South America,436,1198799,1,22383
2023-06-04,Bolivia (Plurinational State of),South America,557,1199356,0,22383
2023-06-11,Bolivia (Plurinational State of),South America,691,1200047,0,22383
2023-06-18,Bolivia (Plurinational State of),South America,779,1200826,0,22383
2023-06-25,Bolivia (Plurinational State of),South America,1158,1201984,0,22383
2023-07-02,Bolivia (Plurinational State of),South America,1105,1203089,0,22383
2023-07-09,Bolivia (Plurinational State of),South America,1019,1204108,0,22383
2023-07-16,Bolivia (Plurinational State of),South America,903,1205011,0,22383
2023-07-23,Bolivia (Plurinational State of),South America,742,1205753,0,22383
2023-07-30,Bolivia (Plurinational State of),South America,551,1206304,0,22383
2023-08-06,Bolivia (Plurinational State of),South America,459,1206763,0,22383
2023-08-13,Bolivia (Plurinational State of),South America,364,1207127,0,22383
2023-08-20,Bolivia (Plurinational State of),South America,296,1207423,0,22383
2023-08-27,Bolivia (Plurinational State of),South America,284,1207707,0,22383
2023-09-03,Bolivia (Plurinational State of),South America,286,1207993,0,22383
2023-09-10,Bolivia (Plurinational State of),South America,266,1208259,0,22383
2023-09-17,Bolivia (Plurinational State of),South America,191,1208450,0,22383
2023-09-24,Bolivia (Plurinational State of),South America,161,1208611,0,22383
2023-10-01,Bolivia (Plurinational State of),South America,200,1208811,0,22383
2023-10-08,Bolivia (Plurinational State of),South America,163,1208974,0,22383
2023-10-15,Bolivia (Plurinational State of),South America,174,1209148,1,22384
2023-10-22,Bolivia (Plurinational State of),South America,175,1209323,0,22384
2023-10-29,Bolivia (Plurinational State of),South America,193,1209516,1,22385
2023-11-05,Bolivia (Plurinational State of),South America,179,1209695,0,22385
2023-11-12,Bolivia (Plurinational State of),South America,168,1209863,0,22385
2023-11-19,Bolivia (Plurinational State of),South America,150,1210013,0,22385
2023-11-26,Bolivia (Plurinational State of),South America,162,1210175,0,22385
2023-12-03,Bolivia (Plurinational State of),South America,163,1210338,0,22385
2023-12-10,Bolivia (Plurinational State of),South America,195,1210533,0,22385
2023-12-17,Bolivia (Plurinational State of),South America,280,1210813,0,22385
2023-12-24,Bolivia (Plurinational State of),South America,459,1211272,0,22385
2023-12-31,Bolivia (Plurinational State of),South America,824,1212096,0,22385
2024-01-07,Bolivia (Plurinational State of),South America,12,1212108,1,22386
2024-01-14,Bolivia (Plurinational State of),South America,9,1212117,0,22386
2024-01-21,Bolivia (Plurinational State of),South America,7,1212124,0,22386
2024-01-28,Bolivia (Plurinational State of),South America,4,1212128,0,22386
2024-02-04,Bolivia (Plurinational State of),South America,6,1212134,0,22386
2024-02-11,Bolivia (Plurinational State of),South America,3,1212137,1,22387
2024-02-18,Bolivia (Plurinational State of),South America,0,1212137,0,22387
2024-02-25,Bolivia (Plurinational State of),South America,1,1212138,0,22387
2024-03-03,Bolivia (Plurinational State of),South America,2,1212140,0,22387
2024-03-10,Bolivia (Plurinational State of),South America,0,1212140,0,22387
2024-03-17,Bolivia (Plurinational State of),South America,0,1212140,0,22387
2024-03-24,Bolivia (Plurinational State of),South America,0,1212140,0,22387
2024-03-31,Bolivia (Plurinational State of),South America,1,1212141,0,22387
2024-04-07,Bolivia (Plurinational State of),South America,1,1212142,0,22387
2024-04-14,Bolivia (Plurinational State of),South America,1,1212143,0,22387
2024-04-21,Bolivia (Plurinational State of),South America,0,1212143,0,22387
2024-04-28,Bolivia (Plurinational State of),South America,0,1212143,0,22387
2024-05-05,Bolivia (Plurinational State of),South America,0,1212143,0,22387
2024-05-12,Bolivia (Plurinational State of),South America,0,1212143,0,22387
2024-05-19,Bolivia (Plurinational State of),South America,0,1212143,0,22387
2024-05-26,Bolivia (Plurinational State of),South America,1,1212144,0,22387
2024-06-02,Bolivia (Plurinational State of),South America,0,1212144,0,22387
2024-06-09,Bolivia (Plurinational State of),South America,0,1212144,0,22387
2024-06-16,Bolivia (Plurinational State of),South America,0,1212144,0,22387
2024-06-23,Bolivia (Plurinational State of),South America,0,1212144,0,22387
2024-06-30,Bolivia (Plurinational State of),South America,0,1212144,0,22387
2024-07-07,Bolivia (Plurinational State of),South America,0,1212144,0,22387
2024-07-14,Bolivia (Plurinational State of),South America,1,1212145,0,22387
2024-07-21,Bolivia (Plurinational State of),South America,0,1212145,0,22387
2024-07-28,Bolivia (Plurinational State of),South America,0,1212145,0,22387
2024-08-04,Bolivia (Plurinational State of),South America,2,1212147,0,22387
2024-08-11,Bolivia (Plurinational State of),South America,0,1212147,0,22387
2024-08-18,Bolivia (Plurinational State of),South America,1,1212148,0,22387
2024-08-25,Bolivia (Plurinational State of),South America,1,1212149,0,22387
2024-09-01,Bolivia (Plurinational State of),South America,0,1212149,0,22387
2020-01-05,"Bonaire, Saint Eustatius and Saba",North America,0,0,0,0
2020-01-12,"Bonaire, Saint Eustatius and Saba",North America,0,0,0,0
2020-01-19,"Bonaire, Saint Eustatius and Saba",North America,0,0,0,0
2020-01-26,"Bonaire, Saint Eustatius and Saba",North America,0,0,0,0
2020-02-02,"Bonaire, Saint Eustatius and Saba",North America,0,0,0,0
2020-02-09,"Bonaire, Saint Eustatius and Saba",North America,0,0,0,0
2020-02-16,"Bonaire, Saint Eustatius and Saba",North America,0,0,0,0
2020-02-23,"Bonaire, Saint Eustatius and Saba",North America,0,0,0,0
2020-03-01,"Bonaire, Saint Eustatius and Saba",North America,0,0,0,0
2020-03-08,"Bonaire, Saint Eustatius and Saba",North America,0,0,0,0
2020-03-15,"Bonaire, Saint Eustatius and Saba",North America,0,0,0,0
2020-03-22,"Bonaire, Saint Eustatius and Saba",North America,0,0,0,0
2020-03-29,"Bonaire, Saint Eustatius and Saba",North America,0,0,0,0
2020-04-05,"Bonaire, Saint Eustatius and Saba",North America,2,2,0,0
2020-04-12,"Bonaire, Saint Eustatius and Saba",North America,1,3,0,0
2020-04-19,"Bonaire, Saint Eustatius and Saba",North America,2,5,0,0
2020-04-26,"Bonaire, Saint Eustatius and Saba",North America,0,5,0,0
2020-05-03,"Bonaire, Saint Eustatius and Saba",North America,1,6,0,0
2020-05-10,"Bonaire, Saint Eustatius and Saba",North America,0,6,0,0
2020-05-17,"Bonaire, Saint Eustatius and Saba",North America,0,6,0,0
2020-05-24,"Bonaire, Saint Eustatius and Saba",North America,0,6,0,0
2020-05-31,"Bonaire, Saint Eustatius and Saba",North America,1,7,0,0
2020-06-07,"Bonaire, Saint Eustatius and Saba",North America,0,7,0,0
2020-06-14,"Bonaire, Saint Eustatius and Saba",North America,0,7,0,0
2020-06-21,"Bonaire, Saint Eustatius and Saba",North America,0,7,0,0
2020-06-28,"Bonaire, Saint Eustatius and Saba",North America,0,7,0,0
2020-07-05,"Bonaire, Saint Eustatius and Saba",North America,0,7,0,0
2020-07-12,"Bonaire, Saint Eustatius and Saba",North America,0,7,0,0
2020-07-19,"Bonaire, Saint Eustatius and Saba",North America,3,10,0,0
2020-07-26,"Bonaire, Saint Eustatius and Saba",North America,1,11,0,0
2020-08-02,"Bonaire, Saint Eustatius and Saba",North America,0,11,0,0
2020-08-09,"Bonaire, Saint Eustatius and Saba",North America,2,13,0,0
2020-08-16,"Bonaire, Saint Eustatius and Saba",North America,0,13,0,0
2020-08-23,"Bonaire, Saint Eustatius and Saba",North America,0,13,0,0
2020-08-30,"Bonaire, Saint Eustatius and Saba",North America,2,15,0,0
2020-09-06,"Bonaire, Saint Eustatius and Saba",North America,3,18,0,0
2020-09-13,"Bonaire, Saint Eustatius and Saba",North America,7,25,0,0
2020-09-20,"Bonaire, Saint Eustatius and Saba",North America,11,36,1,1
2020-09-27,"Bonaire, Saint Eustatius and Saba",North America,49,85,0,1
2020-10-04,"Bonaire, Saint Eustatius and Saba",North America,36,121,0,1
2020-10-11,"Bonaire, Saint Eustatius and Saba",North America,27,148,1,2
2020-10-18,"Bonaire, Saint Eustatius and Saba",North America,2,150,0,2
2020-10-25,"Bonaire, Saint Eustatius and Saba",North America,0,150,1,3
2020-11-01,"Bonaire, Saint Eustatius and Saba",North America,3,153,0,3
2020-11-08,"Bonaire, Saint Eustatius and Saba",North America,1,154,0,3
2020-11-15,"Bonaire, Saint Eustatius and Saba",North America,1,155,0,3
2020-11-22,"Bonaire, Saint Eustatius and Saba",North America,3,158,0,3
2020-11-29,"Bonaire, Saint Eustatius and Saba",North America,3,161,0,3
2020-12-06,"Bonaire, Saint Eustatius and Saba",North America,2,163,0,3
2020-12-13,"Bonaire, Saint Eustatius and Saba",North America,10,173,0,3
2020-12-20,"Bonaire, Saint Eustatius and Saba",North America,4,177,0,3
2020-12-27,"Bonaire, Saint Eustatius and Saba",North America,5,182,0,3
2021-01-03,"Bonaire, Saint Eustatius and Saba",North America,7,189,0,3
2021-01-10,"Bonaire, Saint Eustatius and Saba",North America,89,278,0,3
2021-01-17,"Bonaire, Saint Eustatius and Saba",North America,75,353,0,3
2021-01-24,"Bonaire, Saint Eustatius and Saba",North America,23,376,0,3
2021-01-31,"Bonaire, Saint Eustatius and Saba",North America,12,388,0,3
2021-02-07,"Bonaire, Saint Eustatius and Saba",North America,4,392,0,3
2021-02-14,"Bonaire, Saint Eustatius and Saba",North America,6,398,1,4
2021-02-21,"Bonaire, Saint Eustatius and Saba",North America,15,413,0,4
2021-02-28,"Bonaire, Saint Eustatius and Saba",North America,19,432,0,4
2021-03-07,"Bonaire, Saint Eustatius and Saba",North America,49,481,1,5
2021-03-14,"Bonaire, Saint Eustatius and Saba",North America,178,659,1,6
2021-03-21,"Bonaire, Saint Eustatius and Saba",North America,286,945,0,6
2021-03-28,"Bonaire, Saint Eustatius and Saba",North America,302,1247,4,10
2021-04-04,"Bonaire, Saint Eustatius and Saba",North America,164,1411,1,11
2021-04-11,"Bonaire, Saint Eustatius and Saba",North America,90,1501,3,14
2021-04-18,"Bonaire, Saint Eustatius and Saba",North America,36,1537,0,14
2021-04-25,"Bonaire, Saint Eustatius and Saba",North America,16,1553,1,15
2021-05-02,"Bonaire, Saint Eustatius and Saba",North America,4,1557,1,16
2021-05-09,"Bonaire, Saint Eustatius and Saba",North America,17,1574,0,16
2021-05-16,"Bonaire, Saint Eustatius and Saba",North America,17,1591,1,17
2021-05-23,"Bonaire, Saint Eustatius and Saba",North America,16,1607,0,17
2021-05-30,"Bonaire, Saint Eustatius and Saba",North America,5,1612,0,17
2021-06-06,"Bonaire, Saint Eustatius and Saba",North America,4,1616,0,17
2021-06-13,"Bonaire, Saint Eustatius and Saba",North America,2,1618,0,17
2021-06-20,"Bonaire, Saint Eustatius and Saba",North America,12,1630,0,17
2021-06-27,"Bonaire, Saint Eustatius and Saba",North America,6,1636,0,17
2021-07-04,"Bonaire, Saint Eustatius and Saba",North America,15,1651,0,17
2021-07-11,"Bonaire, Saint Eustatius and Saba",North America,4,1655,0,17
2021-07-18,"Bonaire, Saint Eustatius and Saba",North America,13,1668,0,17
2021-07-25,"Bonaire, Saint Eustatius and Saba",North America,22,1690,0,17
2021-08-01,"Bonaire, Saint Eustatius and Saba",North America,15,1705,0,17
2021-08-08,"Bonaire, Saint Eustatius and Saba",North America,10,1715,0,17
2021-08-15,"Bonaire, Saint Eustatius and Saba",North America,23,1738,0,17
2021-08-22,"Bonaire, Saint Eustatius and Saba",North America,29,1767,0,17
2021-08-29,"Bonaire, Saint Eustatius and Saba",North America,16,1783,0,17
2021-09-05,"Bonaire, Saint Eustatius and Saba",North America,18,1801,0,17
2021-09-12,"Bonaire, Saint Eustatius and Saba",North America,94,1895,0,17
2021-09-19,"Bonaire, Saint Eustatius and Saba",North America,61,1956,0,17
2021-09-26,"Bonaire, Saint Eustatius and Saba",North America,42,1998,1,18
2021-10-03,"Bonaire, Saint Eustatius and Saba",North America,101,2099,2,20
2021-10-10,"Bonaire, Saint Eustatius and Saba",North America,105,2204,0,20
2021-10-17,"Bonaire, Saint Eustatius and Saba",North America,102,2306,-1,19
2021-10-24,"Bonaire, Saint Eustatius and Saba",North America,67,2373,0,19
2021-10-31,"Bonaire, Saint Eustatius and Saba",North America,38,2411,0,19
2021-11-07,"Bonaire, Saint Eustatius and Saba",North America,64,2475,0,19
2021-11-14,"Bonaire, Saint Eustatius and Saba",North America,109,2584,2,21
2021-11-21,"Bonaire, Saint Eustatius and Saba",North America,86,2670,0,21
2021-11-28,"Bonaire, Saint Eustatius and Saba",North America,156,2826,1,22
2021-12-05,"Bonaire, Saint Eustatius and Saba",North America,172,2998,0,22
2021-12-12,"Bonaire, Saint Eustatius and Saba",North America,112,3110,0,22
2021-12-19,"Bonaire, Saint Eustatius and Saba",North America,67,3177,0,22
2021-12-26,"Bonaire, Saint Eustatius and Saba",North America,62,3239,0,22
2022-01-02,"Bonaire, Saint Eustatius and Saba",North America,186,3425,1,23
2022-01-09,"Bonaire, Saint Eustatius and Saba",North America,687,4112,0,23
2022-01-16,"Bonaire, Saint Eustatius and Saba",North America,1041,5153,2,25
2022-01-23,"Bonaire, Saint Eustatius and Saba",North America,919,6072,2,27
2022-01-30,"Bonaire, Saint Eustatius and Saba",North America,778,6850,0,27
2022-02-06,"Bonaire, Saint Eustatius and Saba",North America,296,7146,2,29
2022-02-13,"Bonaire, Saint Eustatius and Saba",North America,228,7374,2,31
2022-02-20,"Bonaire, Saint Eustatius and Saba",North America,124,7498,0,31
2022-02-27,"Bonaire, Saint Eustatius and Saba",North America,84,7582,0,31
2022-03-06,"Bonaire, Saint Eustatius and Saba",North America,40,7622,0,31
2022-03-13,"Bonaire, Saint Eustatius and Saba",North America,11,7633,0,31
2022-03-20,"Bonaire, Saint Eustatius and Saba",North America,20,7653,0,31
2022-03-27,"Bonaire, Saint Eustatius and Saba",North America,386,8039,0,31
2022-04-03,"Bonaire, Saint Eustatius and Saba",North America,150,8189,0,31
2022-04-10,"Bonaire, Saint Eustatius and Saba",North America,694,8883,2,33
2022-04-17,"Bonaire, Saint Eustatius and Saba",North America,161,9044,0,33
2022-04-24,"Bonaire, Saint Eustatius and Saba",North America,547,9591,1,34
2022-05-01,"Bonaire, Saint Eustatius and Saba",North America,154,9745,0,34
2022-05-08,"Bonaire, Saint Eustatius and Saba",North America,89,9834,0,34
2022-05-15,"Bonaire, Saint Eustatius and Saba",North America,109,9943,1,35
2022-05-22,"Bonaire, Saint Eustatius and Saba",North America,75,10018,0,35
2022-05-29,"Bonaire, Saint Eustatius and Saba",North America,58,10076,0,35
2022-06-05,"Bonaire, Saint Eustatius and Saba",North America,47,10123,0,35
2022-06-12,"Bonaire, Saint Eustatius and Saba",North America,71,10194,1,36
2022-06-19,"Bonaire, Saint Eustatius and Saba",North America,55,10249,0,36
2022-06-26,"Bonaire, Saint Eustatius and Saba",North America,71,10320,1,37
2022-07-03,"Bonaire, Saint Eustatius and Saba",North America,85,10405,0,37
2022-07-10,"Bonaire, Saint Eustatius and Saba",North America,27,10432,0,37
2022-07-17,"Bonaire, Saint Eustatius and Saba",North America,123,10555,0,37
2022-07-24,"Bonaire, Saint Eustatius and Saba",North America,183,10738,0,37
2022-07-31,"Bonaire, Saint Eustatius and Saba",North America,96,10834,0,37
2022-08-07,"Bonaire, Saint Eustatius and Saba",North America,63,10897,0,37
2022-08-14,"Bonaire, Saint Eustatius and Saba",North America,102,10999,0,37
2022-08-21,"Bonaire, Saint Eustatius and Saba",North America,92,11091,0,37
2022-08-28,"Bonaire, Saint Eustatius and Saba",North America,82,11173,1,38
2022-09-04,"Bonaire, Saint Eustatius and Saba",North America,57,11230,0,38
2022-09-11,"Bonaire, Saint Eustatius and Saba",North America,49,11279,0,38
2022-09-18,"Bonaire, Saint Eustatius and Saba",North America,27,11306,0,38
2022-09-25,"Bonaire, Saint Eustatius and Saba",North America,17,11323,0,38
2022-10-02,"Bonaire, Saint Eustatius and Saba",North America,22,11345,0,38
2022-10-09,"Bonaire, Saint Eustatius and Saba",North America,21,11366,0,38
2022-10-16,"Bonaire, Saint Eustatius and Saba",North America,29,11395,0,38
2022-10-23,"Bonaire, Saint Eustatius and Saba",North America,32,11427,0,38
2022-10-30,"Bonaire, Saint Eustatius and Saba",North America,23,11450,0,38
2022-11-06,"Bonaire, Saint Eustatius and Saba",North America,17,11467,0,38
2022-11-13,"Bonaire, Saint Eustatius and Saba",North America,23,11490,0,38
2022-11-20,"Bonaire, Saint Eustatius and Saba",North America,26,11516,0,38
2022-11-27,"Bonaire, Saint Eustatius and Saba",North America,28,11544,0,38
2022-12-04,"Bonaire, Saint Eustatius and Saba",North America,11,11555,0,38
2022-12-11,"Bonaire, Saint Eustatius and Saba",North America,41,11596,0,38
2022-12-18,"Bonaire, Saint Eustatius and Saba",North America,65,11661,0,38
2022-12-25,"Bonaire, Saint Eustatius and Saba",North America,55,11716,1,39
2023-01-01,"Bonaire, Saint Eustatius and Saba",North America,0,11716,1,40
2023-01-08,"Bonaire, Saint Eustatius and Saba",North America,48,11764,1,41
2023-01-15,"Bonaire, Saint Eustatius and Saba",North America,12,11776,0,41
2023-01-22,"Bonaire, Saint Eustatius and Saba",North America,3,11779,0,41
2023-01-29,"Bonaire, Saint Eustatius and Saba",North America,4,11783,0,41
2023-02-05,"Bonaire, Saint Eustatius and Saba",North America,11,11794,0,41
2023-02-12,"Bonaire, Saint Eustatius and Saba",North America,3,11797,0,41
2023-02-19,"Bonaire, Saint Eustatius and Saba",North America,2,11799,0,41
2023-02-26,"Bonaire, Saint Eustatius and Saba",North America,5,11804,0,41
2023-03-05,"Bonaire, Saint Eustatius and Saba",North America,7,11811,0,41
2023-03-12,"Bonaire, Saint Eustatius and Saba",North America,0,11811,0,41
2023-03-19,"Bonaire, Saint Eustatius and Saba",North America,1,11812,0,41
2023-03-26,"Bonaire, Saint Eustatius and Saba",North America,35,11847,0,41
2023-04-02,"Bonaire, Saint Eustatius and Saba",North America,38,11885,0,41
2023-04-09,"Bonaire, Saint Eustatius and Saba",North America,0,11885,0,41
2023-04-16,"Bonaire, Saint Eustatius and Saba",North America,0,11885,0,41
2023-04-23,"Bonaire, Saint Eustatius and Saba",North America,0,11885,0,41
2023-04-30,"Bonaire, Saint Eustatius and Saba",North America,0,11885,0,41
2023-05-07,"Bonaire, Saint Eustatius and Saba",North America,24,11909,0,41
2023-05-14,"Bonaire, Saint Eustatius and Saba",North America,0,11909,0,41
2023-05-21,"Bonaire, Saint Eustatius and Saba",North America,0,11909,0,41
2023-05-28,"Bonaire, Saint Eustatius and Saba",North America,0,11909,0,41
2023-06-04,"Bonaire, Saint Eustatius and Saba",North America,12,11921,0,41
2023-06-11,"Bonaire, Saint Eustatius and Saba",North America,0,11921,0,41
2023-06-18,"Bonaire, Saint Eustatius and Saba",North America,0,11921,0,41
2023-06-25,"Bonaire, Saint Eustatius and Saba",North America,0,11921,0,41
2023-07-02,"Bonaire, Saint Eustatius and Saba",North America,0,11921,0,41
2023-07-09,"Bonaire, Saint Eustatius and Saba",North America,1,11922,0,41
2023-07-16,"Bonaire, Saint Eustatius and Saba",North America,0,11922,0,41
2023-07-23,"Bonaire, Saint Eustatius and Saba",North America,0,11922,0,41
2023-07-30,"Bonaire, Saint Eustatius and Saba",North America,0,11922,0,41
2023-08-06,"Bonaire, Saint Eustatius and Saba",North America,0,11922,0,41
2023-08-13,"Bonaire, Saint Eustatius and Saba",North America,0,11922,0,41
2023-08-20,"Bonaire, Saint Eustatius and Saba",North America,0,11922,0,41
2023-08-27,"Bonaire, Saint Eustatius and Saba",North America,0,11922,0,41
2023-09-03,"Bonaire, Saint Eustatius and Saba",North America,0,11922,0,41
2023-09-10,"Bonaire, Saint Eustatius and Saba",North America,0,11922,0,41
2023-09-17,"Bonaire, Saint Eustatius and Saba",North America,0,11922,0,41
2023-09-24,"Bonaire, Saint Eustatius and Saba",North America,0,11922,0,41
2023-10-01,"Bonaire, Saint Eustatius and Saba",North America,0,11922,0,41
2023-10-08,"Bonaire, Saint Eustatius and Saba",North America,0,11922,0,41
2023-10-15,"Bonaire, Saint Eustatius and Saba",North America,0,11922,0,41
2023-10-22,"Bonaire, Saint Eustatius and Saba",North America,0,11922,0,41
2023-10-29,"Bonaire, Saint Eustatius and Saba",North America,0,11922,0,41
2023-11-05,"Bonaire, Saint Eustatius and Saba",North America,0,11922,0,41
2023-11-12,"Bonaire, Saint Eustatius and Saba",North America,0,11922,0,41
2023-11-19,"Bonaire, Saint Eustatius and Saba",North America,0,11922,0,41
2023-11-26,"Bonaire, Saint Eustatius and Saba",North America,0,11922,0,41
2023-12-03,"Bonaire, Saint Eustatius and Saba",North America,0,11922,0,41
2023-12-10,"Bonaire, Saint Eustatius and Saba",North America,0,11922,0,41
2023-12-17,"Bonaire, Saint Eustatius and Saba",North America,0,11922,0,41
2023-12-24,"Bonaire, Saint Eustatius and Saba",North America,0,11922,0,41
2023-12-31,"Bonaire, Saint Eustatius and Saba",North America,0,11922,0,41
2024-01-07,"Bonaire, Saint Eustatius and Saba",North America,0,11922,0,41
2024-01-14,"Bonaire, Saint Eustatius and Saba",North America,0,11922,0,41
2024-01-21,"Bonaire, Saint Eustatius and Saba",North America,0,11922,0,41
2024-01-28,"Bonaire, Saint Eustatius and Saba",North America,0,11922,0,41
2024-02-04,"Bonaire, Saint Eustatius and Saba",North America,0,11922,0,41
2024-02-11,"Bonaire, Saint Eustatius and Saba",North America,0,11922,0,41
2024-02-18,"Bonaire, Saint Eustatius and Saba",North America,0,11922,0,41
2024-02-25,"Bonaire, Saint Eustatius and Saba",North America,0,11922,0,41
2024-03-03,"Bonaire, Saint Eustatius and Saba",North America,0,11922,0,41
2024-03-10,"Bonaire, Saint Eustatius and Saba",North America,0,11922,0,41
2024-03-17,"Bonaire, Saint Eustatius and Saba",North America,0,11922,0,41
2024-03-24,"Bonaire, Saint Eustatius and Saba",North America,0,11922,0,41
2024-03-31,"Bonaire, Saint Eustatius and Saba",North America,0,11922,0,41
2024-04-07,"Bonaire, Saint Eustatius and Saba",North America,0,11922,0,41
2024-04-14,"Bonaire, Saint Eustatius and Saba",North America,0,11922,0,41
2024-04-21,"Bonaire, Saint Eustatius and Saba",North America,0,11922,0,41
2024-04-28,"Bonaire, Saint Eustatius and Saba",North America,0,11922,0,41
2024-05-05,"Bonaire, Saint Eustatius and Saba",North America,0,11922,0,41
2024-05-12,"Bonaire, Saint Eustatius and Saba",North America,0,11922,0,41
2024-05-19,"Bonaire, Saint Eustatius and Saba",North America,0,11922,0,41
2024-05-26,"Bonaire, Saint Eustatius and Saba",North America,0,11922,0,41
2024-06-02,"Bonaire, Saint Eustatius and Saba",North America,0,11922,0,41
2024-06-09,"Bonaire, Saint Eustatius and Saba",North America,0,11922,0,41
2024-06-16,"Bonaire, Saint Eustatius and Saba",North America,0,11922,0,41
2024-06-23,"Bonaire, Saint Eustatius and Saba",North America,0,11922,0,41
2024-06-30,"Bonaire, Saint Eustatius and Saba",North America,0,11922,0,41
2024-07-07,"Bonaire, Saint Eustatius and Saba",North America,0,11922,0,41
2024-07-14,"Bonaire, Saint Eustatius and Saba",North America,0,11922,0,41
2024-07-21,"Bonaire, Saint Eustatius and Saba",North America,0,11922,0,41
2024-07-28,"Bonaire, Saint Eustatius and Saba",North America,0,11922,0,41
2024-08-04,"Bonaire, Saint Eustatius and Saba",North America,0,11922,0,41
2024-08-11,"Bonaire, Saint Eustatius and Saba",North America,0,11922,0,41
2024-08-18,"Bonaire, Saint Eustatius and Saba",North America,0,11922,0,41
2024-08-25,"Bonaire, Saint Eustatius and Saba",North America,0,11922,0,41
2024-09-01,"Bonaire, Saint Eustatius and Saba",North America,0,11922,0,41
2020-01-05,Bosnia and Herzegovina,Europe,0,0,0,0
2020-01-12,Bosnia and Herzegovina,Europe,0,0,0,0
2020-01-19,Bosnia and Herzegovina,Europe,0,0,0,0
2020-01-26,Bosnia and Herzegovina,Europe,0,0,0,0
2020-02-02,Bosnia and Herzegovina,Europe,0,0,0,0
2020-02-09,Bosnia and Herzegovina,Europe,0,0,0,0
2020-02-16,Bosnia and Herzegovina,Europe,0,0,0,0
2020-02-23,Bosnia and Herzegovina,Europe,0,0,0,0
2020-03-01,Bosnia and Herzegovina,Europe,0,0,0,0
2020-03-08,Bosnia and Herzegovina,Europe,2,2,0,0
2020-03-15,Bosnia and Herzegovina,Europe,11,13,0,0
2020-03-22,Bosnia and Herzegovina,Europe,112,125,1,1
2020-03-29,Bosnia and Herzegovina,Europe,193,318,5,6
2020-04-05,Bosnia and Herzegovina,Europe,301,619,15,21
2020-04-12,Bosnia and Herzegovina,Europe,316,935,16,37
2020-04-19,Bosnia and Herzegovina,Europe,333,1268,10,47
2020-04-26,Bosnia and Herzegovina,Europe,218,1486,10,57
2020-05-03,Bosnia and Herzegovina,Europe,353,1839,15,72
2020-05-10,Bosnia and Herzegovina,Europe,251,2090,30,102
2020-05-17,Bosnia and Herzegovina,Europe,177,2267,27,129
2020-05-24,Bosnia and Herzegovina,Europe,124,2391,12,141
2020-05-31,Bosnia and Herzegovina,Europe,103,2494,12,153
2020-06-07,Bosnia and Herzegovina,Europe,152,2646,6,159
2020-06-14,Bosnia and Herzegovina,Europe,247,2893,4,163
2020-06-21,Bosnia and Herzegovina,Europe,454,3347,7,170
2020-06-28,Bosnia and Herzegovina,Europe,751,4098,10,180
2020-07-05,Bosnia and Herzegovina,Europe,1152,5250,13,193
2020-07-12,Bosnia and Herzegovina,Europe,1470,6720,26,219
2020-07-19,Bosnia and Herzegovina,Europe,1444,8164,29,248
2020-07-26,Bosnia and Herzegovina,Europe,1888,10052,37,285
2020-08-02,Bosnia and Herzegovina,Europe,1824,11876,54,339
2020-08-09,Bosnia and Herzegovina,Europe,2213,14089,63,402
2020-08-16,Bosnia and Herzegovina,Europe,1701,15790,69,471
2020-08-23,Bosnia and Herzegovina,Europe,1924,17714,60,531
2020-08-30,Bosnia and Herzegovina,Europe,1836,19550,63,594
2020-09-06,Bosnia and Herzegovina,Europe,1889,21439,57,651
2020-09-13,Bosnia and Herzegovina,Europe,1700,23139,39,690
2020-09-20,Bosnia and Herzegovina,Europe,2078,25217,68,758
2020-09-27,Bosnia and Herzegovina,Europe,1582,26799,57,815
2020-10-04,Bosnia and Herzegovina,Europe,1438,28237,62,877
2020-10-11,Bosnia and Herzegovina,Europe,2108,30345,50,927
2020-10-18,Bosnia and Herzegovina,Europe,3212,33557,55,982
2020-10-25,Bosnia and Herzegovina,Europe,6201,39758,89,1071
2020-11-01,Bosnia and Herzegovina,Europe,10332,50090,163,1234
2020-11-08,Bosnia and Herzegovina,Europe,11122,61212,256,1490
2020-11-15,Bosnia and Herzegovina,Europe,9688,70900,367,1857
2020-11-22,Bosnia and Herzegovina,Europe,8409,79309,392,2249
2020-11-29,Bosnia and Herzegovina,Europe,7401,86710,327,2576
2020-12-06,Bosnia and Herzegovina,Europe,7058,93768,346,2922
2020-12-13,Bosnia and Herzegovina,Europe,6538,100306,376,3298
2020-12-20,Bosnia and Herzegovina,Europe,5218,105524,327,3625
2020-12-27,Bosnia and Herzegovina,Europe,3806,109330,298,3923
2021-01-03,Bosnia and Herzegovina,Europe,3015,112345,177,4100
2021-01-10,Bosnia and Herzegovina,Europe,3034,115379,205,4305
2021-01-17,Bosnia and Herzegovina,Europe,2414,117793,144,4449
2021-01-24,Bosnia and Herzegovina,Europe,2047,119840,120,4569
2021-01-31,Bosnia and Herzegovina,Europe,2051,121891,127,4696
2021-02-07,Bosnia and Herzegovina,Europe,1813,123704,95,4791
2021-02-14,Bosnia and Herzegovina,Europe,1938,125642,101,4892
2021-02-21,Bosnia and Herzegovina,Europe,2407,128049,103,4995
2021-02-28,Bosnia and Herzegovina,Europe,3641,131690,93,5088
2021-03-07,Bosnia and Herzegovina,Europe,4808,136498,159,5247
2021-03-14,Bosnia and Herzegovina,Europe,6720,143218,241,5488
2021-03-21,Bosnia and Herzegovina,Europe,9536,152754,329,5817
2021-03-28,Bosnia and Herzegovina,Europe,11121,163875,461,6278
2021-04-04,Bosnia and Herzegovina,Europe,10971,174846,507,6785
2021-04-11,Bosnia and Herzegovina,Europe,8279,183125,555,7340
2021-04-18,Bosnia and Herzegovina,Europe,7171,190296,479,7819
2021-04-25,Bosnia and Herzegovina,Europe,5175,195471,405,8224
2021-05-02,Bosnia and Herzegovina,Europe,3361,198832,337,8561
2021-05-09,Bosnia and Herzegovina,Europe,2157,200989,232,8793
2021-05-16,Bosnia and Herzegovina,Europe,1324,202313,196,8989
2021-05-23,Bosnia and Herzegovina,Europe,940,203253,110,9099
2021-05-30,Bosnia and Herzegovina,Europe,685,203938,105,9204
2021-06-06,Bosnia and Herzegovina,Europe,422,204360,173,9377
2021-06-13,Bosnia and Herzegovina,Europe,283,204643,93,9470
2021-06-20,Bosnia and Herzegovina,Europe,199,204842,146,9616
2021-06-27,Bosnia and Herzegovina,Europe,125,204967,22,9638
2021-07-04,Bosnia and Herzegovina,Europe,91,205058,11,9649
2021-07-11,Bosnia and Herzegovina,Europe,110,205168,7,9656
2021-07-18,Bosnia and Herzegovina,Europe,133,205301,12,9668
2021-07-25,Bosnia and Herzegovina,Europe,158,205459,7,9675
2021-08-01,Bosnia and Herzegovina,Europe,263,205722,14,9689
2021-08-08,Bosnia and Herzegovina,Europe,494,206216,2,9691
2021-08-15,Bosnia and Herzegovina,Europe,1120,207336,17,9708
2021-08-22,Bosnia and Herzegovina,Europe,2197,209533,16,9724
2021-08-29,Bosnia and Herzegovina,Europe,3351,212884,61,9785
2021-09-05,Bosnia and Herzegovina,Europe,3931,216815,88,9873
2021-09-12,Bosnia and Herzegovina,Europe,4729,221544,143,10016
2021-09-19,Bosnia and Herzegovina,Europe,5280,226824,203,10219
2021-09-26,Bosnia and Herzegovina,Europe,4781,231605,224,10443
2021-10-03,Bosnia and Herzegovina,Europe,4813,236418,212,10655
2021-10-10,Bosnia and Herzegovina,Europe,4394,240812,232,10887
2021-10-17,Bosnia and Herzegovina,Europe,3777,244589,251,11138
2021-10-24,Bosnia and Herzegovina,Europe,4101,248690,208,11346
2021-10-31,Bosnia and Herzegovina,Europe,5067,253757,182,11528
2021-11-07,Bosnia and Herzegovina,Europe,5476,259233,239,11767
2021-11-14,Bosnia and Herzegovina,Europe,5329,264562,218,11985
2021-11-21,Bosnia and Herzegovina,Europe,4669,269231,253,12238
2021-11-28,Bosnia and Herzegovina,Europe,4386,273617,241,12479
2021-12-05,Bosnia and Herzegovina,Europe,4464,278081,235,12714
2021-12-12,Bosnia and Herzegovina,Europe,3438,281519,219,12933
2021-12-19,Bosnia and Herzegovina,Europe,3249,284768,202,13135
2021-12-26,Bosnia and Herzegovina,Europe,2948,287716,148,13283
2022-01-02,Bosnia and Herzegovina,Europe,4421,292137,177,13460
2022-01-09,Bosnia and Herzegovina,Europe,8337,300474,145,13605
2022-01-16,Bosnia and Herzegovina,Europe,14469,314943,152,13757
2022-01-23,Bosnia and Herzegovina,Europe,17250,332193,248,14005
2022-01-30,Bosnia and Herzegovina,Europe,13819,346012,340,14345
2022-02-06,Bosnia and Herzegovina,Europe,9907,355919,352,14697
2022-02-13,Bosnia and Herzegovina,Europe,7897,363816,316,15013
2022-02-20,Bosnia and Herzegovina,Europe,4488,368304,256,15269
2022-02-27,Bosnia and Herzegovina,Europe,2660,370964,151,15420
2022-03-06,Bosnia and Herzegovina,Europe,1364,372328,138,15558
2022-03-13,Bosnia and Herzegovina,Europe,947,373275,60,15618
2022-03-20,Bosnia and Herzegovina,Europe,892,374167,49,15667
2022-03-27,Bosnia and Herzegovina,Europe,706,374873,36,15703
2022-04-03,Bosnia and Herzegovina,Europe,792,375665,15,15718
2022-04-10,Bosnia and Herzegovina,Europe,446,376111,14,15732
2022-04-17,Bosnia and Herzegovina,Europe,372,376483,19,15751
2022-04-24,Bosnia and Herzegovina,Europe,308,376791,9,15760
2022-05-01,Bosnia and Herzegovina,Europe,320,377111,5,15765
2022-05-08,Bosnia and Herzegovina,Europe,212,377323,3,15768
2022-05-15,Bosnia and Herzegovina,Europe,234,377557,11,15779
2022-05-22,Bosnia and Herzegovina,Europe,172,377729,4,15783
2022-05-29,Bosnia and Herzegovina,Europe,137,377866,4,15787
2022-06-05,Bosnia and Herzegovina,Europe,113,377979,1,15788
2022-06-12,Bosnia and Herzegovina,Europe,110,378089,5,15793
2022-06-19,Bosnia and Herzegovina,Europe,138,378227,3,15796
2022-06-26,Bosnia and Herzegovina,Europe,230,378457,3,15799
2022-07-03,Bosnia and Herzegovina,Europe,388,378845,7,15806
2022-07-10,Bosnia and Herzegovina,Europe,829,379674,3,15809
2022-07-17,Bosnia and Herzegovina,Europe,1258,380932,8,15817
2022-07-24,Bosnia and Herzegovina,Europe,2248,383180,11,15828
2022-07-31,Bosnia and Herzegovina,Europe,2562,385742,36,15864
2022-08-07,Bosnia and Herzegovina,Europe,2416,388158,44,15908
2022-08-14,Bosnia and Herzegovina,Europe,2847,391005,35,15943
2022-08-21,Bosnia and Herzegovina,Europe,2478,393483,40,15983
2022-08-28,Bosnia and Herzegovina,Europe,1833,395316,45,16028
2022-09-04,Bosnia and Herzegovina,Europe,1086,396402,34,16062
2022-09-11,Bosnia and Herzegovina,Europe,813,397215,28,16090
2022-09-18,Bosnia and Herzegovina,Europe,690,397905,18,16108
2022-09-25,Bosnia and Herzegovina,Europe,456,398361,15,16123
2022-10-02,Bosnia and Herzegovina,Europe,435,398796,15,16138
2022-10-09,Bosnia and Herzegovina,Europe,345,399141,14,16152
2022-10-16,Bosnia and Herzegovina,Europe,305,399446,4,16156
2022-10-23,Bosnia and Herzegovina,Europe,229,399675,9,16165
2022-10-30,Bosnia and Herzegovina,Europe,239,399914,4,16169
2022-11-06,Bosnia and Herzegovina,Europe,155,400069,11,16180
2022-11-13,Bosnia and Herzegovina,Europe,138,400207,5,16185
2022-11-20,Bosnia and Herzegovina,Europe,140,400347,5,16190
2022-11-27,Bosnia and Herzegovina,Europe,131,400478,10,16200
2022-12-04,Bosnia and Herzegovina,Europe,102,400580,3,16203
2022-12-11,Bosnia and Herzegovina,Europe,94,400674,9,16212
2022-12-18,Bosnia and Herzegovina,Europe,137,400811,7,16219
2022-12-25,Bosnia and Herzegovina,Europe,149,400960,3,16222
2023-01-01,Bosnia and Herzegovina,Europe,151,401111,12,16234
2023-01-08,Bosnia and Herzegovina,Europe,149,401260,7,16241
2023-01-15,Bosnia and Herzegovina,Europe,168,401428,13,16254
2023-01-22,Bosnia and Herzegovina,Europe,115,401543,6,16260
2023-01-29,Bosnia and Herzegovina,Europe,92,401635,8,16268
2023-02-05,Bosnia and Herzegovina,Europe,68,401703,6,16274
2023-02-12,Bosnia and Herzegovina,Europe,70,401773,4,16278
2023-02-19,Bosnia and Herzegovina,Europe,87,401860,12,16290
2023-02-26,Bosnia and Herzegovina,Europe,88,401948,4,16294
2023-03-05,Bosnia and Herzegovina,Europe,114,402062,1,16295
2023-03-12,Bosnia and Herzegovina,Europe,162,402224,3,16298
2023-03-19,Bosnia and Herzegovina,Europe,113,402337,11,16309
2023-03-26,Bosnia and Herzegovina,Europe,122,402459,10,16319
2023-04-02,Bosnia and Herzegovina,Europe,99,402558,6,16325
2023-04-09,Bosnia and Herzegovina,Europe,96,402654,4,16329
2023-04-16,Bosnia and Herzegovina,Europe,72,402726,3,16332
2023-04-23,Bosnia and Herzegovina,Europe,88,402814,4,16336
2023-04-30,Bosnia and Herzegovina,Europe,73,402887,1,16337
2023-05-07,Bosnia and Herzegovina,Europe,34,402921,2,16339
2023-05-14,Bosnia and Herzegovina,Europe,6,402927,1,16340
2023-05-21,Bosnia and Herzegovina,Europe,31,402958,6,16346
2023-05-28,Bosnia and Herzegovina,Europe,22,402980,0,16346
2023-06-04,Bosnia and Herzegovina,Europe,18,402998,1,16347
2023-06-11,Bosnia and Herzegovina,Europe,32,403030,1,16348
2023-06-18,Bosnia and Herzegovina,Europe,11,403041,2,16350
2023-06-25,Bosnia and Herzegovina,Europe,2,403043,0,16350
2023-07-02,Bosnia and Herzegovina,Europe,4,403047,0,16350
2023-07-09,Bosnia and Herzegovina,Europe,2,403049,2,16352
2023-07-16,Bosnia and Herzegovina,Europe,3,403052,0,16352
2023-07-23,Bosnia and Herzegovina,Europe,0,403052,0,16352
2023-07-30,Bosnia and Herzegovina,Europe,1,403053,0,16352
2023-08-06,Bosnia and Herzegovina,Europe,4,403057,0,16352
2023-08-13,Bosnia and Herzegovina,Europe,4,403061,0,16352
2023-08-20,Bosnia and Herzegovina,Europe,0,403061,0,16352
2023-08-27,Bosnia and Herzegovina,Europe,3,403064,0,16352
2023-09-03,Bosnia and Herzegovina,Europe,6,403070,0,16352
2023-09-10,Bosnia and Herzegovina,Europe,21,403091,0,16352
2023-09-17,Bosnia and Herzegovina,Europe,26,403117,0,16352
2023-09-24,Bosnia and Herzegovina,Europe,19,403136,0,16352
2023-10-01,Bosnia and Herzegovina,Europe,19,403155,2,16354
2023-10-08,Bosnia and Herzegovina,Europe,28,403183,1,16355
2023-10-15,Bosnia and Herzegovina,Europe,54,403237,6,16361
2023-10-22,Bosnia and Herzegovina,Europe,29,403266,1,16362
2023-10-29,Bosnia and Herzegovina,Europe,0,403266,0,16362
2023-11-05,Bosnia and Herzegovina,Europe,17,403283,2,16364
2023-11-12,Bosnia and Herzegovina,Europe,27,403310,0,16364
2023-11-19,Bosnia and Herzegovina,Europe,18,403328,3,16367
2023-11-26,Bosnia and Herzegovina,Europe,27,403355,3,16370
2023-12-03,Bosnia and Herzegovina,Europe,43,403398,2,16372
2023-12-10,Bosnia and Herzegovina,Europe,36,403434,3,16375
2023-12-17,Bosnia and Herzegovina,Europe,34,403468,3,16378
2023-12-24,Bosnia and Herzegovina,Europe,21,403489,1,16379
2023-12-31,Bosnia and Herzegovina,Europe,19,403508,1,16380
2024-01-07,Bosnia and Herzegovina,Europe,32,403540,1,16381
2024-01-14,Bosnia and Herzegovina,Europe,6,403546,1,16382
2024-01-21,Bosnia and Herzegovina,Europe,12,403558,0,16382
2024-01-28,Bosnia and Herzegovina,Europe,7,403565,0,16382
2024-02-04,Bosnia and Herzegovina,Europe,11,403576,2,16384
2024-02-11,Bosnia and Herzegovina,Europe,9,403585,1,16385
2024-02-18,Bosnia and Herzegovina,Europe,8,403593,1,16386
2024-02-25,Bosnia and Herzegovina,Europe,8,403601,0,16386
2024-03-03,Bosnia and Herzegovina,Europe,2,403603,1,16387
2024-03-10,Bosnia and Herzegovina,Europe,2,403605,0,16387
2024-03-17,Bosnia and Herzegovina,Europe,6,403611,1,16388
2024-03-24,Bosnia and Herzegovina,Europe,4,403615,0,16388
2024-03-31,Bosnia and Herzegovina,Europe,12,403627,0,16388
2024-04-07,Bosnia and Herzegovina,Europe,4,403631,0,16388
2024-04-14,Bosnia and Herzegovina,Europe,2,403633,0,16388
2024-04-21,Bosnia and Herzegovina,Europe,4,403637,0,16388
2024-04-28,Bosnia and Herzegovina,Europe,0,403637,0,16388
2024-05-05,Bosnia and Herzegovina,Europe,1,403638,0,16388
2024-05-12,Bosnia and Herzegovina,Europe,4,403642,0,16388
2024-05-19,Bosnia and Herzegovina,Europe,1,403643,0,16388
2024-05-26,Bosnia and Herzegovina,Europe,1,403644,0,16388
2024-06-02,Bosnia and Herzegovina,Europe,0,403644,0,16388
2024-06-09,Bosnia and Herzegovina,Europe,2,403646,0,16388
2024-06-16,Bosnia and Herzegovina,Europe,3,403649,0,16388
2024-06-23,Bosnia and Herzegovina,Europe,1,403650,0,16388
2024-06-30,Bosnia and Herzegovina,Europe,1,403651,0,16388
2024-07-07,Bosnia and Herzegovina,Europe,1,403652,0,16388
2024-07-14,Bosnia and Herzegovina,Europe,7,403659,2,16390
2024-07-21,Bosnia and Herzegovina,Europe,3,403662,1,16391
2024-07-28,Bosnia and Herzegovina,Europe,4,403666,1,16392
2024-08-04,Bosnia and Herzegovina,Europe,18,403684,0,16392
2024-08-11,Bosnia and Herzegovina,Europe,14,403698,3,16395
2024-08-18,Bosnia and Herzegovina,Europe,31,403729,1,16396
2024-08-25,Bosnia and Herzegovina,Europe,0,403729,0,16396
2024-09-01,Bosnia and Herzegovina,Europe,0,403729,0,16396
2020-01-05,Botswana,Africa,0,0,0,0
2020-01-12,Botswana,Africa,0,0,0,0
2020-01-19,Botswana,Africa,0,0,0,0
2020-01-26,Botswana,Africa,0,0,0,0
2020-02-02,Botswana,Africa,0,0,0,0
2020-02-09,Botswana,Africa,0,0,0,0
2020-02-16,Botswana,Africa,0,0,0,0
2020-02-23,Botswana,Africa,0,0,0,0
2020-03-01,Botswana,Africa,0,0,0,0
2020-03-08,Botswana,Africa,0,0,0,0
2020-03-15,Botswana,Africa,0,0,0,0
2020-03-22,Botswana,Africa,0,0,0,0
2020-03-29,Botswana,Africa,0,0,1,1
2020-04-05,Botswana,Africa,4,4,0,1
2020-04-12,Botswana,Africa,9,13,0,1
2020-04-19,Botswana,Africa,2,15,0,1
2020-04-26,Botswana,Africa,7,22,0,1
2020-05-03,Botswana,Africa,1,23,0,1
2020-05-10,Botswana,Africa,0,23,0,1
2020-05-17,Botswana,Africa,2,25,0,1
2020-05-24,Botswana,Africa,7,32,0,1
2020-05-31,Botswana,Africa,3,35,0,1
2020-06-07,Botswana,Africa,5,40,0,1
2020-06-14,Botswana,Africa,37,77,0,1
2020-06-21,Botswana,Africa,12,89,0,1
2020-06-28,Botswana,Africa,36,125,0,1
2020-07-05,Botswana,Africa,150,275,0,1
2020-07-12,Botswana,Africa,39,314,0,1
2020-07-19,Botswana,Africa,208,522,0,1
2020-07-26,Botswana,Africa,164,686,0,1
2020-08-02,Botswana,Africa,208,894,1,2
2020-08-09,Botswana,Africa,172,1066,0,2
2020-08-16,Botswana,Africa,148,1214,1,3
2020-08-23,Botswana,Africa,94,1308,0,3
2020-08-30,Botswana,Africa,325,1633,3,6
2020-09-06,Botswana,Africa,369,2002,2,8
2020-09-13,Botswana,Africa,461,2463,3,11
2020-09-20,Botswana,Africa,104,2567,2,13
2020-09-27,Botswana,Africa,354,2921,0,13
2020-10-04,Botswana,Africa,251,3172,3,16
2020-10-11,Botswana,Africa,47,3219,2,18
2020-10-18,Botswana,Africa,2023,5242,3,21
2020-10-25,Botswana,Africa,681,5923,4,25
2020-11-01,Botswana,Africa,719,6642,0,25
2020-11-08,Botswana,Africa,1193,7835,3,28
2020-11-15,Botswana,Africa,390,8225,0,28
2020-11-22,Botswana,Africa,1369,9594,4,32
2020-11-29,Botswana,Africa,819,10413,1,33
2020-12-06,Botswana,Africa,1132,11545,3,36
2020-12-13,Botswana,Africa,956,12501,2,38
2020-12-20,Botswana,Africa,712,13213,0,38
2020-12-27,Botswana,Africa,677,13890,1,39
2021-01-03,Botswana,Africa,1332,15222,5,44
2021-01-10,Botswana,Africa,829,16051,4,48
2021-01-17,Botswana,Africa,1899,17950,23,71
2021-01-24,Botswana,Africa,2046,19996,43,114
2021-01-31,Botswana,Africa,1627,21623,25,139
2021-02-07,Botswana,Africa,2198,23821,30,169
2021-02-14,Botswana,Africa,1381,25202,46,215
2021-02-21,Botswana,Africa,181,25383,55,270
2021-02-28,Botswana,Africa,5344,30727,57,327
2021-03-07,Botswana,Africa,2185,32912,86,413
2021-03-14,Botswana,Africa,2087,34999,34,447
2021-03-21,Botswana,Africa,2560,37559,38,485
2021-03-28,Botswana,Africa,2282,39841,83,568
2021-04-04,Botswana,Africa,1869,41710,48,616
2021-04-11,Botswana,Africa,1734,43444,47,663
2021-04-18,Botswana,Africa,1258,44702,21,684
2021-04-25,Botswana,Africa,4366,49068,18,702
2021-05-02,Botswana,Africa,1265,50333,22,724
2021-05-09,Botswana,Africa,1205,51538,27,751
2021-05-16,Botswana,Africa,1780,53318,23,774
2021-05-23,Botswana,Africa,2084,55402,35,809
2021-05-30,Botswana,Africa,2114,57516,40,849
2021-06-06,Botswana,Africa,3132,60648,36,885
2021-06-13,Botswana,Africa,3373,64021,41,926
2021-06-20,Botswana,Africa,4366,68387,143,1069
2021-06-27,Botswana,Africa,1684,70071,56,1125
2021-07-04,Botswana,Africa,3906,73977,63,1188
2021-07-11,Botswana,Africa,6176,80153,65,1253
2021-07-18,Botswana,Africa,11749,91902,75,1328
2021-07-25,Botswana,Africa,10222,102124,157,1485
2021-08-01,Botswana,Africa,13096,115220,168,1653
2021-08-08,Botswana,Africa,15551,130771,179,1832
2021-08-15,Botswana,Africa,11609,142380,211,2043
2021-08-22,Botswana,Africa,8462,150842,128,2171
2021-08-29,Botswana,Africa,6085,156927,90,2261
2021-09-05,Botswana,Africa,5259,162186,48,2309
2021-09-12,Botswana,Africa,3458,165644,28,2337
2021-09-19,Botswana,Africa,8144,173788,17,2354
2021-09-26,Botswana,Africa,4262,178050,13,2367
2021-10-03,Botswana,Africa,2147,180197,7,2374
2021-10-10,Botswana,Africa,1054,181251,7,2381
2021-10-17,Botswana,Africa,2800,184051,8,2389
2021-10-24,Botswana,Africa,1934,185985,13,2402
2021-10-31,Botswana,Africa,1296,187281,5,2407
2021-11-07,Botswana,Africa,6168,193449,2,2409
2021-11-14,Botswana,Africa,680,194129,7,2416
2021-11-21,Botswana,Africa,523,194652,0,2416
2021-11-28,Botswana,Africa,416,195068,2,2418
2021-12-05,Botswana,Africa,484,195552,2,2420
2021-12-12,Botswana,Africa,2092,197644,4,2424
2021-12-19,Botswana,Africa,7057,204701,1,2425
2021-12-26,Botswana,Africa,7781,212482,14,2439
2022-01-02,Botswana,Africa,9571,222053,13,2452
2022-01-09,Botswana,Africa,10379,232432,45,2497
2022-01-16,Botswana,Africa,7455,239887,37,2534
2022-01-23,Botswana,Africa,6017,245904,31,2565
2022-01-30,Botswana,Africa,7132,253036,16,2581
2022-02-06,Botswana,Africa,4131,257167,12,2593
2022-02-13,Botswana,Africa,3324,260491,10,2603
2022-02-20,Botswana,Africa,2161,262652,11,2614
2022-02-27,Botswana,Africa,41830,304482,51,2665
2022-03-06,Botswana,Africa,431,304913,10,2675
2022-03-13,Botswana,Africa,333,305246,4,2679
2022-03-20,Botswana,Africa,269,305515,5,2684
2022-03-27,Botswana,Africa,162,305677,2,2686
2022-04-03,Botswana,Africa,93,305770,1,2687
2022-04-10,Botswana,Africa,74,305844,0,2687
2022-04-17,Botswana,Africa,140,305984,1,2688
2022-04-24,Botswana,Africa,90,306074,1,2689
2022-05-01,Botswana,Africa,126,306200,1,2690
2022-05-08,Botswana,Africa,0,306200,0,2690
2022-05-15,Botswana,Africa,414,306614,2,2692
2022-05-22,Botswana,Africa,0,306614,0,2692
2022-05-29,Botswana,Africa,0,306614,0,2692
2022-06-05,Botswana,Africa,3795,310409,9,2701
2022-06-12,Botswana,Africa,3084,313493,4,2705
2022-06-19,Botswana,Africa,6634,320127,33,2738
2022-06-26,Botswana,Africa,2642,322769,12,2750
2022-07-03,Botswana,Africa,558,323327,2,2752
2022-07-10,Botswana,Africa,1514,324841,8,2760
2022-07-17,Botswana,Africa,0,324841,0,2760
2022-07-24,Botswana,Africa,629,325470,10,2770
2022-07-31,Botswana,Africa,254,325724,2,2772
2022-08-07,Botswana,Africa,100,325824,2,2774
2022-08-14,Botswana,Africa,26,325850,3,2777
2022-08-21,Botswana,Africa,14,325864,1,2778
2022-08-28,Botswana,Africa,47,325911,0,2778
2022-09-04,Botswana,Africa,354,326265,1,2779
2022-09-11,Botswana,Africa,21,326286,1,2780
2022-09-18,Botswana,Africa,17,326303,1,2781
2022-09-25,Botswana,Africa,21,326324,0,2781
2022-10-02,Botswana,Africa,8,326332,1,2782
2022-10-09,Botswana,Africa,17,326349,0,2782
2022-10-16,Botswana,Africa,4,326353,0,2782
2022-10-23,Botswana,Africa,0,326353,0,2782
2022-10-30,Botswana,Africa,0,326353,0,2782
2022-11-06,Botswana,Africa,0,326353,0,2782
2022-11-13,Botswana,Africa,126,326479,0,2782
2022-11-20,Botswana,Africa,133,326612,0,2782
2022-11-27,Botswana,Africa,155,326767,3,2785
2022-12-04,Botswana,Africa,292,327059,0,2785
2022-12-11,Botswana,Africa,412,327471,1,2786
2022-12-18,Botswana,Africa,349,327820,0,2786
2022-12-25,Botswana,Africa,211,328031,0,2786
2023-01-01,Botswana,Africa,218,328249,1,2787
2023-01-08,Botswana,Africa,300,328549,1,2788
2023-01-15,Botswana,Africa,349,328898,2,2790
2023-01-22,Botswana,Africa,316,329214,2,2792
2023-01-29,Botswana,Africa,240,329454,1,2793
2023-02-05,Botswana,Africa,141,329595,1,2794
2023-02-12,Botswana,Africa,80,329675,1,2795
2023-02-19,Botswana,Africa,52,329727,0,2795
2023-02-26,Botswana,Africa,31,329758,0,2795
2023-03-05,Botswana,Africa,11,329769,0,2795
2023-03-12,Botswana,Africa,16,329785,0,2795
2023-03-19,Botswana,Africa,27,329812,0,2795
2023-03-26,Botswana,Africa,18,329830,0,2795
2023-04-02,Botswana,Africa,7,329837,0,2795
2023-04-09,Botswana,Africa,4,329841,1,2796
2023-04-16,Botswana,Africa,6,329847,0,2796
2023-04-23,Botswana,Africa,5,329852,0,2796
2023-04-30,Botswana,Africa,4,329856,0,2796
2023-05-07,Botswana,Africa,6,329862,1,2797
2023-05-14,Botswana,Africa,0,329862,0,2797
2023-05-21,Botswana,Africa,43,329905,0,2797
2023-05-28,Botswana,Africa,36,329941,0,2797
2023-06-04,Botswana,Africa,21,329962,0,2797
2023-06-11,Botswana,Africa,23,329985,0,2797
2023-06-18,Botswana,Africa,31,330016,0,2797
2023-06-25,Botswana,Africa,61,330077,0,2797
2023-07-02,Botswana,Africa,36,330113,0,2797
2023-07-09,Botswana,Africa,35,330148,0,2797
2023-07-16,Botswana,Africa,7,330155,1,2798
2023-07-23,Botswana,Africa,21,330176,1,2799
2023-07-30,Botswana,Africa,22,330198,1,2800
2023-08-06,Botswana,Africa,17,330215,0,2800
2023-08-13,Botswana,Africa,15,330230,0,2800
2023-08-20,Botswana,Africa,10,330240,0,2800
2023-08-27,Botswana,Africa,11,330251,0,2800
2023-09-03,Botswana,Africa,5,330256,0,2800
2023-09-10,Botswana,Africa,0,330256,0,2800
2023-09-17,Botswana,Africa,16,330272,0,2800
2023-09-24,Botswana,Africa,3,330275,0,2800
2023-10-01,Botswana,Africa,9,330284,0,2800
2023-10-08,Botswana,Africa,16,330300,0,2800
2023-10-15,Botswana,Africa,21,330321,0,2800
2023-10-22,Botswana,Africa,24,330345,0,2800
2023-10-29,Botswana,Africa,10,330355,0,2800
2023-11-05,Botswana,Africa,14,330369,0,2800
2023-11-12,Botswana,Africa,19,330388,0,2800
2023-11-19,Botswana,Africa,9,330397,0,2800
2023-11-26,Botswana,Africa,7,330404,0,2800
2023-12-03,Botswana,Africa,5,330409,0,2800
2023-12-10,Botswana,Africa,4,330413,0,2800
2023-12-17,Botswana,Africa,4,330417,0,2800
2023-12-24,Botswana,Africa,0,330417,0,2800
2023-12-31,Botswana,Africa,0,330417,0,2800
2024-01-07,Botswana,Africa,4,330421,0,2800
2024-01-14,Botswana,Africa,6,330427,0,2800
2024-01-21,Botswana,Africa,27,330454,0,2800
2024-01-28,Botswana,Africa,20,330474,0,2800
2024-02-04,Botswana,Africa,43,330517,1,2801
2024-02-11,Botswana,Africa,48,330565,0,2801
2024-02-18,Botswana,Africa,21,330586,0,2801
2024-02-25,Botswana,Africa,20,330606,0,2801
2024-03-03,Botswana,Africa,17,330623,0,2801
2024-03-10,Botswana,Africa,12,330635,0,2801
2024-03-17,Botswana,Africa,3,330638,0,2801
2024-03-24,Botswana,Africa,2,330640,0,2801
2024-03-31,Botswana,Africa,3,330643,0,2801
2024-04-07,Botswana,Africa,1,330644,0,2801
2024-04-14,Botswana,Africa,6,330650,0,2801
2024-04-21,Botswana,Africa,0,330650,0,2801
2024-04-28,Botswana,Africa,0,330650,0,2801
2024-05-05,Botswana,Africa,0,330650,0,2801
2024-05-12,Botswana,Africa,0,330650,0,2801
2024-05-19,Botswana,Africa,0,330650,0,2801
2024-05-26,Botswana,Africa,0,330650,0,2801
2024-06-02,Botswana,Africa,0,330650,0,2801
2024-06-09,Botswana,Africa,0,330650,0,2801
2024-06-16,Botswana,Africa,0,330650,0,2801
2024-06-23,Botswana,Africa,0,330650,0,2801
2024-06-30,Botswana,Africa,0,330650,0,2801
2024-07-07,Botswana,Africa,46,330696,0,2801
2024-07-14,Botswana,Africa,0,330696,0,2801
2024-07-21,Botswana,Africa,0,330696,0,2801
2024-07-28,Botswana,Africa,0,330696,0,2801
2024-08-04,Botswana,Africa,0,330696,0,2801
2024-08-11,Botswana,Africa,0,330696,0,2801
2024-08-18,Botswana,Africa,0,330696,0,2801
2024-08-25,Botswana,Africa,0,330696,0,2801
2024-09-01,Botswana,Africa,0,330696,0,2801
2020-01-05,Brazil,South America,0,0,0,0
2020-01-12,Brazil,South America,0,0,0,0
2020-01-19,Brazil,South America,0,0,0,0
2020-01-26,Brazil,South America,0,0,0,0
2020-02-02,Brazil,South America,0,0,0,0
2020-02-09,Brazil,South America,0,0,0,0
2020-02-16,Brazil,South America,0,0,0,0
2020-02-23,Brazil,South America,0,0,0,0
2020-03-01,Brazil,South America,1,1,0,0
2020-03-08,Brazil,South America,12,13,0,0
2020-03-15,Brazil,South America,71,84,0,0
2020-03-22,Brazil,South America,820,904,11,11
2020-03-29,Brazil,South America,2513,3417,81,92
2020-04-05,Brazil,South America,5639,9056,267,359
2020-04-12,Brazil,South America,10582,19638,697,1056
2020-04-19,Brazil,South America,14044,33682,1085,2141
2020-04-26,Brazil,South America,19313,52995,1529,3670
2020-05-03,Brazil,South America,38594,91589,2659,6329
2020-05-10,Brazil,South America,53739,145328,3568,9897
2020-05-17,Brazil,South America,72895,218223,4920,14817
2020-05-24,Brazil,South America,112667,330890,6231,21048
2020-05-31,Brazil,South America,134276,465166,6830,27878
2020-06-07,Brazil,South America,180605,645771,7148,35026
2020-06-14,Brazil,South America,183039,828810,6802,41828
2020-06-21,Brazil,South America,204103,1032913,7126,48954
2020-06-28,Brazil,South America,242061,1274974,7007,55961
2020-07-05,Brazil,South America,264107,1539081,7213,63174
2020-07-12,Brazil,South America,261746,1800827,7224,70398
2020-07-19,Brazil,South America,245501,2046328,7453,77851
2020-07-26,Brazil,South America,297038,2343366,7387,85238
2020-08-02,Brazil,South America,319119,2662485,7237,92475
2020-08-09,Brazil,South America,299957,2962442,7097,99572
2020-08-16,Brazil,South America,313078,3275520,6951,106523
2020-08-23,Brazil,South America,256810,3532330,6835,113358
2020-08-30,Brazil,South America,272473,3804803,6146,119504
2020-09-06,Brazil,South America,288029,4092832,6017,125521
2020-09-13,Brazil,South America,189332,4282164,4875,130396
2020-09-20,Brazil,South America,213019,4495183,5397,135793
2020-09-27,Brazil,South America,194430,4689613,4744,140537
2020-10-04,Brazil,South America,190910,4880523,4851,145388
2020-10-11,Brazil,South America,175365,5055888,4251,149639
2020-10-18,Brazil,South America,144412,5200300,3575,153214
2020-10-25,Brazil,South America,153356,5353656,3257,156471
2020-11-01,Brazil,South America,163002,5516658,3006,159477
2020-11-08,Brazil,South America,114523,5631181,2538,162015
2020-11-15,Brazil,South America,179471,5810652,2722,164737
2020-11-22,Brazil,South America,209512,6020164,3876,168613
2020-11-29,Brazil,South America,218186,6238350,3361,171974
2020-12-06,Brazil,South America,295618,6533968,3990,175964
2020-12-13,Brazil,South America,302259,6836227,4473,180437
2020-12-20,Brazil,South America,326751,7162978,5213,185650
2020-12-27,Brazil,South America,285582,7448560,4838,190488
2021-01-03,Brazil,South America,252018,7700578,4923,195411
2021-01-10,Brazil,South America,313130,8013708,6049,201460
2021-01-17,Brazil,South America,379784,8393492,6786,208246
2021-01-24,Brazil,South America,360428,8753920,6997,215243
2021-01-31,Brazil,South America,364593,9118513,7423,222666
2021-02-07,Brazil,South America,328652,9447165,7368,230034
2021-02-14,Brazil,South America,318290,9765455,7455,237489
2021-02-21,Brazil,South America,316221,10081676,7276,244765
2021-02-28,Brazil,South America,373954,10455630,8070,252835
2021-03-07,Brazil,South America,413597,10869227,9935,262770
2021-03-14,Brazil,South America,494153,11363380,12335,275105
2021-03-21,Brazil,South America,508010,11871390,15209,290314
2021-03-28,Brazil,South America,533024,12404414,16798,307112
2021-04-04,Brazil,South America,505668,12910082,21094,328206
2021-04-11,Brazil,South America,463092,13373174,20512,348718
2021-04-18,Brazil,South America,459281,13832455,20031,368749
2021-04-25,Brazil,South America,404623,14237078,17667,386416
2021-05-02,Brazil,South America,421933,14659011,17365,403781
2021-05-09,Brazil,South America,423438,15082449,15333,419114
2021-05-16,Brazil,South America,437076,15519525,13514,432628
2021-05-23,Brazil,South America,451424,15970949,13681,446309
2021-05-30,Brazil,South America,420981,16391930,12736,459045
2021-06-06,Brazil,South America,449478,16841408,11797,470842
2021-06-13,Brazil,South America,454710,17296118,13393,484235
2021-06-20,Brazil,South America,505344,17801462,14264,498499
2021-06-27,Brazil,South America,521298,18322760,12643,511142
2021-07-04,Brazil,South America,364709,18687469,10810,521952
2021-07-11,Brazil,South America,333030,19020499,9736,531688
2021-07-18,Brazil,South America,287610,19308109,8710,540398
2021-07-25,Brazil,South America,324334,19632443,7942,548340
2021-08-01,Brazil,South America,247830,19880273,7120,555460
2021-08-08,Brazil,South America,228473,20108746,6302,561762
2021-08-15,Brazil,South America,210254,20319000,6100,567862
2021-08-22,Brazil,South America,209099,20528099,5649,573511
2021-08-29,Brazil,South America,175807,20703906,4815,578326
2021-09-05,Brazil,South America,152154,20856060,4344,582670
2021-09-12,Brazil,South America,118790,20974850,3176,585846
2021-09-19,Brazil,South America,105369,21080219,3727,589573
2021-09-26,Brazil,South America,247397,21327616,4090,593663
2021-10-03,Brazil,South America,118035,21445651,3562,597225
2021-10-10,Brazil,South America,105079,21550730,3200,600425
2021-10-17,Brazil,South America,76746,21627476,2244,602669
2021-10-24,Brazil,South America,84367,21711843,2470,605139
2021-10-31,Brazil,South America,81558,21793401,2323,607462
2021-11-07,Brazil,South America,69057,21862458,1598,609060
2021-11-14,Brazil,South America,76738,21939196,1431,610491
2021-11-21,Brazil,South America,64121,22003317,1879,612370
2021-11-28,Brazil,South America,64313,22067630,1587,613957
2021-12-05,Brazil,South America,61779,22129409,1443,615400
2021-12-12,Brazil,South America,55415,22184824,1291,616691
2021-12-19,Brazil,South America,24196,22209020,910,617601
2021-12-26,Brazil,South America,21717,22230737,791,618392
2022-01-02,Brazil,South America,56784,22287521,664,619056
2022-01-09,Brazil,South America,162701,22450222,766,619822
2022-01-16,Brazil,South America,476981,22927203,974,620796
2022-01-23,Brazil,South America,824579,23751782,1767,622563
2022-01-30,Brazil,South America,1283024,25034806,3321,625884
2022-02-06,Brazil,South America,1241025,26275831,4610,630494
2022-02-13,Brazil,South America,1009678,27285509,6658,637152
2022-02-20,Brazil,South America,773353,28058862,5877,643029
2022-02-27,Brazil,South America,519785,28578647,4361,647390
2022-03-06,Brazil,South America,395152,28973799,3865,651255
2022-03-13,Brazil,South America,331315,29305114,3301,654556
2022-03-20,Brazil,South America,267998,29573112,2242,656798
2022-03-27,Brazil,South America,229145,29802257,1768,658566
2022-04-03,Brazil,South America,172908,29975165,1436,660002
2022-04-10,Brazil,South America,148798,30123963,1120,661122
2022-04-17,Brazil,South America,123339,30247302,785,661907
2022-04-24,Brazil,South America,91395,30338697,650,662557
2022-05-01,Brazil,South America,94345,30433042,853,663410
2022-05-08,Brazil,South America,110866,30543908,681,664091
2022-05-15,Brazil,South America,120831,30664739,689,664780
2022-05-22,Brazil,South America,97674,30762413,713,665493
2022-05-29,Brazil,South America,158732,30921145,826,666319
2022-06-05,Brazil,South America,216334,31137479,652,666971
2022-06-12,Brazil,South America,279862,31417341,989,667960
2022-06-19,Brazil,South America,256034,31673375,956,668916
2022-06-26,Brazil,South America,349791,32023166,1313,670229
2022-07-03,Brazil,South America,410897,32434063,1471,671700
2022-07-10,Brazil,South America,396781,32830844,1639,673339
2022-07-17,Brazil,South America,419273,33250117,1751,675090
2022-07-24,Brazil,South America,255610,33505727,1396,676486
2022-07-31,Brazil,South America,284971,33790698,1827,678313
2022-08-07,Brazil,South America,203772,33994470,1445,679758
2022-08-14,Brazil,South America,153661,34148131,1495,681253
2022-08-21,Brazil,South America,116106,34264237,1105,682358
2022-08-28,Brazil,South America,104672,34368909,1039,683397
2022-09-04,Brazil,South America,87236,34456145,865,684262
2022-09-11,Brazil,South America,60594,34516739,551,684813
2022-09-18,Brazil,South America,62346,34579085,487,685300
2022-09-25,Brazil,South America,45342,34624427,450,685750
2022-10-02,Brazil,South America,48097,34672524,286,686036
2022-10-09,Brazil,South America,42613,34715137,767,686803
2022-10-16,Brazil,South America,31325,34746462,341,687144
2022-10-23,Brazil,South America,34180,34780642,383,687527
2022-10-30,Brazil,South America,41585,34822227,553,688080
2022-11-06,Brazil,South America,26836,34849063,252,688332
2022-11-13,Brazil,South America,59135,34908198,324,688656
2022-11-20,Brazil,South America,91297,34999495,251,688907
2022-11-27,Brazil,South America,150008,35149503,535,689442
2022-12-04,Brazil,South America,188043,35337546,632,690074
2022-12-11,Brazil,South America,194170,35531716,603,690677
2022-12-18,Brazil,South America,337810,35869526,1133,691810
2022-12-25,Brazil,South America,254811,36124337,933,692743
2023-01-01,Brazil,South America,206944,36331281,1110,693853
2023-01-08,Brazil,South America,145933,36477214,926,694779
2023-01-15,Brazil,South America,120721,36597935,457,695236
2023-01-22,Brazil,South America,114916,36712851,952,696188
2023-01-29,Brazil,South America,78416,36791267,554,696742
2023-02-05,Brazil,South America,75391,36866658,603,697345
2023-02-12,Brazil,South America,63681,36930339,317,697662
2023-02-19,Brazil,South America,57343,36987682,385,698047
2023-02-26,Brazil,South America,32849,37020531,881,698928
2023-03-05,Brazil,South America,55522,37076053,348,699276
2023-03-12,Brazil,South America,9467,37085520,34,699310
2023-03-19,Brazil,South America,59994,37145514,324,699634
2023-03-26,Brazil,South America,59163,37204677,283,699917
2023-04-02,Brazil,South America,53986,37258663,322,700239
2023-04-09,Brazil,South America,60591,37319254,317,700556
2023-04-16,Brazil,South America,38838,37358092,255,700811
2023-04-23,Brazil,South America,49140,37407232,404,701215
2023-04-30,Brazil,South America,42186,37449418,279,701494
2023-05-07,Brazil,South America,38553,37487971,339,701833
2023-05-14,Brazil,South America,23950,37511921,283,702116
2023-05-21,Brazil,South America,0,37511921,0,702116
2023-05-28,Brazil,South America,0,37511921,0,702116
2023-06-04,Brazil,South America,0,37511921,0,702116
2023-06-11,Brazil,South America,0,37511921,0,702116
2023-06-18,Brazil,South America,0,37511921,0,702116
2023-06-25,Brazil,South America,0,37511921,0,702116
2023-07-02,Brazil,South America,0,37511921,0,702116
2023-07-09,Brazil,South America,0,37511921,0,702116
2023-07-16,Brazil,South America,0,37511921,0,702116
2023-07-23,Brazil,South America,0,37511921,0,702116
2023-07-30,Brazil,South America,0,37511921,0,702116
2023-08-06,Brazil,South America,0,37511921,0,702116
2023-08-13,Brazil,South America,0,37511921,0,702116
2023-08-20,Brazil,South America,0,37511921,0,702116
2023-08-27,Brazil,South America,0,37511921,0,702116
2023-09-03,Brazil,South America,0,37511921,0,702116
2023-09-10,Brazil,South America,0,37511921,0,702116
2023-09-17,Brazil,South America,0,37511921,0,702116
2023-09-24,Brazil,South America,0,37511921,0,702116
2023-10-01,Brazil,South America,0,37511921,0,702116
2023-10-08,Brazil,South America,0,37511921,0,702116
2023-10-15,Brazil,South America,0,37511921,0,702116
2023-10-22,Brazil,South America,0,37511921,0,702116
2023-10-29,Brazil,South America,0,37511921,0,702116
2023-11-05,Brazil,South America,0,37511921,0,702116
2023-11-12,Brazil,South America,0,37511921,0,702116
2023-11-19,Brazil,South America,0,37511921,0,702116
2023-11-26,Brazil,South America,0,37511921,0,702116
2023-12-03,Brazil,South America,0,37511921,0,702116
2023-12-10,Brazil,South America,0,37511921,0,702116
2023-12-17,Brazil,South America,0,37511921,0,702116
2023-12-24,Brazil,South America,0,37511921,0,702116
2023-12-31,Brazil,South America,0,37511921,0,702116
2024-01-07,Brazil,South America,0,37511921,0,702116
2024-01-14,Brazil,South America,0,37511921,0,702116
2024-01-21,Brazil,South America,0,37511921,0,702116
2024-01-28,Brazil,South America,0,37511921,0,702116
2024-02-04,Brazil,South America,0,37511921,0,702116
2024-02-11,Brazil,South America,0,37511921,0,702116
2024-02-18,Brazil,South America,0,37511921,0,702116
2024-02-25,Brazil,South America,0,37511921,0,702116
2024-03-03,Brazil,South America,0,37511921,0,702116
2024-03-10,Brazil,South America,0,37511921,0,702116
2024-03-17,Brazil,South America,0,37511921,0,702116
2024-03-24,Brazil,South America,0,37511921,0,702116
2024-03-31,Brazil,South America,0,37511921,0,702116
2024-04-07,Brazil,South America,0,37511921,0,702116
2024-04-14,Brazil,South America,0,37511921,0,702116
2024-04-21,Brazil,South America,0,37511921,0,702116
2024-04-28,Brazil,South America,0,37511921,0,702116
2024-05-05,Brazil,South America,0,37511921,0,702116
2024-05-12,Brazil,South America,0,37511921,0,702116
2024-05-19,Brazil,South America,0,37511921,0,702116
2024-05-26,Brazil,South America,0,37511921,0,702116
2024-06-02,Brazil,South America,0,37511921,0,702116
2024-06-09,Brazil,South America,0,37511921,0,702116
2024-06-16,Brazil,South America,0,37511921,0,702116
2024-06-23,Brazil,South America,0,37511921,0,702116
2024-06-30,Brazil,South America,0,37511921,0,702116
2024-07-07,Brazil,South America,0,37511921,0,702116
2024-07-14,Brazil,South America,0,37511921,0,702116
2024-07-21,Brazil,South America,0,37511921,0,702116
2024-07-28,Brazil,South America,0,37511921,0,702116
2024-08-04,Brazil,South America,0,37511921,0,702116
2024-08-11,Brazil,South America,0,37511921,0,702116
2024-08-18,Brazil,South America,0,37511921,0,702116
2024-08-25,Brazil,South America,0,37511921,0,702116
2024-09-01,Brazil,South America,0,37511921,0,702116
2020-01-05,British Virgin Islands,North America,0,0,0,0
2020-01-12,British Virgin Islands,North America,0,0,0,0
2020-01-19,British Virgin Islands,North America,0,0,0,0
2020-01-26,British Virgin Islands,North America,0,0,0,0
2020-02-02,British Virgin Islands,North America,0,0,0,0
2020-02-09,British Virgin Islands,North America,0,0,0,0
2020-02-16,British Virgin Islands,North America,0,0,0,0
2020-02-23,British Virgin Islands,North America,0,0,0,0
2020-03-01,British Virgin Islands,North America,0,0,0,0
2020-03-08,British Virgin Islands,North America,0,0,0,0
2020-03-15,British Virgin Islands,North America,0,0,0,0
2020-03-22,British Virgin Islands,North America,0,0,0,0
2020-03-29,British Virgin Islands,North America,2,2,0,0
2020-04-05,British Virgin Islands,North America,1,3,0,0
2020-04-12,British Virgin Islands,North America,0,3,0,0
2020-04-19,British Virgin Islands,North America,0,3,0,0
2020-04-26,British Virgin Islands,North America,3,6,1,1
2020-05-03,British Virgin Islands,North America,0,6,0,1
2020-05-10,British Virgin Islands,North America,1,7,0,1
2020-05-17,British Virgin Islands,North America,1,8,0,1
2020-05-24,British Virgin Islands,North America,0,8,0,1
2020-05-31,British Virgin Islands,North America,0,8,0,1
2020-06-07,British Virgin Islands,North America,0,8,0,1
2020-06-14,British Virgin Islands,North America,0,8,0,1
2020-06-21,British Virgin Islands,North America,0,8,0,1
2020-06-28,British Virgin Islands,North America,0,8,0,1
2020-07-05,British Virgin Islands,North America,0,8,0,1
2020-07-12,British Virgin Islands,North America,0,8,0,1
2020-07-19,British Virgin Islands,North America,0,8,0,1
2020-07-26,British Virgin Islands,North America,0,8,0,1
2020-08-02,British Virgin Islands,North America,0,8,0,1
2020-08-09,British Virgin Islands,North America,1,9,0,1
2020-08-16,British Virgin Islands,North America,0,9,0,1
2020-08-23,British Virgin Islands,North America,12,21,0,1
2020-08-30,British Virgin Islands,North America,14,35,0,1
2020-09-06,British Virgin Islands,North America,28,63,0,1
2020-09-13,British Virgin Islands,North America,3,66,0,1
2020-09-20,British Virgin Islands,North America,5,71,0,1
2020-09-27,British Virgin Islands,North America,0,71,0,1
2020-10-04,British Virgin Islands,North America,0,71,0,1
2020-10-11,British Virgin Islands,North America,0,71,0,1
2020-10-18,British Virgin Islands,North America,1,72,0,1
2020-10-25,British Virgin Islands,North America,0,72,0,1
2020-11-01,British Virgin Islands,North America,0,72,0,1
2020-11-08,British Virgin Islands,North America,0,72,0,1
2020-11-15,British Virgin Islands,North America,0,72,0,1
2020-11-22,British Virgin Islands,North America,0,72,0,1
2020-11-29,British Virgin Islands,North America,0,72,0,1
2020-12-06,British Virgin Islands,North America,1,73,0,1
2020-12-13,British Virgin Islands,North America,3,76,0,1
2020-12-20,British Virgin Islands,North America,10,86,0,1
2020-12-27,British Virgin Islands,North America,7,93,0,1
2021-01-03,British Virgin Islands,North America,0,93,0,1
2021-01-10,British Virgin Islands,North America,21,114,0,1
2021-01-17,British Virgin Islands,North America,7,121,0,1
2021-01-24,British Virgin Islands,North America,16,137,0,1
2021-01-31,British Virgin Islands,North America,4,141,0,1
2021-02-07,British Virgin Islands,North America,0,141,0,1
2021-02-14,British Virgin Islands,North America,10,151,0,1
2021-02-21,British Virgin Islands,North America,2,153,0,1
2021-02-28,British Virgin Islands,North America,0,153,0,1
2021-03-07,British Virgin Islands,North America,1,154,0,1
2021-03-14,British Virgin Islands,North America,0,154,0,1
2021-03-21,British Virgin Islands,North America,0,154,0,1
2021-03-28,British Virgin Islands,North America,0,154,0,1
2021-04-04,British Virgin Islands,North America,0,154,0,1
2021-04-11,British Virgin Islands,North America,24,178,0,1
2021-04-18,British Virgin Islands,North America,9,187,0,1
2021-04-25,British Virgin Islands,North America,7,194,0,1
2021-05-02,British Virgin Islands,North America,0,194,0,1
2021-05-09,British Virgin Islands,North America,25,219,0,1
2021-05-16,British Virgin Islands,North America,29,248,0,1
2021-05-23,British Virgin Islands,North America,0,248,0,1
2021-05-30,British Virgin Islands,North America,41,289,0,1
2021-06-06,British Virgin Islands,North America,0,289,0,1
2021-06-13,British Virgin Islands,North America,6,295,0,1
2021-06-20,British Virgin Islands,North America,0,295,0,1
2021-06-27,British Virgin Islands,North America,3,298,0,1
2021-07-04,British Virgin Islands,North America,158,456,0,1
2021-07-11,British Virgin Islands,North America,691,1147,2,3
2021-07-18,British Virgin Islands,North America,877,2024,9,12
2021-07-25,British Virgin Islands,North America,365,2389,13,25
2021-08-01,British Virgin Islands,North America,111,2500,6,31
2021-08-08,British Virgin Islands,North America,32,2532,6,37
2021-08-15,British Virgin Islands,North America,20,2552,0,37
2021-08-22,British Virgin Islands,North America,16,2568,0,37
2021-08-29,British Virgin Islands,North America,0,2568,0,37
2021-09-05,British Virgin Islands,North America,72,2640,0,37
2021-09-12,British Virgin Islands,North America,2,2642,0,37
2021-09-19,British Virgin Islands,North America,0,2642,0,37
2021-09-26,British Virgin Islands,North America,34,2676,0,37
2021-10-03,British Virgin Islands,North America,42,2718,0,37
2021-10-10,British Virgin Islands,North America,7,2725,0,37
2021-10-17,British Virgin Islands,North America,0,2725,0,37
2021-10-24,British Virgin Islands,North America,0,2725,0,37
2021-10-31,British Virgin Islands,North America,0,2725,0,37
2021-11-07,British Virgin Islands,North America,0,2725,0,37
2021-11-14,British Virgin Islands,North America,20,2745,1,38
2021-11-21,British Virgin Islands,North America,20,2765,0,38
2021-11-28,British Virgin Islands,North America,8,2773,0,38
2021-12-05,British Virgin Islands,North America,43,2816,0,38
2021-12-12,British Virgin Islands,North America,26,2842,1,39
2021-12-19,British Virgin Islands,North America,44,2886,0,39
2021-12-26,British Virgin Islands,North America,185,3071,0,39
2022-01-02,British Virgin Islands,North America,421,3492,0,39
2022-01-09,British Virgin Islands,North America,715,4207,1,40
2022-01-16,British Virgin Islands,North America,1048,5255,2,42
2022-01-23,British Virgin Islands,North America,394,5649,5,47
2022-01-30,British Virgin Islands,North America,226,5875,2,49
2022-02-06,British Virgin Islands,North America,53,5928,2,51
2022-02-13,British Virgin Islands,North America,69,5997,10,61
2022-02-20,British Virgin Islands,North America,53,6050,1,62
2022-02-27,British Virgin Islands,North America,35,6085,0,62
2022-03-06,British Virgin Islands,North America,6,6091,0,62
2022-03-13,British Virgin Islands,North America,0,6091,0,62
2022-03-20,British Virgin Islands,North America,13,6104,0,62
2022-03-27,British Virgin Islands,North America,0,6104,0,62
2022-04-03,British Virgin Islands,North America,37,6141,0,62
2022-04-10,British Virgin Islands,North America,21,6162,0,62
2022-04-17,British Virgin Islands,North America,0,6162,0,62
2022-04-24,British Virgin Islands,North America,134,6296,0,62
2022-05-01,British Virgin Islands,North America,59,6355,0,62
2022-05-08,British Virgin Islands,North America,0,6355,0,62
2022-05-15,British Virgin Islands,North America,218,6573,0,62
2022-05-22,British Virgin Islands,North America,117,6690,0,62
2022-05-29,British Virgin Islands,North America,0,6690,0,62
2022-06-05,British Virgin Islands,North America,75,6765,0,62
2022-06-12,British Virgin Islands,North America,137,6902,1,63
2022-06-19,British Virgin Islands,North America,0,6902,0,63
2022-06-26,British Virgin Islands,North America,39,6941,0,63
2022-07-03,British Virgin Islands,North America,0,6941,0,63
2022-07-10,British Virgin Islands,North America,0,6941,0,63
2022-07-17,British Virgin Islands,North America,190,7131,0,63
2022-07-24,British Virgin Islands,North America,0,7131,0,63
2022-07-31,British Virgin Islands,North America,0,7131,0,63
2022-08-07,British Virgin Islands,North America,0,7131,0,63
2022-08-14,British Virgin Islands,North America,0,7131,0,63
2022-08-21,British Virgin Islands,North America,0,7131,0,63
2022-08-28,British Virgin Islands,North America,0,7131,0,63
2022-09-04,British Virgin Islands,North America,160,7291,1,64
2022-09-11,British Virgin Islands,North America,14,7305,0,64
2022-09-18,British Virgin Islands,North America,0,7305,0,64
2022-09-25,British Virgin Islands,North America,0,7305,0,64
2022-10-02,British Virgin Islands,North America,0,7305,0,64
2022-10-09,British Virgin Islands,North America,0,7305,0,64
2022-10-16,British Virgin Islands,North America,0,7305,0,64
2022-10-23,British Virgin Islands,North America,0,7305,0,64
2022-10-30,British Virgin Islands,North America,0,7305,0,64
2022-11-06,British Virgin Islands,North America,0,7305,0,64
2022-11-13,British Virgin Islands,North America,0,7305,0,64
2022-11-20,British Virgin Islands,North America,0,7305,0,64
2022-11-27,British Virgin Islands,North America,0,7305,0,64
2022-12-04,British Virgin Islands,North America,0,7305,0,64
2022-12-11,British Virgin Islands,North America,0,7305,0,64
2022-12-18,British Virgin Islands,North America,0,7305,0,64
2022-12-25,British Virgin Islands,North America,0,7305,0,64
2023-01-01,British Virgin Islands,North America,0,7305,0,64
2023-01-08,British Virgin Islands,North America,0,7305,0,64
2023-01-15,British Virgin Islands,North America,0,7305,0,64
2023-01-22,British Virgin Islands,North America,0,7305,0,64
2023-01-29,British Virgin Islands,North America,0,7305,0,64
2023-02-05,British Virgin Islands,North America,0,7305,0,64
2023-02-12,British Virgin Islands,North America,0,7305,0,64
2023-02-19,British Virgin Islands,North America,0,7305,0,64
2023-02-26,British Virgin Islands,North America,0,7305,0,64
2023-03-05,British Virgin Islands,North America,0,7305,0,64
2023-03-12,British Virgin Islands,North America,0,7305,0,64
2023-03-19,British Virgin Islands,North America,0,7305,0,64
2023-03-26,British Virgin Islands,North America,0,7305,0,64
2023-04-02,British Virgin Islands,North America,0,7305,0,64
2023-04-09,British Virgin Islands,North America,0,7305,0,64
2023-04-16,British Virgin Islands,North America,0,7305,0,64
2023-04-23,British Virgin Islands,North America,0,7305,0,64
2023-04-30,British Virgin Islands,North America,0,7305,0,64
2023-05-07,British Virgin Islands,North America,0,7305,0,64
2023-05-14,British Virgin Islands,North America,0,7305,0,64
2023-05-21,British Virgin Islands,North America,1,7306,0,64
2023-05-28,British Virgin Islands,North America,0,7306,0,64
2023-06-04,British Virgin Islands,North America,0,7306,0,64
2023-06-11,British Virgin Islands,North America,13,7319,0,64
2023-06-18,British Virgin Islands,North America,4,7323,0,64
2023-06-25,British Virgin Islands,North America,7,7330,0,64
2023-07-02,British Virgin Islands,North America,2,7332,0,64
2023-07-09,British Virgin Islands,North America,0,7332,0,64
2023-07-16,British Virgin Islands,North America,8,7340,0,64
2023-07-23,British Virgin Islands,North America,5,7345,0,64
2023-07-30,British Virgin Islands,North America,2,7347,0,64
2023-08-06,British Virgin Islands,North America,3,7350,0,64
2023-08-13,British Virgin Islands,North America,0,7350,0,64
2023-08-20,British Virgin Islands,North America,12,7362,0,64
2023-08-27,British Virgin Islands,North America,1,7363,0,64
2023-09-03,British Virgin Islands,North America,9,7372,0,64
2023-09-10,British Virgin Islands,North America,1,7373,0,64
2023-09-17,British Virgin Islands,North America,8,7381,0,64
2023-09-24,British Virgin Islands,North America,6,7387,0,64
2023-10-01,British Virgin Islands,North America,3,7390,0,64
2023-10-08,British Virgin Islands,North America,2,7392,0,64
2023-10-15,British Virgin Islands,North America,1,7393,0,64
2023-10-22,British Virgin Islands,North America,5,7398,0,64
2023-10-29,British Virgin Islands,North America,2,7400,0,64
2023-11-05,British Virgin Islands,North America,2,7402,0,64
2023-11-12,British Virgin Islands,North America,2,7404,0,64
2023-11-19,British Virgin Islands,North America,2,7406,0,64
2023-11-26,British Virgin Islands,North America,4,7410,0,64
2023-12-03,British Virgin Islands,North America,5,7415,0,64
2023-12-10,British Virgin Islands,North America,1,7416,0,64
2023-12-17,British Virgin Islands,North America,2,7418,0,64
2023-12-24,British Virgin Islands,North America,1,7419,0,64
2023-12-31,British Virgin Islands,North America,1,7420,0,64
2024-01-07,British Virgin Islands,North America,0,7420,0,64
2024-01-14,British Virgin Islands,North America,2,7422,0,64
2024-01-21,British Virgin Islands,North America,2,7424,0,64
2024-01-28,British Virgin Islands,North America,3,7427,0,64
2024-02-04,British Virgin Islands,North America,5,7432,0,64
2024-02-11,British Virgin Islands,North America,4,7436,0,64
2024-02-18,British Virgin Islands,North America,1,7437,0,64
2024-02-25,British Virgin Islands,North America,5,7442,0,64
2024-03-03,British Virgin Islands,North America,0,7442,0,64
2024-03-10,British Virgin Islands,North America,0,7442,0,64
2024-03-17,British Virgin Islands,North America,1,7443,0,64
2024-03-24,British Virgin Islands,North America,1,7444,0,64
2024-03-31,British Virgin Islands,North America,1,7445,0,64
2024-04-07,British Virgin Islands,North America,1,7446,0,64
2024-04-14,British Virgin Islands,North America,0,7446,0,64
2024-04-21,British Virgin Islands,North America,0,7446,0,64
2024-04-28,British Virgin Islands,North America,0,7446,0,64
2024-05-05,British Virgin Islands,North America,0,7446,0,64
2024-05-12,British Virgin Islands,North America,3,7449,0,64
2024-05-19,British Virgin Islands,North America,13,7462,0,64
2024-05-26,British Virgin Islands,North America,12,7474,0,64
2024-06-02,British Virgin Islands,North America,8,7482,0,64
2024-06-09,British Virgin Islands,North America,26,7508,0,64
2024-06-16,British Virgin Islands,North America,17,7525,0,64
2024-06-23,British Virgin Islands,North America,16,7541,0,64
2024-06-30,British Virgin Islands,North America,11,7552,0,64
2024-07-07,British Virgin Islands,North America,5,7557,0,64
2024-07-14,British Virgin Islands,North America,0,7557,0,64
2024-07-21,British Virgin Islands,North America,0,7557,0,64
2024-07-28,British Virgin Islands,North America,0,7557,0,64
2024-08-04,British Virgin Islands,North America,0,7557,0,64
2024-08-11,British Virgin Islands,North America,0,7557,0,64
2024-08-18,British Virgin Islands,North America,0,7557,0,64
2024-08-25,British Virgin Islands,North America,0,7557,0,64
2024-09-01,British Virgin Islands,North America,0,7557,0,64
2020-01-05,Brunei Darussalam,Asia,0,0,0,0
2020-01-12,Brunei Darussalam,Asia,0,0,0,0
2020-01-19,Brunei Darussalam,Asia,0,0,0,0
2020-01-26,Brunei Darussalam,Asia,0,0,0,0
2020-02-02,Brunei Darussalam,Asia,0,0,0,0
2020-02-09,Brunei Darussalam,Asia,0,0,0,0
2020-02-16,Brunei Darussalam,Asia,0,0,0,0
2020-02-23,Brunei Darussalam,Asia,0,0,0,0
2020-03-01,Brunei Darussalam,Asia,0,0,0,0
2020-03-08,Brunei Darussalam,Asia,0,0,0,0
2020-03-15,Brunei Darussalam,Asia,40,40,0,0
2020-03-22,Brunei Darussalam,Asia,43,83,0,0
2020-03-29,Brunei Darussalam,Asia,37,120,1,1
2020-04-05,Brunei Darussalam,Asia,15,135,0,1
2020-04-12,Brunei Darussalam,Asia,1,136,0,1
2020-04-19,Brunei Darussalam,Asia,1,137,0,1
2020-04-26,Brunei Darussalam,Asia,1,138,0,1
2020-05-03,Brunei Darussalam,Asia,0,138,0,1
2020-05-10,Brunei Darussalam,Asia,3,141,0,1
2020-05-17,Brunei Darussalam,Asia,0,141,0,1
2020-05-24,Brunei Darussalam,Asia,0,141,0,1
2020-05-31,Brunei Darussalam,Asia,0,141,1,2
2020-06-07,Brunei Darussalam,Asia,0,141,0,2
2020-06-14,Brunei Darussalam,Asia,0,141,0,2
2020-06-21,Brunei Darussalam,Asia,0,141,1,3
2020-06-28,Brunei Darussalam,Asia,0,141,0,3
2020-07-05,Brunei Darussalam,Asia,0,141,0,3
2020-07-12,Brunei Darussalam,Asia,0,141,0,3
2020-07-19,Brunei Darussalam,Asia,0,141,0,3
2020-07-26,Brunei Darussalam,Asia,0,141,0,3
2020-08-02,Brunei Darussalam,Asia,0,141,0,3
2020-08-09,Brunei Darussalam,Asia,1,142,0,3
2020-08-16,Brunei Darussalam,Asia,0,142,0,3
2020-08-23,Brunei Darussalam,Asia,1,143,0,3
2020-08-30,Brunei Darussalam,Asia,1,144,0,3
2020-09-06,Brunei Darussalam,Asia,1,145,0,3
2020-09-13,Brunei Darussalam,Asia,0,145,0,3
2020-09-20,Brunei Darussalam,Asia,0,145,0,3
2020-09-27,Brunei Darussalam,Asia,1,146,0,3
2020-10-04,Brunei Darussalam,Asia,0,146,0,3
2020-10-11,Brunei Darussalam,Asia,0,146,0,3
2020-10-18,Brunei Darussalam,Asia,1,147,0,3
2020-10-25,Brunei Darussalam,Asia,1,148,0,3
2020-11-01,Brunei Darussalam,Asia,0,148,0,3
2020-11-08,Brunei Darussalam,Asia,0,148,0,3
2020-11-15,Brunei Darussalam,Asia,0,148,0,3
2020-11-22,Brunei Darussalam,Asia,0,148,0,3
2020-11-29,Brunei Darussalam,Asia,2,150,0,3
2020-12-06,Brunei Darussalam,Asia,1,151,0,3
2020-12-13,Brunei Darussalam,Asia,1,152,0,3
2020-12-20,Brunei Darussalam,Asia,0,152,0,3
2020-12-27,Brunei Darussalam,Asia,0,152,0,3
2021-01-03,Brunei Darussalam,Asia,20,172,0,3
2021-01-10,Brunei Darussalam,Asia,1,173,0,3
2021-01-17,Brunei Darussalam,Asia,1,174,0,3
2021-01-24,Brunei Darussalam,Asia,1,175,0,3
2021-01-31,Brunei Darussalam,Asia,5,180,0,3
2021-02-07,Brunei Darussalam,Asia,1,181,0,3
2021-02-14,Brunei Darussalam,Asia,3,184,0,3
2021-02-21,Brunei Darussalam,Asia,1,185,0,3
2021-02-28,Brunei Darussalam,Asia,1,186,0,3
2021-03-07,Brunei Darussalam,Asia,4,190,0,3
2021-03-14,Brunei Darussalam,Asia,9,199,0,3
2021-03-21,Brunei Darussalam,Asia,7,206,0,3
2021-03-28,Brunei Darussalam,Asia,1,207,0,3
2021-04-04,Brunei Darussalam,Asia,7,214,0,3
2021-04-11,Brunei Darussalam,Asia,5,219,0,3
2021-04-18,Brunei Darussalam,Asia,2,221,0,3
2021-04-25,Brunei Darussalam,Asia,2,223,0,3
2021-05-02,Brunei Darussalam,Asia,4,227,0,3
2021-05-09,Brunei Darussalam,Asia,3,230,0,3
2021-05-16,Brunei Darussalam,Asia,2,232,0,3
2021-05-23,Brunei Darussalam,Asia,4,236,0,3
2021-05-30,Brunei Darussalam,Asia,6,242,0,3
2021-06-06,Brunei Darussalam,Asia,2,244,0,3
2021-06-13,Brunei Darussalam,Asia,6,250,0,3
2021-06-20,Brunei Darussalam,Asia,5,255,0,3
2021-06-27,Brunei Darussalam,Asia,4,259,0,3
2021-07-04,Brunei Darussalam,Asia,3,262,0,3
2021-07-11,Brunei Darussalam,Asia,13,275,0,3
2021-07-18,Brunei Darussalam,Asia,16,291,0,3
2021-07-25,Brunei Darussalam,Asia,30,321,0,3
2021-08-01,Brunei Darussalam,Asia,17,338,0,3
2021-08-08,Brunei Darussalam,Asia,26,364,0,3
2021-08-15,Brunei Darussalam,Asia,359,723,1,4
2021-08-22,Brunei Darussalam,Asia,1046,1769,7,11
2021-08-29,Brunei Darussalam,Asia,796,2565,5,16
2021-09-05,Brunei Darussalam,Asia,764,3329,4,20
2021-09-12,Brunei Darussalam,Asia,834,4163,5,25
2021-09-19,Brunei Darussalam,Asia,884,5047,7,32
2021-09-26,Brunei Darussalam,Asia,1493,6540,6,38
2021-10-03,Brunei Darussalam,Asia,1176,7716,6,44
2021-10-10,Brunei Darussalam,Asia,1264,8980,5,49
2021-10-17,Brunei Darussalam,Asia,1880,10860,7,56
2021-10-24,Brunei Darussalam,Asia,1253,12113,1,57
2021-10-31,Brunei Darussalam,Asia,1017,13130,1,58
2021-11-07,Brunei Darussalam,Asia,652,13782,3,61
2021-11-14,Brunei Darussalam,Asia,433,14215,0,61
2021-11-21,Brunei Darussalam,Asia,376,14591,0,61
2021-11-28,Brunei Darussalam,Asia,445,15036,0,61
2021-12-05,Brunei Darussalam,Asia,150,15186,0,61
2021-12-12,Brunei Darussalam,Asia,162,15348,0,61
2021-12-19,Brunei Darussalam,Asia,54,15402,0,61
2021-12-26,Brunei Darussalam,Asia,45,15447,0,61
2022-01-02,Brunei Darussalam,Asia,52,15499,1,62
2022-01-09,Brunei Darussalam,Asia,135,15634,0,62
2022-01-16,Brunei Darussalam,Asia,247,15881,0,62
2022-01-23,Brunei Darussalam,Asia,251,16132,0,62
2022-01-30,Brunei Darussalam,Asia,281,16413,0,62
2022-02-06,Brunei Darussalam,Asia,1371,17784,0,62
2022-02-13,Brunei Darussalam,Asia,4731,22515,2,64
2022-02-20,Brunei Darussalam,Asia,12464,34979,3,67
2022-02-27,Brunei Darussalam,Asia,24468,59447,6,73
2022-03-06,Brunei Darussalam,Asia,29402,88849,11,84
2022-03-13,Brunei Darussalam,Asia,23244,112093,8,92
2022-03-20,Brunei Darussalam,Asia,12623,124716,2,94
2022-03-27,Brunei Darussalam,Asia,6687,131403,6,100
2022-04-03,Brunei Darussalam,Asia,4571,135974,0,100
2022-04-10,Brunei Darussalam,Asia,2556,138530,1,101
2022-04-17,Brunei Darussalam,Asia,1493,140023,0,101
2022-04-24,Brunei Darussalam,Asia,1096,141119,0,101
2022-05-01,Brunei Darussalam,Asia,792,141911,0,101
2022-05-08,Brunei Darussalam,Asia,947,142858,0,101
2022-05-15,Brunei Darussalam,Asia,1801,144659,0,101
2022-05-22,Brunei Darussalam,Asia,1827,146486,0,101
2022-05-29,Brunei Darussalam,Asia,1603,148089,0,101
2022-06-05,Brunei Darussalam,Asia,2313,150402,0,101
2022-06-12,Brunei Darussalam,Asia,2691,153093,0,101
2022-06-19,Brunei Darussalam,Asia,3930,157023,0,101
2022-06-26,Brunei Darussalam,Asia,0,157023,1,102
2022-07-03,Brunei Darussalam,Asia,6504,163527,5,107
2022-07-10,Brunei Darussalam,Asia,9610,173137,10,117
2022-07-17,Brunei Darussalam,Asia,11858,184995,4,121
2022-07-24,Brunei Darussalam,Asia,12420,197415,1,122
2022-07-31,Brunei Darussalam,Asia,8745,206160,0,122
2022-08-07,Brunei Darussalam,Asia,9123,215283,6,128
2022-08-14,Brunei Darussalam,Asia,2976,218259,0,128
2022-08-21,Brunei Darussalam,Asia,1986,220245,0,128
2022-08-28,Brunei Darussalam,Asia,1454,221699,1,129
2022-09-04,Brunei Darussalam,Asia,1360,223059,1,130
2022-09-11,Brunei Darussalam,Asia,1551,224610,1,131
2022-09-18,Brunei Darussalam,Asia,1627,226237,0,131
2022-09-25,Brunei Darussalam,Asia,1519,227756,0,131
2022-10-02,Brunei Darussalam,Asia,1909,229665,2,133
2022-10-09,Brunei Darussalam,Asia,2168,231833,1,134
2022-10-16,Brunei Darussalam,Asia,2749,234582,1,135
2022-10-23,Brunei Darussalam,Asia,3074,237656,1,136
2022-10-30,Brunei Darussalam,Asia,3388,241044,0,136
2022-11-06,Brunei Darussalam,Asia,3555,244599,1,137
2022-11-13,Brunei Darussalam,Asia,4262,248861,0,137
2022-11-20,Brunei Darussalam,Asia,4545,253406,6,143
2022-11-27,Brunei Darussalam,Asia,4515,257921,1,144
2022-12-04,Brunei Darussalam,Asia,3519,261440,1,145
2022-12-11,Brunei Darussalam,Asia,3050,264490,1,146
2022-12-18,Brunei Darussalam,Asia,2329,266819,1,147
2022-12-25,Brunei Darussalam,Asia,1796,268615,1,148
2023-01-01,Brunei Darussalam,Asia,1584,270199,0,148
2023-01-08,Brunei Darussalam,Asia,2447,272646,0,148
2023-01-15,Brunei Darussalam,Asia,0,272646,0,148
2023-01-22,Brunei Darussalam,Asia,1571,274217,0,148
2023-01-29,Brunei Darussalam,Asia,1003,275220,0,148
2023-02-05,Brunei Darussalam,Asia,847,276067,0,148
2023-02-12,Brunei Darussalam,Asia,758,276825,1,149
2023-02-19,Brunei Darussalam,Asia,616,277441,1,150
2023-02-26,Brunei Darussalam,Asia,551,277992,0,150
2023-03-05,Brunei Darussalam,Asia,706,278698,0,150
2023-03-12,Brunei Darussalam,Asia,963,279661,0,150
2023-03-19,Brunei Darussalam,Asia,1129,280790,1,151
2023-03-26,Brunei Darussalam,Asia,1166,281956,2,153
2023-04-02,Brunei Darussalam,Asia,1389,283345,0,153
2023-04-09,Brunei Darussalam,Asia,1287,284632,0,153
2023-04-16,Brunei Darussalam,Asia,1108,285740,2,155
2023-04-23,Brunei Darussalam,Asia,1070,286810,0,155
2023-04-30,Brunei Darussalam,Asia,1241,288051,2,157
2023-05-07,Brunei Darussalam,Asia,4593,292644,3,160
2023-05-14,Brunei Darussalam,Asia,6861,299505,0,160
2023-05-21,Brunei Darussalam,Asia,4214,303719,1,161
2023-05-28,Brunei Darussalam,Asia,2614,306333,0,161
2023-06-04,Brunei Darussalam,Asia,1353,307686,0,161
2023-06-11,Brunei Darussalam,Asia,1091,308777,0,161
2023-06-18,Brunei Darussalam,Asia,338,309115,0,161
2023-06-25,Brunei Darussalam,Asia,275,309390,0,161
2023-07-02,Brunei Darussalam,Asia,171,309561,0,161
2023-07-09,Brunei Darussalam,Asia,252,309813,1,162
2023-07-16,Brunei Darussalam,Asia,117,309930,0,162
2023-07-23,Brunei Darussalam,Asia,89,310019,0,162
2023-07-30,Brunei Darussalam,Asia,87,310106,1,163
2023-08-06,Brunei Darussalam,Asia,119,310225,0,163
2023-08-13,Brunei Darussalam,Asia,154,310379,0,163
2023-08-20,Brunei Darussalam,Asia,0,310379,0,163
2023-08-27,Brunei Darussalam,Asia,173,310552,0,163
2023-09-03,Brunei Darussalam,Asia,78,310630,0,163
2023-09-10,Brunei Darussalam,Asia,146,310776,0,163
2023-09-17,Brunei Darussalam,Asia,244,311020,0,163
2023-09-24,Brunei Darussalam,Asia,216,311236,0,163
2023-10-01,Brunei Darussalam,Asia,213,311449,0,163
2023-10-08,Brunei Darussalam,Asia,165,311614,0,163
2023-10-15,Brunei Darussalam,Asia,291,311905,0,163
2023-10-22,Brunei Darussalam,Asia,289,312194,0,163
2023-10-29,Brunei Darussalam,Asia,330,312524,0,163
2023-11-05,Brunei Darussalam,Asia,368,312892,0,163
2023-11-12,Brunei Darussalam,Asia,488,313380,0,163
2023-11-19,Brunei Darussalam,Asia,539,313919,0,163
2023-11-26,Brunei Darussalam,Asia,691,314610,0,163
2023-12-03,Brunei Darussalam,Asia,1123,315733,1,164
2023-12-10,Brunei Darussalam,Asia,1854,317587,2,166
2023-12-17,Brunei Darussalam,Asia,3648,321235,2,168
2023-12-24,Brunei Darussalam,Asia,5040,326275,2,170
2023-12-31,Brunei Darussalam,Asia,4501,330776,1,171
2024-01-07,Brunei Darussalam,Asia,3459,334235,5,176
2024-01-14,Brunei Darussalam,Asia,4334,338569,1,177
2024-01-21,Brunei Darussalam,Asia,2373,340942,1,178
2024-01-28,Brunei Darussalam,Asia,1318,342260,0,178
2024-02-04,Brunei Darussalam,Asia,542,342802,0,178
2024-02-11,Brunei Darussalam,Asia,273,343075,0,178
2024-02-18,Brunei Darussalam,Asia,124,343199,0,178
2024-02-25,Brunei Darussalam,Asia,168,343367,0,178
2024-03-03,Brunei Darussalam,Asia,102,343469,0,178
2024-03-10,Brunei Darussalam,Asia,108,343577,0,178
2024-03-17,Brunei Darussalam,Asia,76,343653,0,178
2024-03-24,Brunei Darussalam,Asia,66,343719,0,178
2024-03-31,Brunei Darussalam,Asia,51,343770,0,178
2024-04-07,Brunei Darussalam,Asia,20,343790,0,178
2024-04-14,Brunei Darussalam,Asia,36,343826,0,178
2024-04-21,Brunei Darussalam,Asia,25,343851,0,178
2024-04-28,Brunei Darussalam,Asia,85,343936,0,178
2024-05-05,Brunei Darussalam,Asia,84,344020,0,178
2024-05-12,Brunei Darussalam,Asia,125,344145,0,178
2024-05-19,Brunei Darussalam,Asia,175,344320,0,178
2024-05-26,Brunei Darussalam,Asia,166,344486,0,178
2024-06-02,Brunei Darussalam,Asia,157,344643,0,178
2024-06-09,Brunei Darussalam,Asia,154,344797,0,178
2024-06-16,Brunei Darussalam,Asia,299,345096,0,178
2024-06-23,Brunei Darussalam,Asia,308,345404,0,178
2024-06-30,Brunei Darussalam,Asia,419,345823,0,178
2024-07-07,Brunei Darussalam,Asia,423,346246,0,178
2024-07-14,Brunei Darussalam,Asia,424,346670,0,178
2024-07-21,Brunei Darussalam,Asia,399,347069,0,178
2024-07-28,Brunei Darussalam,Asia,366,347435,0,178
2024-08-04,Brunei Darussalam,Asia,288,347723,1,179
2024-08-11,Brunei Darussalam,Asia,235,347958,1,180
2024-08-18,Brunei Darussalam,Asia,156,348114,0,180
2024-08-25,Brunei Darussalam,Asia,99,348213,1,181
2024-09-01,Brunei Darussalam,Asia,132,348345,0,181
2020-01-05,Bulgaria,Europe,0,0,0,0
2020-01-12,Bulgaria,Europe,0,0,0,0
2020-01-19,Bulgaria,Europe,0,0,0,0
2020-01-26,Bulgaria,Europe,0,0,0,0
2020-02-02,Bulgaria,Europe,0,0,0,0
2020-02-09,Bulgaria,Europe,0,0,0,0
2020-02-16,Bulgaria,Europe,0,0,0,0
2020-02-23,Bulgaria,Europe,0,0,0,0
2020-03-01,Bulgaria,Europe,0,0,0,0
2020-03-08,Bulgaria,Europe,4,4,0,0
2020-03-15,Bulgaria,Europe,47,51,2,2
2020-03-22,Bulgaria,Europe,134,185,1,3
2020-03-29,Bulgaria,Europe,161,346,5,8
2020-04-05,Bulgaria,Europe,185,531,12,20
2020-04-12,Bulgaria,Europe,144,675,9,29
2020-04-19,Bulgaria,Europe,219,894,13,42
2020-04-26,Bulgaria,Europe,406,1300,14,56
2020-05-03,Bulgaria,Europe,318,1618,17,73
2020-05-10,Bulgaria,Europe,347,1965,18,91
2020-05-17,Bulgaria,Europe,246,2211,17,108
2020-05-24,Bulgaria,Europe,216,2427,22,130
2020-05-31,Bulgaria,Europe,86,2513,10,140
2020-06-07,Bulgaria,Europe,198,2711,20,160
2020-06-14,Bulgaria,Europe,555,3266,12,172
2020-06-21,Bulgaria,Europe,606,3872,27,199
2020-06-28,Bulgaria,Europe,753,4625,17,216
2020-07-05,Bulgaria,Europe,1052,5677,25,241
2020-07-12,Bulgaria,Europe,1498,7175,26,267
2020-07-19,Bulgaria,Europe,1463,8638,32,299
2020-07-26,Bulgaria,Europe,1674,10312,39,338
2020-08-02,Bulgaria,Europe,1524,11836,47,385
2020-08-09,Bulgaria,Europe,1507,13343,60,445
2020-08-16,Bulgaria,Europe,990,14333,50,495
2020-08-23,Bulgaria,Europe,894,15227,50,545
2020-08-30,Bulgaria,Europe,937,16164,60,605
2020-09-06,Bulgaria,Europe,886,17050,66,671
2020-09-13,Bulgaria,Europe,841,17891,46,717
2020-09-20,Bulgaria,Europe,928,18819,38,755
2020-09-27,Bulgaria,Europe,1178,19997,34,789
2020-10-04,Bulgaria,Europe,1521,21518,52,841
2020-10-11,Bulgaria,Europe,2801,24319,50,891
2020-10-18,Bulgaria,Europe,4789,29108,77,968
2020-10-25,Bulgaria,Europe,8454,37562,116,1084
2020-11-01,Bulgaria,Europe,15282,52844,195,1279
2020-11-08,Bulgaria,Europe,21641,74485,353,1632
2020-11-15,Bulgaria,Europe,22950,97435,459,2091
2020-11-22,Bulgaria,Europe,23262,120697,729,2820
2020-11-29,Bulgaria,Europe,21050,141747,929,3749
2020-12-06,Bulgaria,Europe,19097,160844,980,4729
2020-12-13,Bulgaria,Europe,18108,178952,897,5626
2020-12-20,Bulgaria,Europe,12077,191029,925,6551
2020-12-27,Bulgaria,Europe,6355,197384,572,7123
2021-01-03,Bulgaria,Europe,5496,202880,521,7644
2021-01-10,Bulgaria,Europe,5526,208406,453,8097
2021-01-17,Bulgaria,Europe,3330,211736,377,8474
2021-01-24,Bulgaria,Europe,2960,214696,337,8811
2021-01-31,Bulgaria,Europe,3922,218618,217,9028
2021-02-07,Bulgaria,Europe,4934,223552,283,9311
2021-02-14,Bulgaria,Europe,5964,229516,297,9608
2021-02-21,Bulgaria,Europe,6923,236439,231,9839
2021-02-28,Bulgaria,Europe,10267,246706,328,10167
2021-03-07,Bulgaria,Europe,13105,259811,426,10593
2021-03-14,Bulgaria,Europe,18067,277878,641,11234
2021-03-21,Bulgaria,Europe,24602,302480,732,11966
2021-03-28,Bulgaria,Europe,25290,327770,684,12650
2021-04-04,Bulgaria,Europe,24489,352259,857,13507
2021-04-11,Bulgaria,Europe,19272,371531,844,14351
2021-04-18,Bulgaria,Europe,14432,385963,787,15138
2021-04-25,Bulgaria,Europe,11137,397100,721,15859
2021-05-02,Bulgaria,Europe,7746,404846,585,16444
2021-05-09,Bulgaria,Europe,5115,409961,458,16902
2021-05-16,Bulgaria,Europe,4080,414041,348,17250
2021-05-23,Bulgaria,Europe,2524,416565,237,17487
2021-05-30,Bulgaria,Europe,1656,418221,170,17657
2021-06-06,Bulgaria,Europe,1205,419426,156,17813
2021-06-13,Bulgaria,Europe,868,420294,85,17898
2021-06-20,Bulgaria,Europe,711,421005,91,17989
2021-06-27,Bulgaria,Europe,510,421515,38,18027
2021-07-04,Bulgaria,Europe,519,422034,57,18084
2021-07-11,Bulgaria,Europe,412,422446,56,18140
2021-07-18,Bulgaria,Europe,484,422930,29,18169
2021-07-25,Bulgaria,Europe,699,423629,24,18193
2021-08-01,Bulgaria,Europe,1425,425054,20,18213
2021-08-08,Bulgaria,Europe,2819,427873,39,18252
2021-08-15,Bulgaria,Europe,5089,432962,87,18339
2021-08-22,Bulgaria,Europe,7949,440911,128,18467
2021-08-29,Bulgaria,Europe,10237,451148,238,18705
2021-09-05,Bulgaria,Europe,10397,461545,378,19083
2021-09-12,Bulgaria,Europe,9290,470835,386,19469
2021-09-19,Bulgaria,Europe,10893,481728,516,19985
2021-09-26,Bulgaria,Europe,10637,492365,464,20449
2021-10-03,Bulgaria,Europe,13116,505481,546,20995
2021-10-10,Bulgaria,Europe,14760,520241,621,21616
2021-10-17,Bulgaria,Europe,19378,539619,615,22231
2021-10-24,Bulgaria,Europe,28454,568073,802,23033
2021-10-31,Bulgaria,Europe,32962,601035,885,23918
2021-11-07,Bulgaria,Europe,30471,631506,1087,25005
2021-11-14,Bulgaria,Europe,23313,654819,1186,26191
2021-11-21,Bulgaria,Europe,17736,672555,989,27180
2021-11-28,Bulgaria,Europe,16073,688628,863,28043
2021-12-05,Bulgaria,Europe,13826,702454,762,28805
2021-12-12,Bulgaria,Europe,11702,714156,681,29486
2021-12-19,Bulgaria,Europe,10181,724337,561,30047
2021-12-26,Bulgaria,Europe,9545,733882,481,30528
2022-01-02,Bulgaria,Europe,14302,748184,455,30983
2022-01-09,Bulgaria,Europe,30517,778701,533,31516
2022-01-16,Bulgaria,Europe,39528,818229,526,32042
2022-01-23,Bulgaria,Europe,59152,877381,594,32636
2022-01-30,Bulgaria,Europe,61831,939212,485,33121
2022-02-06,Bulgaria,Europe,54043,993255,607,33728
2022-02-13,Bulgaria,Europe,42030,1035285,631,34359
2022-02-20,Bulgaria,Europe,31128,1066413,639,34998
2022-02-27,Bulgaria,Europe,21383,1087796,460,35458
2022-03-06,Bulgaria,Europe,13015,1100811,353,35811
2022-03-13,Bulgaria,Europe,11365,1112176,273,36084
2022-03-20,Bulgaria,Europe,11538,1123714,188,36272
2022-03-27,Bulgaria,Europe,9388,1133102,157,36429
2022-04-03,Bulgaria,Europe,7351,1140453,136,36565
2022-04-10,Bulgaria,Europe,4690,1145143,127,36692
2022-04-17,Bulgaria,Europe,4082,1149225,90,36782
2022-04-24,Bulgaria,Europe,3667,1152892,67,36849
2022-05-01,Bulgaria,Europe,3837,1156729,64,36913
2022-05-08,Bulgaria,Europe,2421,1159150,53,36966
2022-05-15,Bulgaria,Europe,2354,1161504,79,37045
2022-05-22,Bulgaria,Europe,1813,1163317,45,37090
2022-05-29,Bulgaria,Europe,1342,1164659,43,37133
2022-06-05,Bulgaria,Europe,1148,1165807,30,37163
2022-06-12,Bulgaria,Europe,1052,1166859,33,37196
2022-06-19,Bulgaria,Europe,1179,1168038,28,37224
2022-06-26,Bulgaria,Europe,1933,1169971,22,37246
2022-07-03,Bulgaria,Europe,3123,1173094,11,37257
2022-07-10,Bulgaria,Europe,4842,1177936,9,37266
2022-07-17,Bulgaria,Europe,6496,1184432,25,37291
2022-07-24,Bulgaria,Europe,10454,1194886,38,37329
2022-07-31,Bulgaria,Europe,11805,1206691,48,37377
2022-08-07,Bulgaria,Europe,6211,1212902,44,37421
2022-08-14,Bulgaria,Europe,8910,1221812,55,37476
2022-08-21,Bulgaria,Europe,7406,1229218,55,37531
2022-08-28,Bulgaria,Europe,0,1229218,0,37531
2022-09-04,Bulgaria,Europe,4874,1234092,26,37557
2022-09-11,Bulgaria,Europe,3480,1237572,35,37592
2022-09-18,Bulgaria,Europe,3494,1241066,30,37622
2022-09-25,Bulgaria,Europe,3422,1244488,21,37643
2022-10-02,Bulgaria,Europe,4818,1249306,21,37664
2022-10-09,Bulgaria,Europe,4846,1254152,28,37692
2022-10-16,Bulgaria,Europe,5177,1259329,38,37730
2022-10-23,Bulgaria,Europe,4377,1263706,37,37767
2022-10-30,Bulgaria,Europe,3946,1267652,39,37806
2022-11-06,Bulgaria,Europe,2893,1270545,56,37862
2022-11-13,Bulgaria,Europe,2340,1272885,37,37899
2022-11-20,Bulgaria,Europe,1702,1274587,44,37943
2022-11-27,Bulgaria,Europe,1341,1275928,30,37973
2022-12-04,Bulgaria,Europe,1114,1277042,22,37995
2022-12-11,Bulgaria,Europe,1201,1278243,12,38007
2022-12-18,Bulgaria,Europe,1287,1279530,20,38027
2022-12-25,Bulgaria,Europe,1087,1280617,9,38036
2023-01-01,Bulgaria,Europe,877,1281494,18,38054
2023-01-08,Bulgaria,Europe,1112,1282606,14,38068
2023-01-15,Bulgaria,Europe,900,1283506,16,38084
2023-01-22,Bulgaria,Europe,732,1284238,22,38106
2023-01-29,Bulgaria,Europe,407,1284645,14,38120
2023-02-05,Bulgaria,Europe,330,1284975,10,38130
2023-02-12,Bulgaria,Europe,269,1285244,10,38140
2023-02-19,Bulgaria,Europe,335,1285579,10,38150
2023-02-26,Bulgaria,Europe,453,1286032,7,38157
2023-03-05,Bulgaria,Europe,395,1286427,8,38165
2023-03-12,Bulgaria,Europe,627,1287054,12,38177
2023-03-19,Bulgaria,Europe,713,1287767,5,38182
2023-03-26,Bulgaria,Europe,885,1288652,12,38194
2023-04-02,Bulgaria,Europe,906,1289558,12,38206
2023-04-09,Bulgaria,Europe,1015,1290573,16,38222
2023-04-16,Bulgaria,Europe,963,1291536,12,38234
2023-04-23,Bulgaria,Europe,1150,1292686,18,38252
2023-04-30,Bulgaria,Europe,1024,1293710,21,38273
2023-05-07,Bulgaria,Europe,884,1294594,14,38287
2023-05-14,Bulgaria,Europe,718,1295312,12,38299
2023-05-21,Bulgaria,Europe,740,1296052,15,38314
2023-05-28,Bulgaria,Europe,589,1296641,10,38324
2023-06-04,Bulgaria,Europe,542,1297183,13,38337
2023-06-11,Bulgaria,Europe,422,1297605,12,38349
2023-06-18,Bulgaria,Europe,389,1297994,5,38354
2023-06-25,Bulgaria,Europe,276,1298270,12,38366
2023-07-02,Bulgaria,Europe,205,1298475,5,38371
2023-07-09,Bulgaria,Europe,172,1298647,17,38388
2023-07-16,Bulgaria,Europe,139,1298786,5,38393
2023-07-23,Bulgaria,Europe,123,1298909,3,38396
2023-07-30,Bulgaria,Europe,115,1299024,1,38397
2023-08-06,Bulgaria,Europe,177,1299201,0,38397
2023-08-13,Bulgaria,Europe,203,1299404,1,38398
2023-08-20,Bulgaria,Europe,221,1299625,2,38400
2023-08-27,Bulgaria,Europe,305,1299930,3,38403
2023-09-03,Bulgaria,Europe,356,1300286,3,38406
2023-09-10,Bulgaria,Europe,434,1300720,4,38410
2023-09-17,Bulgaria,Europe,620,1301340,3,38413
2023-09-24,Bulgaria,Europe,848,1302188,1,38414
2023-10-01,Bulgaria,Europe,1593,1303781,6,38420
2023-10-08,Bulgaria,Europe,1698,1305479,12,38432
2023-10-15,Bulgaria,Europe,2209,1307688,24,38456
2023-10-22,Bulgaria,Europe,2137,1309825,16,38472
2023-10-29,Bulgaria,Europe,2277,1312102,22,38494
2023-11-05,Bulgaria,Europe,1864,1313966,22,38516
2023-11-12,Bulgaria,Europe,1357,1315323,24,38540
2023-11-19,Bulgaria,Europe,1148,1316471,19,38559
2023-11-26,Bulgaria,Europe,1102,1317573,12,38571
2023-12-03,Bulgaria,Europe,1089,1318662,17,38588
2023-12-10,Bulgaria,Europe,1128,1319790,16,38604
2023-12-17,Bulgaria,Europe,1330,1321120,9,38613
2023-12-24,Bulgaria,Europe,1334,1322454,6,38619
2023-12-31,Bulgaria,Europe,1124,1323578,11,38630
2024-01-07,Bulgaria,Europe,1489,1325067,20,38650
2024-01-14,Bulgaria,Europe,1077,1326144,10,38660
2024-01-21,Bulgaria,Europe,856,1327000,11,38671
2024-01-28,Bulgaria,Europe,689,1327689,10,38681
2024-02-04,Bulgaria,Europe,447,1328136,5,38686
2024-02-11,Bulgaria,Europe,325,1328461,2,38688
2024-02-18,Bulgaria,Europe,199,1328660,2,38690
2024-02-25,Bulgaria,Europe,104,1328764,1,38691
2024-03-03,Bulgaria,Europe,121,1328885,0,38691
2024-03-10,Bulgaria,Europe,81,1328966,1,38692
2024-03-17,Bulgaria,Europe,75,1329041,4,38696
2024-03-24,Bulgaria,Europe,63,1329104,4,38700
2024-03-31,Bulgaria,Europe,67,1329171,0,38700
2024-04-07,Bulgaria,Europe,0,1329171,0,38700
2024-04-14,Bulgaria,Europe,33,1329204,0,38700
2024-04-21,Bulgaria,Europe,21,1329225,0,38700
2024-04-28,Bulgaria,Europe,25,1329250,0,38700
2024-05-05,Bulgaria,Europe,16,1329266,0,38700
2024-05-12,Bulgaria,Europe,23,1329289,0,38700
2024-05-19,Bulgaria,Europe,24,1329313,0,38700
2024-05-26,Bulgaria,Europe,16,1329329,0,38700
2024-06-02,Bulgaria,Europe,27,1329356,0,38700
2024-06-09,Bulgaria,Europe,25,1329381,0,38700
2024-06-16,Bulgaria,Europe,24,1329405,0,38700
2024-06-23,Bulgaria,Europe,25,1329430,0,38700
2024-06-30,Bulgaria,Europe,35,1329465,0,38700
2024-07-07,Bulgaria,Europe,22,1329487,0,38700
2024-07-14,Bulgaria,Europe,32,1329519,0,38700
2024-07-21,Bulgaria,Europe,69,1329588,0,38700
2024-07-28,Bulgaria,Europe,143,1329731,0,38700
2024-08-04,Bulgaria,Europe,257,1329988,0,38700
2024-08-11,Bulgaria,Europe,412,1330400,1,38701
2024-08-18,Bulgaria,Europe,521,1330921,1,38702
2024-08-25,Bulgaria,Europe,691,1331612,2,38704
2024-09-01,Bulgaria,Europe,761,1332373,3,38707
2020-01-05,Burkina Faso,Africa,0,0,0,0
2020-01-12,Burkina Faso,Africa,0,0,0,0
2020-01-19,Burkina Faso,Africa,0,0,0,0
2020-01-26,Burkina Faso,Africa,0,0,0,0
2020-02-02,Burkina Faso,Africa,0,0,0,0
2020-02-09,Burkina Faso,Africa,0,0,0,0
2020-02-16,Burkina Faso,Africa,0,0,0,0
2020-02-23,Burkina Faso,Africa,0,0,0,0
2020-03-01,Burkina Faso,Africa,0,0,0,0
2020-03-08,Burkina Faso,Africa,0,0,0,0
2020-03-15,Burkina Faso,Africa,7,7,0,0
2020-03-22,Burkina Faso,Africa,68,75,6,6
2020-03-29,Burkina Faso,Africa,147,222,9,15
2020-04-05,Burkina Faso,Africa,142,364,2,17
2020-04-12,Burkina Faso,Africa,120,484,1,18
2020-04-19,Burkina Faso,Africa,92,576,18,36
2020-04-26,Burkina Faso,Africa,56,632,6,42
2020-05-03,Burkina Faso,Africa,20,652,3,45
2020-05-10,Burkina Faso,Africa,96,748,3,48
2020-05-17,Burkina Faso,Africa,34,782,3,51
2020-05-24,Burkina Faso,Africa,59,841,1,52
2020-05-31,Burkina Faso,Africa,14,855,1,53
2020-06-07,Burkina Faso,Africa,34,889,0,53
2020-06-14,Burkina Faso,Africa,5,894,0,53
2020-06-21,Burkina Faso,Africa,7,901,0,53
2020-06-28,Burkina Faso,Africa,58,959,0,53
2020-07-05,Burkina Faso,Africa,41,1000,0,53
2020-07-12,Burkina Faso,Africa,36,1036,0,53
2020-07-19,Burkina Faso,Africa,29,1065,0,53
2020-07-26,Burkina Faso,Africa,35,1100,0,53
2020-08-02,Burkina Faso,Africa,50,1150,0,53
2020-08-09,Burkina Faso,Africa,54,1204,1,54
2020-08-16,Burkina Faso,Africa,63,1267,1,55
2020-08-23,Burkina Faso,Africa,61,1328,0,55
2020-08-30,Burkina Faso,Africa,40,1368,0,55
2020-09-06,Burkina Faso,Africa,84,1452,0,55
2020-09-13,Burkina Faso,Africa,255,1707,1,56
2020-09-20,Burkina Faso,Africa,139,1846,0,56
2020-09-27,Burkina Faso,Africa,162,2008,0,56
2020-10-04,Burkina Faso,Africa,159,2167,3,59
2020-10-11,Burkina Faso,Africa,113,2280,4,63
2020-10-18,Burkina Faso,Africa,101,2381,2,65
2020-10-25,Burkina Faso,Africa,70,2451,0,65
2020-11-01,Burkina Faso,Africa,57,2508,2,67
2020-11-08,Burkina Faso,Africa,61,2569,0,67
2020-11-15,Burkina Faso,Africa,72,2641,1,68
2020-11-22,Burkina Faso,Africa,94,2735,0,68
2020-11-29,Burkina Faso,Africa,121,2856,0,68
2020-12-06,Burkina Faso,Africa,356,3212,0,68
2020-12-13,Burkina Faso,Africa,818,4030,3,71
2020-12-20,Burkina Faso,Africa,1130,5160,5,76
2020-12-27,Burkina Faso,Africa,1184,6344,2,78
2021-01-03,Burkina Faso,Africa,707,7051,8,86
2021-01-10,Burkina Faso,Africa,1031,8082,3,89
2021-01-17,Burkina Faso,Africa,1106,9188,13,102
2021-01-24,Burkina Faso,Africa,850,10038,10,112
2021-01-31,Burkina Faso,Africa,644,10682,8,120
2021-02-07,Burkina Faso,Africa,603,11285,14,134
2021-02-14,Burkina Faso,Africa,329,11614,4,138
2021-02-21,Burkina Faso,Africa,183,11797,1,139
2021-02-28,Burkina Faso,Africa,227,12024,3,142
2021-03-07,Burkina Faso,Africa,157,12181,1,143
2021-03-14,Burkina Faso,Africa,191,12372,1,144
2021-03-21,Burkina Faso,Africa,163,12535,1,145
2021-03-28,Burkina Faso,Africa,157,12692,0,145
2021-04-04,Burkina Faso,Africa,125,12817,5,150
2021-04-11,Burkina Faso,Africa,162,12979,2,152
2021-04-18,Burkina Faso,Africa,150,13129,2,154
2021-04-25,Burkina Faso,Africa,134,13263,2,156
2021-05-02,Burkina Faso,Africa,61,13324,1,157
2021-05-09,Burkina Faso,Africa,55,13379,5,162
2021-05-16,Burkina Faso,Africa,18,13397,2,164
2021-05-23,Burkina Faso,Africa,18,13415,1,165
2021-05-30,Burkina Faso,Africa,16,13431,1,166
2021-06-06,Burkina Faso,Africa,22,13453,1,167
2021-06-13,Burkina Faso,Africa,6,13459,0,167
2021-06-20,Burkina Faso,Africa,10,13469,0,167
2021-06-27,Burkina Faso,Africa,9,13478,1,168
2021-07-04,Burkina Faso,Africa,16,13494,0,168
2021-07-11,Burkina Faso,Africa,23,13517,0,168
2021-07-18,Burkina Faso,Africa,19,13536,1,169
2021-07-25,Burkina Faso,Africa,7,13543,0,169
2021-08-01,Burkina Faso,Africa,45,13588,0,169
2021-08-08,Burkina Faso,Africa,37,13625,0,169
2021-08-15,Burkina Faso,Africa,52,13677,1,170
2021-08-22,Burkina Faso,Africa,38,13715,1,171
2021-08-29,Burkina Faso,Africa,47,13762,0,171
2021-09-05,Burkina Faso,Africa,89,13851,0,171
2021-09-12,Burkina Faso,Africa,99,13950,0,171
2021-09-19,Burkina Faso,Africa,102,14052,1,172
2021-09-26,Burkina Faso,Africa,131,14183,9,181
2021-10-03,Burkina Faso,Africa,158,14341,6,187
2021-10-10,Burkina Faso,Africa,175,14516,8,195
2021-10-17,Burkina Faso,Africa,236,14752,8,203
2021-10-24,Burkina Faso,Africa,41,14793,11,214
2021-10-31,Burkina Faso,Africa,108,14901,2,216
2021-11-07,Burkina Faso,Africa,202,15103,5,221
2021-11-14,Burkina Faso,Africa,178,15281,13,234
2021-11-21,Burkina Faso,Africa,233,15514,31,265
2021-11-28,Burkina Faso,Africa,197,15711,16,281
2021-12-05,Burkina Faso,Africa,289,16000,5,286
2021-12-12,Burkina Faso,Africa,334,16334,4,290
2021-12-19,Burkina Faso,Africa,338,16672,6,296
2021-12-26,Burkina Faso,Africa,368,17040,21,317
2022-01-02,Burkina Faso,Africa,592,17632,1,318
2022-01-09,Burkina Faso,Africa,2004,19636,15,333
2022-01-16,Burkina Faso,Africa,613,20249,6,339
2022-01-23,Burkina Faso,Africa,265,20514,14,353
2022-01-30,Burkina Faso,Africa,110,20624,13,366
2022-02-06,Burkina Faso,Africa,59,20683,6,372
2022-02-13,Burkina Faso,Africa,38,20721,3,375
2022-02-20,Burkina Faso,Africa,30,20751,0,375
2022-02-27,Burkina Faso,Africa,0,20751,0,375
2022-03-06,Burkina Faso,Africa,40,20791,3,378
2022-03-13,Burkina Faso,Africa,15,20806,1,379
2022-03-20,Burkina Faso,Africa,7,20813,0,379
2022-03-27,Burkina Faso,Africa,0,20813,0,379
2022-04-03,Burkina Faso,Africa,45,20858,3,382
2022-04-10,Burkina Faso,Africa,7,20865,1,383
2022-04-17,Burkina Faso,Africa,0,20865,0,383
2022-04-24,Burkina Faso,Africa,0,20865,0,383
2022-05-01,Burkina Faso,Africa,20,20885,1,384
2022-05-08,Burkina Faso,Africa,14,20899,0,384
2022-05-15,Burkina Faso,Africa,0,20899,0,384
2022-05-22,Burkina Faso,Africa,0,20899,0,384
2022-05-29,Burkina Faso,Africa,0,20899,0,384
2022-06-05,Burkina Faso,Africa,0,20899,0,384
2022-06-12,Burkina Faso,Africa,0,20899,0,384
2022-06-19,Burkina Faso,Africa,145,21044,3,387
2022-06-26,Burkina Faso,Africa,0,21044,0,387
2022-07-03,Burkina Faso,Africa,84,21128,0,387
2022-07-10,Burkina Faso,Africa,0,21128,0,387
2022-07-17,Burkina Faso,Africa,0,21128,0,387
2022-07-24,Burkina Faso,Africa,0,21128,0,387
2022-07-31,Burkina Faso,Africa,0,21128,0,387
2022-08-07,Burkina Faso,Africa,0,21128,0,387
2022-08-14,Burkina Faso,Africa,0,21128,0,387
2022-08-21,Burkina Faso,Africa,0,21128,0,387
2022-08-28,Burkina Faso,Africa,0,21128,0,387
2022-09-04,Burkina Faso,Africa,0,21128,0,387
2022-09-11,Burkina Faso,Africa,351,21479,0,387
2022-09-18,Burkina Faso,Africa,83,21562,0,387
2022-09-25,Burkina Faso,Africa,69,21631,0,387
2022-10-02,Burkina Faso,Africa,0,21631,0,387
2022-10-09,Burkina Faso,Africa,0,21631,0,387
2022-10-16,Burkina Faso,Africa,0,21631,0,387
2022-10-23,Burkina Faso,Africa,0,21631,0,387
2022-10-30,Burkina Faso,Africa,0,21631,0,387
2022-11-06,Burkina Faso,Africa,0,21631,0,387
2022-11-13,Burkina Faso,Africa,0,21631,0,387
2022-11-20,Burkina Faso,Africa,0,21631,0,387
2022-11-27,Burkina Faso,Africa,0,21631,0,387
2022-12-04,Burkina Faso,Africa,0,21631,0,387
2022-12-11,Burkina Faso,Africa,375,22006,8,395
2022-12-18,Burkina Faso,Africa,0,22006,0,395
2022-12-25,Burkina Faso,Africa,0,22006,0,395
2023-01-01,Burkina Faso,Africa,17,22023,0,395
2023-01-08,Burkina Faso,Africa,2,22025,1,396
2023-01-15,Burkina Faso,Africa,6,22031,0,396
2023-01-22,Burkina Faso,Africa,3,22034,0,396
2023-01-29,Burkina Faso,Africa,6,22040,0,396
2023-02-05,Burkina Faso,Africa,7,22047,0,396
2023-02-12,Burkina Faso,Africa,9,22056,0,396
2023-02-19,Burkina Faso,Africa,0,22056,0,396
2023-02-26,Burkina Faso,Africa,0,22056,0,396
2023-03-05,Burkina Faso,Africa,0,22056,0,396
2023-03-12,Burkina Faso,Africa,0,22056,0,396
2023-03-19,Burkina Faso,Africa,0,22056,0,396
2023-03-26,Burkina Faso,Africa,0,22056,0,396
2023-04-02,Burkina Faso,Africa,0,22056,0,396
2023-04-09,Burkina Faso,Africa,0,22056,0,396
2023-04-16,Burkina Faso,Africa,0,22056,0,396
2023-04-23,Burkina Faso,Africa,0,22056,0,396
2023-04-30,Burkina Faso,Africa,0,22056,0,396
2023-05-07,Burkina Faso,Africa,0,22056,0,396
2023-05-14,Burkina Faso,Africa,0,22056,0,396
2023-05-21,Burkina Faso,Africa,0,22056,0,396
2023-05-28,Burkina Faso,Africa,0,22056,0,396
2023-06-04,Burkina Faso,Africa,0,22056,0,396
2023-06-11,Burkina Faso,Africa,0,22056,0,396
2023-06-18,Burkina Faso,Africa,0,22056,0,396
2023-06-25,Burkina Faso,Africa,0,22056,0,396
2023-07-02,Burkina Faso,Africa,0,22056,0,396
2023-07-09,Burkina Faso,Africa,0,22056,0,396
2023-07-16,Burkina Faso,Africa,0,22056,0,396
2023-07-23,Burkina Faso,Africa,0,22056,0,396
2023-07-30,Burkina Faso,Africa,0,22056,0,396
2023-08-06,Burkina Faso,Africa,0,22056,0,396
2023-08-13,Burkina Faso,Africa,0,22056,0,396
2023-08-20,Burkina Faso,Africa,0,22056,0,396
2023-08-27,Burkina Faso,Africa,0,22056,0,396
2023-09-03,Burkina Faso,Africa,0,22056,0,396
2023-09-10,Burkina Faso,Africa,0,22056,0,396
2023-09-17,Burkina Faso,Africa,0,22056,0,396
2023-09-24,Burkina Faso,Africa,0,22056,0,396
2023-10-01,Burkina Faso,Africa,0,22056,0,396
2023-10-08,Burkina Faso,Africa,2,22058,0,396
2023-10-15,Burkina Faso,Africa,3,22061,0,396
2023-10-22,Burkina Faso,Africa,4,22065,0,396
2023-10-29,Burkina Faso,Africa,2,22067,0,396
2023-11-05,Burkina Faso,Africa,6,22073,0,396
2023-11-12,Burkina Faso,Africa,8,22081,0,396
2023-11-19,Burkina Faso,Africa,17,22098,2,398
2023-11-26,Burkina Faso,Africa,7,22105,1,399
2023-12-03,Burkina Faso,Africa,1,22106,0,399
2023-12-10,Burkina Faso,Africa,1,22107,1,400
2023-12-17,Burkina Faso,Africa,2,22109,0,400
2023-12-24,Burkina Faso,Africa,0,22109,0,400
2023-12-31,Burkina Faso,Africa,0,22109,0,400
2024-01-07,Burkina Faso,Africa,0,22109,0,400
2024-01-14,Burkina Faso,Africa,0,22109,0,400
2024-01-21,Burkina Faso,Africa,0,22109,0,400
2024-01-28,Burkina Faso,Africa,0,22109,0,400
2024-02-04,Burkina Faso,Africa,0,22109,0,400
2024-02-11,Burkina Faso,Africa,0,22109,0,400
2024-02-18,Burkina Faso,Africa,0,22109,0,400
2024-02-25,Burkina Faso,Africa,0,22109,0,400
2024-03-03,Burkina Faso,Africa,0,22109,0,400
2024-03-10,Burkina Faso,Africa,0,22109,0,400
2024-03-17,Burkina Faso,Africa,4,22113,0,400
2024-03-24,Burkina Faso,Africa,6,22119,0,400
2024-03-31,Burkina Faso,Africa,1,22120,0,400
2024-04-07,Burkina Faso,Africa,0,22120,0,400
2024-04-14,Burkina Faso,Africa,2,22122,0,400
2024-04-21,Burkina Faso,Africa,0,22122,0,400
2024-04-28,Burkina Faso,Africa,0,22122,0,400
2024-05-05,Burkina Faso,Africa,0,22122,0,400
2024-05-12,Burkina Faso,Africa,1,22123,0,400
2024-05-19,Burkina Faso,Africa,3,22126,0,400
2024-05-26,Burkina Faso,Africa,2,22128,0,400
2024-06-02,Burkina Faso,Africa,1,22129,0,400
2024-06-09,Burkina Faso,Africa,1,22130,0,400
2024-06-16,Burkina Faso,Africa,1,22131,0,400
2024-06-23,Burkina Faso,Africa,0,22131,0,400
2024-06-30,Burkina Faso,Africa,0,22131,0,400
2024-07-07,Burkina Faso,Africa,7,22138,0,400
2024-07-14,Burkina Faso,Africa,1,22139,0,400
2024-07-21,Burkina Faso,Africa,0,22139,0,400
2024-07-28,Burkina Faso,Africa,0,22139,0,400
2024-08-04,Burkina Faso,Africa,0,22139,0,400
2024-08-11,Burkina Faso,Africa,0,22139,0,400
2024-08-18,Burkina Faso,Africa,0,22139,0,400
2024-08-25,Burkina Faso,Africa,0,22139,0,400
2024-09-01,Burkina Faso,Africa,0,22139,0,400
2020-01-05,Burundi,Africa,0,0,0,0
2020-01-12,Burundi,Africa,0,0,0,0
2020-01-19,Burundi,Africa,0,0,0,0
2020-01-26,Burundi,Africa,0,0,0,0
2020-02-02,Burundi,Africa,0,0,0,0
2020-02-09,Burundi,Africa,0,0,0,0
2020-02-16,Burundi,Africa,0,0,0,0
2020-02-23,Burundi,Africa,0,0,0,0
2020-03-01,Burundi,Africa,0,0,0,0
2020-03-08,Burundi,Africa,0,0,0,0
2020-03-15,Burundi,Africa,0,0,0,0
2020-03-22,Burundi,Africa,0,0,0,0
2020-03-29,Burundi,Africa,0,0,0,0
2020-04-05,Burundi,Africa,3,3,0,0
2020-04-12,Burundi,Africa,2,5,0,0
2020-04-19,Burundi,Africa,0,5,1,1
2020-04-26,Burundi,Africa,10,15,0,1
2020-05-03,Burundi,Africa,4,19,0,1
2020-05-10,Burundi,Africa,8,27,0,1
2020-05-17,Burundi,Africa,15,42,0,1
2020-05-24,Burundi,Africa,0,42,0,1
2020-05-31,Burundi,Africa,21,63,0,1
2020-06-07,Burundi,Africa,20,83,0,1
2020-06-14,Burundi,Africa,11,94,0,1
2020-06-21,Burundi,Africa,50,144,0,1
2020-06-28,Burundi,Africa,26,170,0,1
2020-07-05,Burundi,Africa,21,191,0,1
2020-07-12,Burundi,Africa,66,257,0,1
2020-07-19,Burundi,Africa,65,322,0,1
2020-07-26,Burundi,Africa,23,345,0,1
2020-08-02,Burundi,Africa,42,387,0,1
2020-08-09,Burundi,Africa,18,405,0,1
2020-08-16,Burundi,Africa,8,413,0,1
2020-08-23,Burundi,Africa,17,430,0,1
2020-08-30,Burundi,Africa,15,445,0,1
2020-09-06,Burundi,Africa,17,462,0,1
2020-09-13,Burundi,Africa,10,472,0,1
2020-09-20,Burundi,Africa,1,473,0,1
2020-09-27,Burundi,Africa,11,484,0,1
2020-10-04,Burundi,Africa,29,513,0,1
2020-10-11,Burundi,Africa,12,525,0,1
2020-10-18,Burundi,Africa,17,542,0,1
2020-10-25,Burundi,Africa,14,556,0,1
2020-11-01,Burundi,Africa,33,589,0,1
2020-11-08,Burundi,Africa,25,614,0,1
2020-11-15,Burundi,Africa,14,628,0,1
2020-11-22,Burundi,Africa,34,662,0,1
2020-11-29,Burundi,Africa,26,688,0,1
2020-12-06,Burundi,Africa,6,694,0,1
2020-12-13,Burundi,Africa,35,729,0,1
2020-12-20,Burundi,Africa,32,761,1,2
2020-12-27,Burundi,Africa,48,809,0,2
2021-01-03,Burundi,Africa,24,833,0,2
2021-01-10,Burundi,Africa,153,986,0,2
2021-01-17,Burundi,Africa,250,1236,0,2
2021-01-24,Burundi,Africa,236,1472,0,2
2021-01-31,Burundi,Africa,163,1635,0,2
2021-02-07,Burundi,Africa,93,1728,1,3
2021-02-14,Burundi,Africa,121,1849,0,3
2021-02-21,Burundi,Africa,185,2034,0,3
2021-02-28,Burundi,Africa,183,2217,0,3
2021-03-07,Burundi,Africa,117,2334,0,3
2021-03-14,Burundi,Africa,147,2481,0,3
2021-03-21,Burundi,Africa,137,2618,3,6
2021-03-28,Burundi,Africa,149,2767,0,6
2021-04-04,Burundi,Africa,197,2964,0,6
2021-04-11,Burundi,Africa,223,3187,0,6
2021-04-18,Burundi,Africa,444,3631,0,6
2021-04-25,Burundi,Africa,243,3874,0,6
2021-05-02,Burundi,Africa,172,4046,0,6
2021-05-09,Burundi,Africa,154,4200,0,6
2021-05-16,Burundi,Africa,147,4347,0,6
2021-05-23,Burundi,Africa,199,4546,0,6
2021-05-30,Burundi,Africa,244,4790,0,6
2021-06-06,Burundi,Africa,135,4925,2,8
2021-06-13,Burundi,Africa,101,5026,0,8
2021-06-20,Burundi,Africa,216,5242,0,8
2021-06-27,Burundi,Africa,181,5423,0,8
2021-07-04,Burundi,Africa,98,5521,0,8
2021-07-11,Burundi,Africa,165,5686,0,8
2021-07-18,Burundi,Africa,208,5894,0,8
2021-07-25,Burundi,Africa,679,6573,0,8
2021-08-01,Burundi,Africa,932,7505,1,9
2021-08-08,Burundi,Africa,1295,8800,1,10
2021-08-15,Burundi,Africa,1303,10103,0,10
2021-08-22,Burundi,Africa,1230,11333,0,10
2021-08-29,Burundi,Africa,1196,12529,0,10
2021-09-05,Burundi,Africa,1047,13576,2,12
2021-09-12,Burundi,Africa,1801,15377,0,12
2021-09-19,Burundi,Africa,1355,16732,2,14
2021-09-26,Burundi,Africa,773,17505,0,14
2021-10-03,Burundi,Africa,1095,18600,0,14
2021-10-10,Burundi,Africa,657,19257,0,14
2021-10-17,Burundi,Africa,473,19730,0,14
2021-10-24,Burundi,Africa,215,19945,0,14
2021-10-31,Burundi,Africa,142,20087,0,14
2021-11-07,Burundi,Africa,78,20165,0,14
2021-11-14,Burundi,Africa,111,20276,0,14
2021-11-21,Burundi,Africa,62,20338,0,14
2021-11-28,Burundi,Africa,64,20402,0,14
2021-12-05,Burundi,Africa,89,20491,0,14
2021-12-12,Burundi,Africa,355,20846,0,14
2021-12-19,Burundi,Africa,1793,22639,0,14
2021-12-26,Burundi,Africa,4360,26999,0,14
2022-01-02,Burundi,Africa,5077,32076,0,14
2022-01-09,Burundi,Africa,3424,35500,0,14
2022-01-16,Burundi,Africa,1236,36736,0,14
2022-01-23,Burundi,Africa,306,37042,0,14
2022-01-30,Burundi,Africa,337,37379,0,14
2022-02-06,Burundi,Africa,377,37756,1,15
2022-02-13,Burundi,Africa,146,37902,0,15
2022-02-20,Burundi,Africa,109,38011,0,15
2022-02-27,Burundi,Africa,91,38102,0,15
2022-03-06,Burundi,Africa,107,38209,0,15
2022-03-13,Burundi,Africa,65,38274,0,15
2022-03-20,Burundi,Africa,98,38372,0,15
2022-03-27,Burundi,Africa,91,38463,0,15
2022-04-03,Burundi,Africa,125,38588,0,15
2022-04-10,Burundi,Africa,110,38698,0,15
2022-04-17,Burundi,Africa,103,38801,0,15
2022-04-24,Burundi,Africa,343,39144,0,15
2022-05-01,Burundi,Africa,1253,40397,0,15
2022-05-08,Burundi,Africa,676,41073,0,15
2022-05-15,Burundi,Africa,268,41341,0,15
2022-05-22,Burundi,Africa,509,41850,0,15
2022-05-29,Burundi,Africa,184,42034,0,15
2022-06-05,Burundi,Africa,171,42205,0,15
2022-06-12,Burundi,Africa,125,42330,0,15
2022-06-19,Burundi,Africa,142,42472,0,15
2022-06-26,Burundi,Africa,121,42593,0,15
2022-07-03,Burundi,Africa,201,42794,0,15
2022-07-10,Burundi,Africa,169,42963,0,15
2022-07-17,Burundi,Africa,451,43414,0,15
2022-07-24,Burundi,Africa,1023,44437,0,15
2022-07-31,Burundi,Africa,1714,46151,0,15
2022-08-07,Burundi,Africa,1096,47247,0,15
2022-08-14,Burundi,Africa,755,48002,0,15
2022-08-21,Burundi,Africa,973,48975,0,15
2022-08-28,Burundi,Africa,283,49258,0,15
2022-09-04,Burundi,Africa,112,49370,0,15
2022-09-11,Burundi,Africa,229,49599,0,15
2022-09-18,Burundi,Africa,427,50026,0,15
2022-09-25,Burundi,Africa,103,50129,0,15
2022-10-02,Burundi,Africa,96,50225,0,15
2022-10-09,Burundi,Africa,0,50225,0,15
2022-10-16,Burundi,Africa,147,50372,0,15
2022-10-23,Burundi,Africa,80,50452,0,15
2022-10-30,Burundi,Africa,18,50470,0,15
2022-11-06,Burundi,Africa,47,50517,0,15
2022-11-13,Burundi,Africa,122,50639,0,15
2022-11-20,Burundi,Africa,139,50778,0,15
2022-11-27,Burundi,Africa,240,51018,0,15
2022-12-04,Burundi,Africa,258,51276,0,15
2022-12-11,Burundi,Africa,205,51481,0,15
2022-12-18,Burundi,Africa,241,51722,0,15
2022-12-25,Burundi,Africa,329,52051,0,15
2023-01-01,Burundi,Africa,111,52162,0,15
2023-01-08,Burundi,Africa,218,52380,0,15
2023-01-15,Burundi,Africa,49,52429,0,15
2023-01-22,Burundi,Africa,0,52429,0,15
2023-01-29,Burundi,Africa,1063,53492,0,15
2023-02-05,Burundi,Africa,82,53574,0,15
2023-02-12,Burundi,Africa,35,53609,0,15
2023-02-19,Burundi,Africa,0,53609,0,15
2023-02-26,Burundi,Africa,37,53646,0,15
2023-03-05,Burundi,Africa,15,53661,0,15
2023-03-12,Burundi,Africa,0,53661,0,15
2023-03-19,Burundi,Africa,13,53674,0,15
2023-03-26,Burundi,Africa,12,53686,0,15
2023-04-02,Burundi,Africa,20,53706,0,15
2023-04-09,Burundi,Africa,13,53719,0,15
2023-04-16,Burundi,Africa,7,53726,0,15
2023-04-23,Burundi,Africa,0,53726,0,15
2023-04-30,Burundi,Africa,5,53731,0,15
2023-05-07,Burundi,Africa,9,53740,0,15
2023-05-14,Burundi,Africa,9,53749,0,15
2023-05-21,Burundi,Africa,13,53762,0,15
2023-05-28,Burundi,Africa,0,53762,0,15
2023-06-04,Burundi,Africa,74,53836,0,15
2023-06-11,Burundi,Africa,118,53954,0,15
2023-06-18,Burundi,Africa,82,54036,0,15
2023-06-25,Burundi,Africa,106,54142,0,15
2023-07-02,Burundi,Africa,16,54158,0,15
2023-07-09,Burundi,Africa,163,54321,0,15
2023-07-16,Burundi,Africa,-105,54216,0,15
2023-07-23,Burundi,Africa,13,54229,0,15
2023-07-30,Burundi,Africa,5,54234,0,15
2023-08-06,Burundi,Africa,4,54238,0,15
2023-08-13,Burundi,Africa,1,54239,0,15
2023-08-20,Burundi,Africa,0,54239,0,15
2023-08-27,Burundi,Africa,0,54239,0,15
2023-09-03,Burundi,Africa,2,54241,0,15
2023-09-10,Burundi,Africa,125,54366,0,15
2023-09-17,Burundi,Africa,0,54366,0,15
2023-09-24,Burundi,Africa,0,54366,0,15
2023-10-01,Burundi,Africa,0,54366,0,15
2023-10-08,Burundi,Africa,0,54366,0,15
2023-10-15,Burundi,Africa,0,54366,0,15
2023-10-22,Burundi,Africa,0,54366,0,15
2023-10-29,Burundi,Africa,0,54366,0,15
2023-11-05,Burundi,Africa,1,54367,0,15
2023-11-12,Burundi,Africa,1,54368,0,15
2023-11-19,Burundi,Africa,0,54368,0,15
2023-11-26,Burundi,Africa,14,54382,0,15
2023-12-03,Burundi,Africa,12,54394,0,15
2023-12-10,Burundi,Africa,25,54419,0,15
2023-12-17,Burundi,Africa,32,54451,0,15
2023-12-24,Burundi,Africa,4,54455,0,15
2023-12-31,Burundi,Africa,6,54461,0,15
2024-01-07,Burundi,Africa,11,54472,0,15
2024-01-14,Burundi,Africa,51,54523,0,15
2024-01-21,Burundi,Africa,29,54552,0,15
2024-01-28,Burundi,Africa,10,54562,0,15
2024-02-04,Burundi,Africa,2,54564,0,15
2024-02-11,Burundi,Africa,1,54565,0,15
2024-02-18,Burundi,Africa,0,54565,0,15
2024-02-25,Burundi,Africa,1,54566,0,15
2024-03-03,Burundi,Africa,0,54566,0,15
2024-03-10,Burundi,Africa,0,54566,0,15
2024-03-17,Burundi,Africa,0,54566,0,15
2024-03-24,Burundi,Africa,3,54569,0,15
2024-03-31,Burundi,Africa,0,54569,0,15
2024-04-07,Burundi,Africa,0,54569,0,15
2024-04-14,Burundi,Africa,0,54569,0,15
2024-04-21,Burundi,Africa,0,54569,0,15
2024-04-28,Burundi,Africa,0,54569,0,15
2024-05-05,Burundi,Africa,0,54569,0,15
2024-05-12,Burundi,Africa,0,54569,0,15
2024-05-19,Burundi,Africa,0,54569,0,15
2024-05-26,Burundi,Africa,0,54569,0,15
2024-06-02,Burundi,Africa,0,54569,0,15
2024-06-09,Burundi,Africa,0,54569,0,15
2024-06-16,Burundi,Africa,0,54569,0,15
2024-06-23,Burundi,Africa,0,54569,0,15
2024-06-30,Burundi,Africa,0,54569,0,15
2024-07-07,Burundi,Africa,0,54569,0,15
2024-07-14,Burundi,Africa,0,54569,0,15
2024-07-21,Burundi,Africa,0,54569,0,15
2024-07-28,Burundi,Africa,0,54569,0,15
2024-08-04,Burundi,Africa,0,54569,0,15
2024-08-11,Burundi,Africa,0,54569,0,15
2024-08-18,Burundi,Africa,0,54569,0,15
2024-08-25,Burundi,Africa,0,54569,0,15
2024-09-01,Burundi,Africa,0,54569,0,15
2020-01-05,Cabo Verde,Africa,0,0,0,0
2020-01-12,Cabo Verde,Africa,0,0,0,0
2020-01-19,Cabo Verde,Africa,0,0,0,0
2020-01-26,Cabo Verde,Africa,0,0,0,0
2020-02-02,Cabo Verde,Africa,0,0,0,0
2020-02-09,Cabo Verde,Africa,0,0,0,0
2020-02-16,Cabo Verde,Africa,0,0,0,0
2020-02-23,Cabo Verde,Africa,0,0,0,0
2020-03-01,Cabo Verde,Africa,0,0,0,0
2020-03-08,Cabo Verde,Africa,0,0,0,0
2020-03-15,Cabo Verde,Africa,0,0,0,0
2020-03-22,Cabo Verde,Africa,3,3,0,0
2020-03-29,Cabo Verde,Africa,2,5,0,0
2020-04-05,Cabo Verde,Africa,0,5,0,0
2020-04-12,Cabo Verde,Africa,2,7,0,0
2020-04-19,Cabo Verde,Africa,48,55,0,0
2020-04-26,Cabo Verde,Africa,35,90,0,0
2020-05-03,Cabo Verde,Africa,62,152,2,2
2020-05-10,Cabo Verde,Africa,84,236,0,2
2020-05-17,Cabo Verde,Africa,92,328,1,3
2020-05-24,Cabo Verde,Africa,43,371,0,3
2020-05-31,Cabo Verde,Africa,50,421,1,4
2020-06-07,Cabo Verde,Africa,121,542,1,5
2020-06-14,Cabo Verde,Africa,184,726,1,6
2020-06-21,Cabo Verde,Africa,137,863,2,8
2020-06-28,Cabo Verde,Africa,228,1091,4,12
2020-07-05,Cabo Verde,Africa,329,1420,4,16
2020-07-12,Cabo Verde,Africa,203,1623,3,19
2020-07-19,Cabo Verde,Africa,391,2014,2,21
2020-07-26,Cabo Verde,Africa,244,2258,1,22
2020-08-02,Cabo Verde,Africa,222,2480,2,24
2020-08-09,Cabo Verde,Africa,355,2835,8,32
2020-08-16,Cabo Verde,Africa,328,3163,2,34
2020-08-23,Cabo Verde,Africa,292,3455,3,37
2020-08-30,Cabo Verde,Africa,323,3778,2,39
2020-09-06,Cabo Verde,Africa,497,4275,3,42
2020-09-13,Cabo Verde,Africa,436,4711,2,44
2020-09-20,Cabo Verde,Africa,475,5186,6,50
2020-09-27,Cabo Verde,Africa,515,5701,6,56
2020-10-04,Cabo Verde,Africa,595,6296,6,62
2020-10-11,Cabo Verde,Africa,617,6913,12,74
2020-10-18,Cabo Verde,Africa,725,7638,11,85
2020-10-25,Cabo Verde,Africa,684,8322,9,94
2020-11-01,Cabo Verde,Africa,471,8793,1,95
2020-11-08,Cabo Verde,Africa,498,9291,5,100
2020-11-15,Cabo Verde,Africa,489,9780,2,102
2020-11-22,Cabo Verde,Africa,454,10234,2,104
2020-11-29,Cabo Verde,Africa,466,10700,0,104
2020-12-06,Cabo Verde,Africa,336,11036,1,105
2020-12-13,Cabo Verde,Africa,266,11302,5,110
2020-12-20,Cabo Verde,Africa,265,11567,1,111
2020-12-27,Cabo Verde,Africa,131,11698,1,112
2021-01-03,Cabo Verde,Africa,185,11883,1,113
2021-01-10,Cabo Verde,Africa,433,12316,1,114
2021-01-17,Cabo Verde,Africa,585,12901,5,119
2021-01-24,Cabo Verde,Africa,513,13414,5,124
2021-01-31,Cabo Verde,Africa,567,13981,9,133
2021-02-07,Cabo Verde,Africa,399,14380,2,135
2021-02-14,Cabo Verde,Africa,320,14700,4,139
2021-02-21,Cabo Verde,Africa,299,14999,4,143
2021-02-28,Cabo Verde,Africa,325,15324,4,147
2021-03-07,Cabo Verde,Africa,400,15724,5,152
2021-03-14,Cabo Verde,Africa,311,16035,4,156
2021-03-21,Cabo Verde,Africa,405,16440,3,159
2021-03-28,Cabo Verde,Africa,578,17018,6,165
2021-04-04,Cabo Verde,Africa,803,17821,6,171
2021-04-11,Cabo Verde,Africa,1015,18836,10,181
2021-04-18,Cabo Verde,Africa,1418,20254,9,190
2021-04-25,Cabo Verde,Africa,1840,22094,11,201
2021-05-02,Cabo Verde,Africa,2033,24127,19,220
2021-05-09,Cabo Verde,Africa,1984,26111,12,232
2021-05-16,Cabo Verde,Africa,1840,27951,14,246
2021-05-23,Cabo Verde,Africa,1247,29198,10,256
2021-05-30,Cabo Verde,Africa,1075,30273,7,263
2021-06-06,Cabo Verde,Africa,730,31003,4,267
2021-06-13,Cabo Verde,Africa,568,31571,6,273
2021-06-20,Cabo Verde,Africa,393,31964,8,281
2021-06-27,Cabo Verde,Africa,380,32344,5,286
2021-07-04,Cabo Verde,Africa,361,32705,1,287
2021-07-11,Cabo Verde,Africa,264,32969,2,289
2021-07-18,Cabo Verde,Africa,301,33270,6,295
2021-07-25,Cabo Verde,Africa,271,33541,2,297
2021-08-01,Cabo Verde,Africa,250,33791,1,298
2021-08-08,Cabo Verde,Africa,219,34010,0,298
2021-08-15,Cabo Verde,Africa,334,34344,1,299
2021-08-22,Cabo Verde,Africa,342,34686,3,302
2021-08-29,Cabo Verde,Africa,461,35147,6,308
2021-09-05,Cabo Verde,Africa,709,35856,7,315
2021-09-12,Cabo Verde,Africa,663,36519,5,320
2021-09-19,Cabo Verde,Africa,533,37052,9,329
2021-09-26,Cabo Verde,Africa,348,37400,5,334
2021-10-03,Cabo Verde,Africa,235,37635,6,340
2021-10-10,Cabo Verde,Africa,235,37870,6,346
2021-10-17,Cabo Verde,Africa,165,38035,1,347
2021-10-24,Cabo Verde,Africa,95,38130,2,349
2021-10-31,Cabo Verde,Africa,77,38207,0,349
2021-11-07,Cabo Verde,Africa,46,38253,0,349
2021-11-14,Cabo Verde,Africa,40,38293,0,349
2021-11-21,Cabo Verde,Africa,31,38324,0,349
2021-11-28,Cabo Verde,Africa,34,38358,0,349
2021-12-05,Cabo Verde,Africa,81,38439,2,351
2021-12-12,Cabo Verde,Africa,57,38496,0,351
2021-12-19,Cabo Verde,Africa,77,38573,1,352
2021-12-26,Cabo Verde,Africa,440,39013,0,352
2022-01-02,Cabo Verde,Africa,3450,42463,1,353
2022-01-09,Cabo Verde,Africa,7387,49850,10,363
2022-01-16,Cabo Verde,Africa,4137,53987,13,376
2022-01-23,Cabo Verde,Africa,1269,55256,11,387
2022-01-30,Cabo Verde,Africa,402,55658,8,395
2022-02-06,Cabo Verde,Africa,114,55772,1,396
2022-02-13,Cabo Verde,Africa,70,55842,4,400
2022-02-20,Cabo Verde,Africa,18,55860,0,400
2022-02-27,Cabo Verde,Africa,22,55882,1,401
2022-03-06,Cabo Verde,Africa,13,55895,0,401
2022-03-13,Cabo Verde,Africa,11,55906,0,401
2022-03-20,Cabo Verde,Africa,19,55925,0,401
2022-03-27,Cabo Verde,Africa,23,55948,0,401
2022-04-03,Cabo Verde,Africa,12,55960,0,401
2022-04-10,Cabo Verde,Africa,12,55972,0,401
2022-04-17,Cabo Verde,Africa,18,55990,0,401
2022-04-24,Cabo Verde,Africa,14,56004,0,401
2022-05-01,Cabo Verde,Africa,21,56025,0,401
2022-05-08,Cabo Verde,Africa,40,56065,0,401
2022-05-15,Cabo Verde,Africa,50,56115,0,401
2022-05-22,Cabo Verde,Africa,57,56172,0,401
2022-05-29,Cabo Verde,Africa,118,56290,0,401
2022-06-05,Cabo Verde,Africa,266,56556,1,402
2022-06-12,Cabo Verde,Africa,540,57096,0,402
2022-06-19,Cabo Verde,Africa,1080,58176,0,402
2022-06-26,Cabo Verde,Africa,1357,59533,1,403
2022-07-03,Cabo Verde,Africa,1469,61002,2,405
2022-07-10,Cabo Verde,Africa,621,61623,4,409
2022-07-17,Cabo Verde,Africa,299,61922,0,409
2022-07-24,Cabo Verde,Africa,150,62072,0,409
2022-07-31,Cabo Verde,Africa,87,62159,1,410
2022-08-07,Cabo Verde,Africa,48,62207,0,410
2022-08-14,Cabo Verde,Africa,46,62253,0,410
2022-08-21,Cabo Verde,Africa,35,62288,0,410
2022-08-28,Cabo Verde,Africa,22,62310,0,410
2022-09-04,Cabo Verde,Africa,18,62328,0,410
2022-09-11,Cabo Verde,Africa,13,62341,0,410
2022-09-18,Cabo Verde,Africa,11,62352,0,410
2022-09-25,Cabo Verde,Africa,7,62359,0,410
2022-10-02,Cabo Verde,Africa,17,62376,0,410
2022-10-09,Cabo Verde,Africa,13,62389,0,410
2022-10-16,Cabo Verde,Africa,8,62397,0,410
2022-10-23,Cabo Verde,Africa,0,62397,0,410
2022-10-30,Cabo Verde,Africa,0,62397,0,410
2022-11-06,Cabo Verde,Africa,164,62561,0,410
2022-11-13,Cabo Verde,Africa,119,62680,0,410
2022-11-20,Cabo Verde,Africa,139,62819,1,411
2022-11-27,Cabo Verde,Africa,150,62969,1,412
2022-12-04,Cabo Verde,Africa,111,63080,0,412
2022-12-11,Cabo Verde,Africa,49,63129,0,412
2022-12-18,Cabo Verde,Africa,35,63164,0,412
2022-12-25,Cabo Verde,Africa,26,63190,0,412
2023-01-01,Cabo Verde,Africa,10,63200,0,412
2023-01-08,Cabo Verde,Africa,7,63207,0,412
2023-01-15,Cabo Verde,Africa,14,63221,0,412
2023-01-22,Cabo Verde,Africa,3,63224,0,412
2023-01-29,Cabo Verde,Africa,3,63227,1,413
2023-02-05,Cabo Verde,Africa,2,63229,0,413
2023-02-12,Cabo Verde,Africa,6,63235,0,413
2023-02-19,Cabo Verde,Africa,4,63239,0,413
2023-02-26,Cabo Verde,Africa,2,63241,0,413
2023-03-05,Cabo Verde,Africa,4,63245,0,413
2023-03-12,Cabo Verde,Africa,0,63245,0,413
2023-03-19,Cabo Verde,Africa,7,63252,0,413
2023-03-26,Cabo Verde,Africa,5,63257,0,413
2023-04-02,Cabo Verde,Africa,3,63260,0,413
2023-04-09,Cabo Verde,Africa,18,63278,0,413
2023-04-16,Cabo Verde,Africa,3,63281,0,413
2023-04-23,Cabo Verde,Africa,72,63353,0,413
2023-04-30,Cabo Verde,Africa,114,63467,0,413
2023-05-07,Cabo Verde,Africa,146,63613,0,413
2023-05-14,Cabo Verde,Africa,128,63741,1,414
2023-05-21,Cabo Verde,Africa,106,63847,0,414
2023-05-28,Cabo Verde,Africa,64,63911,0,414
2023-06-04,Cabo Verde,Africa,43,63954,0,414
2023-06-11,Cabo Verde,Africa,24,63978,0,414
2023-06-18,Cabo Verde,Africa,7,63985,0,414
2023-06-25,Cabo Verde,Africa,45,64030,0,414
2023-07-02,Cabo Verde,Africa,50,64080,0,414
2023-07-09,Cabo Verde,Africa,45,64125,0,414
2023-07-16,Cabo Verde,Africa,36,64161,0,414
2023-07-23,Cabo Verde,Africa,11,64172,0,414
2023-07-30,Cabo Verde,Africa,10,64182,0,414
2023-08-06,Cabo Verde,Africa,7,64189,0,414
2023-08-13,Cabo Verde,Africa,37,64226,0,414
2023-08-20,Cabo Verde,Africa,12,64238,1,415
2023-08-27,Cabo Verde,Africa,34,64272,0,415
2023-09-03,Cabo Verde,Africa,34,64306,0,415
2023-09-10,Cabo Verde,Africa,49,64355,0,415
2023-09-17,Cabo Verde,Africa,49,64404,0,415
2023-09-24,Cabo Verde,Africa,26,64430,0,415
2023-10-01,Cabo Verde,Africa,21,64451,2,417
2023-10-08,Cabo Verde,Africa,5,64456,0,417
2023-10-15,Cabo Verde,Africa,14,64470,0,417
2023-10-22,Cabo Verde,Africa,1,64471,0,417
2023-10-29,Cabo Verde,Africa,3,64474,0,417
2023-11-05,Cabo Verde,Africa,0,64474,0,417
2023-11-12,Cabo Verde,Africa,0,64474,0,417
2023-11-19,Cabo Verde,Africa,0,64474,0,417
2023-11-26,Cabo Verde,Africa,0,64474,0,417
2023-12-03,Cabo Verde,Africa,0,64474,0,417
2023-12-10,Cabo Verde,Africa,0,64474,0,417
2023-12-17,Cabo Verde,Africa,0,64474,0,417
2023-12-24,Cabo Verde,Africa,0,64474,0,417
2023-12-31,Cabo Verde,Africa,0,64474,0,417
2024-01-07,Cabo Verde,Africa,0,64474,0,417
2024-01-14,Cabo Verde,Africa,0,64474,0,417
2024-01-21,Cabo Verde,Africa,0,64474,0,417
2024-01-28,Cabo Verde,Africa,0,64474,0,417
2024-02-04,Cabo Verde,Africa,0,64474,0,417
2024-02-11,Cabo Verde,Africa,0,64474,0,417
2024-02-18,Cabo Verde,Africa,0,64474,0,417
2024-02-25,Cabo Verde,Africa,0,64474,0,417
2024-03-03,Cabo Verde,Africa,0,64474,0,417
2024-03-10,Cabo Verde,Africa,0,64474,0,417
2024-03-17,Cabo Verde,Africa,0,64474,0,417
2024-03-24,Cabo Verde,Africa,0,64474,0,417
2024-03-31,Cabo Verde,Africa,0,64474,0,417
2024-04-07,Cabo Verde,Africa,0,64474,0,417
2024-04-14,Cabo Verde,Africa,0,64474,0,417
2024-04-21,Cabo Verde,Africa,0,64474,0,417
2024-04-28,Cabo Verde,Africa,0,64474,0,417
2024-05-05,Cabo Verde,Africa,0,64474,0,417
2024-05-12,Cabo Verde,Africa,0,64474,0,417
2024-05-19,Cabo Verde,Africa,0,64474,0,417
2024-05-26,Cabo Verde,Africa,0,64474,0,417
2024-06-02,Cabo Verde,Africa,0,64474,0,417
2024-06-09,Cabo Verde,Africa,0,64474,0,417
2024-06-16,Cabo Verde,Africa,0,64474,0,417
2024-06-23,Cabo Verde,Africa,0,64474,0,417
2024-06-30,Cabo Verde,Africa,0,64474,0,417
2024-07-07,Cabo Verde,Africa,0,64474,0,417
2024-07-14,Cabo Verde,Africa,0,64474,0,417
2024-07-21,Cabo Verde,Africa,0,64474,0,417
2024-07-28,Cabo Verde,Africa,0,64474,0,417
2024-08-04,Cabo Verde,Africa,0,64474,0,417
2024-08-11,Cabo Verde,Africa,0,64474,0,417
2024-08-18,Cabo Verde,Africa,0,64474,0,417
2024-08-25,Cabo Verde,Africa,0,64474,0,417
2024-09-01,Cabo Verde,Africa,0,64474,0,417
2020-01-05,Cambodia,Asia,0,0,0,0
2020-01-12,Cambodia,Asia,0,0,0,0
2020-01-19,Cambodia,Asia,0,0,0,0
2020-01-26,Cambodia,Asia,0,0,0,0
2020-02-02,Cambodia,Asia,1,1,0,0
2020-02-09,Cambodia,Asia,0,1,0,0
2020-02-16,Cambodia,Asia,0,1,0,0
2020-02-23,Cambodia,Asia,0,1,0,0
2020-03-01,Cambodia,Asia,0,1,0,0
2020-03-08,Cambodia,Asia,1,2,0,0
2020-03-15,Cambodia,Asia,5,7,0,0
2020-03-22,Cambodia,Asia,46,53,0,0
2020-03-29,Cambodia,Asia,49,102,0,0
2020-04-05,Cambodia,Asia,12,114,0,0
2020-04-12,Cambodia,Asia,8,122,0,0
2020-04-19,Cambodia,Asia,0,122,0,0
2020-04-26,Cambodia,Asia,0,122,0,0
2020-05-03,Cambodia,Asia,0,122,0,0
2020-05-10,Cambodia,Asia,0,122,0,0
2020-05-17,Cambodia,Asia,0,122,0,0
2020-05-24,Cambodia,Asia,2,124,0,0
2020-05-31,Cambodia,Asia,1,125,0,0
2020-06-07,Cambodia,Asia,1,126,0,0
2020-06-14,Cambodia,Asia,0,126,0,0
2020-06-21,Cambodia,Asia,3,129,0,0
2020-06-28,Cambodia,Asia,10,139,0,0
2020-07-05,Cambodia,Asia,2,141,0,0
2020-07-12,Cambodia,Asia,15,156,0,0
2020-07-19,Cambodia,Asia,15,171,0,0
2020-07-26,Cambodia,Asia,54,225,0,0
2020-08-02,Cambodia,Asia,15,240,0,0
2020-08-09,Cambodia,Asia,8,248,0,0
2020-08-16,Cambodia,Asia,25,273,0,0
2020-08-23,Cambodia,Asia,0,273,0,0
2020-08-30,Cambodia,Asia,0,273,0,0
2020-09-06,Cambodia,Asia,1,274,0,0
2020-09-13,Cambodia,Asia,1,275,0,0
2020-09-20,Cambodia,Asia,0,275,0,0
2020-09-27,Cambodia,Asia,1,276,0,0
2020-10-04,Cambodia,Asia,2,278,0,0
2020-10-11,Cambodia,Asia,5,283,0,0
2020-10-18,Cambodia,Asia,0,283,0,0
2020-10-25,Cambodia,Asia,4,287,0,0
2020-11-01,Cambodia,Asia,4,291,0,0
2020-11-08,Cambodia,Asia,4,295,0,0
2020-11-15,Cambodia,Asia,7,302,0,0
2020-11-22,Cambodia,Asia,4,306,0,0
2020-11-29,Cambodia,Asia,9,315,0,0
2020-12-06,Cambodia,Asia,31,346,0,0
2020-12-13,Cambodia,Asia,13,359,0,0
2020-12-20,Cambodia,Asia,3,362,0,0
2020-12-27,Cambodia,Asia,2,364,0,0
2021-01-03,Cambodia,Asia,18,382,0,0
2021-01-10,Cambodia,Asia,10,392,0,0
2021-01-17,Cambodia,Asia,47,439,0,0
2021-01-24,Cambodia,Asia,19,458,0,0
2021-01-31,Cambodia,Asia,8,466,0,0
2021-02-07,Cambodia,Asia,8,474,0,0
2021-02-14,Cambodia,Asia,5,479,0,0
2021-02-21,Cambodia,Asia,89,568,0,0
2021-02-28,Cambodia,Asia,252,820,0,0
2021-03-07,Cambodia,Asia,191,1011,0,0
2021-03-14,Cambodia,Asia,314,1325,1,1
2021-03-21,Cambodia,Asia,428,1753,2,3
2021-03-28,Cambodia,Asia,520,2273,7,10
2021-04-04,Cambodia,Asia,479,2752,9,19
2021-04-11,Cambodia,Asia,1763,4515,10,29
2021-04-18,Cambodia,Asia,2498,7013,14,43
2021-04-25,Cambodia,Asia,3542,10555,31,74
2021-05-02,Cambodia,Asia,4806,15361,32,106
2021-05-09,Cambodia,Asia,4382,19743,20,126
2021-05-16,Cambodia,Asia,2801,22544,28,154
2021-05-23,Cambodia,Asia,3217,25761,25,179
2021-05-30,Cambodia,Asia,4333,30094,35,214
2021-06-06,Cambodia,Asia,4150,34244,49,263
2021-06-13,Cambodia,Asia,4183,38427,72,335
2021-06-20,Cambodia,Asia,4284,42711,96,431
2021-06-27,Cambodia,Asia,4938,47649,109,540
2021-07-04,Cambodia,Asia,6642,54291,180,720
2021-07-11,Cambodia,Asia,6668,60959,182,902
2021-07-18,Cambodia,Asia,6222,67181,204,1106
2021-07-25,Cambodia,Asia,5742,72923,177,1283
2021-08-01,Cambodia,Asia,4991,77914,137,1420
2021-08-08,Cambodia,Asia,3977,81891,142,1562
2021-08-15,Cambodia,Asia,3557,85448,121,1683
2021-08-22,Cambodia,Asia,3783,89231,109,1792
2021-08-29,Cambodia,Asia,2977,92208,89,1881
2021-09-05,Cambodia,Asia,3092,95300,76,1957
2021-09-12,Cambodia,Asia,4204,99504,83,2040
2021-09-19,Cambodia,Asia,4590,104094,69,2109
2021-09-26,Cambodia,Asia,4993,109087,134,2243
2021-10-03,Cambodia,Asia,4169,113256,140,2383
2021-10-10,Cambodia,Asia,1554,114810,123,2506
2021-10-17,Cambodia,Asia,1855,116665,152,2658
2021-10-24,Cambodia,Asia,1107,117772,76,2734
2021-10-31,Cambodia,Asia,750,118522,54,2788
2021-11-07,Cambodia,Asia,570,119092,41,2829
2021-11-14,Cambodia,Asia,444,119536,38,2867
2021-11-21,Cambodia,Asia,331,119867,33,2900
2021-11-28,Cambodia,Asia,220,120087,31,2931
2021-12-05,Cambodia,Asia,169,120256,29,2960
2021-12-12,Cambodia,Asia,99,120355,25,2985
2021-12-19,Cambodia,Asia,61,120416,20,3005
2021-12-26,Cambodia,Asia,33,120449,3,3008
2022-01-02,Cambodia,Asia,61,120510,5,3013
2022-01-09,Cambodia,Asia,111,120621,2,3015
2022-01-16,Cambodia,Asia,175,120796,0,3015
2022-01-23,Cambodia,Asia,230,121026,0,3015
2022-01-30,Cambodia,Asia,273,121299,0,3015
2022-02-06,Cambodia,Asia,474,121773,0,3015
2022-02-13,Cambodia,Asia,1670,123443,0,3015
2022-02-20,Cambodia,Asia,3046,126489,2,3017
2022-02-27,Cambodia,Asia,3431,129920,15,3032
2022-03-06,Cambodia,Asia,2482,132402,9,3041
2022-03-13,Cambodia,Asia,1666,134068,6,3047
2022-03-20,Cambodia,Asia,918,134986,4,3051
2022-03-27,Cambodia,Asia,475,135461,3,3054
2022-04-03,Cambodia,Asia,286,135747,0,3054
2022-04-10,Cambodia,Asia,200,135947,1,3055
2022-04-17,Cambodia,Asia,113,136060,0,3055
2022-04-24,Cambodia,Asia,156,136216,1,3056
2022-05-01,Cambodia,Asia,36,136252,0,3056
2022-05-08,Cambodia,Asia,10,136262,0,3056
2022-05-15,Cambodia,Asia,0,136262,0,3056
2022-05-22,Cambodia,Asia,0,136262,0,3056
2022-05-29,Cambodia,Asia,0,136262,0,3056
2022-06-05,Cambodia,Asia,0,136262,0,3056
2022-06-12,Cambodia,Asia,0,136262,0,3056
2022-06-19,Cambodia,Asia,0,136262,0,3056
2022-06-26,Cambodia,Asia,0,136262,0,3056
2022-07-03,Cambodia,Asia,28,136290,0,3056
2022-07-10,Cambodia,Asia,53,136343,0,3056
2022-07-17,Cambodia,Asia,94,136437,0,3056
2022-07-24,Cambodia,Asia,128,136565,0,3056
2022-07-31,Cambodia,Asia,188,136753,0,3056
2022-08-07,Cambodia,Asia,224,136977,0,3056
2022-08-14,Cambodia,Asia,230,137207,0,3056
2022-08-21,Cambodia,Asia,187,137394,0,3056
2022-08-28,Cambodia,Asia,144,137538,0,3056
2022-09-04,Cambodia,Asia,112,137650,0,3056
2022-09-11,Cambodia,Asia,55,137705,0,3056
2022-09-18,Cambodia,Asia,50,137755,0,3056
2022-09-25,Cambodia,Asia,78,137833,0,3056
2022-10-02,Cambodia,Asia,48,137881,0,3056
2022-10-09,Cambodia,Asia,40,137921,0,3056
2022-10-16,Cambodia,Asia,42,137963,0,3056
2022-10-23,Cambodia,Asia,16,137979,0,3056
2022-10-30,Cambodia,Asia,6,137985,0,3056
2022-11-06,Cambodia,Asia,11,137996,0,3056
2022-11-13,Cambodia,Asia,0,137996,0,3056
2022-11-20,Cambodia,Asia,28,138024,0,3056
2022-11-27,Cambodia,Asia,35,138059,0,3056
2022-12-04,Cambodia,Asia,72,138131,0,3056
2022-12-11,Cambodia,Asia,107,138238,0,3056
2022-12-18,Cambodia,Asia,141,138379,0,3056
2022-12-25,Cambodia,Asia,116,138495,0,3056
2023-01-01,Cambodia,Asia,89,138584,0,3056
2023-01-08,Cambodia,Asia,38,138622,0,3056
2023-01-15,Cambodia,Asia,37,138659,0,3056
2023-01-22,Cambodia,Asia,17,138676,0,3056
2023-01-29,Cambodia,Asia,9,138685,0,3056
2023-02-05,Cambodia,Asia,12,138697,0,3056
2023-02-12,Cambodia,Asia,6,138703,0,3056
2023-02-19,Cambodia,Asia,3,138706,0,3056
2023-02-26,Cambodia,Asia,8,138714,0,3056
2023-03-05,Cambodia,Asia,5,138719,0,3056
2023-03-12,Cambodia,Asia,0,138719,0,3056
2023-03-19,Cambodia,Asia,2,138721,0,3056
2023-03-26,Cambodia,Asia,2,138723,0,3056
2023-04-02,Cambodia,Asia,2,138725,0,3056
2023-04-09,Cambodia,Asia,1,138726,0,3056
2023-04-16,Cambodia,Asia,0,138726,0,3056
2023-04-23,Cambodia,Asia,5,138731,0,3056
2023-04-30,Cambodia,Asia,2,138733,0,3056
2023-05-07,Cambodia,Asia,2,138735,0,3056
2023-05-14,Cambodia,Asia,1,138736,0,3056
2023-05-21,Cambodia,Asia,3,138739,0,3056
2023-05-28,Cambodia,Asia,28,138767,0,3056
2023-06-04,Cambodia,Asia,36,138803,0,3056
2023-06-11,Cambodia,Asia,39,138842,0,3056
2023-06-18,Cambodia,Asia,40,138882,0,3056
2023-06-25,Cambodia,Asia,13,138895,0,3056
2023-07-02,Cambodia,Asia,23,138918,0,3056
2023-07-09,Cambodia,Asia,13,138931,0,3056
2023-07-16,Cambodia,Asia,4,138935,0,3056
2023-07-23,Cambodia,Asia,2,138937,0,3056
2023-07-30,Cambodia,Asia,0,138937,0,3056
2023-08-06,Cambodia,Asia,3,138940,0,3056
2023-08-13,Cambodia,Asia,0,138940,0,3056
2023-08-20,Cambodia,Asia,0,138940,0,3056
2023-08-27,Cambodia,Asia,0,138940,0,3056
2023-09-03,Cambodia,Asia,0,138940,0,3056
2023-09-10,Cambodia,Asia,0,138940,0,3056
2023-09-17,Cambodia,Asia,1,138941,0,3056
2023-09-24,Cambodia,Asia,0,138941,0,3056
2023-10-01,Cambodia,Asia,0,138941,0,3056
2023-10-08,Cambodia,Asia,0,138941,0,3056
2023-10-15,Cambodia,Asia,0,138941,0,3056
2023-10-22,Cambodia,Asia,0,138941,0,3056
2023-10-29,Cambodia,Asia,2,138943,0,3056
2023-11-05,Cambodia,Asia,2,138945,0,3056
2023-11-12,Cambodia,Asia,2,138947,0,3056
2023-11-19,Cambodia,Asia,3,138950,0,3056
2023-11-26,Cambodia,Asia,4,138954,0,3056
2023-12-03,Cambodia,Asia,2,138956,0,3056
2023-12-10,Cambodia,Asia,7,138963,0,3056
2023-12-17,Cambodia,Asia,14,138977,0,3056
2023-12-24,Cambodia,Asia,14,138991,0,3056
2023-12-31,Cambodia,Asia,23,139014,0,3056
2024-01-07,Cambodia,Asia,25,139039,0,3056
2024-01-14,Cambodia,Asia,15,139054,0,3056
2024-01-21,Cambodia,Asia,9,139063,0,3056
2024-01-28,Cambodia,Asia,19,139082,0,3056
2024-02-04,Cambodia,Asia,3,139085,0,3056
2024-02-11,Cambodia,Asia,2,139087,0,3056
2024-02-18,Cambodia,Asia,4,139091,0,3056
2024-02-25,Cambodia,Asia,2,139093,0,3056
2024-03-03,Cambodia,Asia,2,139095,0,3056
2024-03-10,Cambodia,Asia,1,139096,0,3056
2024-03-17,Cambodia,Asia,1,139097,0,3056
2024-03-24,Cambodia,Asia,3,139100,0,3056
2024-03-31,Cambodia,Asia,0,139100,0,3056
2024-04-07,Cambodia,Asia,2,139102,0,3056
2024-04-14,Cambodia,Asia,1,139103,0,3056
2024-04-21,Cambodia,Asia,0,139103,0,3056
2024-04-28,Cambodia,Asia,10,139113,0,3056
2024-05-05,Cambodia,Asia,4,139117,0,3056
2024-05-12,Cambodia,Asia,3,139120,0,3056
2024-05-19,Cambodia,Asia,7,139127,0,3056
2024-05-26,Cambodia,Asia,18,139145,0,3056
2024-06-02,Cambodia,Asia,29,139174,0,3056
2024-06-09,Cambodia,Asia,39,139213,0,3056
2024-06-16,Cambodia,Asia,43,139256,0,3056
2024-06-23,Cambodia,Asia,18,139274,0,3056
2024-06-30,Cambodia,Asia,16,139290,0,3056
2024-07-07,Cambodia,Asia,9,139299,0,3056
2024-07-14,Cambodia,Asia,6,139305,0,3056
2024-07-21,Cambodia,Asia,5,139310,0,3056
2024-07-28,Cambodia,Asia,3,139313,0,3056
2024-08-04,Cambodia,Asia,6,139319,0,3056
2024-08-11,Cambodia,Asia,1,139320,0,3056
2024-08-18,Cambodia,Asia,1,139321,0,3056
2024-08-25,Cambodia,Asia,1,139322,0,3056
2024-09-01,Cambodia,Asia,1,139323,0,3056
2020-01-05,Cameroon,Africa,0,0,0,0
2020-01-12,Cameroon,Africa,0,0,0,0
2020-01-19,Cameroon,Africa,0,0,0,0
2020-01-26,Cameroon,Africa,0,0,0,0
2020-02-02,Cameroon,Africa,0,0,0,0
2020-02-09,Cameroon,Africa,0,0,0,0
2020-02-16,Cameroon,Africa,0,0,0,0
2020-02-23,Cameroon,Africa,0,0,0,0
2020-03-01,Cameroon,Africa,0,0,0,0
2020-03-08,Cameroon,Africa,2,2,0,0
2020-03-15,Cameroon,Africa,1,3,0,0
2020-03-22,Cameroon,Africa,23,26,0,0
2020-03-29,Cameroon,Africa,64,90,6,6
2020-04-05,Cameroon,Africa,465,555,7,13
2020-04-12,Cameroon,Africa,267,822,2,15
2020-04-19,Cameroon,Africa,194,1016,30,45
2020-04-26,Cameroon,Africa,605,1621,13,58
2020-05-03,Cameroon,Africa,456,2077,8,66
2020-05-10,Cameroon,Africa,258,2335,46,112
2020-05-17,Cameroon,Africa,712,3047,30,142
2020-05-24,Cameroon,Africa,1353,4400,20,162
2020-05-31,Cameroon,Africa,1504,5904,32,194
2020-06-07,Cameroon,Africa,2054,7958,21,215
2020-06-14,Cameroon,Africa,1614,9572,61,276
2020-06-21,Cameroon,Africa,2170,11742,24,300
2020-06-28,Cameroon,Africa,1603,13345,25,325
2020-07-05,Cameroon,Africa,1179,14524,15,340
2020-07-12,Cameroon,Africa,649,15173,17,357
2020-07-19,Cameroon,Africa,1349,16522,23,380
2020-07-26,Cameroon,Africa,186,16708,3,383
2020-08-02,Cameroon,Africa,547,17255,6,389
2020-08-09,Cameroon,Africa,958,18213,7,396
2020-08-16,Cameroon,Africa,369,18582,3,399
2020-08-23,Cameroon,Africa,180,18762,9,408
2020-08-30,Cameroon,Africa,380,19142,3,411
2020-09-06,Cameroon,Africa,462,19604,4,415
2020-09-13,Cameroon,Africa,624,20228,0,415
2020-09-20,Cameroon,Africa,370,20598,1,416
2020-09-27,Cameroon,Africa,240,20838,2,418
2020-10-04,Cameroon,Africa,299,21137,2,420
2020-10-11,Cameroon,Africa,196,21333,3,423
2020-10-18,Cameroon,Africa,210,21543,2,425
2020-10-25,Cameroon,Africa,250,21793,1,426
2020-11-01,Cameroon,Africa,296,22089,3,429
2020-11-08,Cameroon,Africa,291,22380,2,431
2020-11-15,Cameroon,Africa,470,22850,2,433
2020-11-22,Cameroon,Africa,992,23842,2,435
2020-11-29,Cameroon,Africa,603,24445,6,441
2020-12-06,Cameroon,Africa,307,24752,2,443
2020-12-13,Cameroon,Africa,590,25342,4,447
2020-12-20,Cameroon,Africa,507,25849,1,448
2020-12-27,Cameroon,Africa,428,26277,0,448
2021-01-03,Cameroon,Africa,571,26848,0,448
2021-01-10,Cameroon,Africa,488,27336,3,451
2021-01-17,Cameroon,Africa,674,28010,4,455
2021-01-24,Cameroon,Africa,1607,29617,7,462
2021-01-31,Cameroon,Africa,696,30313,12,474
2021-02-07,Cameroon,Africa,1081,31394,0,474
2021-02-14,Cameroon,Africa,1287,32681,26,500
2021-02-21,Cameroon,Africa,1068,33749,23,523
2021-02-28,Cameroon,Africa,1965,35714,28,551
2021-03-07,Cameroon,Africa,3274,38988,37,588
2021-03-14,Cameroon,Africa,0,38988,0,588
2021-03-21,Cameroon,Africa,8681,47669,133,721
2021-03-28,Cameroon,Africa,6251,53920,58,779
2021-04-04,Cameroon,Africa,3417,57337,72,851
2021-04-11,Cameroon,Africa,4394,61731,68,919
2021-04-18,Cameroon,Africa,4267,65998,72,991
2021-04-25,Cameroon,Africa,4609,70607,73,1064
2021-05-02,Cameroon,Africa,4126,74733,80,1144
2021-05-09,Cameroon,Africa,213,74946,8,1152
2021-05-16,Cameroon,Africa,1810,76756,78,1230
2021-05-23,Cameroon,Africa,1226,77982,40,1270
2021-05-30,Cameroon,Africa,947,78929,5,1275
2021-06-06,Cameroon,Africa,975,79904,27,1302
2021-06-13,Cameroon,Africa,186,80090,8,1310
2021-06-20,Cameroon,Africa,397,80487,10,1320
2021-06-27,Cameroon,Africa,371,80858,4,1324
2021-07-04,Cameroon,Africa,0,80858,0,1324
2021-07-11,Cameroon,Africa,609,81467,6,1330
2021-07-18,Cameroon,Africa,404,81871,2,1332
2021-07-25,Cameroon,Africa,193,82064,2,1334
2021-08-01,Cameroon,Africa,0,82064,0,1334
2021-08-08,Cameroon,Africa,390,82454,4,1338
2021-08-15,Cameroon,Africa,359,82813,4,1342
2021-08-22,Cameroon,Africa,612,83425,8,1350
2021-08-29,Cameroon,Africa,785,84210,7,1357
2021-09-05,Cameroon,Africa,710,84920,7,1364
2021-09-12,Cameroon,Africa,494,85414,4,1368
2021-09-19,Cameroon,Africa,2769,88183,43,1411
2021-09-26,Cameroon,Africa,4120,92303,48,1459
2021-10-03,Cameroon,Africa,3096,95399,58,1517
2021-10-10,Cameroon,Africa,3003,98402,33,1550
2021-10-17,Cameroon,Africa,1887,100289,50,1600
2021-10-24,Cameroon,Africa,2210,102499,86,1686
2021-10-31,Cameroon,Africa,1849,104348,45,1731
2021-11-07,Cameroon,Africa,1371,105719,27,1758
2021-11-14,Cameroon,Africa,471,106190,12,1770
2021-11-21,Cameroon,Africa,604,106794,21,1791
2021-11-28,Cameroon,Africa,354,107148,13,1804
2021-12-05,Cameroon,Africa,401,107549,19,1823
2021-12-12,Cameroon,Africa,113,107662,13,1836
2021-12-19,Cameroon,Africa,364,108026,5,1841
2021-12-26,Cameroon,Africa,650,108676,10,1851
2022-01-02,Cameroon,Africa,990,109666,2,1853
2022-01-09,Cameroon,Africa,1766,111432,4,1857
2022-01-16,Cameroon,Africa,2681,114113,10,1867
2022-01-23,Cameroon,Africa,2605,116718,13,1880
2022-01-30,Cameroon,Africa,958,117676,27,1907
2022-02-06,Cameroon,Africa,999,118675,8,1915
2022-02-13,Cameroon,Africa,258,118933,3,1918
2022-02-20,Cameroon,Africa,174,119107,2,1920
2022-02-27,Cameroon,Africa,133,119240,3,1923
2022-03-06,Cameroon,Africa,82,119322,3,1926
2022-03-13,Cameroon,Africa,92,119414,0,1926
2022-03-20,Cameroon,Africa,130,119544,1,1927
2022-03-27,Cameroon,Africa,93,119637,0,1927
2022-04-03,Cameroon,Africa,88,119725,0,1927
2022-04-10,Cameroon,Africa,55,119780,0,1927
2022-04-17,Cameroon,Africa,33,119813,0,1927
2022-04-24,Cameroon,Africa,37,119850,0,1927
2022-05-01,Cameroon,Africa,40,119890,2,1929
2022-05-08,Cameroon,Africa,34,119924,1,1930
2022-05-15,Cameroon,Africa,23,119947,0,1930
2022-05-22,Cameroon,Africa,26,119973,0,1930
2022-05-29,Cameroon,Africa,29,120002,0,1930
2022-06-05,Cameroon,Africa,26,120028,1,1931
2022-06-12,Cameroon,Africa,40,120068,0,1931
2022-06-19,Cameroon,Africa,53,120121,0,1931
2022-06-26,Cameroon,Africa,33,120154,0,1931
2022-07-03,Cameroon,Africa,43,120197,0,1931
2022-07-10,Cameroon,Africa,18,120215,0,1931
2022-07-17,Cameroon,Africa,52,120267,0,1931
2022-07-24,Cameroon,Africa,95,120362,1,1932
2022-07-31,Cameroon,Africa,162,120524,1,1933
2022-08-07,Cameroon,Africa,443,120967,0,1933
2022-08-14,Cameroon,Africa,685,121652,2,1935
2022-08-21,Cameroon,Africa,0,121652,0,1935
2022-08-28,Cameroon,Africa,1337,122989,14,1949
2022-09-04,Cameroon,Africa,319,123308,3,1952
2022-09-11,Cameroon,Africa,172,123480,5,1957
2022-09-18,Cameroon,Africa,149,123629,3,1960
2022-09-25,Cameroon,Africa,72,123701,0,1960
2022-10-02,Cameroon,Africa,84,123785,0,1960
2022-10-09,Cameroon,Africa,80,123865,4,1964
2022-10-16,Cameroon,Africa,62,123927,0,1964
2022-10-23,Cameroon,Africa,66,123993,1,1965
2022-10-30,Cameroon,Africa,0,123993,0,1965
2022-11-06,Cameroon,Africa,0,123993,0,1965
2022-11-13,Cameroon,Africa,0,123993,0,1965
2022-11-20,Cameroon,Africa,0,123993,0,1965
2022-11-27,Cameroon,Africa,0,123993,0,1965
2022-12-04,Cameroon,Africa,0,123993,0,1965
2022-12-11,Cameroon,Africa,0,123993,0,1965
2022-12-18,Cameroon,Africa,0,123993,0,1965
2022-12-25,Cameroon,Africa,0,123993,0,1965
2023-01-01,Cameroon,Africa,0,123993,0,1965
2023-01-08,Cameroon,Africa,0,123993,0,1965
2023-01-15,Cameroon,Africa,0,123993,0,1965
2023-01-22,Cameroon,Africa,296,124289,0,1965
2023-01-29,Cameroon,Africa,6,124295,0,1965
2023-02-05,Cameroon,Africa,14,124309,0,1965
2023-02-12,Cameroon,Africa,19,124328,0,1965
2023-02-19,Cameroon,Africa,64,124392,0,1965
2023-02-26,Cameroon,Africa,93,124485,0,1965
2023-03-05,Cameroon,Africa,120,124605,1,1966
2023-03-12,Cameroon,Africa,74,124679,2,1968
2023-03-19,Cameroon,Africa,62,124741,0,1968
2023-03-26,Cameroon,Africa,44,124785,1,1969
2023-04-02,Cameroon,Africa,49,124834,1,1970
2023-04-09,Cameroon,Africa,49,124883,0,1970
2023-04-16,Cameroon,Africa,12,124895,1,1971
2023-04-23,Cameroon,Africa,88,124983,0,1971
2023-04-30,Cameroon,Africa,28,125011,1,1972
2023-05-07,Cameroon,Africa,25,125036,0,1972
2023-05-14,Cameroon,Africa,0,125036,0,1972
2023-05-21,Cameroon,Africa,22,125058,0,1972
2023-05-28,Cameroon,Africa,7,125065,0,1972
2023-06-04,Cameroon,Africa,16,125081,0,1972
2023-06-11,Cameroon,Africa,9,125090,2,1974
2023-06-18,Cameroon,Africa,0,125090,0,1974
2023-06-25,Cameroon,Africa,0,125090,0,1974
2023-07-02,Cameroon,Africa,0,125090,0,1974
2023-07-09,Cameroon,Africa,0,125090,0,1974
2023-07-16,Cameroon,Africa,0,125090,0,1974
2023-07-23,Cameroon,Africa,0,125090,0,1974
2023-07-30,Cameroon,Africa,0,125090,0,1974
2023-08-06,Cameroon,Africa,0,125090,0,1974
2023-08-13,Cameroon,Africa,0,125090,0,1974
2023-08-20,Cameroon,Africa,0,125090,0,1974
2023-08-27,Cameroon,Africa,0,125090,0,1974
2023-09-03,Cameroon,Africa,0,125090,0,1974
2023-09-10,Cameroon,Africa,0,125090,0,1974
2023-09-17,Cameroon,Africa,0,125090,0,1974
2023-09-24,Cameroon,Africa,0,125090,0,1974
2023-10-01,Cameroon,Africa,0,125090,0,1974
2023-10-08,Cameroon,Africa,4,125094,0,1974
2023-10-15,Cameroon,Africa,12,125106,0,1974
2023-10-22,Cameroon,Africa,3,125109,0,1974
2023-10-29,Cameroon,Africa,0,125109,0,1974
2023-11-05,Cameroon,Africa,8,125117,0,1974
2023-11-12,Cameroon,Africa,10,125127,0,1974
2023-11-19,Cameroon,Africa,5,125132,0,1974
2023-11-26,Cameroon,Africa,3,125135,0,1974
2023-12-03,Cameroon,Africa,1,125136,0,1974
2023-12-10,Cameroon,Africa,1,125137,0,1974
2023-12-17,Cameroon,Africa,0,125137,0,1974
2023-12-24,Cameroon,Africa,0,125137,0,1974
2023-12-31,Cameroon,Africa,0,125137,0,1974
2024-01-07,Cameroon,Africa,0,125137,0,1974
2024-01-14,Cameroon,Africa,0,125137,0,1974
2024-01-21,Cameroon,Africa,0,125137,0,1974
2024-01-28,Cameroon,Africa,0,125137,0,1974
2024-02-04,Cameroon,Africa,0,125137,0,1974
2024-02-11,Cameroon,Africa,0,125137,0,1974
2024-02-18,Cameroon,Africa,0,125137,0,1974
2024-02-25,Cameroon,Africa,0,125137,0,1974
2024-03-03,Cameroon,Africa,0,125137,0,1974
2024-03-10,Cameroon,Africa,0,125137,0,1974
2024-03-17,Cameroon,Africa,0,125137,0,1974
2024-03-24,Cameroon,Africa,9,125146,0,1974
2024-03-31,Cameroon,Africa,0,125146,0,1974
2024-04-07,Cameroon,Africa,2,125148,0,1974
2024-04-14,Cameroon,Africa,8,125156,0,1974
2024-04-21,Cameroon,Africa,6,125162,0,1974
2024-04-28,Cameroon,Africa,17,125179,0,1974
2024-05-05,Cameroon,Africa,28,125207,0,1974
2024-05-12,Cameroon,Africa,10,125217,0,1974
2024-05-19,Cameroon,Africa,0,125217,0,1974
2024-05-26,Cameroon,Africa,18,125235,0,1974
2024-06-02,Cameroon,Africa,3,125238,0,1974
2024-06-09,Cameroon,Africa,0,125238,0,1974
2024-06-16,Cameroon,Africa,0,125238,0,1974
2024-06-23,Cameroon,Africa,1,125239,0,1974
2024-06-30,Cameroon,Africa,0,125239,0,1974
2024-07-07,Cameroon,Africa,1,125240,0,1974
2024-07-14,Cameroon,Africa,0,125240,0,1974
2024-07-21,Cameroon,Africa,1,125241,0,1974
2024-07-28,Cameroon,Africa,1,125242,0,1974
2024-08-04,Cameroon,Africa,4,125246,0,1974
2024-08-11,Cameroon,Africa,0,125246,0,1974
2024-08-18,Cameroon,Africa,13,125259,0,1974
2024-08-25,Cameroon,Africa,0,125259,0,1974
2024-09-01,Cameroon,Africa,0,125259,0,1974
2020-01-05,Canada,North America,0,0,0,0
2020-01-12,Canada,North America,0,0,0,0
2020-01-19,Canada,North America,0,0,0,0
2020-01-26,Canada,North America,1,1,0,0
2020-02-02,Canada,North America,3,4,0,0
2020-02-09,Canada,North America,3,7,0,0
2020-02-16,Canada,North America,0,7,0,0
2020-02-23,Canada,North America,2,9,0,0
2020-03-01,Canada,North America,6,15,0,0
2020-03-08,Canada,North America,36,51,0,0
2020-03-15,Canada,North America,125,176,1,1
2020-03-22,Canada,North America,795,971,10,11
2020-03-29,Canada,North America,3704,4675,24,35
2020-04-05,Canada,North America,7844,12519,152,187
2020-04-12,Canada,North America,9614,22133,381,568
2020-04-19,Canada,North America,9739,31872,738,1306
2020-04-26,Canada,North America,12005,43877,993,2299
2020-05-03,Canada,North America,11173,55050,1083,3382
2020-05-10,Canada,North America,11372,66422,1174,4556
2020-05-17,Canada,North America,8180,74602,990,5546
2020-05-24,Canada,North America,7867,82469,686,6232
2020-05-31,Canada,North America,6938,89407,727,6959
2020-06-07,Canada,North America,4917,94324,724,7683
2020-06-14,Canada,North America,3608,97932,338,8021
2020-06-21,Canada,North America,2686,100618,297,8318
2020-06-28,Canada,North America,2165,102783,157,8475
2020-07-05,Canada,North America,2296,105079,152,8627
2020-07-12,Canada,North America,2035,107114,96,8723
2020-07-19,Canada,North America,2544,109658,79,8802
2020-07-26,Canada,North America,3535,113193,42,8844
2020-08-02,Canada,North America,3105,116298,53,8897
2020-08-09,Canada,North America,2672,118970,35,8932
2020-08-16,Canada,North America,2682,121652,50,8982
2020-08-23,Canada,North America,2720,124372,44,9026
2020-08-30,Canada,North America,2938,127310,49,9075
2020-09-06,Canada,North America,3814,131124,29,9104
2020-09-13,Canada,North America,4502,135626,22,9126
2020-09-20,Canada,North America,6285,141911,41,9167
2020-09-27,Canada,North America,8545,150456,50,9217
2020-10-04,Canada,North America,12203,162659,153,9370
2020-10-11,Canada,North America,15458,178117,175,9545
2020-10-18,Canada,North America,15989,194106,136,9681
2020-10-25,Canada,North America,17626,211732,163,9844
2020-11-01,Canada,North America,20267,231999,216,10060
2020-11-08,Canada,North America,23810,255809,320,10380
2020-11-15,Canada,North America,31509,287318,391,10771
2020-11-22,Canada,North America,33401,320719,500,11271
2020-11-29,Canada,North America,38345,359064,551,11822
2020-12-06,Canada,North America,43504,402568,596,12418
2020-12-13,Canada,North America,46271,448839,748,13166
2020-12-20,Canada,North America,46504,495343,781,13947
2020-12-27,Canada,North America,43898,539241,787,14734
2021-01-03,Canada,North America,49698,588939,898,15632
2021-01-10,Canada,North America,55410,644349,958,16590
2021-01-17,Canada,North America,51355,695704,1016,17606
2021-01-24,Canada,North America,41703,737407,1091,18697
2021-01-31,Canada,North America,33386,770793,965,19662
2021-02-07,Canada,North America,26963,797756,797,20459
2021-02-14,Canada,North America,22550,820306,542,21001
2021-02-21,Canada,North America,20280,840586,406,21407
2021-02-28,Canada,North America,20961,861547,331,21738
2021-03-07,Canada,North America,20207,881754,272,22010
2021-03-14,Canada,North America,21462,903216,207,22217
2021-03-21,Canada,North America,23846,927062,205,22422
2021-03-28,Canada,North America,29593,956655,207,22629
2021-04-04,Canada,North America,38181,994836,199,22828
2021-04-11,Canada,North America,50441,1045277,209,23037
2021-04-18,Canada,North America,60788,1106065,285,23322
2021-04-25,Canada,North America,58515,1164580,333,23655
2021-05-02,Canada,North America,54838,1219418,339,23994
2021-05-09,Canada,North America,53748,1273166,303,24297
2021-05-16,Canada,North America,45246,1318412,335,24632
2021-05-23,Canada,North America,33709,1352121,290,24922
2021-05-30,Canada,North America,22152,1374273,270,25192
2021-06-06,Canada,North America,15229,1389502,235,25427
2021-06-13,Canada,North America,10215,1399717,205,25632
2021-06-20,Canada,North America,7541,1407258,135,25767
2021-06-27,Canada,North America,5043,1412301,176,25943
2021-07-04,Canada,North America,4015,1416316,138,26081
2021-07-11,Canada,North America,3648,1419964,78,26159
2021-07-18,Canada,North America,2677,1422641,66,26225
2021-07-25,Canada,North America,3070,1425711,49,26274
2021-08-01,Canada,North America,4772,1430483,47,26321
2021-08-08,Canada,North America,7218,1437701,65,26386
2021-08-15,Canada,North America,12150,1449851,42,26428
2021-08-22,Canada,North America,16015,1465866,93,26521
2021-08-29,Canada,North America,20570,1486436,100,26621
2021-09-05,Canada,North America,24776,1511212,115,26736
2021-09-12,Canada,North America,26881,1538093,162,26898
2021-09-19,Canada,North America,31093,1569186,198,27096
2021-09-26,Canada,North America,29621,1598807,248,27344
2021-10-03,Canada,North America,30335,1629142,298,27642
2021-10-10,Canada,North America,26222,1655364,262,27904
2021-10-17,Canada,North America,21482,1676846,282,28186
2021-10-24,Canada,North America,19068,1695914,261,28447
2021-10-31,Canada,North America,16214,1712128,222,28669
2021-11-07,Canada,North America,15555,1727683,178,28847
2021-11-14,Canada,North America,17666,1745349,175,29022
2021-11-21,Canada,North America,17085,1762434,171,29193
2021-11-28,Canada,North America,19737,1782171,137,29330
2021-12-05,Canada,North America,20188,1802359,138,29468
2021-12-12,Canada,North America,25396,1827755,142,29610
2021-12-19,Canada,North America,39945,1867700,132,29742
2021-12-26,Canada,North America,94023,1961723,109,29851
2022-01-02,Canada,North America,226586,2188309,173,30024
2022-01-09,Canada,North America,293833,2482142,339,30363
2022-01-16,Canada,North America,238269,2720411,623,30986
2022-01-23,Canada,North America,171610,2892021,1015,32001
2022-01-30,Canada,North America,124003,3016024,1118,33119
2022-02-06,Canada,North America,94313,3110337,980,34099
2022-02-13,Canada,North America,70502,3180839,817,34916
2022-02-20,Canada,North America,53473,3234312,613,35529
2022-02-27,Canada,North America,42675,3276987,465,35994
2022-03-06,Canada,North America,40513,3317500,435,36429
2022-03-13,Canada,North America,38996,3356496,420,36849
2022-03-20,Canada,North America,37339,3393835,301,37150
2022-03-27,Canada,North America,42171,3436006,261,37411
2022-04-03,Canada,North America,56397,3492403,260,37671
2022-04-10,Canada,North America,68656,3561059,306,37977
2022-04-17,Canada,North America,66946,3628005,324,38301
2022-04-24,Canada,North America,63247,3691252,452,38753
2022-05-01,Canada,North America,54519,3745771,477,39230
2022-05-08,Canada,North America,41069,3786840,486,39716
2022-05-15,Canada,North America,32418,3819258,501,40217
2022-05-22,Canada,North America,25055,3844313,447,40664
2022-05-29,Canada,North America,18400,3862713,303,40967
2022-06-05,Canada,North America,17026,3879739,304,41271
2022-06-12,Canada,North America,12670,3892409,77,41348
2022-06-19,Canada,North America,23312,3915721,-331,41017
2022-06-26,Canada,North America,15463,3931184,143,41160
2022-07-03,Canada,North America,17752,3948936,140,41300
2022-07-10,Canada,North America,22662,3971598,152,41452
2022-07-17,Canada,North America,27557,3999155,174,41626
2022-07-24,Canada,North America,32435,4031590,242,41868
2022-07-31,Canada,North America,33319,4064909,291,42159
2022-08-07,Canada,North America,28849,4093758,263,42422
2022-08-14,Canada,North America,25692,4119450,346,42768
2022-08-21,Canada,North America,23906,4143356,259,43027
2022-08-28,Canada,North America,23082,4166438,300,43327
2022-09-04,Canada,North America,21086,4187524,302,43629
2022-09-11,Canada,North America,18478,4206002,253,43882
2022-09-18,Canada,North America,16726,4222728,227,44109
2022-09-25,Canada,North America,17558,4240286,224,44333
2022-10-02,Canada,North America,18643,4258929,210,44543
2022-10-09,Canada,North America,19634,4278563,231,44774
2022-10-16,Canada,North America,20412,4298975,287,45061
2022-10-23,Canada,North America,21454,4320429,379,45440
2022-10-30,Canada,North America,21359,4341788,380,45820
2022-11-06,Canada,North America,20964,4362752,376,46196
2022-11-13,Canada,North America,18396,4381148,344,46540
2022-11-20,Canada,North America,15289,4396437,304,46844
2022-11-27,Canada,North America,14582,4411019,322,47166
2022-12-04,Canada,North America,15134,4426153,308,47474
2022-12-11,Canada,North America,16209,4442362,285,47759
2022-12-18,Canada,North America,16625,4458987,280,48039
2022-12-25,Canada,North America,17398,4476385,382,48421
2023-01-01,Canada,North America,16395,4492780,350,48771
2023-01-08,Canada,North America,16691,4509471,258,49029
2023-01-15,Canada,North America,16796,4526267,332,49361
2023-01-22,Canada,North America,13674,4539941,302,49663
2023-01-29,Canada,North America,11455,4551396,278,49941
2023-02-05,Canada,North America,10337,4561733,252,50193
2023-02-12,Canada,North America,10333,4572066,226,50419
2023-02-19,Canada,North America,10322,4582388,212,50631
2023-02-26,Canada,North America,9670,4592058,168,50799
2023-03-05,Canada,North America,9161,4601219,165,50964
2023-03-12,Canada,North America,8947,4610166,161,51125
2023-03-19,Canada,North America,8585,4618751,181,51306
2023-03-26,Canada,North America,8346,4627097,151,51457
2023-04-02,Canada,North America,7850,4634947,131,51588
2023-04-09,Canada,North America,7085,4642032,147,51735
2023-04-16,Canada,North America,6293,4648325,146,51881
2023-04-23,Canada,North America,6605,4654930,119,52000
2023-04-30,Canada,North America,5770,4660700,150,52150
2023-05-07,Canada,North America,5230,4665930,141,52291
2023-05-14,Canada,North America,4633,4670563,120,52411
2023-05-21,Canada,North America,1805,4672368,47,52458
2023-05-28,Canada,North America,1638,4674006,35,52493
2023-06-04,Canada,North America,1546,4675552,34,52527
2023-06-11,Canada,North America,1266,4676818,29,52556
2023-06-18,Canada,North America,1012,4677830,25,52581
2023-06-25,Canada,North America,860,4678690,22,52603
2023-07-02,Canada,North America,759,4679449,20,52623
2023-07-09,Canada,North America,638,4680087,12,52635
2023-07-16,Canada,North America,761,4680848,25,52660
2023-07-23,Canada,North America,934,4681782,22,52682
2023-07-30,Canada,North America,1006,4682788,22,52704
2023-08-06,Canada,North America,1041,4683829,25,52729
2023-08-13,Canada,North America,1078,4684907,22,52751
2023-08-20,Canada,North America,1600,4686507,21,52772
2023-08-27,Canada,North America,2090,4688597,27,52799
2023-09-03,Canada,North America,2316,4690913,51,52850
2023-09-10,Canada,North America,2672,4693585,64,52914
2023-09-17,Canada,North America,3234,4696819,58,52972
2023-09-24,Canada,North America,4002,4700821,67,53039
2023-10-01,Canada,North America,4747,4705568,85,53124
2023-10-08,Canada,North America,4658,4710226,106,53230
2023-10-15,Canada,North America,4260,4714486,81,53311
2023-10-22,Canada,North America,4856,4719342,101,53412
2023-10-29,Canada,North America,4936,4724278,109,53521
2023-11-05,Canada,North America,4945,4729223,90,53611
2023-11-12,Canada,North America,5061,4734284,103,53714
2023-11-19,Canada,North America,5924,4740208,111,53825
2023-11-26,Canada,North America,6132,4746340,105,53930
2023-12-03,Canada,North America,5603,4751943,126,54056
2023-12-10,Canada,North America,5482,4757425,93,54149
2023-12-17,Canada,North America,5448,4762873,74,54223
2023-12-24,Canada,North America,5261,4768134,84,54307
2023-12-31,Canada,North America,6102,4774236,134,54441
2024-01-07,Canada,North America,5079,4779315,91,54532
2024-01-14,Canada,North America,3939,4783254,88,54620
2024-01-21,Canada,North America,3121,4786375,57,54677
2024-01-28,Canada,North America,2623,4788998,42,54719
2024-02-04,Canada,North America,2446,4791444,43,54762
2024-02-11,Canada,North America,2132,4793576,39,54801
2024-02-18,Canada,North America,1915,4795491,43,54844
2024-02-25,Canada,North America,1653,4797144,40,54884
2024-03-03,Canada,North America,1496,4798640,38,54922
2024-03-10,Canada,North America,1218,4799858,27,54949
2024-03-17,Canada,North America,1380,4801238,21,54970
2024-03-24,Canada,North America,1119,4802357,24,54994
2024-03-31,Canada,North America,888,4803245,12,55006
2024-04-07,Canada,North America,1031,4804276,16,55022
2024-04-14,Canada,North America,1102,4805378,24,55046
2024-04-21,Canada,North America,1023,4806401,22,55068
2024-04-28,Canada,North America,1167,4807568,22,55090
2024-05-05,Canada,North America,1283,4808851,22,55112
2024-05-12,Canada,North America,1355,4810206,29,55141
2024-05-19,Canada,North America,1717,4811923,25,55166
2024-05-26,Canada,North America,1470,4813393,27,55193
2024-06-02,Canada,North America,1351,4814744,16,55209
2024-06-09,Canada,North America,624,4815368,12,55221
2024-06-16,Canada,North America,578,4815946,15,55236
2024-06-23,Canada,North America,553,4816499,12,55248
2024-06-30,Canada,North America,605,4817104,12,55260
2024-07-07,Canada,North America,600,4817704,9,55269
2024-07-14,Canada,North America,519,4818223,5,55274
2024-07-21,Canada,North America,467,4818690,6,55280
2024-07-28,Canada,North America,327,4819017,2,55282
2024-08-04,Canada,North America,38,4819055,0,55282
2024-08-11,Canada,North America,0,4819055,0,55282
2024-08-18,Canada,North America,0,4819055,0,55282
2024-08-25,Canada,North America,0,4819055,0,55282
2024-09-01,Canada,North America,0,4819055,0,55282
2020-01-05,Cayman Islands,North America,0,0,0,0
2020-01-12,Cayman Islands,North America,0,0,0,0
2020-01-19,Cayman Islands,North America,0,0,0,0
2020-01-26,Cayman Islands,North America,0,0,0,0
2020-02-02,Cayman Islands,North America,0,0,0,0
2020-02-09,Cayman Islands,North America,0,0,0,0
2020-02-16,Cayman Islands,North America,0,0,0,0
2020-02-23,Cayman Islands,North America,0,0,0,0
2020-03-01,Cayman Islands,North America,0,0,0,0
2020-03-08,Cayman Islands,North America,0,0,0,0
2020-03-15,Cayman Islands,North America,1,1,1,1
2020-03-22,Cayman Islands,North America,2,3,0,1
2020-03-29,Cayman Islands,North America,5,8,0,1
2020-04-05,Cayman Islands,North America,20,28,0,1
2020-04-12,Cayman Islands,North America,17,45,0,1
2020-04-19,Cayman Islands,North America,16,61,0,1
2020-04-26,Cayman Islands,North America,9,70,0,1
2020-05-03,Cayman Islands,North America,4,74,0,1
2020-05-10,Cayman Islands,North America,7,81,0,1
2020-05-17,Cayman Islands,North America,13,94,0,1
2020-05-24,Cayman Islands,North America,35,129,0,1
2020-05-31,Cayman Islands,North America,12,141,0,1
2020-06-07,Cayman Islands,North America,23,164,0,1
2020-06-14,Cayman Islands,North America,23,187,0,1
2020-06-21,Cayman Islands,North America,8,195,0,1
2020-06-28,Cayman Islands,North America,1,196,0,1
2020-07-05,Cayman Islands,North America,5,201,0,1
2020-07-12,Cayman Islands,North America,0,201,0,1
2020-07-19,Cayman Islands,North America,2,203,0,1
2020-07-26,Cayman Islands,North America,0,203,0,1
2020-08-02,Cayman Islands,North America,0,203,0,1
2020-08-09,Cayman Islands,North America,0,203,0,1
2020-08-16,Cayman Islands,North America,0,203,0,1
2020-08-23,Cayman Islands,North America,2,205,0,1
2020-08-30,Cayman Islands,North America,0,205,0,1
2020-09-06,Cayman Islands,North America,0,205,0,1
2020-09-13,Cayman Islands,North America,3,208,0,1
2020-09-20,Cayman Islands,North America,0,208,0,1
2020-09-27,Cayman Islands,North America,2,210,0,1
2020-10-04,Cayman Islands,North America,3,213,0,1
2020-10-11,Cayman Islands,North America,7,220,0,1
2020-10-18,Cayman Islands,North America,13,233,0,1
2020-10-25,Cayman Islands,North America,6,239,0,1
2020-11-01,Cayman Islands,North America,1,240,0,1
2020-11-08,Cayman Islands,North America,10,250,0,1
2020-11-15,Cayman Islands,North America,4,254,0,1
2020-11-22,Cayman Islands,North America,7,261,1,2
2020-11-29,Cayman Islands,North America,13,274,0,2
2020-12-06,Cayman Islands,North America,14,288,0,2
2020-12-13,Cayman Islands,North America,10,298,0,2
2020-12-20,Cayman Islands,North America,13,311,0,2
2020-12-27,Cayman Islands,North America,7,318,0,2
2021-01-03,Cayman Islands,North America,20,338,0,2
2021-01-10,Cayman Islands,North America,21,359,0,2
2021-01-17,Cayman Islands,North America,15,374,0,2
2021-01-24,Cayman Islands,North America,9,383,0,2
2021-01-31,Cayman Islands,North America,7,390,0,2
2021-02-07,Cayman Islands,North America,15,405,0,2
2021-02-14,Cayman Islands,North America,11,416,0,2
2021-02-21,Cayman Islands,North America,12,428,0,2
2021-02-28,Cayman Islands,North America,10,438,0,2
2021-03-07,Cayman Islands,North America,13,451,0,2
2021-03-14,Cayman Islands,North America,17,468,0,2
2021-03-21,Cayman Islands,North America,7,475,0,2
2021-03-28,Cayman Islands,North America,12,487,0,2
2021-04-04,Cayman Islands,North America,14,501,0,2
2021-04-11,Cayman Islands,North America,15,516,0,2
2021-04-18,Cayman Islands,North America,9,525,0,2
2021-04-25,Cayman Islands,North America,9,534,0,2
2021-05-02,Cayman Islands,North America,9,543,0,2
2021-05-09,Cayman Islands,North America,5,548,0,2
2021-05-16,Cayman Islands,North America,17,565,0,2
2021-05-23,Cayman Islands,North America,9,574,0,2
2021-05-30,Cayman Islands,North America,7,581,0,2
2021-06-06,Cayman Islands,North America,6,587,0,2
2021-06-13,Cayman Islands,North America,5,592,0,2
2021-06-20,Cayman Islands,North America,16,608,0,2
2021-06-27,Cayman Islands,North America,1,609,0,2
2021-07-04,Cayman Islands,North America,5,614,0,2
2021-07-11,Cayman Islands,North America,2,616,0,2
2021-07-18,Cayman Islands,North America,6,622,0,2
2021-07-25,Cayman Islands,North America,14,636,0,2
2021-08-01,Cayman Islands,North America,7,643,0,2
2021-08-08,Cayman Islands,North America,3,646,0,2
2021-08-15,Cayman Islands,North America,5,651,0,2
2021-08-22,Cayman Islands,North America,12,663,0,2
2021-08-29,Cayman Islands,North America,17,680,0,2
2021-09-05,Cayman Islands,North America,11,691,0,2
2021-09-12,Cayman Islands,North America,38,729,0,2
2021-09-19,Cayman Islands,North America,45,774,0,2
2021-09-26,Cayman Islands,North America,21,795,0,2
2021-10-03,Cayman Islands,North America,58,853,0,2
2021-10-10,Cayman Islands,North America,86,939,0,2
2021-10-17,Cayman Islands,North America,72,1011,0,2
2021-10-24,Cayman Islands,North America,185,1196,0,2
2021-10-31,Cayman Islands,North America,454,1650,0,2
2021-11-07,Cayman Islands,North America,1026,2676,0,2
2021-11-14,Cayman Islands,North America,751,3427,0,2
2021-11-21,Cayman Islands,North America,2105,5532,2,4
2021-11-28,Cayman Islands,North America,1206,6738,0,4
2021-12-05,Cayman Islands,North America,791,7529,3,7
2021-12-12,Cayman Islands,North America,342,7871,2,9
2021-12-19,Cayman Islands,North America,226,8097,0,9
2021-12-26,Cayman Islands,North America,289,8386,2,11
2022-01-02,Cayman Islands,North America,694,9080,1,12
2022-01-09,Cayman Islands,North America,1538,10618,0,12
2022-01-16,Cayman Islands,North America,1405,12023,2,14
2022-01-23,Cayman Islands,North America,1711,13734,1,15
2022-01-30,Cayman Islands,North America,54,13788,0,15
2022-02-06,Cayman Islands,North America,2146,15934,1,16
2022-02-13,Cayman Islands,North America,1753,17687,0,16
2022-02-20,Cayman Islands,North America,1041,18728,1,17
2022-02-27,Cayman Islands,North America,645,19373,0,17
2022-03-06,Cayman Islands,North America,0,19373,0,17
2022-03-13,Cayman Islands,North America,700,20073,4,21
2022-03-20,Cayman Islands,North America,263,20336,2,23
2022-03-27,Cayman Islands,North America,270,20606,1,24
2022-04-03,Cayman Islands,North America,0,20606,1,25
2022-04-10,Cayman Islands,North America,515,21121,0,25
2022-04-17,Cayman Islands,North America,285,21406,2,27
2022-04-24,Cayman Islands,North America,349,21755,0,27
2022-05-01,Cayman Islands,North America,468,22223,0,27
2022-05-08,Cayman Islands,North America,605,22828,1,28
2022-05-15,Cayman Islands,North America,750,23578,0,28
2022-05-22,Cayman Islands,North America,899,24477,0,28
2022-05-29,Cayman Islands,North America,0,24477,0,28
2022-06-05,Cayman Islands,North America,1409,25886,0,28
2022-06-12,Cayman Islands,North America,439,26325,0,28
2022-06-19,Cayman Islands,North America,472,26797,0,28
2022-06-26,Cayman Islands,North America,374,27171,0,28
2022-07-03,Cayman Islands,North America,423,27594,1,29
2022-07-10,Cayman Islands,North America,372,27966,0,29
2022-07-17,Cayman Islands,North America,423,28389,0,29
2022-07-24,Cayman Islands,North America,395,28784,0,29
2022-07-31,Cayman Islands,North America,325,29109,0,29
2022-08-07,Cayman Islands,North America,310,29419,0,29
2022-08-14,Cayman Islands,North America,234,29653,0,29
2022-08-21,Cayman Islands,North America,254,29907,0,29
2022-08-28,Cayman Islands,North America,150,30057,0,29
2022-09-04,Cayman Islands,North America,157,30214,0,29
2022-09-11,Cayman Islands,North America,166,30380,0,29
2022-09-18,Cayman Islands,North America,165,30545,2,31
2022-09-25,Cayman Islands,North America,0,30545,0,31
2022-10-02,Cayman Islands,North America,116,30661,1,32
2022-10-09,Cayman Islands,North America,148,30809,2,34
2022-10-16,Cayman Islands,North America,0,30809,0,34
2022-10-23,Cayman Islands,North America,117,30926,0,34
2022-10-30,Cayman Islands,North America,80,31006,0,34
2022-11-06,Cayman Islands,North America,90,31096,1,35
2022-11-13,Cayman Islands,North America,98,31194,1,36
2022-11-20,Cayman Islands,North America,0,31194,0,36
2022-11-27,Cayman Islands,North America,0,31194,0,36
2022-12-04,Cayman Islands,North America,165,31359,0,36
2022-12-11,Cayman Islands,North America,0,31359,0,36
2022-12-18,Cayman Islands,North America,113,31472,1,37
2022-12-25,Cayman Islands,North America,0,31472,0,37
2023-01-01,Cayman Islands,North America,0,31472,0,37
2023-01-08,Cayman Islands,North America,0,31472,0,37
2023-01-15,Cayman Islands,North America,0,31472,0,37
2023-01-22,Cayman Islands,North America,0,31472,0,37
2023-01-29,Cayman Islands,North America,0,31472,0,37
2023-02-05,Cayman Islands,North America,0,31472,0,37
2023-02-12,Cayman Islands,North America,0,31472,0,37
2023-02-19,Cayman Islands,North America,0,31472,0,37
2023-02-26,Cayman Islands,North America,0,31472,0,37
2023-03-05,Cayman Islands,North America,0,31472,0,37
2023-03-12,Cayman Islands,North America,0,31472,0,37
2023-03-19,Cayman Islands,North America,0,31472,0,37
2023-03-26,Cayman Islands,North America,0,31472,0,37
2023-04-02,Cayman Islands,North America,0,31472,0,37
2023-04-09,Cayman Islands,North America,0,31472,0,37
2023-04-16,Cayman Islands,North America,0,31472,0,37
2023-04-23,Cayman Islands,North America,0,31472,0,37
2023-04-30,Cayman Islands,North America,0,31472,0,37
2023-05-07,Cayman Islands,North America,0,31472,0,37
2023-05-14,Cayman Islands,North America,0,31472,0,37
2023-05-21,Cayman Islands,North America,0,31472,0,37
2023-05-28,Cayman Islands,North America,0,31472,0,37
2023-06-04,Cayman Islands,North America,0,31472,0,37
2023-06-11,Cayman Islands,North America,0,31472,0,37
2023-06-18,Cayman Islands,North America,0,31472,0,37
2023-06-25,Cayman Islands,North America,0,31472,0,37
2023-07-02,Cayman Islands,North America,0,31472,0,37
2023-07-09,Cayman Islands,North America,0,31472,0,37
2023-07-16,Cayman Islands,North America,0,31472,0,37
2023-07-23,Cayman Islands,North America,0,31472,0,37
2023-07-30,Cayman Islands,North America,0,31472,0,37
2023-08-06,Cayman Islands,North America,0,31472,0,37
2023-08-13,Cayman Islands,North America,0,31472,0,37
2023-08-20,Cayman Islands,North America,0,31472,0,37
2023-08-27,Cayman Islands,North America,0,31472,0,37
2023-09-03,Cayman Islands,North America,0,31472,0,37
2023-09-10,Cayman Islands,North America,0,31472,0,37
2023-09-17,Cayman Islands,North America,0,31472,0,37
2023-09-24,Cayman Islands,North America,0,31472,0,37
2023-10-01,Cayman Islands,North America,0,31472,0,37
2023-10-08,Cayman Islands,North America,0,31472,0,37
2023-10-15,Cayman Islands,North America,0,31472,0,37
2023-10-22,Cayman Islands,North America,0,31472,0,37
2023-10-29,Cayman Islands,North America,0,31472,0,37
2023-11-05,Cayman Islands,North America,0,31472,0,37
2023-11-12,Cayman Islands,North America,0,31472,0,37
2023-11-19,Cayman Islands,North America,0,31472,0,37
2023-11-26,Cayman Islands,North America,0,31472,0,37
2023-12-03,Cayman Islands,North America,0,31472,0,37
2023-12-10,Cayman Islands,North America,0,31472,0,37
2023-12-17,Cayman Islands,North America,0,31472,0,37
2023-12-24,Cayman Islands,North America,0,31472,0,37
2023-12-31,Cayman Islands,North America,0,31472,0,37
2024-01-07,Cayman Islands,North America,0,31472,0,37
2024-01-14,Cayman Islands,North America,0,31472,0,37
2024-01-21,Cayman Islands,North America,0,31472,0,37
2024-01-28,Cayman Islands,North America,0,31472,0,37
2024-02-04,Cayman Islands,North America,0,31472,0,37
2024-02-11,Cayman Islands,North America,0,31472,0,37
2024-02-18,Cayman Islands,North America,0,31472,0,37
2024-02-25,Cayman Islands,North America,0,31472,0,37
2024-03-03,Cayman Islands,North America,0,31472,0,37
2024-03-10,Cayman Islands,North America,0,31472,0,37
2024-03-17,Cayman Islands,North America,0,31472,0,37
2024-03-24,Cayman Islands,North America,0,31472,0,37
2024-03-31,Cayman Islands,North America,0,31472,0,37
2024-04-07,Cayman Islands,North America,0,31472,0,37
2024-04-14,Cayman Islands,North America,0,31472,0,37
2024-04-21,Cayman Islands,North America,0,31472,0,37
2024-04-28,Cayman Islands,North America,0,31472,0,37
2024-05-05,Cayman Islands,North America,0,31472,0,37
2024-05-12,Cayman Islands,North America,0,31472,0,37
2024-05-19,Cayman Islands,North America,0,31472,0,37
2024-05-26,Cayman Islands,North America,0,31472,0,37
2024-06-02,Cayman Islands,North America,0,31472,0,37
2024-06-09,Cayman Islands,North America,0,31472,0,37
2024-06-16,Cayman Islands,North America,0,31472,0,37
2024-06-23,Cayman Islands,North America,0,31472,0,37
2024-06-30,Cayman Islands,North America,0,31472,0,37
2024-07-07,Cayman Islands,North America,0,31472,0,37
2024-07-14,Cayman Islands,North America,0,31472,0,37
2024-07-21,Cayman Islands,North America,0,31472,0,37
2024-07-28,Cayman Islands,North America,0,31472,0,37
2024-08-04,Cayman Islands,North America,0,31472,0,37
2024-08-11,Cayman Islands,North America,0,31472,0,37
2024-08-18,Cayman Islands,North America,0,31472,0,37
2024-08-25,Cayman Islands,North America,0,31472,0,37
2024-09-01,Cayman Islands,North America,0,31472,0,37
2020-01-05,Central African Republic,Africa,0,0,0,0
2020-01-12,Central African Republic,Africa,0,0,0,0
2020-01-19,Central African Republic,Africa,0,0,0,0
2020-01-26,Central African Republic,Africa,0,0,0,0
2020-02-02,Central African Republic,Africa,0,0,0,0
2020-02-09,Central African Republic,Africa,0,0,0,0
2020-02-16,Central African Republic,Africa,0,0,0,0
2020-02-23,Central African Republic,Africa,0,0,0,0
2020-03-01,Central African Republic,Africa,0,0,0,0
2020-03-08,Central African Republic,Africa,0,0,0,0
2020-03-15,Central African Republic,Africa,3,3,0,0
2020-03-22,Central African Republic,Africa,4,7,0,0
2020-03-29,Central African Republic,Africa,6,13,0,0
2020-04-05,Central African Republic,Africa,5,18,0,0
2020-04-12,Central African Republic,Africa,2,20,0,0
2020-04-19,Central African Republic,Africa,1,21,0,0
2020-04-26,Central African Republic,Africa,9,30,0,0
2020-05-03,Central African Republic,Africa,58,88,0,0
2020-05-10,Central African Republic,Africa,82,170,0,0
2020-05-17,Central African Republic,Africa,197,367,0,0
2020-05-24,Central African Republic,Africa,237,604,1,1
2020-05-31,Central African Republic,Africa,448,1052,1,2
2020-06-07,Central African Republic,Africa,690,1742,3,5
2020-06-14,Central African Republic,Africa,715,2457,2,7
2020-06-21,Central African Republic,Africa,707,3164,16,23
2020-06-28,Central African Republic,Africa,872,4036,22,45
2020-07-05,Central African Republic,Africa,609,4645,6,51
2020-07-12,Central African Republic,Africa,346,4991,2,53
2020-07-19,Central African Republic,Africa,229,5220,2,55
2020-07-26,Central African Republic,Africa,141,5361,4,59
2020-08-02,Central African Republic,Africa,24,5385,0,59
2020-08-09,Central African Republic,Africa,50,5435,2,61
2020-08-16,Central African Republic,Africa,38,5473,0,61
2020-08-23,Central African Republic,Africa,26,5499,0,61
2020-08-30,Central African Republic,Africa,17,5516,0,61
2020-09-06,Central African Republic,Africa,35,5551,1,62
2020-09-13,Central African Republic,Africa,54,5605,0,62
2020-09-20,Central African Republic,Africa,32,5637,0,62
2020-09-27,Central African Republic,Africa,8,5645,0,62
2020-10-04,Central African Republic,Africa,44,5689,0,62
2020-10-11,Central African Republic,Africa,3,5692,0,62
2020-10-18,Central African Republic,Africa,5,5697,0,62
2020-10-25,Central African Republic,Africa,6,5703,0,62
2020-11-01,Central African Republic,Africa,11,5714,0,62
2020-11-08,Central African Republic,Africa,10,5724,0,62
2020-11-15,Central African Republic,Africa,19,5743,1,63
2020-11-22,Central African Republic,Africa,8,5751,0,63
2020-11-29,Central African Republic,Africa,8,5759,0,63
2020-12-06,Central African Republic,Africa,15,5774,0,63
2020-12-13,Central African Republic,Africa,10,5784,0,63
2020-12-20,Central African Republic,Africa,12,5796,0,63
2020-12-27,Central African Republic,Africa,18,5814,0,63
2021-01-03,Central African Republic,Africa,30,5844,0,63
2021-01-10,Central African Republic,Africa,0,5844,0,63
2021-01-17,Central African Republic,Africa,2,5846,0,63
2021-01-24,Central African Republic,Africa,15,5861,0,63
2021-01-31,Central African Republic,Africa,3,5864,0,63
2021-02-07,Central African Republic,Africa,13,5877,0,63
2021-02-14,Central African Republic,Africa,1,5878,0,63
2021-02-21,Central African Republic,Africa,12,5890,0,63
2021-02-28,Central African Republic,Africa,8,5898,0,63
2021-03-07,Central African Republic,Africa,35,5933,0,63
2021-03-14,Central African Republic,Africa,65,5998,1,64
2021-03-21,Central African Republic,Africa,107,6105,2,66
2021-03-28,Central African Republic,Africa,180,6285,6,72
2021-04-04,Central African Republic,Africa,295,6580,1,73
2021-04-11,Central African Republic,Africa,487,7067,2,75
2021-04-18,Central African Republic,Africa,1227,8294,4,79
2021-04-25,Central African Republic,Africa,874,9168,8,87
2021-05-02,Central African Republic,Africa,702,9870,4,91
2021-05-09,Central African Republic,Africa,511,10381,4,95
2021-05-16,Central African Republic,Africa,335,10716,1,96
2021-05-23,Central African Republic,Africa,164,10880,1,97
2021-05-30,Central African Republic,Africa,46,10926,1,98
2021-06-06,Central African Republic,Africa,58,10984,0,98
2021-06-13,Central African Republic,Africa,44,11028,0,98
2021-06-20,Central African Republic,Africa,14,11042,0,98
2021-06-27,Central African Republic,Africa,16,11058,0,98
2021-07-04,Central African Republic,Africa,7,11065,0,98
2021-07-11,Central African Republic,Africa,10,11075,0,98
2021-07-18,Central African Republic,Africa,27,11102,0,98
2021-07-25,Central African Republic,Africa,43,11145,0,98
2021-08-01,Central African Republic,Africa,28,11173,0,98
2021-08-08,Central African Republic,Africa,53,11226,1,99
2021-08-15,Central African Republic,Africa,36,11262,0,99
2021-08-22,Central African Republic,Africa,9,11271,0,99
2021-08-29,Central African Republic,Africa,35,11306,1,100
2021-09-05,Central African Republic,Africa,3,11309,0,100
2021-09-12,Central African Republic,Africa,22,11331,0,100
2021-09-19,Central African Republic,Africa,28,11359,0,100
2021-09-26,Central African Republic,Africa,16,11375,0,100
2021-10-03,Central African Republic,Africa,26,11401,0,100
2021-10-10,Central African Republic,Africa,67,11468,0,100
2021-10-17,Central African Republic,Africa,20,11488,0,100
2021-10-24,Central African Republic,Africa,49,11537,0,100
2021-10-31,Central African Republic,Africa,55,11592,0,100
2021-11-07,Central African Republic,Africa,31,11623,0,100
2021-11-14,Central African Republic,Africa,43,11666,1,101
2021-11-21,Central African Republic,Africa,42,11708,0,101
2021-11-28,Central African Republic,Africa,34,11742,0,101
2021-12-05,Central African Republic,Africa,129,11871,0,101
2021-12-12,Central African Republic,Africa,90,11961,0,101
2021-12-19,Central African Republic,Africa,202,12163,0,101
2021-12-26,Central African Republic,Africa,105,12268,0,101
2022-01-02,Central African Republic,Africa,248,12516,5,106
2022-01-09,Central African Republic,Africa,803,13319,2,108
2022-01-16,Central African Republic,Africa,435,13754,1,109
2022-01-23,Central African Republic,Africa,144,13898,1,110
2022-01-30,Central African Republic,Africa,125,14023,0,110
2022-02-06,Central African Republic,Africa,131,14154,1,111
2022-02-13,Central African Republic,Africa,53,14207,2,113
2022-02-20,Central African Republic,Africa,18,14225,0,113
2022-02-27,Central African Republic,Africa,95,14320,0,113
2022-03-06,Central African Republic,Africa,6,14326,0,113
2022-03-13,Central African Republic,Africa,8,14334,0,113
2022-03-20,Central African Republic,Africa,5,14339,0,113
2022-03-27,Central African Republic,Africa,12,14351,0,113
2022-04-03,Central African Republic,Africa,1,14352,0,113
2022-04-10,Central African Republic,Africa,2,14354,0,113
2022-04-17,Central African Republic,Africa,0,14354,0,113
2022-04-24,Central African Republic,Africa,0,14354,0,113
2022-05-01,Central African Republic,Africa,4,14358,0,113
2022-05-08,Central African Republic,Africa,0,14358,0,113
2022-05-15,Central African Republic,Africa,11,14369,0,113
2022-05-22,Central African Republic,Africa,2,14371,0,113
2022-05-29,Central African Republic,Africa,0,14371,0,113
2022-06-05,Central African Republic,Africa,0,14371,0,113
2022-06-12,Central African Republic,Africa,0,14371,0,113
2022-06-19,Central African Republic,Africa,215,14586,0,113
2022-06-26,Central African Republic,Africa,76,14662,0,113
2022-07-03,Central African Republic,Africa,38,14700,0,113
2022-07-10,Central African Republic,Africa,33,14733,0,113
2022-07-17,Central African Republic,Africa,16,14749,0,113
2022-07-24,Central African Republic,Africa,21,14770,0,113
2022-07-31,Central African Republic,Africa,11,14781,0,113
2022-08-07,Central African Republic,Africa,21,14802,0,113
2022-08-14,Central African Republic,Africa,33,14835,0,113
2022-08-21,Central African Republic,Africa,35,14870,0,113
2022-08-28,Central African Republic,Africa,12,14882,0,113
2022-09-04,Central African Republic,Africa,6,14888,0,113
2022-09-11,Central African Republic,Africa,21,14909,0,113
2022-09-18,Central African Republic,Africa,3,14912,0,113
2022-09-25,Central African Republic,Africa,23,14935,0,113
2022-10-02,Central African Republic,Africa,21,14956,0,113
2022-10-09,Central African Republic,Africa,124,15080,0,113
2022-10-16,Central African Republic,Africa,96,15176,0,113
2022-10-23,Central African Republic,Africa,83,15259,0,113
2022-10-30,Central African Republic,Africa,32,15291,0,113
2022-11-06,Central African Republic,Africa,5,15296,0,113
2022-11-13,Central African Republic,Africa,22,15318,0,113
2022-11-20,Central African Republic,Africa,6,15324,0,113
2022-11-27,Central African Republic,Africa,4,15328,0,113
2022-12-04,Central African Republic,Africa,2,15330,0,113
2022-12-11,Central African Republic,Africa,15,15345,0,113
2022-12-18,Central African Republic,Africa,11,15356,0,113
2022-12-25,Central African Republic,Africa,4,15360,0,113
2023-01-01,Central African Republic,Africa,0,15360,0,113
2023-01-08,Central African Republic,Africa,4,15364,0,113
2023-01-15,Central African Republic,Africa,2,15366,0,113
2023-01-22,Central African Republic,Africa,1,15367,0,113
2023-01-29,Central African Republic,Africa,0,15367,0,113
2023-02-05,Central African Republic,Africa,0,15367,0,113
2023-02-12,Central African Republic,Africa,0,15367,0,113
2023-02-19,Central African Republic,Africa,0,15367,0,113
2023-02-26,Central African Republic,Africa,0,15367,0,113
2023-03-05,Central African Republic,Africa,0,15367,0,113
2023-03-12,Central African Republic,Africa,0,15367,0,113
2023-03-19,Central African Republic,Africa,0,15367,0,113
2023-03-26,Central African Republic,Africa,0,15367,0,113
2023-04-02,Central African Republic,Africa,0,15367,0,113
2023-04-09,Central African Republic,Africa,0,15367,0,113
2023-04-16,Central African Republic,Africa,0,15367,0,113
2023-04-23,Central African Republic,Africa,0,15367,0,113
2023-04-30,Central African Republic,Africa,0,15367,0,113
2023-05-07,Central African Republic,Africa,0,15367,0,113
2023-05-14,Central African Republic,Africa,0,15367,0,113
2023-05-21,Central African Republic,Africa,0,15367,0,113
2023-05-28,Central African Republic,Africa,0,15367,0,113
2023-06-04,Central African Republic,Africa,0,15367,0,113
2023-06-11,Central African Republic,Africa,0,15367,0,113
2023-06-18,Central African Republic,Africa,0,15367,0,113
2023-06-25,Central African Republic,Africa,0,15367,0,113
2023-07-02,Central African Republic,Africa,0,15367,0,113
2023-07-09,Central African Republic,Africa,0,15367,0,113
2023-07-16,Central African Republic,Africa,0,15367,0,113
2023-07-23,Central African Republic,Africa,0,15367,0,113
2023-07-30,Central African Republic,Africa,0,15367,0,113
2023-08-06,Central African Republic,Africa,0,15367,0,113
2023-08-13,Central African Republic,Africa,0,15367,0,113
2023-08-20,Central African Republic,Africa,0,15367,0,113
2023-08-27,Central African Republic,Africa,0,15367,0,113
2023-09-03,Central African Republic,Africa,0,15367,0,113
2023-09-10,Central African Republic,Africa,0,15367,0,113
2023-09-17,Central African Republic,Africa,0,15367,0,113
2023-09-24,Central African Republic,Africa,0,15367,0,113
2023-10-01,Central African Republic,Africa,0,15367,0,113
2023-10-08,Central African Republic,Africa,0,15367,0,113
2023-10-15,Central African Republic,Africa,0,15367,0,113
2023-10-22,Central African Republic,Africa,0,15367,0,113
2023-10-29,Central African Republic,Africa,0,15367,0,113
2023-11-05,Central African Republic,Africa,0,15367,0,113
2023-11-12,Central African Republic,Africa,0,15367,0,113
2023-11-19,Central African Republic,Africa,0,15367,0,113
2023-11-26,Central African Republic,Africa,43,15410,0,113
2023-12-03,Central African Republic,Africa,30,15440,0,113
2023-12-10,Central African Republic,Africa,0,15440,0,113
2023-12-17,Central African Republic,Africa,0,15440,0,113
2023-12-24,Central African Republic,Africa,0,15440,0,113
2023-12-31,Central African Republic,Africa,0,15440,0,113
2024-01-07,Central African Republic,Africa,0,15440,0,113
2024-01-14,Central African Republic,Africa,0,15440,0,113
2024-01-21,Central African Republic,Africa,0,15440,0,113
2024-01-28,Central African Republic,Africa,0,15440,0,113
2024-02-04,Central African Republic,Africa,0,15440,0,113
2024-02-11,Central African Republic,Africa,0,15440,0,113
2024-02-18,Central African Republic,Africa,0,15440,0,113
2024-02-25,Central African Republic,Africa,0,15440,0,113
2024-03-03,Central African Republic,Africa,0,15440,0,113
2024-03-10,Central African Republic,Africa,0,15440,0,113
2024-03-17,Central African Republic,Africa,0,15440,0,113
2024-03-24,Central African Republic,Africa,0,15440,0,113
2024-03-31,Central African Republic,Africa,0,15440,0,113
2024-04-07,Central African Republic,Africa,0,15440,0,113
2024-04-14,Central African Republic,Africa,0,15440,0,113
2024-04-21,Central African Republic,Africa,0,15440,0,113
2024-04-28,Central African Republic,Africa,0,15440,0,113
2024-05-05,Central African Republic,Africa,0,15440,0,113
2024-05-12,Central African Republic,Africa,0,15440,0,113
2024-05-19,Central African Republic,Africa,0,15440,0,113
2024-05-26,Central African Republic,Africa,0,15440,0,113
2024-06-02,Central African Republic,Africa,0,15440,0,113
2024-06-09,Central African Republic,Africa,0,15440,0,113
2024-06-16,Central African Republic,Africa,0,15440,0,113
2024-06-23,Central African Republic,Africa,0,15440,0,113
2024-06-30,Central African Republic,Africa,0,15440,0,113
2024-07-07,Central African Republic,Africa,0,15440,0,113
2024-07-14,Central African Republic,Africa,1,15441,0,113
2024-07-21,Central African Republic,Africa,0,15441,0,113
2024-07-28,Central African Republic,Africa,0,15441,0,113
2024-08-04,Central African Republic,Africa,0,15441,0,113
2024-08-11,Central African Republic,Africa,0,15441,0,113
2024-08-18,Central African Republic,Africa,0,15441,0,113
2024-08-25,Central African Republic,Africa,0,15441,0,113
2024-09-01,Central African Republic,Africa,0,15441,0,113
2020-01-05,Chad,Africa,0,0,0,0
2020-01-12,Chad,Africa,0,0,0,0
2020-01-19,Chad,Africa,0,0,0,0
2020-01-26,Chad,Africa,0,0,0,0
2020-02-02,Chad,Africa,0,0,0,0
2020-02-09,Chad,Africa,0,0,0,0
2020-02-16,Chad,Africa,0,0,0,0
2020-02-23,Chad,Africa,0,0,0,0
2020-03-01,Chad,Africa,0,0,0,0
2020-03-08,Chad,Africa,0,0,0,0
2020-03-15,Chad,Africa,0,0,0,0
2020-03-22,Chad,Africa,1,1,0,0
2020-03-29,Chad,Africa,4,5,0,0
2020-04-05,Chad,Africa,4,9,0,0
2020-04-12,Chad,Africa,9,18,0,0
2020-04-19,Chad,Africa,15,33,0,0
2020-04-26,Chad,Africa,13,46,0,0
2020-05-03,Chad,Africa,71,117,20,20
2020-05-10,Chad,Africa,205,322,21,41
2020-05-17,Chad,Africa,181,503,14,55
2020-05-24,Chad,Africa,172,675,7,62
2020-05-31,Chad,Africa,103,778,5,67
2020-06-07,Chad,Africa,59,837,4,71
2020-06-14,Chad,Africa,11,848,3,74
2020-06-21,Chad,Africa,10,858,2,76
2020-06-28,Chad,Africa,7,865,0,76
2020-07-05,Chad,Africa,6,871,0,76
2020-07-12,Chad,Africa,3,874,0,76
2020-07-19,Chad,Africa,15,889,1,77
2020-07-26,Chad,Africa,26,915,0,77
2020-08-02,Chad,Africa,21,936,0,77
2020-08-09,Chad,Africa,6,942,1,78
2020-08-16,Chad,Africa,10,952,0,78
2020-08-23,Chad,Africa,30,982,0,78
2020-08-30,Chad,Africa,26,1008,1,79
2020-09-06,Chad,Africa,26,1034,0,79
2020-09-13,Chad,Africa,49,1083,3,82
2020-09-20,Chad,Africa,66,1149,1,83
2020-09-27,Chad,Africa,28,1177,2,85
2020-10-04,Chad,Africa,37,1214,2,87
2020-10-11,Chad,Africa,77,1291,6,93
2020-10-18,Chad,Africa,74,1365,1,94
2020-10-25,Chad,Africa,69,1434,3,97
2020-11-01,Chad,Africa,64,1498,2,99
2020-11-08,Chad,Africa,45,1543,1,100
2020-11-15,Chad,Africa,48,1591,1,101
2020-11-22,Chad,Africa,42,1633,1,102
2020-11-29,Chad,Africa,30,1663,0,102
2020-12-06,Chad,Africa,59,1722,1,103
2020-12-13,Chad,Africa,29,1751,0,103
2020-12-20,Chad,Africa,116,1867,0,103
2020-12-27,Chad,Africa,119,1986,1,104
2021-01-03,Chad,Africa,183,2169,1,105
2021-01-10,Chad,Africa,341,2510,3,108
2021-01-17,Chad,Africa,345,2855,4,112
2021-01-24,Chad,Africa,282,3137,4,116
2021-01-31,Chad,Africa,210,3347,3,119
2021-02-07,Chad,Africa,126,3473,7,126
2021-02-14,Chad,Africa,149,3622,2,128
2021-02-21,Chad,Africa,172,3794,5,133
2021-02-28,Chad,Africa,179,3973,7,140
2021-03-07,Chad,Africa,188,4161,0,140
2021-03-14,Chad,Africa,127,4288,13,153
2021-03-21,Chad,Africa,122,4410,4,157
2021-03-28,Chad,Africa,91,4501,3,160
2021-04-04,Chad,Africa,88,4589,4,164
2021-04-11,Chad,Africa,36,4625,3,167
2021-04-18,Chad,Africa,66,4691,1,168
2021-04-25,Chad,Africa,61,4752,1,169
2021-05-02,Chad,Africa,72,4824,1,170
2021-05-09,Chad,Africa,50,4874,1,171
2021-05-16,Chad,Africa,27,4901,2,173
2021-05-23,Chad,Africa,22,4923,0,173
2021-05-30,Chad,Africa,5,4928,0,173
2021-06-06,Chad,Africa,11,4939,1,174
2021-06-13,Chad,Africa,3,4942,0,174
2021-06-20,Chad,Africa,4,4946,0,174
2021-06-27,Chad,Africa,5,4951,0,174
2021-07-04,Chad,Africa,0,4951,0,174
2021-07-11,Chad,Africa,3,4954,0,174
2021-07-18,Chad,Africa,10,4964,0,174
2021-07-25,Chad,Africa,5,4969,0,174
2021-08-01,Chad,Africa,4,4973,0,174
2021-08-08,Chad,Africa,4,4977,0,174
2021-08-15,Chad,Africa,5,4982,0,174
2021-08-22,Chad,Africa,3,4985,0,174
2021-08-29,Chad,Africa,5,4990,0,174
2021-09-05,Chad,Africa,5,4995,0,174
2021-09-12,Chad,Africa,19,5014,0,174
2021-09-19,Chad,Africa,12,5026,0,174
2021-09-26,Chad,Africa,5,5031,0,174
2021-10-03,Chad,Africa,11,5042,0,174
2021-10-10,Chad,Africa,17,5059,0,174
2021-10-17,Chad,Africa,8,5067,0,174
2021-10-24,Chad,Africa,0,5067,0,174
2021-10-31,Chad,Africa,0,5067,0,174
2021-11-07,Chad,Africa,38,5105,1,175
2021-11-14,Chad,Africa,0,5105,0,175
2021-11-21,Chad,Africa,0,5105,0,175
2021-11-28,Chad,Africa,0,5105,0,175
2021-12-05,Chad,Africa,596,5701,6,181
2021-12-12,Chad,Africa,0,5701,0,181
2021-12-19,Chad,Africa,0,5701,0,181
2021-12-26,Chad,Africa,0,5701,0,181
2022-01-02,Chad,Africa,482,6183,3,184
2022-01-09,Chad,Africa,0,6183,0,184
2022-01-16,Chad,Africa,373,6556,1,185
2022-01-23,Chad,Africa,331,6887,0,185
2022-01-30,Chad,Africa,186,7073,5,190
2022-02-06,Chad,Africa,82,7155,0,190
2022-02-13,Chad,Africa,59,7214,0,190
2022-02-20,Chad,Africa,0,7214,0,190
2022-02-27,Chad,Africa,32,7246,0,190
2022-03-06,Chad,Africa,9,7255,0,190
2022-03-13,Chad,Africa,3,7258,0,190
2022-03-20,Chad,Africa,9,7267,0,190
2022-03-27,Chad,Africa,19,7286,0,190
2022-04-03,Chad,Africa,22,7308,1,191
2022-04-10,Chad,Africa,39,7347,1,192
2022-04-17,Chad,Africa,31,7378,0,192
2022-04-24,Chad,Africa,18,7396,1,193
2022-05-01,Chad,Africa,15,7411,0,193
2022-05-08,Chad,Africa,1,7412,0,193
2022-05-15,Chad,Africa,2,7414,0,193
2022-05-22,Chad,Africa,1,7415,0,193
2022-05-29,Chad,Africa,2,7417,0,193
2022-06-05,Chad,Africa,0,7417,0,193
2022-06-12,Chad,Africa,1,7418,0,193
2022-06-19,Chad,Africa,2,7420,0,193
2022-06-26,Chad,Africa,4,7424,0,193
2022-07-03,Chad,Africa,1,7425,0,193
2022-07-10,Chad,Africa,1,7426,0,193
2022-07-17,Chad,Africa,1,7427,0,193
2022-07-24,Chad,Africa,3,7430,0,193
2022-07-31,Chad,Africa,2,7432,0,193
2022-08-07,Chad,Africa,5,7437,0,193
2022-08-14,Chad,Africa,5,7442,0,193
2022-08-21,Chad,Africa,14,7456,0,193
2022-08-28,Chad,Africa,33,7489,0,193
2022-09-04,Chad,Africa,47,7536,0,193
2022-09-11,Chad,Africa,11,7547,0,193
2022-09-18,Chad,Africa,11,7558,0,193
2022-09-25,Chad,Africa,13,7571,0,193
2022-10-02,Chad,Africa,10,7581,0,193
2022-10-09,Chad,Africa,9,7590,0,193
2022-10-16,Chad,Africa,15,7605,0,193
2022-10-23,Chad,Africa,8,7613,0,193
2022-10-30,Chad,Africa,7,7620,1,194
2022-11-06,Chad,Africa,7,7627,0,194
2022-11-13,Chad,Africa,4,7631,0,194
2022-11-20,Chad,Africa,6,7637,0,194
2022-11-27,Chad,Africa,4,7641,0,194
2022-12-04,Chad,Africa,5,7646,0,194
2022-12-11,Chad,Africa,1,7647,0,194
2022-12-18,Chad,Africa,1,7648,0,194
2022-12-25,Chad,Africa,1,7649,0,194
2023-01-01,Chad,Africa,1,7650,0,194
2023-01-08,Chad,Africa,1,7651,0,194
2023-01-15,Chad,Africa,0,7651,0,194
2023-01-22,Chad,Africa,0,7651,0,194
2023-01-29,Chad,Africa,1,7652,0,194
2023-02-05,Chad,Africa,0,7652,0,194
2023-02-12,Chad,Africa,0,7652,0,194
2023-02-19,Chad,Africa,9,7661,0,194
2023-02-26,Chad,Africa,14,7675,0,194
2023-03-05,Chad,Africa,3,7678,0,194
2023-03-12,Chad,Africa,1,7679,0,194
2023-03-19,Chad,Africa,3,7682,0,194
2023-03-26,Chad,Africa,3,7685,0,194
2023-04-02,Chad,Africa,3,7688,0,194
2023-04-09,Chad,Africa,7,7695,0,194
2023-04-16,Chad,Africa,1,7696,0,194
2023-04-23,Chad,Africa,1,7697,0,194
2023-04-30,Chad,Africa,1,7698,0,194
2023-05-07,Chad,Africa,0,7698,0,194
2023-05-14,Chad,Africa,0,7698,0,194
2023-05-21,Chad,Africa,0,7698,0,194
2023-05-28,Chad,Africa,0,7698,0,194
2023-06-04,Chad,Africa,0,7698,0,194
2023-06-11,Chad,Africa,0,7698,0,194
2023-06-18,Chad,Africa,0,7698,0,194
2023-06-25,Chad,Africa,0,7698,0,194
2023-07-02,Chad,Africa,0,7698,0,194
2023-07-09,Chad,Africa,0,7698,0,194
2023-07-16,Chad,Africa,0,7698,0,194
2023-07-23,Chad,Africa,0,7698,0,194
2023-07-30,Chad,Africa,0,7698,0,194
2023-08-06,Chad,Africa,0,7698,0,194
2023-08-13,Chad,Africa,0,7698,0,194
2023-08-20,Chad,Africa,0,7698,0,194
2023-08-27,Chad,Africa,0,7698,0,194
2023-09-03,Chad,Africa,0,7698,0,194
2023-09-10,Chad,Africa,0,7698,0,194
2023-09-17,Chad,Africa,0,7698,0,194
2023-09-24,Chad,Africa,0,7698,0,194
2023-10-01,Chad,Africa,0,7698,0,194
2023-10-08,Chad,Africa,0,7698,0,194
2023-10-15,Chad,Africa,0,7698,0,194
2023-10-22,Chad,Africa,0,7698,0,194
2023-10-29,Chad,Africa,0,7698,0,194
2023-11-05,Chad,Africa,0,7698,0,194
2023-11-12,Chad,Africa,0,7698,0,194
2023-11-19,Chad,Africa,0,7698,0,194
2023-11-26,Chad,Africa,0,7698,0,194
2023-12-03,Chad,Africa,0,7698,0,194
2023-12-10,Chad,Africa,0,7698,0,194
2023-12-17,Chad,Africa,0,7698,0,194
2023-12-24,Chad,Africa,0,7698,0,194
2023-12-31,Chad,Africa,0,7698,0,194
2024-01-07,Chad,Africa,0,7698,0,194
2024-01-14,Chad,Africa,0,7698,0,194
2024-01-21,Chad,Africa,0,7698,0,194
2024-01-28,Chad,Africa,0,7698,0,194
2024-02-04,Chad,Africa,0,7698,0,194
2024-02-11,Chad,Africa,0,7698,0,194
2024-02-18,Chad,Africa,0,7698,0,194
2024-02-25,Chad,Africa,0,7698,0,194
2024-03-03,Chad,Africa,0,7698,0,194
2024-03-10,Chad,Africa,0,7698,0,194
2024-03-17,Chad,Africa,4,7702,0,194
2024-03-24,Chad,Africa,0,7702,0,194
2024-03-31,Chad,Africa,0,7702,0,194
2024-04-07,Chad,Africa,0,7702,0,194
2024-04-14,Chad,Africa,0,7702,0,194
2024-04-21,Chad,Africa,0,7702,0,194
2024-04-28,Chad,Africa,0,7702,0,194
2024-05-05,Chad,Africa,0,7702,0,194
2024-05-12,Chad,Africa,0,7702,0,194
2024-05-19,Chad,Africa,0,7702,0,194
2024-05-26,Chad,Africa,0,7702,0,194
2024-06-02,Chad,Africa,0,7702,0,194
2024-06-09,Chad,Africa,0,7702,0,194
2024-06-16,Chad,Africa,0,7702,0,194
2024-06-23,Chad,Africa,0,7702,0,194
2024-06-30,Chad,Africa,0,7702,0,194
2024-07-07,Chad,Africa,0,7702,0,194
2024-07-14,Chad,Africa,0,7702,0,194
2024-07-21,Chad,Africa,0,7702,0,194
2024-07-28,Chad,Africa,0,7702,0,194
2024-08-04,Chad,Africa,0,7702,0,194
2024-08-11,Chad,Africa,0,7702,0,194
2024-08-18,Chad,Africa,0,7702,0,194
2024-08-25,Chad,Africa,0,7702,0,194
2024-09-01,Chad,Africa,0,7702,0,194
2020-01-05,Chile,South America,0,0,0,0
2020-01-12,Chile,South America,0,0,0,0
2020-01-19,Chile,South America,0,0,0,0
2020-01-26,Chile,South America,0,0,0,0
2020-02-02,Chile,South America,0,0,0,0
2020-02-09,Chile,South America,0,0,0,0
2020-02-16,Chile,South America,0,0,0,0
2020-02-23,Chile,South America,0,0,0,0
2020-03-01,Chile,South America,1,1,0,0
2020-03-08,Chile,South America,6,7,0,0
2020-03-15,Chile,South America,54,61,0,0
2020-03-22,Chile,South America,476,537,0,0
2020-03-29,Chile,South America,1372,1909,6,6
2020-04-05,Chile,South America,2252,4161,21,27
2020-04-12,Chile,South America,2766,6927,46,73
2020-04-19,Chile,South America,2803,9730,53,126
2020-04-26,Chile,South America,3128,12858,55,181
2020-05-03,Chile,South America,5577,18435,66,247
2020-05-10,Chile,South America,8784,27219,57,304
2020-05-17,Chile,South America,14209,41428,117,421
2020-05-24,Chile,South America,23965,65393,252,673
2020-05-31,Chile,South America,29465,94858,324,997
2020-06-07,Chile,South America,32887,127745,544,1541
2020-06-14,Chile,South America,39610,167355,1560,3101
2020-06-21,Chile,South America,69393,236748,1194,4295
2020-06-28,Chile,South America,31018,267766,1052,5347
2020-07-05,Chile,South America,24081,291847,845,6192
2020-07-12,Chile,South America,20182,312029,689,6881
2020-07-19,Chile,South America,16817,328846,1564,8445
2020-07-26,Chile,South America,14746,343592,575,9020
2020-08-02,Chile,South America,14066,357658,513,9533
2020-08-09,Chile,South America,13365,371023,478,10011
2020-08-16,Chile,South America,12879,383902,384,10395
2020-08-23,Chile,South America,11806,395708,397,10792
2020-08-30,Chile,South America,12301,408009,389,11181
2020-09-06,Chile,South America,12425,420434,370,11551
2020-09-13,Chile,South America,12232,432666,344,11895
2020-09-20,Chile,South America,12008,444674,359,12254
2020-09-27,Chile,South America,11305,455979,337,12591
2020-10-04,Chile,South America,12492,468471,328,12919
2020-10-11,Chile,South America,11124,479595,353,13272
2020-10-18,Chile,South America,10408,490003,316,13588
2020-10-25,Chile,South America,10539,500542,304,13892
2020-11-01,Chile,South America,9714,510256,315,14207
2020-11-08,Chile,South America,9721,519977,292,14499
2020-11-15,Chile,South America,9699,529676,278,14777
2020-11-22,Chile,South America,9467,539143,253,15030
2020-11-29,Chile,South America,9798,548941,292,15322
2020-12-06,Chile,South America,9727,558668,270,15592
2020-12-13,Chile,South America,11113,569781,254,15846
2020-12-20,Chile,South America,13573,583354,255,16101
2020-12-27,Chile,South America,15040,598394,303,16404
2021-01-03,Chile,South America,17508,615902,320,16724
2021-01-10,Chile,South America,21840,637742,313,17037
2021-01-17,Chile,South America,27751,665493,398,17435
2021-01-24,Chile,South America,29154,694647,419,17854
2021-01-31,Chile,South America,28253,722900,485,18339
2021-02-07,Chile,South America,25182,748082,556,18895
2021-02-14,Chile,South America,24313,772395,548,19443
2021-02-21,Chile,South America,23450,795845,531,19974
2021-02-28,Chile,South America,25573,821418,502,20476
2021-03-07,Chile,South America,29065,850483,532,21008
2021-03-14,Chile,South America,34896,885379,566,21574
2021-03-21,Chile,South America,39710,925089,606,22180
2021-03-28,Chile,South America,44824,969913,473,22653
2021-04-04,Chile,South America,49565,1019478,871,23524
2021-04-11,Chile,South America,49044,1068522,689,24213
2021-04-18,Chile,South America,48826,1117348,842,25055
2021-04-25,Chile,South America,45463,1162811,687,25742
2021-05-02,Chile,South America,41944,1204755,715,26457
2021-05-09,Chile,South America,37221,1241976,644,27101
2021-05-16,Chile,South America,38276,1280252,633,27734
2021-05-23,Chile,South America,43161,1323413,652,28386
2021-05-30,Chile,South America,46343,1369756,661,29047
2021-06-06,Chile,South America,50510,1420266,769,29816
2021-06-13,Chile,South America,48726,1468992,763,30579
2021-06-20,Chile,South America,42283,1511275,813,31392
2021-06-27,Chile,South America,31367,1542642,771,32163
2021-07-04,Chile,South America,23819,1566461,810,32973
2021-07-11,Chile,South America,18699,1585160,794,33767
2021-07-18,Chile,South America,13321,1598481,636,34403
2021-07-25,Chile,South America,9268,1607749,555,34958
2021-08-01,Chile,South America,8022,1615771,490,35448
2021-08-08,Chile,South America,6738,1622509,503,35951
2021-08-15,Chile,South America,5784,1628293,380,36331
2021-08-22,Chile,South America,4860,1633153,274,36605
2021-08-29,Chile,South America,4081,1637234,236,36841
2021-09-05,Chile,South America,3432,1640666,226,37067
2021-09-12,Chile,South America,2964,1643630,134,37201
2021-09-19,Chile,South America,3364,1646994,138,37339
2021-09-26,Chile,South America,3991,1650985,93,37432
2021-10-03,Chile,South America,4899,1655884,52,37484
2021-10-10,Chile,South America,5486,1661370,70,37554
2021-10-17,Chile,South America,7866,1669236,43,37597
2021-10-24,Chile,South America,10781,1680017,65,37662
2021-10-31,Chile,South America,12860,1692877,81,37743
2021-11-07,Chile,South America,13745,1706622,98,37841
2021-11-14,Chile,South America,17106,1723728,110,37951
2021-11-21,Chile,South America,16768,1740496,143,38094
2021-11-28,Chile,South America,16581,1757077,188,38282
2021-12-05,Chile,South America,13543,1770620,183,38465
2021-12-12,Chile,South America,10607,1781227,181,38646
2021-12-19,Chile,South America,9297,1790524,194,38840
2021-12-26,Chile,South America,8601,1799125,173,39013
2022-01-02,Chile,South America,9273,1808398,127,39140
2022-01-09,Chile,South America,17019,1825417,111,39251
2022-01-16,Chile,South America,41684,1867101,125,39376
2022-01-23,Chile,South America,82574,1949675,121,39497
2022-01-30,Chile,South America,157937,2107612,156,39653
2022-02-06,Chile,South America,227422,2335034,277,39930
2022-02-13,Chile,South America,247900,2582934,534,40464
2022-02-20,Chile,South America,236312,2819246,732,41196
2022-02-27,Chile,South America,196384,3015630,874,42070
2022-03-06,Chile,South America,152705,3168335,885,42955
2022-03-13,Chile,South America,118141,3286476,830,43785
2022-03-20,Chile,South America,95205,3381681,655,44440
2022-03-27,Chile,South America,61337,3443018,11858,56298
2022-04-03,Chile,South America,39157,3482175,391,56689
2022-04-10,Chile,South America,26381,3508556,308,56997
2022-04-17,Chile,South America,20070,3528626,234,57231
2022-04-24,Chile,South America,15837,3544463,144,57375
2022-05-01,Chile,South America,14168,3558631,152,57527
2022-05-08,Chile,South America,17508,3576139,102,57629
2022-05-15,Chile,South America,24757,3600896,85,57714
2022-05-22,Chile,South America,36097,3636993,80,57794
2022-05-29,Chile,South America,47592,3684585,83,57877
2022-06-05,Chile,South America,55211,3739796,78,57955
2022-06-12,Chile,South America,69174,3808970,121,58076
2022-06-19,Chile,South America,73455,3882425,150,58226
2022-06-26,Chile,South America,65587,3948012,159,58385
2022-07-03,Chile,South America,65891,4013903,178,58563
2022-07-10,Chile,South America,61630,4075533,224,58787
2022-07-17,Chile,South America,54699,4130232,252,59039
2022-07-24,Chile,South America,47285,4177517,264,59303
2022-07-31,Chile,South America,56032,4233549,249,59552
2022-08-07,Chile,South America,63595,4297144,221,59773
2022-08-14,Chile,South America,72562,4369706,188,59961
2022-08-21,Chile,South America,62880,4432586,213,60174
2022-08-28,Chile,South America,54867,4487453,208,60382
2022-09-04,Chile,South America,40080,4527533,189,60571
2022-09-11,Chile,South America,32268,4559801,178,60749
2022-09-18,Chile,South America,23853,4583654,174,60923
2022-09-25,Chile,South America,19860,4603514,123,61046
2022-10-02,Chile,South America,24409,4627923,132,61178
2022-10-09,Chile,South America,21425,4649348,128,61306
2022-10-16,Chile,South America,25025,4674373,106,61412
2022-10-23,Chile,South America,34497,4708870,123,61535
2022-10-30,Chile,South America,41905,4750775,117,61652
2022-11-06,Chile,South America,35423,4786198,137,61789
2022-11-13,Chile,South America,46640,4832838,194,61983
2022-11-20,Chile,South America,39013,4871851,182,62165
2022-11-27,Chile,South America,33684,4905535,192,62357
2022-12-04,Chile,South America,27990,4933525,186,62543
2022-12-11,Chile,South America,22011,4955536,165,62708
2022-12-18,Chile,South America,24097,4979633,142,62850
2022-12-25,Chile,South America,26526,5006159,162,63012
2023-01-01,Chile,South America,31368,5037527,160,63172
2023-01-08,Chile,South America,25207,5062734,158,63330
2023-01-15,Chile,South America,22244,5084978,166,63496
2023-01-22,Chile,South America,16859,5101837,144,63640
2023-01-29,Chile,South America,13293,5115130,124,63764
2023-02-05,Chile,South America,11527,5126657,111,63875
2023-02-12,Chile,South America,10648,5137305,110,63985
2023-02-19,Chile,South America,10378,5147683,82,64067
2023-02-26,Chile,South America,13526,5161209,91,64158
2023-03-05,Chile,South America,16561,5177770,64,64222
2023-03-12,Chile,South America,22009,5199779,79,64301
2023-03-19,Chile,South America,27654,5227433,78,64379
2023-03-26,Chile,South America,22644,5250077,103,64482
2023-04-02,Chile,South America,14253,5264330,-3432,61050
2023-04-09,Chile,South America,8437,5272767,92,61142
2023-04-16,Chile,South America,5485,5278252,105,61247
2023-04-23,Chile,South America,3429,5281681,76,61323
2023-04-30,Chile,South America,2227,5283908,61,61384
2023-05-07,Chile,South America,1238,5285146,50,61434
2023-05-14,Chile,South America,952,5286098,24,61458
2023-05-21,Chile,South America,615,5286713,23,61481
2023-05-28,Chile,South America,426,5287139,17,61498
2023-06-04,Chile,South America,272,5287411,17,61515
2023-06-11,Chile,South America,183,5287594,15,61530
2023-06-18,Chile,South America,206,5287800,12,61542
2023-06-25,Chile,South America,147,5287947,10,61552
2023-07-02,Chile,South America,148,5288095,3,61555
2023-07-09,Chile,South America,115,5288210,5,61560
2023-07-16,Chile,South America,143,5288353,8,61568
2023-07-23,Chile,South America,164,5288517,11,61579
2023-07-30,Chile,South America,262,5288779,2,61581
2023-08-06,Chile,South America,326,5289105,4,61585
2023-08-13,Chile,South America,411,5289516,6,61591
2023-08-20,Chile,South America,420,5289936,6,61597
2023-08-27,Chile,South America,478,5290414,4,61601
2023-09-03,Chile,South America,614,5291028,7,61608
2023-09-10,Chile,South America,651,5291679,10,61618
2023-09-17,Chile,South America,802,5292481,8,61626
2023-09-24,Chile,South America,856,5293337,16,61642
2023-10-01,Chile,South America,1421,5294758,25,61667
2023-10-08,Chile,South America,1803,5296561,27,61694
2023-10-15,Chile,South America,2083,5298644,34,61728
2023-10-22,Chile,South America,3054,5301698,52,61780
2023-10-29,Chile,South America,3433,5305131,37,61817
2023-11-05,Chile,South America,3500,5308631,56,61873
2023-11-12,Chile,South America,4087,5312718,46,61919
2023-11-19,Chile,South America,3860,5316578,57,61976
2023-11-26,Chile,South America,3776,5320354,57,62033
2023-12-03,Chile,South America,3162,5323516,48,62081
2023-12-10,Chile,South America,2179,5325695,48,62129
2023-12-17,Chile,South America,1966,5327661,42,62171
2023-12-24,Chile,South America,2838,5330499,32,62203
2023-12-31,Chile,South America,2478,5332977,24,62227
2024-01-07,Chile,South America,2411,5335388,16,62243
2024-01-14,Chile,South America,2817,5338205,20,62263
2024-01-21,Chile,South America,3436,5341641,20,62283
2024-01-28,Chile,South America,3982,5345623,28,62311
2024-02-04,Chile,South America,4857,5350480,35,62346
2024-02-11,Chile,South America,5466,5355946,25,62371
2024-02-18,Chile,South America,6661,5362607,27,62398
2024-02-25,Chile,South America,6797,5369404,36,62434
2024-03-03,Chile,South America,6984,5376388,40,62474
2024-03-10,Chile,South America,6838,5383226,32,62506
2024-03-17,Chile,South America,7173,5390399,32,62538
2024-03-24,Chile,South America,4914,5395313,30,62568
2024-03-31,Chile,South America,2125,5397438,18,62586
2024-04-07,Chile,South America,1215,5398653,25,62611
2024-04-14,Chile,South America,555,5399208,30,62641
2024-04-21,Chile,South America,353,5399561,28,62669
2024-04-28,Chile,South America,266,5399827,17,62686
2024-05-05,Chile,South America,165,5399992,12,62698
2024-05-12,Chile,South America,174,5400166,6,62704
2024-05-19,Chile,South America,108,5400274,1,62705
2024-05-26,Chile,South America,151,5400425,3,62708
2024-06-02,Chile,South America,87,5400512,3,62711
2024-06-09,Chile,South America,57,5400569,4,62715
2024-06-16,Chile,South America,76,5400645,6,62721
2024-06-23,Chile,South America,41,5400686,1,62722
2024-06-30,Chile,South America,65,5400751,1,62723
2024-07-07,Chile,South America,42,5400793,2,62725
2024-07-14,Chile,South America,73,5400866,1,62726
2024-07-21,Chile,South America,62,5400928,1,62727
2024-07-28,Chile,South America,98,5401026,3,62730
2024-08-04,Chile,South America,100,5401126,0,62730
2024-08-11,Chile,South America,105,5401231,4,62734
2024-08-18,Chile,South America,141,5401372,3,62737
2024-08-25,Chile,South America,145,5401517,2,62739
2024-09-01,Chile,South America,146,5401663,3,62742
2020-01-05,China,Asia,1,1,0,0
2020-01-12,China,Asia,44,45,1,1
2020-01-19,China,Asia,80,125,2,3
2020-01-26,China,Asia,1860,1985,53,56
2020-02-02,China,Asia,12426,14411,305,361
2020-02-09,China,Asia,22840,37251,544,905
2020-02-16,China,Asia,31333,68584,862,1767
2020-02-23,China,Asia,8458,77042,679,2446
2020-03-01,China,Asia,2926,79968,427,2873
2020-03-08,China,Asia,891,80859,228,3101
2020-03-15,China,Asia,189,81048,103,3204
2020-03-22,China,Asia,450,81498,63,3267
2020-03-29,China,Asia,843,82341,39,3306
2020-04-05,China,Asia,589,82930,32,3338
2020-04-12,China,Asia,552,83482,11,3349
2020-04-19,China,Asia,719,84201,1293,4642
2020-04-26,China,Asia,137,84338,0,4642
2020-05-03,China,Asia,55,84393,1,4643
2020-05-10,China,Asia,37,84430,0,4643
2020-05-17,China,Asia,54,84484,2,4645
2020-05-24,China,Asia,41,84525,0,4645
2020-05-31,China,Asia,45,84570,0,4645
2020-06-07,China,Asia,59,84629,0,4645
2020-06-14,China,Asia,100,84729,0,4645
2020-06-21,China,Asia,268,84997,1,4646
2020-06-28,China,Asia,193,85190,2,4648
2020-07-05,China,Asia,116,85306,0,4648
2020-07-12,China,Asia,216,85522,0,4648
2020-07-19,China,Asia,415,85937,5,4653
2020-07-26,China,Asia,902,86839,6,4659
2020-08-02,China,Asia,1463,88302,15,4674
2020-08-09,China,Asia,847,89149,14,4688
2020-08-16,China,Asia,612,89761,22,4710
2020-08-23,China,Asia,380,90141,7,4717
2020-08-30,China,Asia,210,90351,11,4728
2020-09-06,China,Asia,166,90517,7,4735
2020-09-13,China,Asia,149,90666,6,4741
2020-09-20,China,Asia,174,90840,3,4744
2020-09-27,China,Asia,126,90966,2,4746
2020-10-04,China,Asia,155,91121,0,4746
2020-10-11,China,Asia,184,91305,0,4746
2020-10-18,China,Asia,184,91489,0,4746
2020-10-25,China,Asia,185,91674,0,4746
2020-11-01,China,Asia,247,91921,0,4746
2020-11-08,China,Asia,274,92195,2,4748
2020-11-15,China,Asia,233,92428,1,4749
2020-11-22,China,Asia,220,92648,0,4749
2020-11-29,China,Asia,681,93329,1,4750
2020-12-06,China,Asia,831,94160,3,4753
2020-12-13,China,Asia,790,94950,3,4756
2020-12-20,China,Asia,766,95716,14,4770
2020-12-27,China,Asia,608,96324,7,4777
2021-01-03,China,Asia,648,96972,14,4791
2021-01-10,China,Asia,680,97652,7,4798
2021-01-17,China,Asia,1142,98794,6,4804
2021-01-24,China,Asia,1342,100136,6,4810
2021-01-31,China,Asia,838,100974,13,4823
2021-02-07,China,Asia,342,101316,8,4831
2021-02-14,China,Asia,220,101536,7,4838
2021-02-21,China,Asia,164,101700,4,4842
2021-02-28,China,Asia,220,101920,1,4843
2021-03-07,China,Asia,181,102101,5,4848
2021-03-14,China,Asia,262,102363,1,4849
2021-03-21,China,Asia,176,102539,0,4849
2021-03-28,China,Asia,159,102698,2,4851
2021-04-04,China,Asia,210,102908,0,4851
2021-04-11,China,Asia,205,103113,2,4853
2021-04-18,China,Asia,202,103315,3,4856
2021-04-25,China,Asia,169,103484,0,4856
2021-05-02,China,Asia,183,103667,2,4858
2021-05-09,China,Asia,141,103808,0,4858
2021-05-16,China,Asia,617,104425,0,4858
2021-05-23,China,Asia,2762,107187,11,4869
2021-05-30,China,Asia,3959,111146,86,4955
2021-06-06,China,Asia,3521,114667,151,5106
2021-06-13,China,Asia,1634,116301,177,5283
2021-06-20,China,Asia,1247,117548,112,5395
2021-06-27,China,Asia,810,118358,83,5478
2021-07-04,China,Asia,538,118896,57,5535
2021-07-11,China,Asia,425,119321,53,5588
2021-07-18,China,Asia,377,119698,28,5616
2021-07-25,China,Asia,515,120213,18,5634
2021-08-01,China,Asia,624,120837,3,5637
2021-08-08,China,Asia,847,121684,20,5657
2021-08-15,China,Asia,694,122378,12,5669
2021-08-22,China,Asia,320,122698,7,5676
2021-08-29,China,Asia,297,122995,6,5682
2021-09-05,China,Asia,236,123231,3,5685
2021-09-12,China,Asia,313,123544,2,5687
2021-09-19,China,Asia,558,124102,2,5689
2021-09-26,China,Asia,393,124495,1,5690
2021-10-03,China,Asia,310,124805,2,5692
2021-10-10,China,Asia,250,125055,3,5695
2021-10-17,China,Asia,199,125254,0,5695
2021-10-24,China,Asia,311,125565,0,5695
2021-10-31,China,Asia,513,126078,1,5696
2021-11-07,China,Asia,632,126710,0,5696
2021-11-14,China,Asia,550,127260,1,5697
2021-11-21,China,Asia,252,127512,0,5697
2021-11-28,China,Asia,252,127764,0,5697
2021-12-05,China,Asia,629,128393,0,5697
2021-12-12,China,Asia,689,129082,0,5697
2021-12-19,China,Asia,712,129794,2,5699
2021-12-26,China,Asia,1064,130858,0,5699
2022-01-02,China,Asia,1650,132508,0,5699
2022-01-09,China,Asia,1643,134151,0,5699
2022-01-16,China,Asia,1876,136027,1,5700
2022-01-23,China,Asia,1323,137350,0,5700
2022-01-30,China,Asia,1642,138992,0,5700
2022-02-06,China,Asia,2057,141049,0,5700
2022-02-13,China,Asia,8591,149640,6,5706
2022-02-20,China,Asia,31127,180767,70,5776
2022-02-27,China,Asia,120387,301154,372,6148
2022-03-06,China,Asia,302580,603734,1348,7496
2022-03-13,China,Asia,158173,761907,1986,9482
2022-03-20,China,Asia,84389,846296,1905,11387
2022-03-27,China,Asia,43971,890267,1356,12743
2022-04-03,China,Asia,32276,922543,920,13663
2022-04-10,China,Asia,21648,944191,599,14262
2022-04-17,China,Asia,30667,974858,372,14634
2022-04-24,China,Asia,42303,1017161,247,14881
2022-05-01,China,Asia,91983,1109144,392,15273
2022-05-08,China,Asia,227721,1336865,177,15450
2022-05-15,China,Asia,414077,1750942,192,15642
2022-05-22,China,Asia,554051,2304993,347,15989
2022-05-29,China,Asia,573340,2878333,669,16658
2022-06-05,China,Asia,513969,3392302,1044,17702
2022-06-12,China,Asia,489982,3882284,1194,18896
2022-06-19,China,Asia,406469,4288753,1091,19987
2022-06-26,China,Asia,323183,4611936,982,20969
2022-07-03,China,Asia,230021,4841957,689,21658
2022-07-10,China,Asia,223915,5065872,709,22367
2022-07-17,China,Asia,197555,5263427,528,22895
2022-07-24,China,Asia,180690,5444117,458,23353
2022-07-31,China,Asia,172003,5616120,351,23704
2022-08-07,China,Asia,163340,5779460,330,24034
2022-08-14,China,Asia,166696,5946156,224,24258
2022-08-21,China,Asia,172424,6118580,241,24499
2022-08-28,China,Asia,194464,6313044,267,24766
2022-09-04,China,Asia,238044,6551088,292,25058
2022-09-11,China,Asia,263288,6814376,296,25354
2022-09-18,China,Asia,297693,7112069,358,25712
2022-09-25,China,Asia,292476,7404545,532,26244
2022-10-02,China,Asia,303092,7707637,365,26609
2022-10-09,China,Asia,333830,8041467,435,27044
2022-10-16,China,Asia,328910,8370377,427,27471
2022-10-23,China,Asia,285348,8655725,479,27950
2022-10-30,China,Asia,257994,8913719,510,28460
2022-11-06,China,Asia,219102,9132821,479,28939
2022-11-13,China,Asia,171745,9304566,431,29370
2022-11-20,China,Asia,158813,9463379,468,29838
2022-11-27,China,Asia,144205,9607584,354,30192
2022-12-04,China,Asia,146141,9753725,375,30567
2022-12-11,China,Asia,1117898,10871623,871,31438
2022-12-18,China,Asia,11098550,21970173,1708,33146
2022-12-25,China,Asia,40475477,62445650,5849,38995
2023-01-01,China,Asia,24644876,87090526,17893,56888
2023-01-08,China,Asia,8061762,95152288,12991,69879
2023-01-15,China,Asia,2361571,97513859,0,69879
2023-01-22,China,Asia,755183,98269042,0,69879
2023-01-29,China,Asia,175542,98444584,0,69879
2023-02-05,China,Asia,192969,98637553,47687,117566
2023-02-12,China,Asia,148174,98785727,1360,118926
2023-02-19,China,Asia,118748,98904475,537,119463
2023-02-26,China,Asia,77670,98982145,358,119821
2023-03-05,China,Asia,84790,99066935,360,120181
2023-03-12,China,Asia,92268,99159203,329,120510
2023-03-19,China,Asia,65301,99224504,265,120775
2023-03-26,China,Asia,13602,99238106,119,120894
2023-04-02,China,Asia,1060,99239166,3,120897
2023-04-09,China,Asia,1228,99240394,8,120905
2023-04-16,China,Asia,1699,99242093,7,120912
2023-04-23,China,Asia,2206,99244299,11,120923
2023-04-30,China,Asia,3082,99247381,38,120961
2023-05-07,China,Asia,3736,99251117,54,121015
2023-05-14,China,Asia,4440,99255557,58,121073
2023-05-21,China,Asia,4437,99259994,71,121144
2023-05-28,China,Asia,6466,99266460,91,121235
2023-06-04,China,Asia,5030,99271490,1,121236
2023-06-11,China,Asia,6956,99278446,154,121390
2023-06-18,China,Asia,4555,99283001,0,121390
2023-06-25,China,Asia,2437,99285438,75,121465
2023-07-02,China,Asia,3878,99289316,25,121490
2023-07-09,China,Asia,2733,99292049,25,121515
2023-07-16,China,Asia,2666,99294715,21,121536
2023-07-23,China,Asia,2445,99297160,0,121536
2023-07-30,China,Asia,2541,99299701,0,121536
2023-08-06,China,Asia,1954,99301655,111,121647
2023-08-13,China,Asia,964,99302619,24,121671
2023-08-20,China,Asia,1463,99304082,0,121671
2023-08-27,China,Asia,1587,99305669,8,121679
2023-09-03,China,Asia,1647,99307316,0,121679
2023-09-10,China,Asia,1527,99308843,23,121702
2023-09-17,China,Asia,1025,99309868,12,121714
2023-09-24,China,Asia,1152,99311020,8,121722
2023-10-01,China,Asia,2551,99313571,0,121722
2023-10-08,China,Asia,1555,99315126,75,121797
2023-10-15,China,Asia,1372,99316498,12,121809
2023-10-22,China,Asia,1070,99317568,14,121823
2023-10-29,China,Asia,805,99318373,12,121835
2023-11-05,China,Asia,636,99319009,32,121867
2023-11-12,China,Asia,559,99319568,6,121873
2023-11-19,China,Asia,467,99320035,1,121874
2023-11-26,China,Asia,390,99320425,3,121877
2023-12-03,China,Asia,420,99320845,9,121886
2023-12-10,China,Asia,397,99321242,2,121888
2023-12-17,China,Asia,395,99321637,0,121888
2023-12-24,China,Asia,505,99322142,1,121889
2023-12-31,China,Asia,585,99322727,4,121893
2024-01-07,China,Asia,1029,99323756,45,121938
2024-01-14,China,Asia,1352,99325108,-22,121916
2024-01-21,China,Asia,1315,99326423,5,121921
2024-01-28,China,Asia,1331,99327754,12,121933
2024-02-04,China,Asia,1495,99329249,13,121946
2024-02-11,China,Asia,1267,99330516,10,121956
2024-02-18,China,Asia,1208,99331724,20,121976
2024-02-25,China,Asia,3028,99334752,17,121993
2024-03-03,China,Asia,1999,99336751,41,122034
2024-03-10,China,Asia,3018,99339769,16,122050
2024-03-17,China,Asia,3426,99343195,0,122050
2024-03-24,China,Asia,2485,99345680,56,122106
2024-03-31,China,Asia,1768,99347448,19,122125
2024-04-07,China,Asia,1368,99348816,18,122143
2024-04-14,China,Asia,1511,99350327,10,122153
2024-04-21,China,Asia,1431,99351758,17,122170
2024-04-28,China,Asia,1403,99353161,6,122176
2024-05-05,China,Asia,1566,99354727,20,122196
2024-05-12,China,Asia,1754,99356481,5,122201
2024-05-19,China,Asia,1414,99357895,14,122215
2024-05-26,China,Asia,1108,99359003,10,122225
2024-06-02,China,Asia,799,99359802,18,122243
2024-06-09,China,Asia,731,99360533,5,122248
2024-06-16,China,Asia,805,99361338,6,122254
2024-06-23,China,Asia,910,99362248,3,122257
2024-06-30,China,Asia,1243,99363491,4,122261
2024-07-07,China,Asia,1671,99365162,10,122271
2024-07-14,China,Asia,1879,99367041,2,122273
2024-07-21,China,Asia,1988,99369029,7,122280
2024-07-28,China,Asia,2103,99371132,9,122289
2024-08-04,China,Asia,2087,99373219,15,122304
2024-08-11,China,Asia,2228,99375447,5,122309
2024-08-18,China,Asia,1376,99376823,10,122319
2024-08-25,China,Asia,1153,99377976,4,122323
2024-09-01,China,Asia,1063,99379039,3,122326
2020-01-05,Colombia,South America,0,0,0,0
2020-01-12,Colombia,South America,0,0,0,0
2020-01-19,Colombia,South America,0,0,0,0
2020-01-26,Colombia,South America,0,0,0,0
2020-02-02,Colombia,South America,0,0,0,0
2020-02-09,Colombia,South America,0,0,0,0
2020-02-16,Colombia,South America,0,0,0,0
2020-02-23,Colombia,South America,0,0,0,0
2020-03-01,Colombia,South America,0,0,0,0
2020-03-08,Colombia,South America,1,1,0,0
2020-03-15,Colombia,South America,15,16,0,0
2020-03-22,Colombia,South America,180,196,0,0
2020-03-29,Colombia,South America,527,723,6,6
2020-04-05,Colombia,South America,544,1267,19,25
2020-04-12,Colombia,South America,1206,2473,55,80
2020-04-19,Colombia,South America,966,3439,73,153
2020-04-26,Colombia,South America,1442,4881,72,225
2020-05-03,Colombia,South America,2125,7006,89,314
2020-05-10,Colombia,South America,3045,10051,114,428
2020-05-17,Colombia,South America,4165,14216,118,546
2020-05-24,Colombia,South America,4915,19131,136,682
2020-05-31,Colombia,South America,7557,26688,171,853
2020-06-07,Colombia,South America,9947,36635,292,1145
2020-06-14,Colombia,South America,10223,46858,400,1545
2020-06-21,Colombia,South America,16418,63276,500,2045
2020-06-28,Colombia,South America,21166,84442,766,2811
2020-07-05,Colombia,South America,25063,109505,966,3777
2020-07-12,Colombia,South America,31271,140776,1148,4925
2020-07-19,Colombia,South America,41364,182140,1363,6288
2020-07-26,Colombia,South America,51401,233541,1687,7975
2020-08-02,Colombia,South America,61967,295508,2130,10105
2020-08-09,Colombia,South America,71688,367196,2145,12250
2020-08-16,Colombia,South America,77915,445111,2242,14492
2020-08-23,Colombia,South America,77027,522138,2076,16568
2020-08-30,Colombia,South America,68382,590520,2199,18767
2020-09-06,Colombia,South America,59542,650062,2121,20888
2020-09-13,Colombia,South America,52026,702088,1630,22518
2020-09-20,Colombia,South America,48383,750471,1332,23850
2020-09-27,Colombia,South America,47846,798317,1253,25103
2020-10-04,Colombia,South America,43214,841531,1294,26397
2020-10-11,Colombia,South America,52769,894300,1098,27495
2020-10-18,Colombia,South America,51054,945354,1121,28616
2020-10-25,Colombia,South America,53588,998942,1186,29802
2020-11-01,Colombia,South America,64209,1063151,1333,31135
2020-11-08,Colombia,South America,64582,1127733,1270,32405
2020-11-15,Colombia,South America,54964,1182697,1264,33669
2020-11-22,Colombia,South America,50747,1233444,1260,34929
2020-11-29,Colombia,South America,57066,1290510,1285,36214
2020-12-06,Colombia,South America,62097,1352607,1253,37467
2020-12-13,Colombia,South America,56302,1408909,1202,38669
2020-12-20,Colombia,South America,73163,1482072,1350,40019
2020-12-27,Colombia,South America,92635,1574707,1671,41690
2021-01-03,Colombia,South America,80173,1654880,1805,43495
2021-01-10,Colombia,South America,100688,1755568,1936,45431
2021-01-17,Colombia,South America,114611,1870179,2437,47868
2021-01-24,Colombia,South America,117239,1987418,2718,50586
2021-01-31,Colombia,South America,90215,2077633,2698,53284
2021-02-07,Colombia,South America,65027,2142660,2119,55403
2021-02-14,Colombia,South America,42509,2185169,1793,57196
2021-02-21,Colombia,South America,31832,2217001,1315,58511
2021-02-28,Colombia,South America,27791,2244792,1007,59518
2021-03-07,Colombia,South America,24790,2269582,782,60300
2021-03-14,Colombia,South America,25035,2294617,650,60950
2021-03-21,Colombia,South America,29809,2324426,821,61771
2021-03-28,Colombia,South America,42911,2367337,874,62645
2021-04-04,Colombia,South America,60711,2428048,1132,63777
2021-04-11,Colombia,South America,76158,2504206,1506,65283
2021-04-18,Colombia,South America,115216,2619422,2281,67564
2021-04-25,Colombia,South America,121122,2740544,2882,70446
2021-05-02,Colombia,South America,119180,2859724,3274,73720
2021-05-09,Colombia,South America,108902,2968626,3147,76867
2021-05-16,Colombia,South America,115834,3084460,3383,80250
2021-05-23,Colombia,South America,107590,3192050,3469,83719
2021-05-30,Colombia,South America,150517,3342567,3488,87207
2021-06-06,Colombia,South America,175479,3518046,3683,90890
2021-06-13,Colombia,South America,176661,3694707,3725,94615
2021-06-20,Colombia,South America,193907,3888614,4131,98746
2021-06-27,Colombia,South America,204132,4092746,4575,103321
2021-07-04,Colombia,South America,204556,4297302,4402,107723
2021-07-11,Colombia,South America,174320,4471622,4008,111731
2021-07-18,Colombia,South America,129713,4601335,3602,115333
2021-07-25,Colombia,South America,104399,4705734,2855,118188
2021-08-01,Colombia,South America,70557,4776291,2244,120432
2021-08-08,Colombia,South America,52292,4828583,1655,122087
2021-08-15,Colombia,South America,32039,4860622,1134,123221
2021-08-22,Colombia,South America,23310,4883932,802,124023
2021-08-29,Colombia,South America,17231,4901163,625,124648
2021-09-05,Colombia,South America,13718,4914881,510,125158
2021-09-12,Colombia,South America,11891,4926772,371,125529
2021-09-19,Colombia,South America,10824,4937596,297,125826
2021-09-26,Colombia,South America,10917,4948513,242,126068
2021-10-03,Colombia,South America,10631,4959144,268,126336
2021-10-10,Colombia,South America,9987,4969131,216,126552
2021-10-17,Colombia,South America,9558,4978689,244,126796
2021-10-24,Colombia,South America,9332,4988021,198,126994
2021-10-31,Colombia,South America,11027,4999048,231,127225
2021-11-07,Colombia,South America,11934,5010982,231,127456
2021-11-14,Colombia,South America,15840,5026822,265,127721
2021-11-21,Colombia,South America,16000,5042822,292,128013
2021-11-28,Colombia,South America,17735,5060557,330,128343
2021-12-05,Colombia,South America,15821,5076378,342,128685
2021-12-12,Colombia,South America,13317,5089695,326,129011
2021-12-19,Colombia,South America,13574,5103269,334,129345
2021-12-26,Colombia,South America,14985,5118254,341,129686
2022-01-02,Colombia,South America,39186,5157440,256,129942
2022-01-09,Colombia,South America,111422,5268862,308,130250
2022-01-16,Colombia,South America,207042,5475904,481,130731
2022-01-23,Colombia,South America,210161,5686065,1093,131824
2022-01-30,Colombia,South America,151343,5837408,1736,133560
2022-02-06,Colombia,South America,106375,5943783,1722,135282
2022-02-13,Colombia,South America,64208,6007991,1482,136764
2022-02-20,Colombia,South America,31172,6039163,1105,137869
2022-02-27,Colombia,South America,19552,6058715,632,138501
2022-03-06,Colombia,South America,10710,6069425,483,138984
2022-03-13,Colombia,South America,6231,6075656,271,139255
2022-03-20,Colombia,South America,4240,6079896,160,139415
2022-03-27,Colombia,South America,3047,6082943,129,139544
2022-04-03,Colombia,South America,2327,6085270,92,139636
2022-04-10,Colombia,South America,2173,6087443,67,139703
2022-04-17,Colombia,South America,1938,6089381,38,139741
2022-04-24,Colombia,South America,1422,6090803,24,139765
2022-05-01,Colombia,South America,1600,6092403,28,139793
2022-05-08,Colombia,South America,1242,6093645,16,139809
2022-05-15,Colombia,South America,1671,6095316,12,139821
2022-05-22,Colombia,South America,3795,6099111,12,139833
2022-05-29,Colombia,South America,4344,6103455,21,139854
2022-06-05,Colombia,South America,5650,6109105,13,139867
2022-06-12,Colombia,South America,8742,6117847,27,139894
2022-06-19,Colombia,South America,13810,6131657,24,139918
2022-06-26,Colombia,South America,19697,6151354,52,139970
2022-07-03,Colombia,South America,23827,6175181,100,140070
2022-07-10,Colombia,South America,23667,6198848,132,140202
2022-07-17,Colombia,South America,24649,6223497,163,140365
2022-07-24,Colombia,South America,24137,6247634,238,140603
2022-07-31,Colombia,South America,18164,6265798,242,140845
2022-08-07,Colombia,South America,13200,6278998,230,141075
2022-08-14,Colombia,South America,7394,6286392,212,141287
2022-08-21,Colombia,South America,6738,6293130,119,141406
2022-08-28,Colombia,South America,6465,6299595,113,141519
2022-09-04,Colombia,South America,3214,6302809,127,141646
2022-09-11,Colombia,South America,1508,6304317,62,141708
2022-09-18,Colombia,South America,1245,6305562,38,141746
2022-09-25,Colombia,South America,990,6306552,23,141769
2022-10-02,Colombia,South America,820,6307372,25,141794
2022-10-09,Colombia,South America,715,6308087,13,141807
2022-10-16,Colombia,South America,471,6308558,13,141820
2022-10-23,Colombia,South America,610,6309168,7,141827
2022-10-30,Colombia,South America,548,6309716,10,141837
2022-11-06,Colombia,South America,616,6310332,13,141850
2022-11-13,Colombia,South America,1027,6311359,12,141862
2022-11-20,Colombia,South America,1298,6312657,19,141881
2022-11-27,Colombia,South America,2112,6314769,14,141895
2022-12-04,Colombia,South America,3252,6318021,16,141911
2022-12-11,Colombia,South America,5336,6323357,32,141943
2022-12-18,Colombia,South America,7052,6330409,53,141996
2022-12-25,Colombia,South America,7930,6338339,80,142076
2023-01-01,Colombia,South America,6776,6345115,103,142179
2023-01-08,Colombia,South America,4856,6349971,80,142259
2023-01-15,Colombia,South America,0,6349971,0,142259
2023-01-22,Colombia,South America,4820,6354791,126,142385
2023-01-29,Colombia,South America,1518,6356309,101,142486
2023-02-05,Colombia,South America,891,6357200,58,142544
2023-02-12,Colombia,South America,868,6358068,32,142576
2023-02-19,Colombia,South America,707,6358775,20,142596
2023-02-26,Colombia,South America,689,6359464,19,142615
2023-03-05,Colombia,South America,625,6360089,14,142629
2023-03-12,Colombia,South America,691,6360780,10,142639
2023-03-19,Colombia,South America,513,6361293,13,142652
2023-03-26,Colombia,South America,517,6361810,13,142665
2023-04-02,Colombia,South America,502,6362312,13,142678
2023-04-09,Colombia,South America,746,6363058,12,142690
2023-04-16,Colombia,South America,486,6363544,8,142698
2023-04-23,Colombia,South America,470,6364014,8,142706
2023-04-30,Colombia,South America,622,6364636,7,142713
2023-05-07,Colombia,South America,626,6365262,9,142722
2023-05-14,Colombia,South America,732,6365994,5,142727
2023-05-21,Colombia,South America,0,6365994,0,142727
2023-05-28,Colombia,South America,0,6365994,0,142727
2023-06-04,Colombia,South America,0,6365994,0,142727
2023-06-11,Colombia,South America,0,6365994,0,142727
2023-06-18,Colombia,South America,0,6365994,0,142727
2023-06-25,Colombia,South America,0,6365994,0,142727
2023-07-02,Colombia,South America,0,6365994,0,142727
2023-07-09,Colombia,South America,0,6365994,0,142727
2023-07-16,Colombia,South America,0,6365994,0,142727
2023-07-23,Colombia,South America,0,6365994,0,142727
2023-07-30,Colombia,South America,0,6365994,0,142727
2023-08-06,Colombia,South America,0,6365994,0,142727
2023-08-13,Colombia,South America,0,6365994,0,142727
2023-08-20,Colombia,South America,0,6365994,0,142727
2023-08-27,Colombia,South America,0,6365994,0,142727
2023-09-03,Colombia,South America,0,6365994,0,142727
2023-09-10,Colombia,South America,0,6365994,0,142727
2023-09-17,Colombia,South America,0,6365994,0,142727
2023-09-24,Colombia,South America,0,6365994,0,142727
2023-10-01,Colombia,South America,0,6365994,0,142727
2023-10-08,Colombia,South America,0,6365994,0,142727
2023-10-15,Colombia,South America,0,6365994,0,142727
2023-10-22,Colombia,South America,0,6365994,0,142727
2023-10-29,Colombia,South America,0,6365994,0,142727
2023-11-05,Colombia,South America,0,6365994,0,142727
2023-11-12,Colombia,South America,0,6365994,0,142727
2023-11-19,Colombia,South America,0,6365994,0,142727
2023-11-26,Colombia,South America,0,6365994,0,142727
2023-12-03,Colombia,South America,0,6365994,0,142727
2023-12-10,Colombia,South America,0,6365994,0,142727
2023-12-17,Colombia,South America,0,6365994,0,142727
2023-12-24,Colombia,South America,0,6365994,0,142727
2023-12-31,Colombia,South America,0,6365994,0,142727
2024-01-07,Colombia,South America,978,6366972,0,142727
2024-01-14,Colombia,South America,2156,6369128,0,142727
2024-01-21,Colombia,South America,2307,6371435,0,142727
2024-01-28,Colombia,South America,1878,6373313,0,142727
2024-02-04,Colombia,South America,2964,6376277,0,142727
2024-02-11,Colombia,South America,923,6377200,0,142727
2024-02-18,Colombia,South America,1130,6378330,0,142727
2024-02-25,Colombia,South America,1696,6380026,0,142727
2024-03-03,Colombia,South America,2339,6382365,0,142727
2024-03-10,Colombia,South America,1056,6383421,0,142727
2024-03-17,Colombia,South America,676,6384097,0,142727
2024-03-24,Colombia,South America,266,6384363,0,142727
2024-03-31,Colombia,South America,212,6384575,0,142727
2024-04-07,Colombia,South America,160,6384735,0,142727
2024-04-14,Colombia,South America,139,6384874,0,142727
2024-04-21,Colombia,South America,151,6385025,0,142727
2024-04-28,Colombia,South America,147,6385172,0,142727
2024-05-05,Colombia,South America,137,6385309,0,142727
2024-05-12,Colombia,South America,101,6385410,0,142727
2024-05-19,Colombia,South America,158,6385568,0,142727
2024-05-26,Colombia,South America,172,6385740,0,142727
2024-06-02,Colombia,South America,207,6385947,0,142727
2024-06-09,Colombia,South America,265,6386212,0,142727
2024-06-16,Colombia,South America,264,6386476,0,142727
2024-06-23,Colombia,South America,470,6386946,0,142727
2024-06-30,Colombia,South America,453,6387399,0,142727
2024-07-07,Colombia,South America,687,6388086,0,142727
2024-07-14,Colombia,South America,792,6388878,0,142727
2024-07-21,Colombia,South America,960,6389838,0,142727
2024-07-28,Colombia,South America,1062,6390900,0,142727
2024-08-04,Colombia,South America,976,6391876,0,142727
2024-08-11,Colombia,South America,596,6392472,0,142727
2024-08-18,Colombia,South America,499,6392971,0,142727
2024-08-25,Colombia,South America,362,6393333,0,142727
2024-09-01,Colombia,South America,241,6393574,0,142727
2020-01-05,Comoros,Africa,0,0,0,0
2020-01-12,Comoros,Africa,0,0,0,0
2020-01-19,Comoros,Africa,0,0,0,0
2020-01-26,Comoros,Africa,0,0,0,0
2020-02-02,Comoros,Africa,0,0,0,0
2020-02-09,Comoros,Africa,0,0,0,0
2020-02-16,Comoros,Africa,0,0,0,0
2020-02-23,Comoros,Africa,0,0,0,0
2020-03-01,Comoros,Africa,0,0,0,0
2020-03-08,Comoros,Africa,0,0,0,0
2020-03-15,Comoros,Africa,0,0,0,0
2020-03-22,Comoros,Africa,0,0,0,0
2020-03-29,Comoros,Africa,0,0,0,0
2020-04-05,Comoros,Africa,0,0,0,0
2020-04-12,Comoros,Africa,0,0,0,0
2020-04-19,Comoros,Africa,0,0,0,0
2020-04-26,Comoros,Africa,0,0,0,0
2020-05-03,Comoros,Africa,3,3,0,0
2020-05-10,Comoros,Africa,8,11,1,1
2020-05-17,Comoros,Africa,0,11,0,1
2020-05-24,Comoros,Africa,23,34,0,1
2020-05-31,Comoros,Africa,28,62,1,2
2020-06-07,Comoros,Africa,9,71,0,2
2020-06-14,Comoros,Africa,35,106,0,2
2020-06-21,Comoros,Africa,71,177,3,5
2020-06-28,Comoros,Africa,46,223,2,7
2020-07-05,Comoros,Africa,18,241,0,7
2020-07-12,Comoros,Africa,6,247,0,7
2020-07-19,Comoros,Africa,17,264,0,7
2020-07-26,Comoros,Africa,20,284,0,7
2020-08-02,Comoros,Africa,32,316,0,7
2020-08-09,Comoros,Africa,13,329,0,7
2020-08-16,Comoros,Africa,6,335,0,7
2020-08-23,Comoros,Africa,12,347,0,7
2020-08-30,Comoros,Africa,6,353,0,7
2020-09-06,Comoros,Africa,25,378,0,7
2020-09-13,Comoros,Africa,9,387,0,7
2020-09-20,Comoros,Africa,13,400,0,7
2020-09-27,Comoros,Africa,4,404,0,7
2020-10-04,Comoros,Africa,10,414,0,7
2020-10-11,Comoros,Africa,8,422,0,7
2020-10-18,Comoros,Africa,12,434,0,7
2020-10-25,Comoros,Africa,21,455,0,7
2020-11-01,Comoros,Africa,20,475,0,7
2020-11-08,Comoros,Africa,18,493,0,7
2020-11-15,Comoros,Africa,16,509,0,7
2020-11-22,Comoros,Africa,17,526,0,7
2020-11-29,Comoros,Africa,15,541,0,7
2020-12-06,Comoros,Africa,5,546,0,7
2020-12-13,Comoros,Africa,12,558,0,7
2020-12-20,Comoros,Africa,38,596,0,7
2020-12-27,Comoros,Africa,65,661,0,7
2021-01-03,Comoros,Africa,133,794,6,13
2021-01-10,Comoros,Africa,286,1080,5,18
2021-01-17,Comoros,Africa,427,1507,23,41
2021-01-24,Comoros,Africa,683,2190,29,70
2021-01-31,Comoros,Africa,458,2648,20,90
2021-02-07,Comoros,Africa,368,3016,18,108
2021-02-14,Comoros,Africa,246,3262,20,128
2021-02-21,Comoros,Africa,158,3420,15,143
2021-02-28,Comoros,Africa,81,3501,1,144
2021-03-07,Comoros,Africa,25,3526,2,146
2021-03-14,Comoros,Africa,30,3556,0,146
2021-03-21,Comoros,Africa,40,3596,0,146
2021-03-28,Comoros,Africa,24,3620,0,146
2021-04-04,Comoros,Africa,99,3719,0,146
2021-04-11,Comoros,Africa,70,3789,0,146
2021-04-18,Comoros,Africa,30,3819,0,146
2021-04-25,Comoros,Africa,10,3829,0,146
2021-05-02,Comoros,Africa,10,3839,0,146
2021-05-09,Comoros,Africa,15,3854,0,146
2021-05-16,Comoros,Africa,9,3863,0,146
2021-05-23,Comoros,Africa,9,3872,0,146
2021-05-30,Comoros,Africa,9,3881,0,146
2021-06-06,Comoros,Africa,7,3888,0,146
2021-06-13,Comoros,Africa,11,3899,0,146
2021-06-20,Comoros,Africa,9,3908,0,146
2021-06-27,Comoros,Africa,16,3924,0,146
2021-07-04,Comoros,Africa,34,3958,0,146
2021-07-11,Comoros,Africa,38,3996,0,146
2021-07-18,Comoros,Africa,15,4011,1,147
2021-07-25,Comoros,Africa,10,4021,0,147
2021-08-01,Comoros,Africa,7,4028,0,147
2021-08-08,Comoros,Africa,3,4031,0,147
2021-08-15,Comoros,Africa,7,4038,0,147
2021-08-22,Comoros,Africa,10,4048,0,147
2021-08-29,Comoros,Africa,14,4062,0,147
2021-09-05,Comoros,Africa,22,4084,0,147
2021-09-12,Comoros,Africa,10,4094,0,147
2021-09-19,Comoros,Africa,12,4106,0,147
2021-09-26,Comoros,Africa,11,4117,0,147
2021-10-03,Comoros,Africa,38,4155,0,147
2021-10-10,Comoros,Africa,10,4165,0,147
2021-10-17,Comoros,Africa,21,4186,0,147
2021-10-24,Comoros,Africa,19,4205,0,147
2021-10-31,Comoros,Africa,54,4259,0,147
2021-11-07,Comoros,Africa,56,4315,0,147
2021-11-14,Comoros,Africa,73,4388,2,149
2021-11-21,Comoros,Africa,62,4450,1,150
2021-11-28,Comoros,Africa,48,4498,0,150
2021-12-05,Comoros,Africa,44,4542,0,150
2021-12-12,Comoros,Africa,25,4567,1,151
2021-12-19,Comoros,Africa,100,4667,0,151
2021-12-26,Comoros,Africa,936,5603,2,153
2022-01-02,Comoros,Africa,1232,6835,5,158
2022-01-09,Comoros,Africa,759,7594,0,158
2022-01-16,Comoros,Africa,151,7745,1,159
2022-01-23,Comoros,Africa,66,7811,0,159
2022-01-30,Comoros,Africa,18,7829,1,160
2022-02-06,Comoros,Africa,99,7928,0,160
2022-02-13,Comoros,Africa,70,7998,0,160
2022-02-20,Comoros,Africa,22,8020,0,160
2022-02-27,Comoros,Africa,13,8033,0,160
2022-03-06,Comoros,Africa,15,8048,0,160
2022-03-13,Comoros,Africa,15,8063,0,160
2022-03-20,Comoros,Africa,13,8076,0,160
2022-03-27,Comoros,Africa,7,8083,0,160
2022-04-03,Comoros,Africa,10,8093,0,160
2022-04-10,Comoros,Africa,6,8099,0,160
2022-04-17,Comoros,Africa,4,8103,0,160
2022-04-24,Comoros,Africa,2,8105,0,160
2022-05-01,Comoros,Africa,2,8107,0,160
2022-05-08,Comoros,Africa,1,8108,0,160
2022-05-15,Comoros,Africa,2,8110,0,160
2022-05-22,Comoros,Africa,9,8119,0,160
2022-05-29,Comoros,Africa,6,8125,0,160
2022-06-05,Comoros,Africa,6,8131,0,160
2022-06-12,Comoros,Africa,4,8135,0,160
2022-06-19,Comoros,Africa,1,8136,0,160
2022-06-26,Comoros,Africa,8,8144,0,160
2022-07-03,Comoros,Africa,40,8184,0,160
2022-07-10,Comoros,Africa,48,8232,0,160
2022-07-17,Comoros,Africa,38,8270,0,160
2022-07-24,Comoros,Africa,31,8301,0,160
2022-07-31,Comoros,Africa,28,8329,0,160
2022-08-07,Comoros,Africa,23,8352,0,160
2022-08-14,Comoros,Africa,51,8403,0,160
2022-08-21,Comoros,Africa,22,8425,0,160
2022-08-28,Comoros,Africa,25,8450,0,160
2022-09-04,Comoros,Africa,5,8455,0,160
2022-09-11,Comoros,Africa,12,8467,0,160
2022-09-18,Comoros,Africa,4,8471,0,160
2022-09-25,Comoros,Africa,1,8472,0,160
2022-10-02,Comoros,Africa,3,8475,0,160
2022-10-09,Comoros,Africa,5,8480,0,160
2022-10-16,Comoros,Africa,91,8571,0,160
2022-10-23,Comoros,Africa,101,8672,0,160
2022-10-30,Comoros,Africa,165,8837,0,160
2022-11-06,Comoros,Africa,69,8906,0,160
2022-11-13,Comoros,Africa,30,8936,0,160
2022-11-20,Comoros,Africa,20,8956,0,160
2022-11-27,Comoros,Africa,9,8965,0,160
2022-12-04,Comoros,Africa,3,8968,0,160
2022-12-11,Comoros,Africa,11,8979,0,160
2022-12-18,Comoros,Africa,0,8979,0,160
2022-12-25,Comoros,Africa,3,8982,0,160
2023-01-01,Comoros,Africa,3,8985,0,160
2023-01-08,Comoros,Africa,1,8986,0,160
2023-01-15,Comoros,Africa,1,8987,0,160
2023-01-22,Comoros,Africa,5,8992,0,160
2023-01-29,Comoros,Africa,1,8993,0,160
2023-02-05,Comoros,Africa,0,8993,0,160
2023-02-12,Comoros,Africa,0,8993,0,160
2023-02-19,Comoros,Africa,5,8998,0,160
2023-02-26,Comoros,Africa,5,9003,0,160
2023-03-05,Comoros,Africa,20,9023,0,160
2023-03-12,Comoros,Africa,29,9052,0,160
2023-03-19,Comoros,Africa,15,9067,0,160
2023-03-26,Comoros,Africa,13,9080,0,160
2023-04-02,Comoros,Africa,7,9087,0,160
2023-04-09,Comoros,Africa,12,9099,0,160
2023-04-16,Comoros,Africa,6,9105,0,160
2023-04-23,Comoros,Africa,0,9105,0,160
2023-04-30,Comoros,Africa,4,9109,0,160
2023-05-07,Comoros,Africa,0,9109,0,160
2023-05-14,Comoros,Africa,0,9109,0,160
2023-05-21,Comoros,Africa,0,9109,0,160
2023-05-28,Comoros,Africa,0,9109,0,160
2023-06-04,Comoros,Africa,0,9109,0,160
2023-06-11,Comoros,Africa,0,9109,0,160
2023-06-18,Comoros,Africa,0,9109,0,160
2023-06-25,Comoros,Africa,0,9109,0,160
2023-07-02,Comoros,Africa,0,9109,0,160
2023-07-09,Comoros,Africa,0,9109,0,160
2023-07-16,Comoros,Africa,0,9109,0,160
2023-07-23,Comoros,Africa,0,9109,0,160
2023-07-30,Comoros,Africa,0,9109,0,160
2023-08-06,Comoros,Africa,0,9109,0,160
2023-08-13,Comoros,Africa,0,9109,0,160
2023-08-20,Comoros,Africa,0,9109,0,160
2023-08-27,Comoros,Africa,0,9109,0,160
2023-09-03,Comoros,Africa,0,9109,0,160
2023-09-10,Comoros,Africa,0,9109,0,160
2023-09-17,Comoros,Africa,0,9109,0,160
2023-09-24,Comoros,Africa,0,9109,0,160
2023-10-01,Comoros,Africa,0,9109,0,160
2023-10-08,Comoros,Africa,0,9109,0,160
2023-10-15,Comoros,Africa,0,9109,0,160
2023-10-22,Comoros,Africa,0,9109,0,160
2023-10-29,Comoros,Africa,0,9109,0,160
2023-11-05,Comoros,Africa,0,9109,0,160
2023-11-12,Comoros,Africa,0,9109,0,160
2023-11-19,Comoros,Africa,0,9109,0,160
2023-11-26,Comoros,Africa,0,9109,0,160
2023-12-03,Comoros,Africa,0,9109,0,160
2023-12-10,Comoros,Africa,0,9109,0,160
2023-12-17,Comoros,Africa,0,9109,0,160
2023-12-24,Comoros,Africa,0,9109,0,160
2023-12-31,Comoros,Africa,0,9109,0,160
2024-01-07,Comoros,Africa,0,9109,0,160
2024-01-14,Comoros,Africa,0,9109,0,160
2024-01-21,Comoros,Africa,0,9109,0,160
2024-01-28,Comoros,Africa,0,9109,0,160
2024-02-04,Comoros,Africa,0,9109,0,160
2024-02-11,Comoros,Africa,0,9109,0,160
2024-02-18,Comoros,Africa,0,9109,0,160
2024-02-25,Comoros,Africa,0,9109,0,160
2024-03-03,Comoros,Africa,0,9109,0,160
2024-03-10,Comoros,Africa,0,9109,0,160
2024-03-17,Comoros,Africa,0,9109,0,160
2024-03-24,Comoros,Africa,0,9109,0,160
2024-03-31,Comoros,Africa,0,9109,0,160
2024-04-07,Comoros,Africa,0,9109,0,160
2024-04-14,Comoros,Africa,0,9109,0,160
2024-04-21,Comoros,Africa,0,9109,0,160
2024-04-28,Comoros,Africa,0,9109,0,160
2024-05-05,Comoros,Africa,0,9109,0,160
2024-05-12,Comoros,Africa,0,9109,0,160
2024-05-19,Comoros,Africa,0,9109,0,160
2024-05-26,Comoros,Africa,0,9109,0,160
2024-06-02,Comoros,Africa,0,9109,0,160
2024-06-09,Comoros,Africa,0,9109,0,160
2024-06-16,Comoros,Africa,0,9109,0,160
2024-06-23,Comoros,Africa,0,9109,0,160
2024-06-30,Comoros,Africa,0,9109,0,160
2024-07-07,Comoros,Africa,0,9109,0,160
2024-07-14,Comoros,Africa,0,9109,0,160
2024-07-21,Comoros,Africa,0,9109,0,160
2024-07-28,Comoros,Africa,0,9109,0,160
2024-08-04,Comoros,Africa,0,9109,0,160
2024-08-11,Comoros,Africa,0,9109,0,160
2024-08-18,Comoros,Africa,0,9109,0,160
2024-08-25,Comoros,Africa,0,9109,0,160
2024-09-01,Comoros,Africa,0,9109,0,160
2020-01-05,Congo,Africa,0,0,0,0
2020-01-12,Congo,Africa,0,0,0,0
2020-01-19,Congo,Africa,0,0,0,0
2020-01-26,Congo,Africa,0,0,0,0
2020-02-02,Congo,Africa,0,0,0,0
2020-02-09,Congo,Africa,0,0,0,0
2020-02-16,Congo,Africa,0,0,0,0
2020-02-23,Congo,Africa,0,0,0,0
2020-03-01,Congo,Africa,0,0,0,0
2020-03-08,Congo,Africa,0,0,0,0
2020-03-15,Congo,Africa,1,1,0,0
2020-03-22,Congo,Africa,2,3,0,0
2020-03-29,Congo,Africa,16,19,0,0
2020-04-05,Congo,Africa,30,49,4,4
2020-04-12,Congo,Africa,21,70,0,4
2020-04-19,Congo,Africa,73,143,1,5
2020-04-26,Congo,Africa,57,200,2,7
2020-05-03,Congo,Africa,29,229,2,9
2020-05-10,Congo,Africa,58,287,0,9
2020-05-17,Congo,Africa,123,410,5,14
2020-05-24,Congo,Africa,77,487,1,15
2020-05-31,Congo,Africa,117,604,4,19
2020-06-07,Congo,Africa,79,683,2,21
2020-06-14,Congo,Africa,96,779,4,25
2020-06-21,Congo,Africa,104,883,2,27
2020-06-28,Congo,Africa,446,1329,13,40
2020-07-05,Congo,Africa,228,1557,4,44
2020-07-12,Congo,Africa,665,2222,3,47
2020-07-19,Congo,Africa,411,2633,2,49
2020-07-26,Congo,Africa,526,3159,5,54
2020-08-02,Congo,Africa,228,3387,2,56
2020-08-09,Congo,Africa,277,3664,2,58
2020-08-16,Congo,Africa,167,3831,9,67
2020-08-23,Congo,Africa,19,3850,1,68
2020-08-30,Congo,Africa,129,3979,1,69
2020-09-06,Congo,Africa,888,4867,12,81
2020-09-13,Congo,Africa,67,4934,7,88
2020-09-20,Congo,Africa,68,5002,1,89
2020-09-27,Congo,Africa,89,5091,0,89
2020-10-04,Congo,Africa,20,5111,0,89
2020-10-11,Congo,Africa,45,5156,3,92
2020-10-18,Congo,Africa,0,5156,0,92
2020-10-25,Congo,Africa,134,5290,0,92
2020-11-01,Congo,Africa,58,5348,0,92
2020-11-08,Congo,Africa,31,5379,0,92
2020-11-15,Congo,Africa,136,5515,0,92
2020-11-22,Congo,Africa,117,5632,1,93
2020-11-29,Congo,Africa,142,5774,1,94
2020-12-06,Congo,Africa,0,5774,0,94
2020-12-13,Congo,Africa,275,6049,5,99
2020-12-20,Congo,Africa,224,6273,1,100
2020-12-27,Congo,Africa,116,6389,0,100
2021-01-03,Congo,Africa,771,7160,12,112
2021-01-10,Congo,Africa,441,7601,0,112
2021-01-17,Congo,Africa,193,7794,5,117
2021-01-24,Congo,Africa,93,7887,0,117
2021-01-31,Congo,Africa,173,8060,5,122
2021-02-07,Congo,Africa,294,8354,0,122
2021-02-14,Congo,Africa,65,8419,1,123
2021-02-21,Congo,Africa,206,8625,4,127
2021-02-28,Congo,Africa,195,8820,1,128
2021-03-07,Congo,Africa,359,9179,3,131
2021-03-14,Congo,Africa,150,9329,0,131
2021-03-21,Congo,Africa,352,9681,4,135
2021-03-28,Congo,Africa,0,9681,0,135
2021-04-04,Congo,Africa,403,10084,2,137
2021-04-11,Congo,Africa,0,10084,0,137
2021-04-18,Congo,Africa,0,10084,0,137
2021-04-25,Congo,Africa,594,10678,7,144
2021-05-02,Congo,Africa,338,11016,3,147
2021-05-09,Congo,Africa,327,11343,1,148
2021-05-16,Congo,Africa,133,11476,2,150
2021-05-23,Congo,Africa,182,11658,3,153
2021-05-30,Congo,Africa,187,11845,1,154
2021-06-06,Congo,Africa,75,11920,1,155
2021-06-13,Congo,Africa,0,11920,0,155
2021-06-20,Congo,Africa,484,12404,9,164
2021-06-27,Congo,Africa,192,12596,1,165
2021-07-04,Congo,Africa,194,12790,2,167
2021-07-11,Congo,Africa,143,12933,5,172
2021-07-18,Congo,Africa,117,13050,4,176
2021-07-25,Congo,Africa,106,13156,1,177
2021-08-01,Congo,Africa,60,13216,1,178
2021-08-08,Congo,Africa,77,13293,1,179
2021-08-15,Congo,Africa,105,13398,0,179
2021-08-22,Congo,Africa,95,13493,0,179
2021-08-29,Congo,Africa,95,13588,4,183
2021-09-05,Congo,Africa,113,13701,0,183
2021-09-12,Congo,Africa,0,13701,0,183
2021-09-19,Congo,Africa,313,14014,8,191
2021-09-26,Congo,Africa,230,14244,2,193
2021-10-03,Congo,Africa,317,14561,6,199
2021-10-10,Congo,Africa,694,15255,20,219
2021-10-17,Congo,Africa,707,15962,12,231
2021-10-24,Congo,Africa,906,16868,18,249
2021-10-31,Congo,Africa,802,17670,29,278
2021-11-07,Congo,Africa,483,18153,31,309
2021-11-14,Congo,Africa,386,18539,22,331
2021-11-21,Congo,Africa,298,18837,18,349
2021-11-28,Congo,Africa,133,18970,5,354
2021-12-05,Congo,Africa,96,19066,5,359
2021-12-12,Congo,Africa,0,19066,0,359
2021-12-19,Congo,Africa,113,19179,6,365
2021-12-26,Congo,Africa,910,20089,2,367
2022-01-02,Congo,Africa,1188,21277,2,369
2022-01-09,Congo,Africa,1141,22418,1,370
2022-01-16,Congo,Africa,826,23244,1,371
2022-01-23,Congo,Africa,241,23485,0,371
2022-01-30,Congo,Africa,220,23705,0,371
2022-02-06,Congo,Africa,87,23792,4,375
2022-02-13,Congo,Africa,20,23812,0,375
2022-02-20,Congo,Africa,51,23863,2,377
2022-02-27,Congo,Africa,95,23958,1,378
2022-03-06,Congo,Africa,21,23979,0,378
2022-03-13,Congo,Africa,8,23987,0,378
2022-03-20,Congo,Africa,13,24000,6,384
2022-03-27,Congo,Africa,7,24007,0,384
2022-04-03,Congo,Africa,10,24017,1,385
2022-04-10,Congo,Africa,11,24028,0,385
2022-04-17,Congo,Africa,1,24029,0,385
2022-04-24,Congo,Africa,0,24029,0,385
2022-05-01,Congo,Africa,12,24041,0,385
2022-05-08,Congo,Africa,11,24052,0,385
2022-05-15,Congo,Africa,0,24052,0,385
2022-05-22,Congo,Africa,0,24052,0,385
2022-05-29,Congo,Africa,0,24052,0,385
2022-06-05,Congo,Africa,76,24128,0,385
2022-06-12,Congo,Africa,0,24128,0,385
2022-06-19,Congo,Africa,0,24128,0,385
2022-06-26,Congo,Africa,0,24128,0,385
2022-07-03,Congo,Africa,293,24421,1,386
2022-07-10,Congo,Africa,0,24421,0,386
2022-07-17,Congo,Africa,183,24604,0,386
2022-07-24,Congo,Africa,86,24690,0,386
2022-07-31,Congo,Africa,100,24790,0,386
2022-08-07,Congo,Africa,16,24806,0,386
2022-08-14,Congo,Africa,15,24821,0,386
2022-08-21,Congo,Africa,19,24840,0,386
2022-08-28,Congo,Africa,11,24851,0,386
2022-09-04,Congo,Africa,20,24871,0,386
2022-09-11,Congo,Africa,15,24886,0,386
2022-09-18,Congo,Africa,8,24894,0,386
2022-09-25,Congo,Africa,22,24916,0,386
2022-10-02,Congo,Africa,32,24948,0,386
2022-10-09,Congo,Africa,45,24993,0,386
2022-10-16,Congo,Africa,23,25016,0,386
2022-10-23,Congo,Africa,27,25043,0,386
2022-10-30,Congo,Africa,3,25046,0,386
2022-11-06,Congo,Africa,5,25051,0,386
2022-11-13,Congo,Africa,5,25056,0,386
2022-11-20,Congo,Africa,2,25058,0,386
2022-11-27,Congo,Africa,3,25061,0,386
2022-12-04,Congo,Africa,1,25062,0,386
2022-12-11,Congo,Africa,0,25062,0,386
2022-12-18,Congo,Africa,1,25063,0,386
2022-12-25,Congo,Africa,0,25063,0,386
2023-01-01,Congo,Africa,0,25063,0,386
2023-01-08,Congo,Africa,1,25064,0,386
2023-01-15,Congo,Africa,0,25064,0,386
2023-01-22,Congo,Africa,3,25067,2,388
2023-01-29,Congo,Africa,2,25069,0,388
2023-02-05,Congo,Africa,1,25070,0,388
2023-02-12,Congo,Africa,3,25073,0,388
2023-02-19,Congo,Africa,4,25077,0,388
2023-02-26,Congo,Africa,0,25077,0,388
2023-03-05,Congo,Africa,10,25087,0,388
2023-03-12,Congo,Africa,12,25099,0,388
2023-03-19,Congo,Africa,11,25110,0,388
2023-03-26,Congo,Africa,33,25143,1,389
2023-04-02,Congo,Africa,0,25143,0,389
2023-04-09,Congo,Africa,32,25175,0,389
2023-04-16,Congo,Africa,10,25185,0,389
2023-04-23,Congo,Africa,3,25188,0,389
2023-04-30,Congo,Africa,4,25192,0,389
2023-05-07,Congo,Africa,0,25192,0,389
2023-05-14,Congo,Africa,2,25194,0,389
2023-05-21,Congo,Africa,1,25195,0,389
2023-05-28,Congo,Africa,1,25196,0,389
2023-06-04,Congo,Africa,0,25196,0,389
2023-06-11,Congo,Africa,0,25196,0,389
2023-06-18,Congo,Africa,0,25196,0,389
2023-06-25,Congo,Africa,0,25196,0,389
2023-07-02,Congo,Africa,0,25196,0,389
2023-07-09,Congo,Africa,0,25196,0,389
2023-07-16,Congo,Africa,0,25196,0,389
2023-07-23,Congo,Africa,0,25196,0,389
2023-07-30,Congo,Africa,0,25196,0,389
2023-08-06,Congo,Africa,0,25196,0,389
2023-08-13,Congo,Africa,0,25196,0,389
2023-08-20,Congo,Africa,0,25196,0,389
2023-08-27,Congo,Africa,0,25196,0,389
2023-09-03,Congo,Africa,0,25196,0,389
2023-09-10,Congo,Africa,0,25196,0,389
2023-09-17,Congo,Africa,0,25196,0,389
2023-09-24,Congo,Africa,0,25196,0,389
2023-10-01,Congo,Africa,0,25196,0,389
2023-10-08,Congo,Africa,3,25199,0,389
2023-10-15,Congo,Africa,4,25203,0,389
2023-10-22,Congo,Africa,3,25206,0,389
2023-10-29,Congo,Africa,3,25209,0,389
2023-11-05,Congo,Africa,4,25213,0,389
2023-11-12,Congo,Africa,0,25213,0,389
2023-11-19,Congo,Africa,0,25213,0,389
2023-11-26,Congo,Africa,0,25213,0,389
2023-12-03,Congo,Africa,0,25213,0,389
2023-12-10,Congo,Africa,0,25213,0,389
2023-12-17,Congo,Africa,0,25213,0,389
2023-12-24,Congo,Africa,0,25213,0,389
2023-12-31,Congo,Africa,0,25213,0,389
2024-01-07,Congo,Africa,0,25213,0,389
2024-01-14,Congo,Africa,0,25213,0,389
2024-01-21,Congo,Africa,0,25213,0,389
2024-01-28,Congo,Africa,0,25213,0,389
2024-02-04,Congo,Africa,0,25213,0,389
2024-02-11,Congo,Africa,0,25213,0,389
2024-02-18,Congo,Africa,1,25214,0,389
2024-02-25,Congo,Africa,0,25214,0,389
2024-03-03,Congo,Africa,1,25215,0,389
2024-03-10,Congo,Africa,0,25215,0,389
2024-03-17,Congo,Africa,0,25215,0,389
2024-03-24,Congo,Africa,0,25215,0,389
2024-03-31,Congo,Africa,1,25216,0,389
2024-04-07,Congo,Africa,1,25217,0,389
2024-04-14,Congo,Africa,1,25218,0,389
2024-04-21,Congo,Africa,0,25218,0,389
2024-04-28,Congo,Africa,1,25219,0,389
2024-05-05,Congo,Africa,0,25219,0,389
2024-05-12,Congo,Africa,0,25219,0,389
2024-05-19,Congo,Africa,0,25219,0,389
2024-05-26,Congo,Africa,1,25220,0,389
2024-06-02,Congo,Africa,0,25220,0,389
2024-06-09,Congo,Africa,0,25220,0,389
2024-06-16,Congo,Africa,6,25226,0,389
2024-06-23,Congo,Africa,0,25226,0,389
2024-06-30,Congo,Africa,0,25226,0,389
2024-07-07,Congo,Africa,0,25226,0,389
2024-07-14,Congo,Africa,1,25227,0,389
2024-07-21,Congo,Africa,0,25227,0,389
2024-07-28,Congo,Africa,0,25227,0,389
2024-08-04,Congo,Africa,0,25227,0,389
2024-08-11,Congo,Africa,2,25229,0,389
2024-08-18,Congo,Africa,3,25232,0,389
2024-08-25,Congo,Africa,0,25232,0,389
2024-09-01,Congo,Africa,0,25232,0,389
2020-01-05,Cook Islands,Oceania,0,0,0,0
2020-01-12,Cook Islands,Oceania,0,0,0,0
2020-01-19,Cook Islands,Oceania,0,0,0,0
2020-01-26,Cook Islands,Oceania,0,0,0,0
2020-02-02,Cook Islands,Oceania,0,0,0,0
2020-02-09,Cook Islands,Oceania,0,0,0,0
2020-02-16,Cook Islands,Oceania,0,0,0,0
2020-02-23,Cook Islands,Oceania,0,0,0,0
2020-03-01,Cook Islands,Oceania,0,0,0,0
2020-03-08,Cook Islands,Oceania,0,0,0,0
2020-03-15,Cook Islands,Oceania,0,0,0,0
2020-03-22,Cook Islands,Oceania,0,0,0,0
2020-03-29,Cook Islands,Oceania,0,0,0,0
2020-04-05,Cook Islands,Oceania,0,0,0,0
2020-04-12,Cook Islands,Oceania,0,0,0,0
2020-04-19,Cook Islands,Oceania,0,0,0,0
2020-04-26,Cook Islands,Oceania,0,0,0,0
2020-05-03,Cook Islands,Oceania,0,0,0,0
2020-05-10,Cook Islands,Oceania,0,0,0,0
2020-05-17,Cook Islands,Oceania,0,0,0,0
2020-05-24,Cook Islands,Oceania,0,0,0,0
2020-05-31,Cook Islands,Oceania,0,0,0,0
2020-06-07,Cook Islands,Oceania,0,0,0,0
2020-06-14,Cook Islands,Oceania,0,0,0,0
2020-06-21,Cook Islands,Oceania,0,0,0,0
2020-06-28,Cook Islands,Oceania,0,0,0,0
2020-07-05,Cook Islands,Oceania,0,0,0,0
2020-07-12,Cook Islands,Oceania,0,0,0,0
2020-07-19,Cook Islands,Oceania,0,0,0,0
2020-07-26,Cook Islands,Oceania,0,0,0,0
2020-08-02,Cook Islands,Oceania,0,0,0,0
2020-08-09,Cook Islands,Oceania,0,0,0,0
2020-08-16,Cook Islands,Oceania,0,0,0,0
2020-08-23,Cook Islands,Oceania,0,0,0,0
2020-08-30,Cook Islands,Oceania,0,0,0,0
2020-09-06,Cook Islands,Oceania,0,0,0,0
2020-09-13,Cook Islands,Oceania,0,0,0,0
2020-09-20,Cook Islands,Oceania,0,0,0,0
2020-09-27,Cook Islands,Oceania,0,0,0,0
2020-10-04,Cook Islands,Oceania,0,0,0,0
2020-10-11,Cook Islands,Oceania,0,0,0,0
2020-10-18,Cook Islands,Oceania,0,0,0,0
2020-10-25,Cook Islands,Oceania,0,0,0,0
2020-11-01,Cook Islands,Oceania,0,0,0,0
2020-11-08,Cook Islands,Oceania,0,0,0,0
2020-11-15,Cook Islands,Oceania,0,0,0,0
2020-11-22,Cook Islands,Oceania,0,0,0,0
2020-11-29,Cook Islands,Oceania,0,0,0,0
2020-12-06,Cook Islands,Oceania,0,0,0,0
2020-12-13,Cook Islands,Oceania,0,0,0,0
2020-12-20,Cook Islands,Oceania,0,0,0,0
2020-12-27,Cook Islands,Oceania,0,0,0,0
2021-01-03,Cook Islands,Oceania,0,0,0,0
2021-01-10,Cook Islands,Oceania,0,0,0,0
2021-01-17,Cook Islands,Oceania,0,0,0,0
2021-01-24,Cook Islands,Oceania,0,0,0,0
2021-01-31,Cook Islands,Oceania,0,0,0,0
2021-02-07,Cook Islands,Oceania,0,0,0,0
2021-02-14,Cook Islands,Oceania,0,0,0,0
2021-02-21,Cook Islands,Oceania,0,0,0,0
2021-02-28,Cook Islands,Oceania,0,0,0,0
2021-03-07,Cook Islands,Oceania,0,0,0,0
2021-03-14,Cook Islands,Oceania,0,0,0,0
2021-03-21,Cook Islands,Oceania,0,0,0,0
2021-03-28,Cook Islands,Oceania,0,0,0,0
2021-04-04,Cook Islands,Oceania,0,0,0,0
2021-04-11,Cook Islands,Oceania,0,0,0,0
2021-04-18,Cook Islands,Oceania,0,0,0,0
2021-04-25,Cook Islands,Oceania,0,0,0,0
2021-05-02,Cook Islands,Oceania,0,0,0,0
2021-05-09,Cook Islands,Oceania,0,0,0,0
2021-05-16,Cook Islands,Oceania,0,0,0,0
2021-05-23,Cook Islands,Oceania,0,0,0,0
2021-05-30,Cook Islands,Oceania,0,0,0,0
2021-06-06,Cook Islands,Oceania,0,0,0,0
2021-06-13,Cook Islands,Oceania,0,0,0,0
2021-06-20,Cook Islands,Oceania,0,0,0,0
2021-06-27,Cook Islands,Oceania,0,0,0,0
2021-07-04,Cook Islands,Oceania,0,0,0,0
2021-07-11,Cook Islands,Oceania,0,0,0,0
2021-07-18,Cook Islands,Oceania,0,0,0,0
2021-07-25,Cook Islands,Oceania,0,0,0,0
2021-08-01,Cook Islands,Oceania,0,0,0,0
2021-08-08,Cook Islands,Oceania,0,0,0,0
2021-08-15,Cook Islands,Oceania,0,0,0,0
2021-08-22,Cook Islands,Oceania,0,0,0,0
2021-08-29,Cook Islands,Oceania,0,0,0,0
2021-09-05,Cook Islands,Oceania,0,0,0,0
2021-09-12,Cook Islands,Oceania,0,0,0,0
2021-09-19,Cook Islands,Oceania,0,0,0,0
2021-09-26,Cook Islands,Oceania,0,0,0,0
2021-10-03,Cook Islands,Oceania,0,0,0,0
2021-10-10,Cook Islands,Oceania,0,0,0,0
2021-10-17,Cook Islands,Oceania,0,0,0,0
2021-10-24,Cook Islands,Oceania,0,0,0,0
2021-10-31,Cook Islands,Oceania,0,0,0,0
2021-11-07,Cook Islands,Oceania,0,0,0,0
2021-11-14,Cook Islands,Oceania,0,0,0,0
2021-11-21,Cook Islands,Oceania,0,0,0,0
2021-11-28,Cook Islands,Oceania,0,0,0,0
2021-12-05,Cook Islands,Oceania,0,0,0,0
2021-12-12,Cook Islands,Oceania,0,0,0,0
2021-12-19,Cook Islands,Oceania,0,0,0,0
2021-12-26,Cook Islands,Oceania,0,0,0,0
2022-01-02,Cook Islands,Oceania,0,0,0,0
2022-01-09,Cook Islands,Oceania,0,0,0,0
2022-01-16,Cook Islands,Oceania,0,0,0,0
2022-01-23,Cook Islands,Oceania,0,0,0,0
2022-01-30,Cook Islands,Oceania,0,0,0,0
2022-02-06,Cook Islands,Oceania,0,0,0,0
2022-02-13,Cook Islands,Oceania,0,0,0,0
2022-02-20,Cook Islands,Oceania,4,4,0,0
2022-02-27,Cook Islands,Oceania,6,10,0,0
2022-03-06,Cook Islands,Oceania,122,132,0,0
2022-03-13,Cook Islands,Oceania,206,338,0,0
2022-03-20,Cook Islands,Oceania,446,784,0,0
2022-03-27,Cook Islands,Oceania,611,1395,0,0
2022-04-03,Cook Islands,Oceania,1011,2406,0,0
2022-04-10,Cook Islands,Oceania,765,3171,0,0
2022-04-17,Cook Islands,Oceania,517,3688,0,0
2022-04-24,Cook Islands,Oceania,1039,4727,1,1
2022-05-01,Cook Islands,Oceania,343,5070,0,1
2022-05-08,Cook Islands,Oceania,197,5267,0,1
2022-05-15,Cook Islands,Oceania,148,5415,0,1
2022-05-22,Cook Islands,Oceania,128,5543,0,1
2022-05-29,Cook Islands,Oceania,93,5636,0,1
2022-06-05,Cook Islands,Oceania,61,5697,0,1
2022-06-12,Cook Islands,Oceania,20,5717,0,1
2022-06-19,Cook Islands,Oceania,10,5727,0,1
2022-06-26,Cook Islands,Oceania,41,5768,0,1
2022-07-03,Cook Islands,Oceania,6,5774,0,1
2022-07-10,Cook Islands,Oceania,20,5794,0,1
2022-07-17,Cook Islands,Oceania,20,5814,0,1
2022-07-24,Cook Islands,Oceania,33,5847,0,1
2022-07-31,Cook Islands,Oceania,195,6042,0,1
2022-08-07,Cook Islands,Oceania,87,6129,0,1
2022-08-14,Cook Islands,Oceania,80,6209,0,1
2022-08-21,Cook Islands,Oceania,56,6265,0,1
2022-08-28,Cook Islands,Oceania,0,6265,0,1
2022-09-04,Cook Islands,Oceania,108,6373,0,1
2022-09-11,Cook Islands,Oceania,13,6386,0,1
2022-09-18,Cook Islands,Oceania,3,6389,0,1
2022-09-25,Cook Islands,Oceania,0,6389,0,1
2022-10-02,Cook Islands,Oceania,0,6389,0,1
2022-10-09,Cook Islands,Oceania,0,6389,0,1
2022-10-16,Cook Islands,Oceania,0,6389,0,1
2022-10-23,Cook Islands,Oceania,0,6389,0,1
2022-10-30,Cook Islands,Oceania,0,6389,0,1
2022-11-06,Cook Islands,Oceania,0,6389,0,1
2022-11-13,Cook Islands,Oceania,0,6389,0,1
2022-11-20,Cook Islands,Oceania,0,6389,0,1
2022-11-27,Cook Islands,Oceania,0,6389,0,1
2022-12-04,Cook Islands,Oceania,0,6389,0,1
2022-12-11,Cook Islands,Oceania,0,6389,0,1
2022-12-18,Cook Islands,Oceania,0,6389,0,1
2022-12-25,Cook Islands,Oceania,236,6625,0,1
2023-01-01,Cook Islands,Oceania,85,6710,0,1
2023-01-08,Cook Islands,Oceania,134,6844,0,1
2023-01-15,Cook Islands,Oceania,108,6952,0,1
2023-01-22,Cook Islands,Oceania,36,6988,0,1
2023-01-29,Cook Islands,Oceania,11,6999,0,1
2023-02-05,Cook Islands,Oceania,20,7019,1,2
2023-02-12,Cook Islands,Oceania,3,7022,0,2
2023-02-19,Cook Islands,Oceania,4,7026,0,2
2023-02-26,Cook Islands,Oceania,2,7028,0,2
2023-03-05,Cook Islands,Oceania,1,7029,0,2
2023-03-12,Cook Islands,Oceania,3,7032,0,2
2023-03-19,Cook Islands,Oceania,1,7033,0,2
2023-03-26,Cook Islands,Oceania,4,7037,0,2
2023-04-02,Cook Islands,Oceania,5,7042,0,2
2023-04-09,Cook Islands,Oceania,8,7050,0,2
2023-04-16,Cook Islands,Oceania,5,7055,0,2
2023-04-23,Cook Islands,Oceania,4,7059,0,2
2023-04-30,Cook Islands,Oceania,3,7062,0,2
2023-05-07,Cook Islands,Oceania,5,7067,0,2
2023-05-14,Cook Islands,Oceania,12,7079,0,2
2023-05-21,Cook Islands,Oceania,27,7106,0,2
2023-05-28,Cook Islands,Oceania,14,7120,0,2
2023-06-04,Cook Islands,Oceania,8,7128,0,2
2023-06-11,Cook Islands,Oceania,9,7137,0,2
2023-06-18,Cook Islands,Oceania,5,7142,0,2
2023-06-25,Cook Islands,Oceania,1,7143,0,2
2023-07-02,Cook Islands,Oceania,1,7144,0,2
2023-07-09,Cook Islands,Oceania,0,7144,0,2
2023-07-16,Cook Islands,Oceania,3,7147,0,2
2023-07-23,Cook Islands,Oceania,2,7149,0,2
2023-07-30,Cook Islands,Oceania,2,7151,0,2
2023-08-06,Cook Islands,Oceania,1,7152,0,2
2023-08-13,Cook Islands,Oceania,0,7152,0,2
2023-08-20,Cook Islands,Oceania,0,7152,0,2
2023-08-27,Cook Islands,Oceania,0,7152,0,2
2023-09-03,Cook Islands,Oceania,0,7152,0,2
2023-09-10,Cook Islands,Oceania,0,7152,0,2
2023-09-17,Cook Islands,Oceania,6,7158,0,2
2023-09-24,Cook Islands,Oceania,0,7158,0,2
2023-10-01,Cook Islands,Oceania,0,7158,0,2
2023-10-08,Cook Islands,Oceania,0,7158,0,2
2023-10-15,Cook Islands,Oceania,10,7168,0,2
2023-10-22,Cook Islands,Oceania,0,7168,0,2
2023-10-29,Cook Islands,Oceania,0,7168,0,2
2023-11-05,Cook Islands,Oceania,0,7168,0,2
2023-11-12,Cook Islands,Oceania,0,7168,0,2
2023-11-19,Cook Islands,Oceania,4,7172,0,2
2023-11-26,Cook Islands,Oceania,2,7174,0,2
2023-12-03,Cook Islands,Oceania,0,7174,0,2
2023-12-10,Cook Islands,Oceania,0,7174,0,2
2023-12-17,Cook Islands,Oceania,0,7174,0,2
2023-12-24,Cook Islands,Oceania,29,7203,0,2
2023-12-31,Cook Islands,Oceania,0,7203,0,2
2024-01-07,Cook Islands,Oceania,0,7203,0,2
2024-01-14,Cook Islands,Oceania,42,7245,0,2
2024-01-21,Cook Islands,Oceania,0,7245,0,2
2024-01-28,Cook Islands,Oceania,22,7267,0,2
2024-02-04,Cook Islands,Oceania,8,7275,0,2
2024-02-11,Cook Islands,Oceania,0,7275,0,2
2024-02-18,Cook Islands,Oceania,22,7297,0,2
2024-02-25,Cook Islands,Oceania,6,7303,0,2
2024-03-03,Cook Islands,Oceania,9,7312,0,2
2024-03-10,Cook Islands,Oceania,8,7320,0,2
2024-03-17,Cook Islands,Oceania,1,7321,0,2
2024-03-24,Cook Islands,Oceania,3,7324,0,2
2024-03-31,Cook Islands,Oceania,0,7324,0,2
2024-04-07,Cook Islands,Oceania,0,7324,0,2
2024-04-14,Cook Islands,Oceania,0,7324,0,2
2024-04-21,Cook Islands,Oceania,0,7324,0,2
2024-04-28,Cook Islands,Oceania,2,7326,0,2
2024-05-05,Cook Islands,Oceania,0,7326,0,2
2024-05-12,Cook Islands,Oceania,0,7326,0,2
2024-05-19,Cook Islands,Oceania,0,7326,0,2
2024-05-26,Cook Islands,Oceania,0,7326,0,2
2024-06-02,Cook Islands,Oceania,0,7326,0,2
2024-06-09,Cook Islands,Oceania,0,7326,0,2
2024-06-16,Cook Islands,Oceania,1,7327,0,2
2024-06-23,Cook Islands,Oceania,0,7327,0,2
2024-06-30,Cook Islands,Oceania,0,7327,0,2
2024-07-07,Cook Islands,Oceania,14,7341,0,2
2024-07-14,Cook Islands,Oceania,3,7344,0,2
2024-07-21,Cook Islands,Oceania,0,7344,0,2
2024-07-28,Cook Islands,Oceania,0,7344,0,2
2024-08-04,Cook Islands,Oceania,1,7345,0,2
2024-08-11,Cook Islands,Oceania,0,7345,0,2
2024-08-18,Cook Islands,Oceania,30,7375,0,2
2024-08-25,Cook Islands,Oceania,-1,7374,0,2
2024-09-01,Cook Islands,Oceania,0,7374,0,2
2020-01-05,Costa Rica,North America,0,0,0,0
2020-01-12,Costa Rica,North America,0,0,0,0
2020-01-19,Costa Rica,North America,0,0,0,0
2020-01-26,Costa Rica,North America,0,0,0,0
2020-02-02,Costa Rica,North America,0,0,0,0
2020-02-09,Costa Rica,North America,0,0,0,0
2020-02-16,Costa Rica,North America,0,0,0,0
2020-02-23,Costa Rica,North America,0,0,0,0
2020-03-01,Costa Rica,North America,0,0,0,0
2020-03-08,Costa Rica,North America,2,2,0,0
2020-03-15,Costa Rica,North America,24,26,0,0
2020-03-22,Costa Rica,North America,87,113,2,2
2020-03-29,Costa Rica,North America,150,263,0,2
2020-04-05,Costa Rica,North America,153,416,0,2
2020-04-12,Costa Rica,North America,142,558,1,3
2020-04-19,Costa Rica,North America,91,649,1,4
2020-04-26,Costa Rica,North America,38,687,2,6
2020-05-03,Costa Rica,North America,38,725,0,6
2020-05-10,Costa Rica,North America,48,773,0,6
2020-05-17,Costa Rica,North America,70,843,2,8
2020-05-24,Costa Rica,North America,68,911,2,10
2020-05-31,Costa Rica,North America,111,1022,0,10
2020-06-07,Costa Rica,North America,206,1228,0,10
2020-06-14,Costa Rica,North America,384,1612,2,12
2020-06-21,Costa Rica,North America,446,2058,0,12
2020-06-28,Costa Rica,North America,778,2836,0,12
2020-07-05,Costa Rica,North America,1475,4311,6,18
2020-07-12,Costa Rica,North America,2534,6845,8,26
2020-07-19,Costa Rica,North America,3124,9969,21,47
2020-07-26,Costa Rica,North America,3700,13669,40,87
2020-08-02,Costa Rica,North America,4151,17820,63,150
2020-08-09,Costa Rica,North America,4261,22081,68,218
2020-08-16,Costa Rica,North America,4850,26931,63,281
2020-08-23,Costa Rica,North America,5203,32134,59,340
2020-08-30,Costa Rica,North America,6351,38485,67,407
2020-09-06,Costa Rica,North America,7195,45680,62,469
2020-09-13,Costa Rica,North America,8289,53969,114,583
2020-09-20,Costa Rica,North America,8405,62374,103,686
2020-09-27,Costa Rica,North America,8442,70816,126,812
2020-10-04,Costa Rica,North America,7013,77829,118,930
2020-10-11,Costa Rica,North America,8224,86053,125,1055
2020-10-18,Costa Rica,North America,8295,94348,113,1168
2020-10-25,Costa Rica,North America,7478,101826,97,1265
2020-11-01,Costa Rica,North America,7040,108866,106,1371
2020-11-08,Costa Rica,North America,6551,115417,82,1453
2020-11-15,Costa Rica,North America,6706,122123,84,1537
2020-11-22,Costa Rica,North America,7295,129418,71,1608
2020-11-29,Costa Rica,North America,7675,137093,82,1690
2020-12-06,Costa Rica,North America,6592,143685,83,1773
2020-12-13,Costa Rica,North America,7262,150947,122,1895
2020-12-20,Costa Rica,North America,6525,157472,101,1996
2020-12-27,Costa Rica,North America,6590,164062,107,2103
2021-01-03,Costa Rica,North America,6529,170591,90,2193
2021-01-10,Costa Rica,North America,7023,177614,112,2305
2021-01-17,Costa Rica,North America,6573,184187,111,2416
2021-01-24,Costa Rica,North America,5121,189308,102,2518
2021-01-31,Costa Rica,North America,3968,193276,86,2604
2021-02-07,Costa Rica,North America,3162,196438,68,2672
2021-02-14,Costa Rica,North America,2749,199187,42,2714
2021-02-21,Costa Rica,North America,2491,201678,49,2763
2021-02-28,Costa Rica,North America,2663,204341,37,2800
2021-03-07,Costa Rica,North America,2299,206640,33,2833
2021-03-14,Costa Rica,North America,2453,209093,29,2862
2021-03-21,Costa Rica,North America,2810,211903,34,2896
2021-03-28,Costa Rica,North America,3275,215178,35,2931
2021-04-04,Costa Rica,North America,2978,218156,43,2974
2021-04-11,Costa Rica,North America,4388,222544,44,3018
2021-04-18,Costa Rica,North America,6033,228577,53,3071
2021-04-25,Costa Rica,North America,8353,236930,65,3136
2021-05-02,Costa Rica,North America,14061,250991,95,3231
2021-05-09,Costa Rica,North America,14495,265486,134,3365
2021-05-16,Costa Rica,North America,17255,282741,182,3547
2021-05-23,Costa Rica,North America,16478,299219,218,3765
2021-05-30,Costa Rica,North America,14883,314102,197,3962
2021-06-06,Costa Rica,North America,13877,327979,191,4153
2021-06-13,Costa Rica,North America,11921,339900,169,4322
2021-06-20,Costa Rica,North America,10730,350630,151,4473
2021-06-27,Costa Rica,North America,10375,361005,129,4602
2021-07-04,Costa Rica,North America,10201,371206,84,4686
2021-07-11,Costa Rica,North America,9276,380482,87,4773
2021-07-18,Costa Rica,North America,9316,389798,101,4874
2021-07-25,Costa Rica,North America,8810,398608,67,4941
2021-08-01,Costa Rica,North America,8206,406814,89,5030
2021-08-08,Costa Rica,North America,9863,416677,94,5124
2021-08-15,Costa Rica,North America,11618,428295,87,5211
2021-08-22,Costa Rica,North America,12352,440647,101,5312
2021-08-29,Costa Rica,North America,15137,455784,119,5431
2021-09-05,Costa Rica,North America,16531,472315,137,5568
2021-09-12,Costa Rica,North America,17469,489784,186,5754
2021-09-19,Costa Rica,North America,15379,505163,195,5949
2021-09-26,Costa Rica,North America,16019,521182,240,6189
2021-10-03,Costa Rica,North America,12691,533873,224,6413
2021-10-10,Costa Rica,North America,10148,544021,199,6612
2021-10-17,Costa Rica,North America,7123,551144,185,6797
2021-10-24,Costa Rica,North America,4826,555970,149,6946
2021-10-31,Costa Rica,North America,3728,559698,83,7029
2021-11-07,Costa Rica,North America,2618,562316,105,7134
2021-11-14,Costa Rica,North America,1843,564159,63,7197
2021-11-21,Costa Rica,North America,1389,565548,54,7251
2021-11-28,Costa Rica,North America,1012,566560,36,7287
2021-12-05,Costa Rica,North America,823,567383,25,7312
2021-12-12,Costa Rica,North America,612,567995,20,7332
2021-12-19,Costa Rica,North America,543,568538,8,7340
2021-12-26,Costa Rica,North America,985,569523,9,7349
2022-01-02,Costa Rica,North America,3025,572548,8,7357
2022-01-09,Costa Rica,North America,11999,584547,15,7372
2022-01-16,Costa Rica,North America,25335,609882,34,7406
2022-01-23,Costa Rica,North America,33614,643496,45,7451
2022-01-30,Costa Rica,North America,38984,682480,82,7533
2022-02-06,Costa Rica,North America,39491,721971,108,7641
2022-02-13,Costa Rica,North America,35122,757093,131,7772
2022-02-20,Costa Rica,North America,26344,783437,122,7894
2022-02-27,Costa Rica,North America,19035,802472,105,7999
2022-03-06,Costa Rica,North America,12111,814583,83,8082
2022-03-13,Costa Rica,North America,8352,822935,78,8160
2022-03-20,Costa Rica,North America,6465,829400,66,8226
2022-03-27,Costa Rica,North America,5326,834726,40,8266
2022-04-03,Costa Rica,North America,4642,839368,42,8308
2022-04-10,Costa Rica,North America,4116,843484,35,8343
2022-04-17,Costa Rica,North America,2658,846142,22,8365
2022-04-24,Costa Rica,North America,1642,847784,18,8383
2022-05-01,Costa Rica,North America,4290,852074,22,8405
2022-05-08,Costa Rica,North America,5216,857290,16,8421
2022-05-15,Costa Rica,North America,8874,866164,23,8444
2022-05-22,Costa Rica,North America,11369,877533,28,8472
2022-05-29,Costa Rica,North America,13505,891038,23,8495
2022-06-05,Costa Rica,North America,13896,904934,30,8525
2022-06-12,Costa Rica,North America,14938,919872,8,8533
2022-06-19,Costa Rica,North America,16554,936426,0,8533
2022-06-26,Costa Rica,North America,17324,953750,26,8559
2022-07-03,Costa Rica,North America,18010,971760,38,8597
2022-07-10,Costa Rica,North America,20357,992117,27,8624
2022-07-17,Costa Rica,North America,17220,1009337,29,8653
2022-07-24,Costa Rica,North America,19038,1028375,37,8690
2022-07-31,Costa Rica,North America,16010,1044385,50,8740
2022-08-07,Costa Rica,North America,13310,1057695,34,8774
2022-08-14,Costa Rica,North America,11467,1069162,26,8800
2022-08-21,Costa Rica,North America,10663,1079825,28,8828
2022-08-28,Costa Rica,North America,8891,1088716,28,8856
2022-09-04,Costa Rica,North America,8913,1097629,31,8887
2022-09-11,Costa Rica,North America,8163,1105792,26,8913
2022-09-18,Costa Rica,North America,6177,1111969,20,8933
2022-09-25,Costa Rica,North America,6020,1117989,20,8953
2022-10-02,Costa Rica,North America,5012,1123001,13,8966
2022-10-09,Costa Rica,North America,4601,1127602,8,8974
2022-10-16,Costa Rica,North America,2966,1130568,8,8982
2022-10-23,Costa Rica,North America,2528,1133096,8,8990
2022-10-30,Costa Rica,North America,2617,1135713,9,8999
2022-11-06,Costa Rica,North America,2703,1138416,10,9009
2022-11-13,Costa Rica,North America,2448,1140864,10,9019
2022-11-20,Costa Rica,North America,2733,1143597,12,9031
2022-11-27,Costa Rica,North America,2538,1146135,7,9038
2022-12-04,Costa Rica,North America,2779,1148914,8,9046
2022-12-11,Costa Rica,North America,3552,1152466,5,9051
2022-12-18,Costa Rica,North America,4031,1156497,8,9059
2022-12-25,Costa Rica,North America,5190,1161687,13,9072
2023-01-01,Costa Rica,North America,5155,1166842,13,9085
2023-01-08,Costa Rica,North America,4960,1171802,19,9104
2023-01-15,Costa Rica,North America,5712,1177514,19,9123
2023-01-22,Costa Rica,North America,4857,1182371,19,9142
2023-01-29,Costa Rica,North America,3805,1186176,16,9158
2023-02-05,Costa Rica,North America,4201,1190377,23,9181
2023-02-12,Costa Rica,North America,4207,1194584,14,9195
2023-02-19,Costa Rica,North America,4471,1199055,19,9214
2023-02-26,Costa Rica,North America,5109,1204164,16,9230
2023-03-05,Costa Rica,North America,5561,1209725,15,9245
2023-03-12,Costa Rica,North America,4926,1214651,21,9266
2023-03-19,Costa Rica,North America,4423,1219074,25,9291
2023-03-26,Costa Rica,North America,3587,1222661,18,9309
2023-04-02,Costa Rica,North America,3654,1226315,17,9326
2023-04-09,Costa Rica,North America,0,1226315,0,9326
2023-04-16,Costa Rica,North America,0,1226315,0,9326
2023-04-23,Costa Rica,North America,1231,1227546,13,9339
2023-04-30,Costa Rica,North America,1113,1228659,12,9351
2023-05-07,Costa Rica,North America,928,1229587,11,9362
2023-05-14,Costa Rica,North America,965,1230552,4,9366
2023-05-21,Costa Rica,North America,0,1230552,0,9366
2023-05-28,Costa Rica,North America,0,1230552,0,9366
2023-06-04,Costa Rica,North America,0,1230552,0,9366
2023-06-11,Costa Rica,North America,0,1230552,0,9366
2023-06-18,Costa Rica,North America,0,1230552,0,9366
2023-06-25,Costa Rica,North America,0,1230552,0,9366
2023-07-02,Costa Rica,North America,0,1230552,0,9366
2023-07-09,Costa Rica,North America,0,1230552,0,9366
2023-07-16,Costa Rica,North America,0,1230552,0,9366
2023-07-23,Costa Rica,North America,0,1230552,0,9366
2023-07-30,Costa Rica,North America,0,1230552,0,9366
2023-08-06,Costa Rica,North America,0,1230552,0,9366
2023-08-13,Costa Rica,North America,0,1230552,0,9366
2023-08-20,Costa Rica,North America,0,1230552,0,9366
2023-08-27,Costa Rica,North America,0,1230552,0,9366
2023-09-03,Costa Rica,North America,0,1230552,0,9366
2023-09-10,Costa Rica,North America,0,1230552,0,9366
2023-09-17,Costa Rica,North America,0,1230552,0,9366
2023-09-24,Costa Rica,North America,0,1230552,0,9366
2023-10-01,Costa Rica,North America,0,1230552,0,9366
2023-10-08,Costa Rica,North America,0,1230552,0,9366
2023-10-15,Costa Rica,North America,0,1230552,0,9366
2023-10-22,Costa Rica,North America,0,1230552,0,9366
2023-10-29,Costa Rica,North America,0,1230552,0,9366
2023-11-05,Costa Rica,North America,0,1230552,0,9366
2023-11-12,Costa Rica,North America,0,1230552,0,9366
2023-11-19,Costa Rica,North America,0,1230552,0,9366
2023-11-26,Costa Rica,North America,0,1230552,0,9366
2023-12-03,Costa Rica,North America,0,1230552,0,9366
2023-12-10,Costa Rica,North America,0,1230552,0,9366
2023-12-17,Costa Rica,North America,0,1230552,0,9366
2023-12-24,Costa Rica,North America,0,1230552,0,9366
2023-12-31,Costa Rica,North America,0,1230552,0,9366
2024-01-07,Costa Rica,North America,195,1230747,0,9366
2024-01-14,Costa Rica,North America,224,1230971,0,9366
2024-01-21,Costa Rica,North America,305,1231276,1,9367
2024-01-28,Costa Rica,North America,248,1231524,0,9367
2024-02-04,Costa Rica,North America,173,1231697,0,9367
2024-02-11,Costa Rica,North America,179,1231876,1,9368
2024-02-18,Costa Rica,North America,144,1232020,0,9368
2024-02-25,Costa Rica,North America,94,1232114,0,9368
2024-03-03,Costa Rica,North America,73,1232187,1,9369
2024-03-10,Costa Rica,North America,92,1232279,0,9369
2024-03-17,Costa Rica,North America,77,1232356,0,9369
2024-03-24,Costa Rica,North America,76,1232432,0,9369
2024-03-31,Costa Rica,North America,96,1232528,0,9369
2024-04-07,Costa Rica,North America,71,1232599,0,9369
2024-04-14,Costa Rica,North America,81,1232680,0,9369
2024-04-21,Costa Rica,North America,96,1232776,1,9370
2024-04-28,Costa Rica,North America,105,1232881,0,9370
2024-05-05,Costa Rica,North America,78,1232959,0,9370
2024-05-12,Costa Rica,North America,177,1233136,0,9370
2024-05-19,Costa Rica,North America,106,1233242,0,9370
2024-05-26,Costa Rica,North America,65,1233307,1,9371
2024-06-02,Costa Rica,North America,61,1233368,0,9371
2024-06-09,Costa Rica,North America,113,1233481,0,9371
2024-06-16,Costa Rica,North America,135,1233616,0,9371
2024-06-23,Costa Rica,North America,177,1233793,0,9371
2024-06-30,Costa Rica,North America,213,1234006,1,9372
2024-07-07,Costa Rica,North America,41,1234047,0,9372
2024-07-14,Costa Rica,North America,413,1234460,0,9372
2024-07-21,Costa Rica,North America,294,1234754,0,9372
2024-07-28,Costa Rica,North America,232,1234986,1,9373
2024-08-04,Costa Rica,North America,183,1235169,1,9374
2024-08-11,Costa Rica,North America,129,1235298,0,9374
2024-08-18,Costa Rica,North America,114,1235412,0,9374
2024-08-25,Costa Rica,North America,67,1235479,0,9374
2024-09-01,Costa Rica,North America,0,1235479,0,9374
2020-01-05,Côte d'Ivoire,Africa,0,0,0,0
2020-01-12,Côte d'Ivoire,Africa,0,0,0,0
2020-01-19,Côte d'Ivoire,Africa,0,0,0,0
2020-01-26,Côte d'Ivoire,Africa,0,0,0,0
2020-02-02,Côte d'Ivoire,Africa,0,0,0,0
2020-02-09,Côte d'Ivoire,Africa,0,0,0,0
2020-02-16,Côte d'Ivoire,Africa,0,0,0,0
2020-02-23,Côte d'Ivoire,Africa,0,0,0,0
2020-03-01,Côte d'Ivoire,Africa,0,0,0,0
2020-03-08,Côte d'Ivoire,Africa,0,0,0,0
2020-03-15,Côte d'Ivoire,Africa,9,9,0,0
2020-03-22,Côte d'Ivoire,Africa,53,62,0,0
2020-03-29,Côte d'Ivoire,Africa,116,178,0,0
2020-04-05,Côte d'Ivoire,Africa,160,338,4,4
2020-04-12,Côte d'Ivoire,Africa,290,628,1,5
2020-04-19,Côte d'Ivoire,Africa,240,868,4,9
2020-04-26,Côte d'Ivoire,Africa,282,1150,6,15
2020-05-03,Côte d'Ivoire,Africa,212,1362,1,16
2020-05-10,Côte d'Ivoire,Africa,305,1667,6,22
2020-05-17,Côte d'Ivoire,Africa,394,2061,4,26
2020-05-24,Côte d'Ivoire,Africa,305,2366,5,31
2020-05-31,Côte d'Ivoire,Africa,433,2799,3,34
2020-06-07,Côte d'Ivoire,Africa,758,3557,3,37
2020-06-14,Côte d'Ivoire,Africa,1291,4848,9,46
2020-06-21,Côte d'Ivoire,Africa,2428,7276,7,53
2020-06-28,Côte d'Ivoire,Africa,1668,8944,14,67
2020-07-05,Côte d'Ivoire,Africa,1300,10244,6,73
2020-07-12,Côte d'Ivoire,Africa,2199,12443,10,83
2020-07-19,Côte d'Ivoire,Africa,1469,13912,9,92
2020-07-26,Côte d'Ivoire,Africa,1582,15494,3,95
2020-08-02,Côte d'Ivoire,Africa,615,16109,8,103
2020-08-09,Côte d'Ivoire,Africa,627,16736,2,105
2020-08-16,Côte d'Ivoire,Africa,378,17114,4,109
2020-08-23,Côte d'Ivoire,Africa,376,17490,5,114
2020-08-30,Côte d'Ivoire,Africa,519,18009,2,116
2020-09-06,Côte d'Ivoire,Africa,579,18588,4,120
2020-09-13,Côte d'Ivoire,Africa,399,18987,1,121
2020-09-20,Côte d'Ivoire,Africa,282,19269,0,121
2020-09-27,Côte d'Ivoire,Africa,331,19600,0,121
2020-10-04,Côte d'Ivoire,Africa,249,19849,0,121
2020-10-11,Côte d'Ivoire,Africa,279,20128,0,121
2020-10-18,Côte d'Ivoire,Africa,173,20301,1,122
2020-10-25,Côte d'Ivoire,Africa,128,20429,0,122
2020-11-01,Côte d'Ivoire,Africa,287,20716,5,127
2020-11-08,Côte d'Ivoire,Africa,141,20857,0,127
2020-11-15,Côte d'Ivoire,Africa,132,20989,2,129
2020-11-22,Côte d'Ivoire,Africa,181,21170,1,130
2020-11-29,Côte d'Ivoire,Africa,135,21305,2,132
2020-12-06,Côte d'Ivoire,Africa,180,21485,1,133
2020-12-13,Côte d'Ivoire,Africa,154,21639,1,134
2020-12-20,Côte d'Ivoire,Africa,133,21772,0,134
2020-12-27,Côte d'Ivoire,Africa,309,22081,0,134
2021-01-03,Côte d'Ivoire,Africa,169,22250,4,138
2021-01-10,Côte d'Ivoire,Africa,1232,23482,2,140
2021-01-17,Côte d'Ivoire,Africa,1546,25028,2,142
2021-01-24,Côte d'Ivoire,Africa,1584,26612,4,146
2021-01-31,Côte d'Ivoire,Africa,1566,28178,7,153
2021-02-07,Côte d'Ivoire,Africa,1389,29567,10,163
2021-02-14,Côte d'Ivoire,Africa,1317,30884,11,174
2021-02-21,Côte d'Ivoire,Africa,1030,31914,11,185
2021-02-28,Côte d'Ivoire,Africa,717,32631,7,192
2021-03-07,Côte d'Ivoire,Africa,2304,34935,8,200
2021-03-14,Côte d'Ivoire,Africa,2369,37304,11,211
2021-03-21,Côte d'Ivoire,Africa,2609,39913,6,217
2021-03-28,Côte d'Ivoire,Africa,2555,42468,12,229
2021-04-04,Côte d'Ivoire,Africa,1858,44326,18,247
2021-04-11,Côte d'Ivoire,Africa,819,45145,14,261
2021-04-18,Côte d'Ivoire,Africa,374,45519,13,274
2021-04-25,Côte d'Ivoire,Africa,301,45820,7,281
2021-05-02,Côte d'Ivoire,Africa,294,46114,5,286
2021-05-09,Côte d'Ivoire,Africa,271,46385,5,291
2021-05-16,Côte d'Ivoire,Africa,234,46619,6,297
2021-05-23,Côte d'Ivoire,Africa,323,46942,1,298
2021-05-30,Côte d'Ivoire,Africa,253,47195,3,301
2021-06-06,Côte d'Ivoire,Africa,281,47476,5,306
2021-06-13,Côte d'Ivoire,Africa,186,47662,0,306
2021-06-20,Côte d'Ivoire,Africa,369,48031,1,307
2021-06-27,Côte d'Ivoire,Africa,145,48176,4,311
2021-07-04,Côte d'Ivoire,Africa,337,48513,4,315
2021-07-11,Côte d'Ivoire,Africa,263,48776,3,318
2021-07-18,Côte d'Ivoire,Africa,349,49125,2,320
2021-07-25,Côte d'Ivoire,Africa,429,49554,4,324
2021-08-01,Côte d'Ivoire,Africa,581,50135,5,329
2021-08-08,Côte d'Ivoire,Africa,1063,51198,12,341
2021-08-15,Côte d'Ivoire,Africa,1004,52202,18,359
2021-08-22,Côte d'Ivoire,Africa,1254,53456,30,389
2021-08-29,Côte d'Ivoire,Africa,1400,54856,35,424
2021-09-05,Côte d'Ivoire,Africa,1879,56735,40,464
2021-09-12,Côte d'Ivoire,Africa,1049,57784,42,506
2021-09-19,Côte d'Ivoire,Africa,1105,58889,55,561
2021-09-26,Côte d'Ivoire,Africa,889,59778,32,593
2021-10-03,Côte d'Ivoire,Africa,598,60376,43,636
2021-10-10,Côte d'Ivoire,Africa,409,60785,23,659
2021-10-17,Côte d'Ivoire,Africa,197,60982,15,674
2021-10-24,Côte d'Ivoire,Africa,196,61178,16,690
2021-10-31,Côte d'Ivoire,Africa,114,61292,5,695
2021-11-07,Côte d'Ivoire,Africa,112,61404,4,699
2021-11-14,Côte d'Ivoire,Africa,99,61503,3,702
2021-11-21,Côte d'Ivoire,Africa,74,61577,0,702
2021-11-28,Côte d'Ivoire,Africa,127,61704,2,704
2021-12-05,Côte d'Ivoire,Africa,113,61817,1,705
2021-12-12,Côte d'Ivoire,Africa,79,61896,1,706
2021-12-19,Côte d'Ivoire,Africa,181,62077,0,706
2021-12-26,Côte d'Ivoire,Africa,1770,63847,1,707
2022-01-02,Côte d'Ivoire,Africa,7968,71815,11,718
2022-01-09,Côte d'Ivoire,Africa,4917,76732,15,733
2022-01-16,Côte d'Ivoire,Africa,2356,79088,20,753
2022-01-23,Côte d'Ivoire,Africa,1026,80114,25,778
2022-01-30,Côte d'Ivoire,Africa,509,80623,6,784
2022-02-06,Côte d'Ivoire,Africa,278,80901,2,786
2022-02-13,Côte d'Ivoire,Africa,217,81118,3,789
2022-02-20,Côte d'Ivoire,Africa,228,81346,2,791
2022-02-27,Côte d'Ivoire,Africa,121,81467,1,792
2022-03-06,Côte d'Ivoire,Africa,79,81546,3,795
2022-03-13,Côte d'Ivoire,Africa,31,81577,0,795
2022-03-20,Côte d'Ivoire,Africa,78,81655,1,796
2022-03-27,Côte d'Ivoire,Africa,42,81697,0,796
2022-04-03,Côte d'Ivoire,Africa,64,81761,0,796
2022-04-10,Côte d'Ivoire,Africa,53,81814,0,796
2022-04-17,Côte d'Ivoire,Africa,43,81857,1,797
2022-04-24,Côte d'Ivoire,Africa,30,81887,2,799
2022-05-01,Côte d'Ivoire,Africa,43,81930,0,799
2022-05-08,Côte d'Ivoire,Africa,40,81970,0,799
2022-05-15,Côte d'Ivoire,Africa,22,81992,0,799
2022-05-22,Côte d'Ivoire,Africa,65,82057,0,799
2022-05-29,Côte d'Ivoire,Africa,126,82183,0,799
2022-06-05,Côte d'Ivoire,Africa,97,82280,0,799
2022-06-12,Côte d'Ivoire,Africa,187,82467,0,799
2022-06-19,Côte d'Ivoire,Africa,192,82659,2,801
2022-06-26,Côte d'Ivoire,Africa,340,82999,4,805
2022-07-03,Côte d'Ivoire,Africa,638,83637,0,805
2022-07-10,Côte d'Ivoire,Africa,405,84042,0,805
2022-07-17,Côte d'Ivoire,Africa,459,84501,1,806
2022-07-24,Côte d'Ivoire,Africa,449,84950,3,809
2022-07-31,Côte d'Ivoire,Africa,356,85306,2,811
2022-08-07,Côte d'Ivoire,Africa,406,85712,0,811
2022-08-14,Côte d'Ivoire,Africa,380,86092,4,815
2022-08-21,Côte d'Ivoire,Africa,348,86440,2,817
2022-08-28,Côte d'Ivoire,Africa,166,86606,0,817
2022-09-04,Côte d'Ivoire,Africa,202,86808,2,819
2022-09-11,Côte d'Ivoire,Africa,111,86919,3,822
2022-09-18,Côte d'Ivoire,Africa,100,87019,0,822
2022-09-25,Côte d'Ivoire,Africa,110,87129,1,823
2022-10-02,Côte d'Ivoire,Africa,129,87258,3,826
2022-10-09,Côte d'Ivoire,Africa,164,87422,0,826
2022-10-16,Côte d'Ivoire,Africa,152,87574,1,827
2022-10-23,Côte d'Ivoire,Africa,119,87693,0,827
2022-10-30,Côte d'Ivoire,Africa,71,87764,0,827
2022-11-06,Côte d'Ivoire,Africa,66,87830,2,829
2022-11-13,Côte d'Ivoire,Africa,24,87854,0,829
2022-11-20,Côte d'Ivoire,Africa,16,87870,1,830
2022-11-27,Côte d'Ivoire,Africa,15,87885,0,830
2022-12-04,Côte d'Ivoire,Africa,2,87887,0,830
2022-12-11,Côte d'Ivoire,Africa,7,87894,0,830
2022-12-18,Côte d'Ivoire,Africa,17,87911,0,830
2022-12-25,Côte d'Ivoire,Africa,22,87933,0,830
2023-01-01,Côte d'Ivoire,Africa,8,87941,1,831
2023-01-08,Côte d'Ivoire,Africa,16,87957,2,833
2023-01-15,Côte d'Ivoire,Africa,3,87960,0,833
2023-01-22,Côte d'Ivoire,Africa,6,87966,0,833
2023-01-29,Côte d'Ivoire,Africa,8,87974,0,833
2023-02-05,Côte d'Ivoire,Africa,26,88000,0,833
2023-02-12,Côte d'Ivoire,Africa,58,88058,1,834
2023-02-19,Côte d'Ivoire,Africa,51,88109,0,834
2023-02-26,Côte d'Ivoire,Africa,73,88182,0,834
2023-03-05,Côte d'Ivoire,Africa,58,88240,0,834
2023-03-12,Côte d'Ivoire,Africa,28,88268,0,834
2023-03-19,Côte d'Ivoire,Africa,25,88293,0,834
2023-03-26,Côte d'Ivoire,Africa,4,88297,0,834
2023-04-02,Côte d'Ivoire,Africa,4,88301,0,834
2023-04-09,Côte d'Ivoire,Africa,7,88308,0,834
2023-04-16,Côte d'Ivoire,Africa,8,88316,0,834
2023-04-23,Côte d'Ivoire,Africa,5,88321,0,834
2023-04-30,Côte d'Ivoire,Africa,2,88323,0,834
2023-05-07,Côte d'Ivoire,Africa,3,88326,0,834
2023-05-14,Côte d'Ivoire,Africa,3,88329,0,834
2023-05-21,Côte d'Ivoire,Africa,1,88330,0,834
2023-05-28,Côte d'Ivoire,Africa,0,88330,0,834
2023-06-04,Côte d'Ivoire,Africa,1,88331,1,835
2023-06-11,Côte d'Ivoire,Africa,1,88332,0,835
2023-06-18,Côte d'Ivoire,Africa,0,88332,0,835
2023-06-25,Côte d'Ivoire,Africa,3,88335,0,835
2023-07-02,Côte d'Ivoire,Africa,1,88336,0,835
2023-07-09,Côte d'Ivoire,Africa,0,88336,0,835
2023-07-16,Côte d'Ivoire,Africa,2,88338,0,835
2023-07-23,Côte d'Ivoire,Africa,0,88338,0,835
2023-07-30,Côte d'Ivoire,Africa,0,88338,0,835
2023-08-06,Côte d'Ivoire,Africa,0,88338,0,835
2023-08-13,Côte d'Ivoire,Africa,0,88338,0,835
2023-08-20,Côte d'Ivoire,Africa,0,88338,0,835
2023-08-27,Côte d'Ivoire,Africa,0,88338,0,835
2023-09-03,Côte d'Ivoire,Africa,0,88338,0,835
2023-09-10,Côte d'Ivoire,Africa,0,88338,0,835
2023-09-17,Côte d'Ivoire,Africa,0,88338,0,835
2023-09-24,Côte d'Ivoire,Africa,0,88338,0,835
2023-10-01,Côte d'Ivoire,Africa,0,88338,0,835
2023-10-08,Côte d'Ivoire,Africa,15,88353,0,835
2023-10-15,Côte d'Ivoire,Africa,0,88353,0,835
2023-10-22,Côte d'Ivoire,Africa,4,88357,0,835
2023-10-29,Côte d'Ivoire,Africa,7,88364,0,835
2023-11-05,Côte d'Ivoire,Africa,4,88368,0,835
2023-11-12,Côte d'Ivoire,Africa,1,88369,0,835
2023-11-19,Côte d'Ivoire,Africa,0,88369,0,835
2023-11-26,Côte d'Ivoire,Africa,11,88380,0,835
2023-12-03,Côte d'Ivoire,Africa,0,88380,0,835
2023-12-10,Côte d'Ivoire,Africa,0,88380,0,835
2023-12-17,Côte d'Ivoire,Africa,4,88384,0,835
2023-12-24,Côte d'Ivoire,Africa,0,88384,0,835
2023-12-31,Côte d'Ivoire,Africa,0,88384,0,835
2024-01-07,Côte d'Ivoire,Africa,0,88384,0,835
2024-01-14,Côte d'Ivoire,Africa,0,88384,0,835
2024-01-21,Côte d'Ivoire,Africa,0,88384,0,835
2024-01-28,Côte d'Ivoire,Africa,0,88384,0,835
2024-02-04,Côte d'Ivoire,Africa,0,88384,0,835
2024-02-11,Côte d'Ivoire,Africa,0,88384,0,835
2024-02-18,Côte d'Ivoire,Africa,0,88384,0,835
2024-02-25,Côte d'Ivoire,Africa,0,88384,0,835
2024-03-03,Côte d'Ivoire,Africa,0,88384,0,835
2024-03-10,Côte d'Ivoire,Africa,0,88384,0,835
2024-03-17,Côte d'Ivoire,Africa,6,88390,0,835
2024-03-24,Côte d'Ivoire,Africa,9,88399,0,835
2024-03-31,Côte d'Ivoire,Africa,4,88403,0,835
2024-04-07,Côte d'Ivoire,Africa,5,88408,0,835
2024-04-14,Côte d'Ivoire,Africa,8,88416,0,835
2024-04-21,Côte d'Ivoire,Africa,5,88421,0,835
2024-04-28,Côte d'Ivoire,Africa,4,88425,0,835
2024-05-05,Côte d'Ivoire,Africa,0,88425,0,835
2024-05-12,Côte d'Ivoire,Africa,0,88425,0,835
2024-05-19,Côte d'Ivoire,Africa,0,88425,0,835
2024-05-26,Côte d'Ivoire,Africa,2,88427,0,835
2024-06-02,Côte d'Ivoire,Africa,0,88427,0,835
2024-06-09,Côte d'Ivoire,Africa,1,88428,0,835
2024-06-16,Côte d'Ivoire,Africa,0,88428,0,835
2024-06-23,Côte d'Ivoire,Africa,2,88430,0,835
2024-06-30,Côte d'Ivoire,Africa,0,88430,0,835
2024-07-07,Côte d'Ivoire,Africa,1,88431,0,835
2024-07-14,Côte d'Ivoire,Africa,1,88432,0,835
2024-07-21,Côte d'Ivoire,Africa,1,88433,0,835
2024-07-28,Côte d'Ivoire,Africa,1,88434,0,835
2024-08-04,Côte d'Ivoire,Africa,0,88434,0,835
2024-08-11,Côte d'Ivoire,Africa,1,88435,0,835
2024-08-18,Côte d'Ivoire,Africa,2,88437,0,835
2024-08-25,Côte d'Ivoire,Africa,2,88439,0,835
2024-09-01,Côte d'Ivoire,Africa,3,88442,0,835
2020-01-05,Croatia,Europe,0,0,0,0
2020-01-12,Croatia,Europe,0,0,0,0
2020-01-19,Croatia,Europe,0,0,0,0
2020-01-26,Croatia,Europe,0,0,0,0
2020-02-02,Croatia,Europe,0,0,0,0
2020-02-09,Croatia,Europe,0,0,0,0
2020-02-16,Croatia,Europe,0,0,0,0
2020-02-23,Croatia,Europe,0,0,0,0
2020-03-01,Croatia,Europe,6,6,0,0
2020-03-08,Croatia,Europe,6,12,0,0
2020-03-15,Croatia,Europe,26,38,0,0
2020-03-22,Croatia,Europe,168,206,1,1
2020-03-29,Croatia,Europe,451,657,4,5
2020-04-05,Croatia,Europe,469,1126,7,12
2020-04-12,Croatia,Europe,408,1534,9,21
2020-04-19,Croatia,Europe,298,1832,18,39
2020-04-26,Croatia,Europe,184,2016,15,54
2020-05-03,Croatia,Europe,72,2088,23,77
2020-05-10,Croatia,Europe,88,2176,10,87
2020-05-17,Croatia,Europe,48,2224,8,95
2020-05-24,Croatia,Europe,19,2243,4,99
2020-05-31,Croatia,Europe,3,2246,4,103
2020-06-07,Croatia,Europe,1,2247,1,104
2020-06-14,Croatia,Europe,4,2251,3,107
2020-06-21,Croatia,Europe,48,2299,0,107
2020-06-28,Croatia,Europe,325,2624,0,107
2020-07-05,Croatia,Europe,470,3094,6,113
2020-07-12,Croatia,Europe,578,3672,5,118
2020-07-19,Croatia,Europe,581,4253,2,120
2020-07-26,Croatia,Europe,539,4792,13,133
2020-08-02,Croatia,Europe,432,5224,12,145
2020-08-09,Croatia,Europe,319,5543,12,157
2020-08-16,Croatia,Europe,877,6420,8,165
2020-08-23,Croatia,Europe,1480,7900,5,170
2020-08-30,Croatia,Europe,1961,9861,13,183
2020-09-06,Croatia,Europe,1878,11739,14,197
2020-09-13,Croatia,Europe,1629,13368,21,218
2020-09-20,Croatia,Europe,1357,14725,26,244
2020-09-27,Croatia,Europe,1282,16007,25,269
2020-10-04,Croatia,Europe,1394,17401,24,293
2020-10-11,Croatia,Europe,2531,19932,24,317
2020-10-18,Croatia,Europe,4829,24761,38,355
2020-10-25,Croatia,Europe,9198,33959,74,429
2020-11-01,Croatia,Europe,15357,49316,117,546
2020-11-08,Croatia,Europe,15388,64704,206,752
2020-11-15,Croatia,Europe,17140,81844,254,1006
2020-11-22,Croatia,Europe,18566,100410,298,1304
2020-11-29,Croatia,Europe,23283,123693,351,1655
2020-12-06,Croatia,Europe,23761,147454,447,2102
2020-12-13,Croatia,Europe,25069,172523,460,2562
2020-12-20,Croatia,Europe,20464,192987,539,3101
2020-12-27,Croatia,Europe,11325,204312,512,3613
2021-01-03,Croatia,Europe,7950,212262,403,4016
2021-01-10,Croatia,Europe,7085,219347,326,4342
2021-01-17,Croatia,Europe,5228,224575,246,4588
2021-01-24,Croatia,Europe,3993,228568,211,4799
2021-01-31,Croatia,Europe,3522,232090,199,4998
2021-02-07,Croatia,Europe,3036,235126,146,5144
2021-02-14,Croatia,Europe,2333,237459,155,5299
2021-02-21,Croatia,Europe,2226,239685,121,5420
2021-02-28,Croatia,Europe,2932,242617,91,5511
2021-03-07,Croatia,Europe,3503,246120,74,5585
2021-03-14,Croatia,Europe,4364,250484,85,5670
2021-03-21,Croatia,Europe,6321,256805,83,5753
2021-03-28,Croatia,Europe,9096,265901,119,5872
2021-04-04,Croatia,Europe,12749,278650,153,6025
2021-04-11,Croatia,Europe,12249,290899,244,6269
2021-04-18,Croatia,Europe,15326,306225,254,6523
2021-04-25,Croatia,Europe,15147,321372,292,6815
2021-05-02,Croatia,Europe,12857,334229,315,7130
2021-05-09,Croatia,Europe,9600,343829,294,7424
2021-05-16,Croatia,Europe,6081,349910,263,7687
2021-05-23,Croatia,Europe,3825,353735,196,7883
2021-05-30,Croatia,Europe,2220,355955,119,8002
2021-06-06,Croatia,Europe,1453,357408,78,8080
2021-06-13,Croatia,Europe,1096,358504,52,8132
2021-06-20,Croatia,Europe,611,359115,37,8169
2021-06-27,Croatia,Europe,492,359607,28,8197
2021-07-04,Croatia,Europe,574,360181,18,8215
2021-07-11,Croatia,Europe,587,360768,12,8227
2021-07-18,Croatia,Europe,720,361488,9,8236
2021-07-25,Croatia,Europe,1008,362496,9,8245
2021-08-01,Croatia,Europe,1119,363615,14,8259
2021-08-08,Croatia,Europe,1217,364832,12,8271
2021-08-15,Croatia,Europe,1892,366724,11,8282
2021-08-22,Croatia,Europe,2668,369392,16,8298
2021-08-29,Croatia,Europe,3422,372814,26,8324
2021-09-05,Croatia,Europe,4485,377299,38,8362
2021-09-12,Croatia,Europe,5809,383108,65,8427
2021-09-19,Croatia,Europe,8001,391109,66,8493
2021-09-26,Croatia,Europe,7945,399054,87,8580
2021-10-03,Croatia,Europe,8701,407755,84,8664
2021-10-10,Croatia,Europe,9195,416950,99,8763
2021-10-17,Croatia,Europe,9663,426613,114,8877
2021-10-24,Croatia,Europe,16419,443032,133,9010
2021-10-31,Croatia,Europe,23997,467029,188,9198
2021-11-07,Croatia,Europe,30139,497168,252,9450
2021-11-14,Croatia,Europe,37433,534601,390,9840
2021-11-21,Croatia,Europe,31517,566118,403,10243
2021-11-28,Croatia,Europe,33859,599977,452,10695
2021-12-05,Croatia,Europe,28264,628241,455,11150
2021-12-12,Croatia,Europe,23622,651863,424,11574
2021-12-19,Croatia,Europe,21564,673427,356,11930
2021-12-26,Croatia,Europe,19675,693102,349,12279
2022-01-02,Croatia,Europe,27436,720538,292,12571
2022-01-09,Croatia,Europe,37734,758272,270,12841
2022-01-16,Croatia,Europe,53431,811703,232,13073
2022-01-23,Croatia,Europe,58262,869965,298,13371
2022-01-30,Croatia,Europe,59537,929502,360,13731
2022-02-06,Croatia,Europe,49498,979000,347,14078
2022-02-13,Croatia,Europe,33703,1012703,346,14424
2022-02-20,Croatia,Europe,26454,1039157,349,14773
2022-02-27,Croatia,Europe,14411,1053568,239,15012
2022-03-06,Croatia,Europe,9385,1062953,182,15194
2022-03-13,Croatia,Europe,9477,1072430,127,15321
2022-03-20,Croatia,Europe,10681,1083111,104,15425
2022-03-27,Croatia,Europe,9987,1093098,84,15509
2022-04-03,Croatia,Europe,8823,1101921,83,15592
2022-04-10,Croatia,Europe,6630,1108551,83,15675
2022-04-17,Croatia,Europe,4584,1113135,50,15725
2022-04-24,Croatia,Europe,4040,1117175,53,15778
2022-05-01,Croatia,Europe,5284,1122459,50,15828
2022-05-08,Croatia,Europe,4877,1127336,53,15881
2022-05-15,Croatia,Europe,3769,1131105,44,15925
2022-05-22,Croatia,Europe,2922,1134027,36,15961
2022-05-29,Croatia,Europe,2202,1136229,18,15979
2022-06-05,Croatia,Europe,1635,1137864,19,15998
2022-06-12,Croatia,Europe,1799,1139663,18,16016
2022-06-19,Croatia,Europe,1913,1141576,11,16027
2022-06-26,Croatia,Europe,3477,1145053,21,16048
2022-07-03,Croatia,Europe,5600,1150653,25,16073
2022-07-10,Croatia,Europe,7767,1158420,30,16103
2022-07-17,Croatia,Europe,8712,1167132,44,16147
2022-07-24,Croatia,Europe,9387,1176519,59,16206
2022-07-31,Croatia,Europe,9280,1185799,94,16300
2022-08-07,Croatia,Europe,6756,1192555,89,16389
2022-08-14,Croatia,Europe,7558,1200113,95,16484
2022-08-21,Croatia,Europe,5835,1205948,75,16559
2022-08-28,Croatia,Europe,5471,1211419,87,16646
2022-09-04,Croatia,Europe,4580,1215999,86,16732
2022-09-11,Croatia,Europe,4016,1220015,60,16792
2022-09-18,Croatia,Europe,4351,1224366,45,16837
2022-09-25,Croatia,Europe,4208,1228574,38,16875
2022-10-02,Croatia,Europe,4686,1233260,37,16912
2022-10-09,Croatia,Europe,4427,1237687,47,16959
2022-10-16,Croatia,Europe,3696,1241383,53,17012
2022-10-23,Croatia,Europe,2982,1244365,58,17070
2022-10-30,Croatia,Europe,2366,1246731,58,17128
2022-11-06,Croatia,Europe,1719,1248450,57,17185
2022-11-13,Croatia,Europe,1493,1249943,33,17218
2022-11-20,Croatia,Europe,1282,1251225,42,17260
2022-11-27,Croatia,Europe,1661,1252886,32,17292
2022-12-04,Croatia,Europe,1758,1254644,47,17339
2022-12-11,Croatia,Europe,2174,1256818,57,17396
2022-12-18,Croatia,Europe,2295,1259113,51,17447
2022-12-25,Croatia,Europe,2653,1261766,68,17515
2023-01-01,Croatia,Europe,2135,1263901,81,17596
2023-01-08,Croatia,Europe,1432,1265333,73,17669
2023-01-15,Croatia,Europe,1072,1266405,90,17759
2023-01-22,Croatia,Europe,616,1267021,50,17809
2023-01-29,Croatia,Europe,446,1267467,49,17858
2023-02-05,Croatia,Europe,383,1267850,33,17891
2023-02-12,Croatia,Europe,335,1268185,30,17921
2023-02-19,Croatia,Europe,376,1268561,21,17942
2023-02-26,Croatia,Europe,105,1268666,8,17950
2023-03-05,Croatia,Europe,326,1268992,21,17971
2023-03-12,Croatia,Europe,334,1269326,16,17987
2023-03-19,Croatia,Europe,361,1269687,19,18006
2023-03-26,Croatia,Europe,388,1270075,19,18025
2023-04-02,Croatia,Europe,438,1270513,19,18044
2023-04-09,Croatia,Europe,378,1270891,25,18069
2023-04-16,Croatia,Europe,385,1271276,22,18091
2023-04-23,Croatia,Europe,542,1271818,38,18129
2023-04-30,Croatia,Europe,559,1272377,26,18155
2023-05-07,Croatia,Europe,509,1272886,25,18180
2023-05-14,Croatia,Europe,370,1273256,33,18213
2023-05-21,Croatia,Europe,252,1273508,17,18230
2023-05-28,Croatia,Europe,163,1273671,16,18246
2023-06-04,Croatia,Europe,124,1273795,9,18255
2023-06-11,Croatia,Europe,76,1273871,11,18266
2023-06-18,Croatia,Europe,36,1273907,1,18267
2023-06-25,Croatia,Europe,52,1273959,2,18269
2023-07-02,Croatia,Europe,32,1273991,4,18273
2023-07-09,Croatia,Europe,23,1274014,2,18275
2023-07-16,Croatia,Europe,26,1274040,1,18276
2023-07-23,Croatia,Europe,28,1274068,5,18281
2023-07-30,Croatia,Europe,22,1274090,1,18282
2023-08-06,Croatia,Europe,33,1274123,4,18286
2023-08-13,Croatia,Europe,31,1274154,2,18288
2023-08-20,Croatia,Europe,44,1274198,2,18290
2023-08-27,Croatia,Europe,83,1274281,2,18292
2023-09-03,Croatia,Europe,153,1274434,5,18297
2023-09-10,Croatia,Europe,169,1274603,9,18306
2023-09-17,Croatia,Europe,231,1274834,12,18318
2023-09-24,Croatia,Europe,237,1275071,14,18332
2023-10-01,Croatia,Europe,266,1275337,19,18351
2023-10-08,Croatia,Europe,222,1275559,7,18358
2023-10-15,Croatia,Europe,203,1275762,16,18374
2023-10-22,Croatia,Europe,239,1276001,23,18397
2023-10-29,Croatia,Europe,215,1276216,17,18414
2023-11-05,Croatia,Europe,1692,1277908,19,18433
2023-11-12,Croatia,Europe,1982,1279890,13,18446
2023-11-19,Croatia,Europe,2535,1282425,24,18470
2023-11-26,Croatia,Europe,3035,1285460,17,18487
2023-12-03,Croatia,Europe,4369,1289829,42,18529
2023-12-10,Croatia,Europe,5294,1295123,43,18572
2023-12-17,Croatia,Europe,6422,1301545,55,18627
2023-12-24,Croatia,Europe,5383,1306928,37,18664
2023-12-31,Croatia,Europe,2800,1309728,23,18687
2024-01-07,Croatia,Europe,2365,1312093,38,18725
2024-01-14,Croatia,Europe,2076,1314169,7,18732
2024-01-21,Croatia,Europe,1294,1315463,4,18736
2024-01-28,Croatia,Europe,847,1316310,8,18744
2024-02-04,Croatia,Europe,555,1316865,4,18748
2024-02-11,Croatia,Europe,370,1317235,0,18748
2024-02-18,Croatia,Europe,217,1317452,0,18748
2024-02-25,Croatia,Europe,194,1317646,1,18749
2024-03-03,Croatia,Europe,143,1317789,1,18750
2024-03-10,Croatia,Europe,97,1317886,0,18750
2024-03-17,Croatia,Europe,85,1317971,1,18751
2024-03-24,Croatia,Europe,61,1318032,0,18751
2024-03-31,Croatia,Europe,42,1318074,0,18751
2024-04-07,Croatia,Europe,41,1318115,0,18751
2024-04-14,Croatia,Europe,25,1318140,1,18752
2024-04-21,Croatia,Europe,49,1318189,0,18752
2024-04-28,Croatia,Europe,49,1318238,0,18752
2024-05-05,Croatia,Europe,61,1318299,0,18752
2024-05-12,Croatia,Europe,71,1318370,0,18752
2024-05-19,Croatia,Europe,89,1318459,0,18752
2024-05-26,Croatia,Europe,72,1318531,0,18752
2024-06-02,Croatia,Europe,40,1318571,0,18752
2024-06-09,Croatia,Europe,126,1318697,0,18752
2024-06-16,Croatia,Europe,182,1318879,0,18752
2024-06-23,Croatia,Europe,216,1319095,0,18752
2024-06-30,Croatia,Europe,255,1319350,0,18752
2024-07-07,Croatia,Europe,408,1319758,0,18752
2024-07-14,Croatia,Europe,475,1320233,0,18752
2024-07-21,Croatia,Europe,674,1320907,0,18752
2024-07-28,Croatia,Europe,918,1321825,0,18752
2024-08-04,Croatia,Europe,925,1322750,1,18753
2024-08-11,Croatia,Europe,918,1323668,1,18754
2024-08-18,Croatia,Europe,1146,1324814,1,18755
2024-08-25,Croatia,Europe,2182,1326996,0,18755
2024-09-01,Croatia,Europe,2455,1329451,0,18755
2020-01-05,Cuba,North America,0,0,0,0
2020-01-12,Cuba,North America,0,0,0,0
2020-01-19,Cuba,North America,0,0,0,0
2020-01-26,Cuba,North America,0,0,0,0
2020-02-02,Cuba,North America,0,0,0,0
2020-02-09,Cuba,North America,0,0,0,0
2020-02-16,Cuba,North America,0,0,0,0
2020-02-23,Cuba,North America,0,0,0,0
2020-03-01,Cuba,North America,0,0,0,0
2020-03-08,Cuba,North America,0,0,0,0
2020-03-15,Cuba,North America,4,4,0,0
2020-03-22,Cuba,North America,12,16,1,1
2020-03-29,Cuba,North America,103,119,2,3
2020-04-05,Cuba,North America,169,288,3,6
2020-04-12,Cuba,North America,332,620,10,16
2020-04-19,Cuba,North America,366,986,16,32
2020-04-26,Cuba,North America,351,1337,19,51
2020-05-03,Cuba,North America,274,1611,15,66
2020-05-10,Cuba,North America,143,1754,8,74
2020-05-17,Cuba,North America,108,1862,5,79
2020-05-24,Cuba,North America,69,1931,2,81
2020-05-31,Cuba,North America,94,2025,2,83
2020-06-07,Cuba,North America,148,2173,0,83
2020-06-14,Cuba,North America,65,2238,1,84
2020-06-21,Cuba,North America,71,2309,1,85
2020-06-28,Cuba,North America,21,2330,1,86
2020-07-05,Cuba,North America,39,2369,0,86
2020-07-12,Cuba,North America,51,2420,1,87
2020-07-19,Cuba,North America,25,2445,0,87
2020-07-26,Cuba,North America,33,2478,0,87
2020-08-02,Cuba,North America,155,2633,0,87
2020-08-09,Cuba,North America,255,2888,1,88
2020-08-16,Cuba,North America,404,3292,0,88
2020-08-23,Cuba,North America,325,3617,1,89
2020-08-30,Cuba,North America,308,3925,5,94
2020-09-06,Cuba,North America,373,4298,6,100
2020-09-13,Cuba,North America,355,4653,8,108
2020-09-20,Cuba,North America,402,5055,5,113
2020-09-27,Cuba,North America,357,5412,7,120
2020-10-04,Cuba,North America,368,5780,2,122
2020-10-11,Cuba,North America,168,5948,1,123
2020-10-18,Cuba,North America,222,6170,2,125
2020-10-25,Cuba,North America,364,6534,3,128
2020-11-01,Cuba,North America,353,6887,0,128
2020-11-08,Cuba,North America,380,7267,2,130
2020-11-15,Cuba,North America,301,7568,1,131
2020-11-22,Cuba,North America,230,7798,1,132
2020-11-29,Cuba,North America,375,8173,1,133
2020-12-06,Cuba,North America,541,8714,3,136
2020-12-13,Cuba,North America,640,9354,1,137
2020-12-20,Cuba,North America,670,10024,0,137
2020-12-27,Cuba,North America,1014,11038,4,141
2021-01-03,Cuba,North America,1187,12225,5,146
2021-01-10,Cuba,North America,1963,14188,2,148
2021-01-17,Cuba,North America,3313,17501,18,166
2021-01-24,Cuba,North America,3126,20627,25,191
2021-01-31,Cuba,North America,5047,25674,22,213
2021-02-07,Cuba,North America,6337,32011,20,233
2021-02-14,Cuba,North America,5472,37483,28,261
2021-02-21,Cuba,North America,6001,43484,30,291
2021-02-28,Cuba,North America,5677,49161,27,318
2021-03-07,Cuba,North America,5674,54835,26,344
2021-03-14,Cuba,North America,5723,60558,22,366
2021-03-21,Cuba,North America,5404,65962,26,392
2021-03-28,Cuba,North America,5622,71584,22,414
2021-04-04,Cuba,North America,6798,78382,17,431
2021-04-11,Cuba,North America,7190,85572,22,453
2021-04-18,Cuba,North America,6902,92474,59,512
2021-04-25,Cuba,North America,7844,100318,69,581
2021-05-02,Cuba,North America,7304,107622,73,654
2021-05-09,Cuba,North America,7290,114912,68,722
2021-05-16,Cuba,North America,8309,123221,74,796
2021-05-23,Cuba,North America,8611,131832,67,863
2021-05-30,Cuba,North America,8255,140087,80,943
2021-06-06,Cuba,North America,7744,147831,60,1003
2021-06-13,Cuba,North America,8407,156238,54,1057
2021-06-20,Cuba,North America,10130,166368,91,1148
2021-06-27,Cuba,North America,13288,179656,83,1231
2021-07-04,Cuba,North America,21072,200728,106,1337
2021-07-11,Cuba,North America,30840,231568,122,1459
2021-07-18,Cuba,North America,44040,275608,384,1843
2021-07-25,Cuba,North America,48507,324115,428,2271
2021-08-01,Cuba,North America,60481,384596,487,2758
2021-08-08,Cuba,North America,64196,448792,597,3355
2021-08-15,Cuba,North America,60240,509032,570,3925
2021-08-22,Cuba,North America,64719,573751,556,4481
2021-08-29,Cuba,North America,60410,634161,586,5067
2021-09-05,Cuba,North America,46292,680453,550,5617
2021-09-12,Cuba,North America,56715,737168,602,6219
2021-09-19,Cuba,North America,55765,792933,514,6733
2021-09-26,Cuba,North America,54561,847494,430,7163
2021-10-03,Cuba,North America,39856,887350,371,7534
2021-10-10,Cuba,North America,27429,914779,278,7812
2021-10-17,Cuba,North America,17989,932768,225,8037
2021-10-24,Cuba,North America,11663,944431,130,8167
2021-10-31,Cuba,North America,6894,951325,63,8230
2021-11-07,Cuba,North America,4173,955498,31,8261
2021-11-14,Cuba,North America,2892,958390,18,8279
2021-11-21,Cuba,North America,2082,960472,14,8293
2021-11-28,Cuba,North America,1595,962067,7,8300
2021-12-05,Cuba,North America,935,963002,7,8307
2021-12-12,Cuba,North America,564,963566,6,8313
2021-12-19,Cuba,North America,469,964035,1,8314
2021-12-26,Cuba,North America,572,964607,6,8320
2022-01-02,Cuba,North America,1866,966473,3,8323
2022-01-09,Cuba,North America,8214,974687,3,8326
2022-01-16,Cuba,North America,20944,995631,9,8335
2022-01-23,Cuba,North America,22973,1018604,23,8358
2022-01-30,Cuba,North America,21238,1039842,32,8390
2022-02-06,Cuba,North America,12378,1052220,41,8431
2022-02-13,Cuba,North America,7614,1059834,36,8467
2022-02-20,Cuba,North America,4923,1064757,19,8486
2022-02-27,Cuba,North America,4000,1068757,8,8494
2022-03-06,Cuba,North America,3717,1072474,5,8499
2022-03-13,Cuba,North America,3755,1076229,4,8503
2022-03-20,Cuba,North America,4457,1080686,3,8506
2022-03-27,Cuba,North America,5675,1086361,3,8509
2022-04-03,Cuba,North America,5491,1091852,3,8512
2022-04-10,Cuba,North America,4382,1096234,5,8517
2022-04-17,Cuba,North America,3210,1099444,3,8520
2022-04-24,Cuba,North America,2042,1101486,3,8523
2022-05-01,Cuba,North America,1455,1102941,3,8526
2022-05-08,Cuba,North America,935,1103876,1,8527
2022-05-15,Cuba,North America,620,1104496,2,8529
2022-05-22,Cuba,North America,439,1104935,0,8529
2022-05-29,Cuba,North America,292,1105227,0,8529
2022-06-05,Cuba,North America,216,1105443,0,8529
2022-06-12,Cuba,North America,149,1105592,0,8529
2022-06-19,Cuba,North America,137,1105729,0,8529
2022-06-26,Cuba,North America,167,1105896,0,8529
2022-07-03,Cuba,North America,191,1106087,0,8529
2022-07-10,Cuba,North America,278,1106365,0,8529
2022-07-17,Cuba,North America,365,1106730,0,8529
2022-07-24,Cuba,North America,581,1107311,0,8529
2022-07-31,Cuba,North America,674,1107985,0,8529
2022-08-07,Cuba,North America,721,1108706,0,8529
2022-08-14,Cuba,North America,654,1109360,0,8529
2022-08-21,Cuba,North America,551,1109911,0,8529
2022-08-28,Cuba,North America,426,1110337,1,8530
2022-09-04,Cuba,North America,331,1110668,0,8530
2022-09-11,Cuba,North America,190,1110858,0,8530
2022-09-18,Cuba,North America,153,1111011,0,8530
2022-09-25,Cuba,North America,117,1111128,0,8530
2022-10-02,Cuba,North America,66,1111194,0,8530
2022-10-09,Cuba,North America,39,1111233,0,8530
2022-10-16,Cuba,North America,18,1111251,0,8530
2022-10-23,Cuba,North America,15,1111266,0,8530
2022-10-30,Cuba,North America,15,1111281,0,8530
2022-11-06,Cuba,North America,10,1111291,0,8530
2022-11-13,Cuba,North America,26,1111317,0,8530
2022-11-20,Cuba,North America,20,1111337,0,8530
2022-11-27,Cuba,North America,31,1111368,0,8530
2022-12-04,Cuba,North America,53,1111421,0,8530
2022-12-11,Cuba,North America,109,1111530,0,8530
2022-12-18,Cuba,North America,117,1111647,0,8530
2022-12-25,Cuba,North America,180,1111827,0,8530
2023-01-01,Cuba,North America,166,1111993,0,8530
2023-01-08,Cuba,North America,141,1112134,0,8530
2023-01-15,Cuba,North America,129,1112263,0,8530
2023-01-22,Cuba,North America,78,1112341,0,8530
2023-01-29,Cuba,North America,53,1112394,0,8530
2023-02-05,Cuba,North America,79,1112473,0,8530
2023-02-12,Cuba,North America,40,1112513,0,8530
2023-02-19,Cuba,North America,30,1112543,0,8530
2023-02-26,Cuba,North America,35,1112578,0,8530
2023-03-05,Cuba,North America,44,1112622,0,8530
2023-03-12,Cuba,North America,15,1112637,0,8530
2023-03-19,Cuba,North America,60,1112697,0,8530
2023-03-26,Cuba,North America,81,1112778,0,8530
2023-04-02,Cuba,North America,47,1112825,0,8530
2023-04-09,Cuba,North America,28,1112853,0,8530
2023-04-16,Cuba,North America,137,1112990,0,8530
2023-04-23,Cuba,North America,98,1113088,0,8530
2023-04-30,Cuba,North America,0,1113088,0,8530
2023-05-07,Cuba,North America,312,1113400,0,8530
2023-05-14,Cuba,North America,194,1113594,0,8530
2023-05-21,Cuba,North America,0,1113594,0,8530
2023-05-28,Cuba,North America,0,1113594,0,8530
2023-06-04,Cuba,North America,0,1113594,0,8530
2023-06-11,Cuba,North America,0,1113594,0,8530
2023-06-18,Cuba,North America,0,1113594,0,8530
2023-06-25,Cuba,North America,0,1113594,0,8530
2023-07-02,Cuba,North America,0,1113594,0,8530
2023-07-09,Cuba,North America,0,1113594,0,8530
2023-07-16,Cuba,North America,0,1113594,0,8530
2023-07-23,Cuba,North America,0,1113594,0,8530
2023-07-30,Cuba,North America,0,1113594,0,8530
2023-08-06,Cuba,North America,0,1113594,0,8530
2023-08-13,Cuba,North America,0,1113594,0,8530
2023-08-20,Cuba,North America,0,1113594,0,8530
2023-08-27,Cuba,North America,0,1113594,0,8530
2023-09-03,Cuba,North America,0,1113594,0,8530
2023-09-10,Cuba,North America,0,1113594,0,8530
2023-09-17,Cuba,North America,0,1113594,0,8530
2023-09-24,Cuba,North America,0,1113594,0,8530
2023-10-01,Cuba,North America,0,1113594,0,8530
2023-10-08,Cuba,North America,0,1113594,0,8530
2023-10-15,Cuba,North America,0,1113594,0,8530
2023-10-22,Cuba,North America,0,1113594,0,8530
2023-10-29,Cuba,North America,0,1113594,0,8530
2023-11-05,Cuba,North America,0,1113594,0,8530
2023-11-12,Cuba,North America,0,1113594,0,8530
2023-11-19,Cuba,North America,0,1113594,0,8530
2023-11-26,Cuba,North America,0,1113594,0,8530
2023-12-03,Cuba,North America,0,1113594,0,8530
2023-12-10,Cuba,North America,0,1113594,0,8530
2023-12-17,Cuba,North America,0,1113594,0,8530
2023-12-24,Cuba,North America,0,1113594,0,8530
2023-12-31,Cuba,North America,0,1113594,0,8530
2024-01-07,Cuba,North America,3,1113597,0,8530
2024-01-14,Cuba,North America,4,1113601,0,8530
2024-01-21,Cuba,North America,12,1113613,0,8530
2024-01-28,Cuba,North America,8,1113621,0,8530
2024-02-04,Cuba,North America,13,1113634,0,8530
2024-02-11,Cuba,North America,12,1113646,0,8530
2024-02-18,Cuba,North America,2,1113648,0,8530
2024-02-25,Cuba,North America,6,1113654,0,8530
2024-03-03,Cuba,North America,3,1113657,0,8530
2024-03-10,Cuba,North America,1,1113658,0,8530
2024-03-17,Cuba,North America,1,1113659,0,8530
2024-03-24,Cuba,North America,1,1113660,0,8530
2024-03-31,Cuba,North America,2,1113662,0,8530
2024-04-07,Cuba,North America,0,1113662,0,8530
2024-04-14,Cuba,North America,0,1113662,0,8530
2024-04-21,Cuba,North America,0,1113662,0,8530
2024-04-28,Cuba,North America,0,1113662,0,8530
2024-05-05,Cuba,North America,0,1113662,0,8530
2024-05-12,Cuba,North America,0,1113662,0,8530
2024-05-19,Cuba,North America,0,1113662,0,8530
2024-05-26,Cuba,North America,0,1113662,0,8530
2024-06-02,Cuba,North America,0,1113662,0,8530
2024-06-09,Cuba,North America,0,1113662,0,8530
2024-06-16,Cuba,North America,0,1113662,0,8530
2024-06-23,Cuba,North America,0,1113662,0,8530
2024-06-30,Cuba,North America,0,1113662,0,8530
2024-07-07,Cuba,North America,0,1113662,0,8530
2024-07-14,Cuba,North America,0,1113662,0,8530
2024-07-21,Cuba,North America,0,1113662,0,8530
2024-07-28,Cuba,North America,0,1113662,0,8530
2024-08-04,Cuba,North America,0,1113662,0,8530
2024-08-11,Cuba,North America,0,1113662,0,8530
2024-08-18,Cuba,North America,0,1113662,0,8530
2024-08-25,Cuba,North America,0,1113662,0,8530
2024-09-01,Cuba,North America,0,1113662,0,8530
2020-01-05,Curaçao,North America,0,0,0,0
2020-01-12,Curaçao,North America,0,0,0,0
2020-01-19,Curaçao,North America,0,0,0,0
2020-01-26,Curaçao,North America,0,0,0,0
2020-02-02,Curaçao,North America,0,0,0,0
2020-02-09,Curaçao,North America,0,0,0,0
2020-02-16,Curaçao,North America,0,0,0,0
2020-02-23,Curaçao,North America,0,0,0,0
2020-03-01,Curaçao,North America,0,0,0,0
2020-03-08,Curaçao,North America,0,0,0,0
2020-03-15,Curaçao,North America,1,1,0,0
2020-03-22,Curaçao,North America,2,3,1,1
2020-03-29,Curaçao,North America,4,7,0,1
2020-04-05,Curaçao,North America,4,11,0,1
2020-04-12,Curaçao,North America,3,14,0,1
2020-04-19,Curaçao,North America,0,14,0,1
2020-04-26,Curaçao,North America,0,14,0,1
2020-05-03,Curaçao,North America,2,16,0,1
2020-05-10,Curaçao,North America,0,16,0,1
2020-05-17,Curaçao,North America,0,16,0,1
2020-05-24,Curaçao,North America,0,16,0,1
2020-05-31,Curaçao,North America,4,20,0,1
2020-06-07,Curaçao,North America,1,21,0,1
2020-06-14,Curaçao,North America,1,22,0,1
2020-06-21,Curaçao,North America,1,23,0,1
2020-06-28,Curaçao,North America,0,23,0,1
2020-07-05,Curaçao,North America,2,25,0,1
2020-07-12,Curaçao,North America,0,25,0,1
2020-07-19,Curaçao,North America,3,28,0,1
2020-07-26,Curaçao,North America,1,29,0,1
2020-08-02,Curaçao,North America,0,29,0,1
2020-08-09,Curaçao,North America,2,31,0,1
2020-08-16,Curaçao,North America,1,32,0,1
2020-08-23,Curaçao,North America,5,37,0,1
2020-08-30,Curaçao,North America,18,55,0,1
2020-09-06,Curaçao,North America,23,78,0,1
2020-09-13,Curaçao,North America,57,135,0,1
2020-09-20,Curaçao,North America,75,210,0,1
2020-09-27,Curaçao,North America,105,315,0,1
2020-10-04,Curaçao,North America,84,399,0,1
2020-10-11,Curaçao,North America,133,532,0,1
2020-10-18,Curaçao,North America,141,673,0,1
2020-10-25,Curaçao,North America,130,803,0,1
2020-11-01,Curaçao,North America,141,944,0,1
2020-11-08,Curaçao,North America,86,1030,1,2
2020-11-15,Curaçao,North America,185,1215,0,2
2020-11-22,Curaçao,North America,346,1561,1,3
2020-11-29,Curaçao,North America,485,2046,0,3
2020-12-06,Curaçao,North America,694,2740,4,7
2020-12-13,Curaçao,North America,664,3404,1,8
2020-12-20,Curaçao,North America,419,3823,3,11
2020-12-27,Curaçao,North America,228,4051,1,12
2021-01-03,Curaçao,North America,179,4230,2,14
2021-01-10,Curaçao,North America,175,4405,4,18
2021-01-17,Curaçao,North America,93,4498,1,19
2021-01-24,Curaçao,North America,39,4537,1,20
2021-01-31,Curaçao,North America,37,4574,0,20
2021-02-07,Curaçao,North America,23,4597,1,21
2021-02-14,Curaçao,North America,36,4633,1,22
2021-02-21,Curaçao,North America,33,4666,0,22
2021-02-28,Curaçao,North America,42,4708,0,22
2021-03-07,Curaçao,North America,43,4751,0,22
2021-03-14,Curaçao,North America,164,4915,0,22
2021-03-21,Curaçao,North America,605,5520,1,23
2021-03-28,Curaçao,North America,1128,6648,4,27
2021-04-04,Curaçao,North America,2186,8834,11,38
2021-04-11,Curaçao,North America,1798,10632,22,60
2021-04-18,Curaçao,North America,1042,11674,20,80
2021-04-25,Curaçao,North America,348,12022,19,99
2021-05-02,Curaçao,North America,159,12181,9,108
2021-05-09,Curaçao,North America,41,12222,5,113
2021-05-16,Curaçao,North America,22,12244,5,118
2021-05-23,Curaçao,North America,22,12266,4,122
2021-05-30,Curaçao,North America,5,12271,0,122
2021-06-06,Curaçao,North America,5,12276,0,122
2021-06-13,Curaçao,North America,15,12291,1,123
2021-06-20,Curaçao,North America,17,12308,0,123
2021-06-27,Curaçao,North America,19,12327,3,126
2021-07-04,Curaçao,North America,16,12343,0,126
2021-07-11,Curaçao,North America,21,12364,0,126
2021-07-18,Curaçao,North America,173,12537,0,126
2021-07-25,Curaçao,North America,501,13038,0,126
2021-08-01,Curaçao,North America,455,13493,0,126
2021-08-08,Curaçao,North America,414,13907,4,130
2021-08-15,Curaçao,North America,489,14396,2,132
2021-08-22,Curaçao,North America,406,14802,4,136
2021-08-29,Curaçao,North America,332,15134,6,142
2021-09-05,Curaçao,North America,245,15379,5,147
2021-09-12,Curaçao,North America,217,15596,6,153
2021-09-19,Curaçao,North America,329,15925,2,155
2021-09-26,Curaçao,North America,329,16254,3,158
2021-10-03,Curaçao,North America,246,16500,5,163
2021-10-10,Curaçao,North America,204,16704,5,168
2021-10-17,Curaçao,North America,181,16885,1,169
2021-10-24,Curaçao,North America,99,16984,3,172
2021-10-31,Curaçao,North America,69,17053,2,174
2021-11-07,Curaçao,North America,58,17111,1,175
2021-11-14,Curaçao,North America,76,17187,0,175
2021-11-21,Curaçao,North America,83,17270,0,175
2021-11-28,Curaçao,North America,104,17374,3,178
2021-12-05,Curaçao,North America,66,17440,1,179
2021-12-12,Curaçao,North America,100,17540,1,180
2021-12-19,Curaçao,North America,153,17693,3,183
2021-12-26,Curaçao,North America,606,18299,3,186
2022-01-02,Curaçao,North America,2411,20710,3,189
2022-01-09,Curaçao,North America,5278,25988,2,191
2022-01-16,Curaçao,North America,5941,31929,8,199
2022-01-23,Curaçao,North America,3378,35307,11,210
2022-01-30,Curaçao,North America,1415,36722,15,225
2022-02-06,Curaçao,North America,804,37526,17,242
2022-02-13,Curaçao,North America,646,38172,7,249
2022-02-20,Curaçao,North America,436,38608,11,260
2022-02-27,Curaçao,North America,259,38867,1,261
2022-03-06,Curaçao,North America,216,39083,0,261
2022-03-13,Curaçao,North America,102,39185,3,264
2022-03-20,Curaçao,North America,375,39560,1,265
2022-03-27,Curaçao,North America,293,39853,0,265
2022-04-03,Curaçao,North America,493,40346,2,267
2022-04-10,Curaçao,North America,456,40802,0,267
2022-04-17,Curaçao,North America,504,41306,4,271
2022-04-24,Curaçao,North America,423,41729,0,271
2022-05-01,Curaçao,North America,306,42035,2,273
2022-05-08,Curaçao,North America,295,42330,1,274
2022-05-15,Curaçao,North America,344,42674,1,275
2022-05-22,Curaçao,North America,475,43149,1,276
2022-05-29,Curaçao,North America,473,43622,1,277
2022-06-05,Curaçao,North America,331,43953,0,277
2022-06-12,Curaçao,North America,174,44127,0,277
2022-06-19,Curaçao,North America,187,44314,1,278
2022-06-26,Curaçao,North America,126,44440,0,278
2022-07-03,Curaçao,North America,105,44545,0,278
2022-07-10,Curaçao,North America,117,44662,0,278
2022-07-17,Curaçao,North America,120,44782,2,280
2022-07-24,Curaçao,North America,150,44932,2,282
2022-07-31,Curaçao,North America,131,45063,0,282
2022-08-07,Curaçao,North America,0,45063,0,282
2022-08-14,Curaçao,North America,146,45209,1,283
2022-08-21,Curaçao,North America,34,45243,2,285
2022-08-28,Curaçao,North America,34,45277,1,286
2022-09-04,Curaçao,North America,25,45302,1,287
2022-09-11,Curaçao,North America,16,45318,0,287
2022-09-18,Curaçao,North America,27,45345,0,287
2022-09-25,Curaçao,North America,12,45357,0,287
2022-10-02,Curaçao,North America,11,45368,0,287
2022-10-09,Curaçao,North America,22,45390,0,287
2022-10-16,Curaçao,North America,16,45406,2,289
2022-10-23,Curaçao,North America,28,45434,0,289
2022-10-30,Curaçao,North America,33,45467,1,290
2022-11-06,Curaçao,North America,22,45489,3,293
2022-11-13,Curaçao,North America,18,45507,0,293
2022-11-20,Curaçao,North America,29,45536,1,294
2022-11-27,Curaçao,North America,23,45559,1,295
2022-12-04,Curaçao,North America,27,45586,0,295
2022-12-11,Curaçao,North America,44,45630,2,297
2022-12-18,Curaçao,North America,39,45669,1,298
2022-12-25,Curaçao,North America,38,45707,1,299
2023-01-01,Curaçao,North America,13,45720,0,299
2023-01-08,Curaçao,North America,14,45734,0,299
2023-01-15,Curaçao,North America,11,45745,0,299
2023-01-22,Curaçao,North America,21,45766,2,301
2023-01-29,Curaçao,North America,7,45773,0,301
2023-02-05,Curaçao,North America,0,45773,0,301
2023-02-12,Curaçao,North America,7,45780,0,301
2023-02-19,Curaçao,North America,1,45781,0,301
2023-02-26,Curaçao,North America,5,45786,0,301
2023-03-05,Curaçao,North America,0,45786,0,301
2023-03-12,Curaçao,North America,1,45787,0,301
2023-03-19,Curaçao,North America,2,45789,0,301
2023-03-26,Curaçao,North America,4,45793,0,301
2023-04-02,Curaçao,North America,5,45798,0,301
2023-04-09,Curaçao,North America,0,45798,0,301
2023-04-16,Curaçao,North America,0,45798,0,301
2023-04-23,Curaçao,North America,0,45798,0,301
2023-04-30,Curaçao,North America,0,45798,0,301
2023-05-07,Curaçao,North America,14,45812,1,302
2023-05-14,Curaçao,North America,0,45812,0,302
2023-05-21,Curaçao,North America,0,45812,0,302
2023-05-28,Curaçao,North America,0,45812,0,302
2023-06-04,Curaçao,North America,5,45817,0,302
2023-06-11,Curaçao,North America,0,45817,0,302
2023-06-18,Curaçao,North America,0,45817,0,302
2023-06-25,Curaçao,North America,0,45817,0,302
2023-07-02,Curaçao,North America,66,45883,3,305
2023-07-09,Curaçao,North America,0,45883,0,305
2023-07-16,Curaçao,North America,0,45883,0,305
2023-07-23,Curaçao,North America,0,45883,0,305
2023-07-30,Curaçao,North America,0,45883,0,305
2023-08-06,Curaçao,North America,0,45883,0,305
2023-08-13,Curaçao,North America,0,45883,0,305
2023-08-20,Curaçao,North America,0,45883,0,305
2023-08-27,Curaçao,North America,0,45883,0,305
2023-09-03,Curaçao,North America,0,45883,0,305
2023-09-10,Curaçao,North America,0,45883,0,305
2023-09-17,Curaçao,North America,0,45883,0,305
2023-09-24,Curaçao,North America,0,45883,0,305
2023-10-01,Curaçao,North America,0,45883,0,305
2023-10-08,Curaçao,North America,0,45883,0,305
2023-10-15,Curaçao,North America,0,45883,0,305
2023-10-22,Curaçao,North America,0,45883,0,305
2023-10-29,Curaçao,North America,0,45883,0,305
2023-11-05,Curaçao,North America,0,45883,0,305
2023-11-12,Curaçao,North America,0,45883,0,305
2023-11-19,Curaçao,North America,0,45883,0,305
2023-11-26,Curaçao,North America,0,45883,0,305
2023-12-03,Curaçao,North America,0,45883,0,305
2023-12-10,Curaçao,North America,0,45883,0,305
2023-12-17,Curaçao,North America,0,45883,0,305
2023-12-24,Curaçao,North America,0,45883,0,305
2023-12-31,Curaçao,North America,0,45883,0,305
2024-01-07,Curaçao,North America,0,45883,0,305
2024-01-14,Curaçao,North America,0,45883,0,305
2024-01-21,Curaçao,North America,0,45883,0,305
2024-01-28,Curaçao,North America,0,45883,0,305
2024-02-04,Curaçao,North America,0,45883,0,305
2024-02-11,Curaçao,North America,0,45883,0,305
2024-02-18,Curaçao,North America,0,45883,0,305
2024-02-25,Curaçao,North America,0,45883,0,305
2024-03-03,Curaçao,North America,0,45883,0,305
2024-03-10,Curaçao,North America,0,45883,0,305
2024-03-17,Curaçao,North America,0,45883,0,305
2024-03-24,Curaçao,North America,0,45883,0,305
2024-03-31,Curaçao,North America,0,45883,0,305
2024-04-07,Curaçao,North America,0,45883,0,305
2024-04-14,Curaçao,North America,0,45883,0,305
2024-04-21,Curaçao,North America,0,45883,0,305
2024-04-28,Curaçao,North America,0,45883,0,305
2024-05-05,Curaçao,North America,0,45883,0,305
2024-05-12,Curaçao,North America,0,45883,0,305
2024-05-19,Curaçao,North America,0,45883,0,305
2024-05-26,Curaçao,North America,0,45883,0,305
2024-06-02,Curaçao,North America,0,45883,0,305
2024-06-09,Curaçao,North America,0,45883,0,305
2024-06-16,Curaçao,North America,0,45883,0,305
2024-06-23,Curaçao,North America,0,45883,0,305
2024-06-30,Curaçao,North America,0,45883,0,305
2024-07-07,Curaçao,North America,0,45883,0,305
2024-07-14,Curaçao,North America,0,45883,0,305
2024-07-21,Curaçao,North America,0,45883,0,305
2024-07-28,Curaçao,North America,0,45883,0,305
2024-08-04,Curaçao,North America,0,45883,0,305
2024-08-11,Curaçao,North America,0,45883,0,305
2024-08-18,Curaçao,North America,0,45883,0,305
2024-08-25,Curaçao,North America,0,45883,0,305
2024-09-01,Curaçao,North America,0,45883,0,305
2020-01-05,Cyprus,Europe,0,0,0,0
2020-01-12,Cyprus,Europe,0,0,0,0
2020-01-19,Cyprus,Europe,0,0,0,0
2020-01-26,Cyprus,Europe,0,0,0,0
2020-02-02,Cyprus,Europe,0,0,0,0
2020-02-09,Cyprus,Europe,0,0,0,0
2020-02-16,Cyprus,Europe,0,0,0,0
2020-02-23,Cyprus,Europe,0,0,0,0
2020-03-01,Cyprus,Europe,0,0,0,0
2020-03-08,Cyprus,Europe,0,0,0,0
2020-03-15,Cyprus,Europe,21,21,0,0
2020-03-22,Cyprus,Europe,63,84,0,0
2020-03-29,Cyprus,Europe,95,179,5,5
2020-04-05,Cyprus,Europe,247,426,4,9
2020-04-12,Cyprus,Europe,190,616,1,10
2020-04-19,Cyprus,Europe,145,761,2,12
2020-04-26,Cyprus,Europe,49,810,2,14
2020-05-03,Cyprus,Europe,54,864,1,15
2020-05-10,Cyprus,Europe,28,892,0,15
2020-05-17,Cyprus,Europe,22,914,2,17
2020-05-24,Cyprus,Europe,13,927,0,17
2020-05-31,Cyprus,Europe,16,943,0,17
2020-06-07,Cyprus,Europe,17,960,1,18
2020-06-14,Cyprus,Europe,20,980,0,18
2020-06-21,Cyprus,Europe,5,985,1,19
2020-06-28,Cyprus,Europe,9,994,0,19
2020-07-05,Cyprus,Europe,8,1002,0,19
2020-07-12,Cyprus,Europe,12,1014,0,19
2020-07-19,Cyprus,Europe,23,1037,0,19
2020-07-26,Cyprus,Europe,16,1053,0,19
2020-08-02,Cyprus,Europe,71,1124,0,19
2020-08-09,Cyprus,Europe,109,1233,0,19
2020-08-16,Cyprus,Europe,99,1332,1,20
2020-08-23,Cyprus,Europe,85,1417,1,21
2020-08-30,Cyprus,Europe,66,1483,0,21
2020-09-06,Cyprus,Europe,24,1507,0,21
2020-09-13,Cyprus,Europe,16,1523,0,21
2020-09-20,Cyprus,Europe,57,1580,1,22
2020-09-27,Cyprus,Europe,104,1684,0,22
2020-10-04,Cyprus,Europe,127,1811,0,22
2020-10-11,Cyprus,Europe,175,1986,3,25
2020-10-18,Cyprus,Europe,393,2379,0,25
2020-10-25,Cyprus,Europe,1065,3444,0,25
2020-11-01,Cyprus,Europe,922,4366,1,26
2020-11-08,Cyprus,Europe,1505,5871,1,27
2020-11-15,Cyprus,Europe,1180,7051,12,39
2020-11-22,Cyprus,Europe,1405,8456,4,43
2020-11-29,Cyprus,Europe,1775,10231,5,48
2020-12-06,Cyprus,Europe,1951,12182,12,60
2020-12-13,Cyprus,Europe,2619,14801,19,79
2020-12-20,Cyprus,Europe,2676,17477,13,92
2020-12-27,Cyprus,Europe,1915,19392,22,114
2021-01-03,Cyprus,Europe,4511,23903,18,132
2021-01-10,Cyprus,Europe,3566,27469,18,150
2021-01-17,Cyprus,Europe,1800,29269,20,170
2021-01-24,Cyprus,Europe,1076,30345,16,186
2021-01-31,Cyprus,Europe,883,31228,14,200
2021-02-07,Cyprus,Europe,928,32156,14,214
2021-02-14,Cyprus,Europe,746,32902,11,225
2021-02-21,Cyprus,Europe,763,33665,9,234
2021-02-28,Cyprus,Europe,1271,34936,2,236
2021-03-07,Cyprus,Europe,2315,37251,1,237
2021-03-14,Cyprus,Europe,2702,39953,6,243
2021-03-21,Cyprus,Europe,2605,42558,4,247
2021-03-28,Cyprus,Europe,2423,44981,8,255
2021-04-04,Cyprus,Europe,3271,48252,11,266
2021-04-11,Cyprus,Europe,3753,52005,11,277
2021-04-18,Cyprus,Europe,4372,56377,18,295
2021-04-25,Cyprus,Europe,6169,62546,10,305
2021-05-02,Cyprus,Europe,4903,67449,15,320
2021-05-09,Cyprus,Europe,2791,70240,21,341
2021-05-16,Cyprus,Europe,1736,71976,12,353
2021-05-23,Cyprus,Europe,937,72913,8,361
2021-05-30,Cyprus,Europe,527,73440,7,368
2021-06-06,Cyprus,Europe,432,73872,3,371
2021-06-13,Cyprus,Europe,407,74279,10,381
2021-06-20,Cyprus,Europe,425,74704,1,382
2021-06-27,Cyprus,Europe,987,75691,0,382
2021-07-04,Cyprus,Europe,3262,78953,0,382
2021-07-11,Cyprus,Europe,5978,84931,6,388
2021-07-18,Cyprus,Europe,6915,91846,5,393
2021-07-25,Cyprus,Europe,6653,98499,15,408
2021-08-01,Cyprus,Europe,5170,103669,24,432
2021-08-08,Cyprus,Europe,3647,107316,18,450
2021-08-15,Cyprus,Europe,3114,110430,23,473
2021-08-22,Cyprus,Europe,2433,112863,23,496
2021-08-29,Cyprus,Europe,1929,114792,22,518
2021-09-05,Cyprus,Europe,1830,116622,18,536
2021-09-12,Cyprus,Europe,1210,117832,15,551
2021-09-19,Cyprus,Europe,1032,118864,10,561
2021-09-26,Cyprus,Europe,826,119690,5,566
2021-10-03,Cyprus,Europe,726,120416,3,569
2021-10-10,Cyprus,Europe,855,121271,4,573
2021-10-17,Cyprus,Europe,993,122264,5,578
2021-10-24,Cyprus,Europe,1005,123269,7,585
2021-10-31,Cyprus,Europe,1064,124333,7,592
2021-11-07,Cyprus,Europe,1482,125815,2,594
2021-11-14,Cyprus,Europe,1663,127478,2,596
2021-11-21,Cyprus,Europe,2410,129888,2,598
2021-11-28,Cyprus,Europe,3049,132937,2,600
2021-12-05,Cyprus,Europe,3588,136525,9,609
2021-12-12,Cyprus,Europe,3933,140458,7,616
2021-12-19,Cyprus,Europe,4255,144713,11,627
2021-12-26,Cyprus,Europe,5135,149848,10,637
2022-01-02,Cyprus,Europe,17631,167479,11,648
2022-01-09,Cyprus,Europe,25723,193202,16,664
2022-01-16,Cyprus,Europe,22407,215609,21,685
2022-01-23,Cyprus,Europe,15773,231382,39,724
2022-01-30,Cyprus,Europe,16980,248362,24,748
2022-02-06,Cyprus,Europe,20295,268657,13,761
2022-02-13,Cyprus,Europe,18231,286888,32,793
2022-02-20,Cyprus,Europe,16440,303328,43,836
2022-02-27,Cyprus,Europe,14348,317676,34,870
2022-03-06,Cyprus,Europe,13832,331508,20,890
2022-03-13,Cyprus,Europe,19180,350688,24,914
2022-03-20,Cyprus,Europe,22970,373658,16,930
2022-03-27,Cyprus,Europe,31886,405544,16,946
2022-04-03,Cyprus,Europe,31405,436949,13,959
2022-04-10,Cyprus,Europe,19015,455964,16,975
2022-04-17,Cyprus,Europe,8240,464204,13,988
2022-04-24,Cyprus,Europe,6115,470319,18,1006
2022-05-01,Cyprus,Europe,9901,480220,9,1015
2022-05-08,Cyprus,Europe,3444,483664,12,1027
2022-05-15,Cyprus,Europe,2422,486086,24,1051
2022-05-22,Cyprus,Europe,2103,488189,6,1057
2022-05-29,Cyprus,Europe,1774,489963,2,1059
2022-06-05,Cyprus,Europe,1814,491777,8,1067
2022-06-12,Cyprus,Europe,2207,493984,1,1068
2022-06-19,Cyprus,Europe,3470,497454,2,1070
2022-06-26,Cyprus,Europe,7263,504717,2,1072
2022-07-03,Cyprus,Europe,10879,515596,3,1075
2022-07-10,Cyprus,Europe,14914,530510,4,1079
2022-07-17,Cyprus,Europe,15386,545896,7,1086
2022-07-24,Cyprus,Europe,10152,556048,13,1099
2022-07-31,Cyprus,Europe,6863,562911,16,1115
2022-08-07,Cyprus,Europe,5472,568383,28,1143
2022-08-14,Cyprus,Europe,3611,571994,6,1149
2022-08-21,Cyprus,Europe,2130,574124,3,1152
2022-08-28,Cyprus,Europe,2154,576278,16,1168
2022-09-04,Cyprus,Europe,1752,578030,4,1172
2022-09-11,Cyprus,Europe,1869,579899,1,1173
2022-09-18,Cyprus,Europe,2482,582381,5,1178
2022-09-25,Cyprus,Europe,2932,585313,2,1180
2022-10-02,Cyprus,Europe,2681,587994,2,1182
2022-10-09,Cyprus,Europe,2789,590783,5,1187
2022-10-16,Cyprus,Europe,2759,593542,2,1189
2022-10-23,Cyprus,Europe,2755,596297,2,1191
2022-10-30,Cyprus,Europe,2821,599118,3,1194
2022-11-06,Cyprus,Europe,3544,602662,6,1200
2022-11-13,Cyprus,Europe,3625,606287,10,1210
2022-11-20,Cyprus,Europe,3736,610023,8,1218
2022-11-27,Cyprus,Europe,4214,614237,8,1226
2022-12-04,Cyprus,Europe,4011,618248,11,1237
2022-12-11,Cyprus,Europe,3854,622102,5,1242
2022-12-18,Cyprus,Europe,3460,625562,8,1250
2022-12-25,Cyprus,Europe,2947,628509,5,1255
2023-01-01,Cyprus,Europe,2602,631111,3,1258
2023-01-08,Cyprus,Europe,3598,634709,4,1262
2023-01-15,Cyprus,Europe,3353,638062,8,1270
2023-01-22,Cyprus,Europe,2667,640729,10,1280
2023-01-29,Cyprus,Europe,1934,642663,7,1287
2023-02-05,Cyprus,Europe,1497,644160,4,1291
2023-02-12,Cyprus,Europe,1355,645515,2,1293
2023-02-19,Cyprus,Europe,1516,647031,4,1297
2023-02-26,Cyprus,Europe,2062,649093,8,1305
2023-03-05,Cyprus,Europe,1592,650685,25,1330
2023-03-12,Cyprus,Europe,1701,652386,5,1335
2023-03-19,Cyprus,Europe,1281,653667,6,1341
2023-03-26,Cyprus,Europe,1047,654714,4,1345
2023-04-02,Cyprus,Europe,950,655664,4,1349
2023-04-09,Cyprus,Europe,1240,656904,1,1350
2023-04-16,Cyprus,Europe,0,656904,0,1350
2023-04-23,Cyprus,Europe,1546,658450,4,1354
2023-04-30,Cyprus,Europe,0,658450,0,1354
2023-05-07,Cyprus,Europe,2404,660854,10,1364
2023-05-14,Cyprus,Europe,0,660854,0,1364
2023-05-21,Cyprus,Europe,0,660854,0,1364
2023-05-28,Cyprus,Europe,0,660854,0,1364
2023-06-04,Cyprus,Europe,0,660854,0,1364
2023-06-11,Cyprus,Europe,0,660854,0,1364
2023-06-18,Cyprus,Europe,0,660854,0,1364
2023-06-25,Cyprus,Europe,0,660854,0,1364
2023-07-02,Cyprus,Europe,0,660854,0,1364
2023-07-09,Cyprus,Europe,0,660854,0,1364
2023-07-16,Cyprus,Europe,0,660854,0,1364
2023-07-23,Cyprus,Europe,0,660854,0,1364
2023-07-30,Cyprus,Europe,0,660854,0,1364
2023-08-06,Cyprus,Europe,0,660854,0,1364
2023-08-13,Cyprus,Europe,0,660854,0,1364
2023-08-20,Cyprus,Europe,0,660854,0,1364
2023-08-27,Cyprus,Europe,0,660854,0,1364
2023-09-03,Cyprus,Europe,0,660854,0,1364
2023-09-10,Cyprus,Europe,0,660854,0,1364
2023-09-17,Cyprus,Europe,0,660854,0,1364
2023-09-24,Cyprus,Europe,0,660854,0,1364
2023-10-01,Cyprus,Europe,0,660854,0,1364
2023-10-08,Cyprus,Europe,0,660854,0,1364
2023-10-15,Cyprus,Europe,0,660854,0,1364
2023-10-22,Cyprus,Europe,0,660854,0,1364
2023-10-29,Cyprus,Europe,0,660854,0,1364
2023-11-05,Cyprus,Europe,975,661829,0,1364
2023-11-12,Cyprus,Europe,825,662654,4,1368
2023-11-19,Cyprus,Europe,308,662962,0,1368
2023-11-26,Cyprus,Europe,778,663740,0,1368
2023-12-03,Cyprus,Europe,1054,664794,1,1369
2023-12-10,Cyprus,Europe,1685,666479,7,1376
2023-12-17,Cyprus,Europe,2190,668669,9,1385
2023-12-24,Cyprus,Europe,2908,671577,4,1389
2023-12-31,Cyprus,Europe,3532,675109,5,1394
2024-01-07,Cyprus,Europe,7823,682932,11,1405
2024-01-14,Cyprus,Europe,2166,685098,15,1420
2024-01-21,Cyprus,Europe,1482,686580,6,1426
2024-01-28,Cyprus,Europe,913,687493,3,1429
2024-02-04,Cyprus,Europe,841,688334,4,1433
2024-02-11,Cyprus,Europe,527,688861,3,1436
2024-02-18,Cyprus,Europe,450,689311,2,1438
2024-02-25,Cyprus,Europe,382,689693,0,1438
2024-03-03,Cyprus,Europe,320,690013,2,1440
2024-03-10,Cyprus,Europe,292,690305,1,1441
2024-03-17,Cyprus,Europe,177,690482,0,1441
2024-03-24,Cyprus,Europe,126,690608,0,1441
2024-03-31,Cyprus,Europe,100,690708,1,1442
2024-04-07,Cyprus,Europe,89,690797,0,1442
2024-04-14,Cyprus,Europe,91,690888,2,1444
2024-04-21,Cyprus,Europe,65,690953,0,1444
2024-04-28,Cyprus,Europe,68,691021,0,1444
2024-05-05,Cyprus,Europe,51,691072,1,1445
2024-05-12,Cyprus,Europe,144,691216,0,1445
2024-05-19,Cyprus,Europe,31,691247,0,1445
2024-05-26,Cyprus,Europe,200,691447,0,1445
2024-06-02,Cyprus,Europe,247,691694,1,1446
2024-06-09,Cyprus,Europe,377,692071,0,1446
2024-06-16,Cyprus,Europe,472,692543,1,1447
2024-06-23,Cyprus,Europe,94,692637,2,1449
2024-06-30,Cyprus,Europe,788,693425,1,1450
2024-07-07,Cyprus,Europe,474,693899,2,1452
2024-07-14,Cyprus,Europe,548,694447,5,1457
2024-07-21,Cyprus,Europe,1584,696031,8,1465
2024-07-28,Cyprus,Europe,379,696410,3,1468
2024-08-04,Cyprus,Europe,955,697365,3,1471
2024-08-11,Cyprus,Europe,627,697992,2,1473
2024-08-18,Cyprus,Europe,297,698289,5,1478
2024-08-25,Cyprus,Europe,179,698468,3,1481
2024-09-01,Cyprus,Europe,145,698613,0,1481
2020-01-05,Czechia,Europe,0,0,0,0
2020-01-12,Czechia,Europe,0,0,0,0
2020-01-19,Czechia,Europe,0,0,0,0
2020-01-26,Czechia,Europe,0,0,0,0
2020-02-02,Czechia,Europe,0,0,0,0
2020-02-09,Czechia,Europe,0,0,0,0
2020-02-16,Czechia,Europe,0,0,0,0
2020-02-23,Czechia,Europe,0,0,0,0
2020-03-01,Czechia,Europe,0,0,0,0
2020-03-08,Czechia,Europe,27,27,0,0
2020-03-15,Czechia,Europe,163,190,0,0
2020-03-22,Czechia,Europe,869,1059,0,0
2020-03-29,Czechia,Europe,1624,2683,17,17
2020-04-05,Czechia,Europe,1821,4504,49,66
2020-04-12,Czechia,Europe,1438,5942,70,136
2020-04-19,Czechia,Europe,754,6696,44,180
2020-04-26,Czechia,Europe,701,7397,42,222
2020-05-03,Czechia,Europe,412,7809,29,251
2020-05-10,Czechia,Europe,344,8153,26,277
2020-05-17,Czechia,Europe,372,8525,18,295
2020-05-24,Czechia,Europe,448,8973,18,313
2020-05-31,Czechia,Europe,346,9319,5,318
2020-06-07,Czechia,Europe,351,9670,7,325
2020-06-14,Czechia,Europe,429,10099,5,330
2020-06-21,Czechia,Europe,460,10559,8,338
2020-06-28,Czechia,Europe,853,11412,8,346
2020-07-05,Czechia,Europe,1142,12554,4,350
2020-07-12,Czechia,Europe,678,13232,4,354
2020-07-19,Czechia,Europe,748,13980,6,360
2020-07-26,Czechia,Europe,1353,15333,11,371
2020-08-02,Czechia,Europe,1476,16809,13,384
2020-08-09,Czechia,Europe,1549,18358,8,392
2020-08-16,Czechia,Europe,1664,20022,8,400
2020-08-23,Czechia,Europe,1895,21917,15,415
2020-08-30,Czechia,Europe,2315,24232,10,425
2020-09-06,Czechia,Europe,3658,27890,15,440
2020-09-13,Czechia,Europe,7660,35550,27,467
2020-09-20,Czechia,Europe,12920,48470,55,522
2020-09-27,Czechia,Europe,15008,63478,89,611
2020-10-04,Czechia,Europe,17352,80830,127,738
2020-10-11,Czechia,Europe,33458,114288,293,1031
2020-10-18,Czechia,Europe,54911,169199,457,1488
2020-10-25,Czechia,Europe,82219,251418,826,2314
2020-11-01,Czechia,Europe,84751,336169,1290,3604
2020-11-08,Czechia,Europe,76531,412700,1552,5156
2020-11-15,Czechia,Europe,47391,460091,1331,6487
2020-11-22,Czechia,Europe,32810,492901,1001,7488
2020-11-29,Czechia,Europe,28065,520966,899,8387
2020-12-06,Czechia,Europe,27269,548235,760,9147
2020-12-13,Czechia,Europe,33579,581814,680,9827
2020-12-20,Czechia,Europe,45475,627289,779,10606
2020-12-27,Czechia,Europe,47773,675062,761,11367
2021-01-03,Czechia,Europe,70541,745603,954,12321
2021-01-10,Czechia,Europe,92118,837721,1187,13508
2021-01-17,Czechia,Europe,58893,896614,1190,14698
2021-01-24,Czechia,Europe,49125,945739,1054,15752
2021-01-31,Czechia,Europe,47939,993678,1002,16754
2021-02-07,Czechia,Europe,50871,1044549,910,17664
2021-02-14,Czechia,Europe,53838,1098387,930,18594
2021-02-21,Czechia,Europe,65983,1164370,1092,19686
2021-02-28,Czechia,Europe,83422,1247792,1173,20859
2021-03-07,Czechia,Europe,87158,1334950,1398,22257
2021-03-14,Czechia,Europe,79038,1413988,1523,23780
2021-03-21,Czechia,Europe,67088,1481076,1459,25239
2021-03-28,Czechia,Europe,51053,1532129,1280,26519
2021-04-04,Czechia,Europe,37537,1569666,1007,27526
2021-04-11,Czechia,Europe,28894,1598560,847,28373
2021-04-18,Czechia,Europe,22178,1620738,587,28960
2021-04-25,Czechia,Europe,17828,1638566,445,29405
2021-05-02,Czechia,Europe,15073,1653639,358,29763
2021-05-09,Czechia,Europe,11224,1664863,263,30026
2021-05-16,Czechia,Europe,7982,1672845,190,30216
2021-05-23,Czechia,Europe,5241,1678086,108,30324
2021-05-30,Czechia,Europe,3400,1681486,67,30391
2021-06-06,Czechia,Europe,2461,1683947,39,30430
2021-06-13,Czechia,Europe,1542,1685489,28,30458
2021-06-20,Czechia,Europe,978,1686467,16,30474
2021-06-27,Czechia,Europe,732,1687199,12,30486
2021-07-04,Czechia,Europe,1020,1688219,5,30491
2021-07-11,Czechia,Europe,1393,1689612,3,30494
2021-07-18,Czechia,Europe,1700,1691312,4,30498
2021-07-25,Czechia,Europe,1459,1692771,4,30502
2021-08-01,Czechia,Europe,1252,1694023,2,30504
2021-08-08,Czechia,Europe,1216,1695239,6,30510
2021-08-15,Czechia,Europe,1356,1696595,2,30512
2021-08-22,Czechia,Europe,1322,1697917,13,30525
2021-08-29,Czechia,Europe,1395,1699312,7,30532
2021-09-05,Czechia,Europe,1741,1701053,3,30535
2021-09-12,Czechia,Europe,2674,1703727,6,30541
2021-09-19,Czechia,Europe,3104,1706831,16,30557
2021-09-26,Czechia,Europe,3340,1710171,15,30572
2021-10-03,Czechia,Europe,4525,1714696,11,30583
2021-10-10,Czechia,Europe,6141,1720837,26,30609
2021-10-17,Czechia,Europe,9397,1730234,47,30656
2021-10-24,Czechia,Europe,21024,1751258,79,30735
2021-10-31,Czechia,Europe,34304,1785562,156,30891
2021-11-07,Czechia,Europe,54713,1840275,298,31189
2021-11-14,Czechia,Europe,76286,1916561,441,31630
2021-11-21,Czechia,Europe,107749,2024310,642,32272
2021-11-28,Czechia,Europe,131080,2155390,768,33040
2021-12-05,Czechia,Europe,120518,2275908,848,33888
2021-12-12,Czechia,Europe,95994,2371902,798,34686
2021-12-19,Czechia,Europe,70819,2442721,775,35461
2021-12-26,Czechia,Europe,43730,2486451,527,35988
2022-01-02,Czechia,Europe,37317,2523768,448,36436
2022-01-09,Czechia,Europe,49854,2573622,361,36797
2022-01-16,Czechia,Europe,76148,2649770,239,37036
2022-01-23,Czechia,Europe,174118,2823888,175,37211
2022-01-30,Czechia,Europe,279661,3103549,157,37368
2022-02-06,Czechia,Europe,286572,3390121,289,37657
2022-02-13,Czechia,Europe,189772,3579893,388,38045
2022-02-20,Czechia,Europe,129271,3709164,377,38422
2022-02-27,Czechia,Europe,80424,3789588,357,38779
2022-03-06,Czechia,Europe,65371,3854959,300,39079
2022-03-13,Czechia,Europe,63916,3918875,219,39298
2022-03-20,Czechia,Europe,64737,3983612,192,39490
2022-03-27,Czechia,Europe,59392,4043004,194,39684
2022-04-03,Czechia,Europe,50470,4093474,154,39838
2022-04-10,Czechia,Europe,37781,4131255,172,40010
2022-04-17,Czechia,Europe,23016,4154271,92,40102
2022-04-24,Czechia,Europe,16520,4170791,91,40193
2022-05-01,Czechia,Europe,12147,4182938,77,40270
2022-05-08,Czechia,Europe,8010,4190948,57,40327
2022-05-15,Czechia,Europe,4219,4195167,25,40352
2022-05-22,Czechia,Europe,2686,4197853,15,40367
2022-05-29,Czechia,Europe,1896,4199749,11,40378
2022-06-05,Czechia,Europe,1706,4201455,7,40385
2022-06-12,Czechia,Europe,2275,4203730,8,40393
2022-06-19,Czechia,Europe,2945,4206675,4,40397
2022-06-26,Czechia,Europe,4645,4211320,3,40400
2022-07-03,Czechia,Europe,8243,4219563,10,40410
2022-07-10,Czechia,Europe,7976,4227539,20,40430
2022-07-17,Czechia,Europe,14675,4242214,22,40452
2022-07-24,Czechia,Europe,21407,4263621,43,40495
2022-07-31,Czechia,Europe,22707,4286328,86,40581
2022-08-07,Czechia,Europe,20552,4306880,102,40683
2022-08-14,Czechia,Europe,17817,4324697,83,40766
2022-08-21,Czechia,Europe,18267,4342964,87,40853
2022-08-28,Czechia,Europe,15470,4358434,62,40915
2022-09-04,Czechia,Europe,16021,4374455,45,40960
2022-09-11,Czechia,Europe,18605,4393060,56,41016
2022-09-18,Czechia,Europe,22160,4415220,52,41068
2022-09-25,Czechia,Europe,24278,4439498,65,41133
2022-10-02,Czechia,Europe,26213,4465711,100,41233
2022-10-09,Czechia,Europe,26201,4491912,123,41356
2022-10-16,Czechia,Europe,19903,4511815,142,41498
2022-10-23,Czechia,Europe,14417,4526232,97,41595
2022-10-30,Czechia,Europe,8162,4534394,79,41674
2022-11-06,Czechia,Europe,7155,4541549,63,41737
2022-11-13,Czechia,Europe,5214,4546763,62,41799
2022-11-20,Czechia,Europe,4122,4550885,39,41838
2022-11-27,Czechia,Europe,4863,4555748,41,41879
2022-12-04,Czechia,Europe,5617,4561365,43,41922
2022-12-11,Czechia,Europe,6162,4567527,54,41976
2022-12-18,Czechia,Europe,5531,4573058,54,42030
2022-12-25,Czechia,Europe,4468,4577526,69,42099
2023-01-01,Czechia,Europe,2728,4580254,67,42166
2023-01-08,Czechia,Europe,2915,4583169,62,42228
2023-01-15,Czechia,Europe,1955,4585124,39,42267
2023-01-22,Czechia,Europe,1813,4586937,32,42299
2023-01-29,Czechia,Europe,1964,4588901,16,42315
2023-02-05,Czechia,Europe,2720,4591621,22,42337
2023-02-12,Czechia,Europe,3823,4595444,24,42361
2023-02-19,Czechia,Europe,5723,4601167,35,42396
2023-02-26,Czechia,Europe,6972,4608139,48,42444
2023-03-05,Czechia,Europe,6012,4614151,43,42487
2023-03-12,Czechia,Europe,6289,4620440,36,42523
2023-03-19,Czechia,Europe,5728,4626168,57,42580
2023-03-26,Czechia,Europe,4673,4630841,56,42636
2023-04-02,Czechia,Europe,3359,4634200,46,42682
2023-04-09,Czechia,Europe,2070,4636270,28,42710
2023-04-16,Czechia,Europe,1768,4638038,23,42733
2023-04-23,Czechia,Europe,1406,4639444,22,42755
2023-04-30,Czechia,Europe,967,4640411,16,42771
2023-05-07,Czechia,Europe,558,4640969,12,42783
2023-05-14,Czechia,Europe,453,4641422,11,42794
2023-05-21,Czechia,Europe,350,4641772,6,42800
2023-05-28,Czechia,Europe,276,4642048,6,42806
2023-06-04,Czechia,Europe,232,4642280,3,42809
2023-06-11,Czechia,Europe,174,4642454,1,42810
2023-06-18,Czechia,Europe,131,4642585,2,42812
2023-06-25,Czechia,Europe,139,4642724,0,42812
2023-07-02,Czechia,Europe,72,4642796,1,42813
2023-07-09,Czechia,Europe,51,4642847,0,42813
2023-07-16,Czechia,Europe,67,4642914,2,42815
2023-07-23,Czechia,Europe,79,4642993,1,42816
2023-07-30,Czechia,Europe,76,4643069,0,42816
2023-08-06,Czechia,Europe,123,4643192,0,42816
2023-08-13,Czechia,Europe,168,4643360,0,42816
2023-08-20,Czechia,Europe,294,4643654,2,42818
2023-08-27,Czechia,Europe,398,4644052,1,42819
2023-09-03,Czechia,Europe,476,4644528,4,42823
2023-09-10,Czechia,Europe,891,4645419,6,42829
2023-09-17,Czechia,Europe,1762,4647181,5,42834
2023-09-24,Czechia,Europe,2251,4649432,10,42844
2023-10-01,Czechia,Europe,2175,4651607,8,42852
2023-10-08,Czechia,Europe,3016,4654623,14,42866
2023-10-15,Czechia,Europe,3035,4657658,20,42886
2023-10-22,Czechia,Europe,3535,4661193,18,42904
2023-10-29,Czechia,Europe,4418,4665611,16,42920
2023-11-05,Czechia,Europe,5151,4670762,37,42957
2023-11-12,Czechia,Europe,5524,4676286,26,42983
2023-11-19,Czechia,Europe,5524,4681810,26,43009
2023-11-26,Czechia,Europe,8535,4690345,34,43043
2023-12-03,Czechia,Europe,10321,4700666,49,43092
2023-12-10,Czechia,Europe,13257,4713923,65,43157
2023-12-17,Czechia,Europe,16022,4729945,76,43233
2023-12-24,Czechia,Europe,12319,4742264,70,43303
2023-12-31,Czechia,Europe,4359,4746623,51,43354
2024-01-07,Czechia,Europe,4420,4751043,57,43411
2024-01-14,Czechia,Europe,2246,4753289,32,43443
2024-01-21,Czechia,Europe,1608,4754897,20,43463
2024-01-28,Czechia,Europe,1217,4756114,8,43471
2024-02-04,Czechia,Europe,866,4756980,10,43481
2024-02-11,Czechia,Europe,637,4757617,4,43485
2024-02-18,Czechia,Europe,428,4758045,5,43490
2024-02-25,Czechia,Europe,251,4758296,2,43492
2024-03-03,Czechia,Europe,176,4758472,3,43495
2024-03-10,Czechia,Europe,168,4758640,4,43499
2024-03-17,Czechia,Europe,130,4758770,2,43501
2024-03-24,Czechia,Europe,95,4758865,1,43502
2024-03-31,Czechia,Europe,90,4758955,1,43503
2024-04-07,Czechia,Europe,88,4759043,0,43503
2024-04-14,Czechia,Europe,71,4759114,0,43503
2024-04-21,Czechia,Europe,59,4759173,0,43503
2024-04-28,Czechia,Europe,53,4759226,0,43503
2024-05-05,Czechia,Europe,62,4759288,0,43503
2024-05-12,Czechia,Europe,66,4759354,0,43503
2024-05-19,Czechia,Europe,64,4759418,1,43504
2024-05-26,Czechia,Europe,76,4759494,2,43506
2024-06-02,Czechia,Europe,68,4759562,0,43506
2024-06-09,Czechia,Europe,96,4759658,1,43507
2024-06-16,Czechia,Europe,156,4759814,0,43507
2024-06-23,Czechia,Europe,152,4759966,0,43507
2024-06-30,Czechia,Europe,183,4760149,1,43508
2024-07-07,Czechia,Europe,148,4760297,0,43508
2024-07-14,Czechia,Europe,285,4760582,0,43508
2024-07-21,Czechia,Europe,312,4760894,0,43508
2024-07-28,Czechia,Europe,456,4761350,0,43508
2024-08-04,Czechia,Europe,575,4761925,1,43509
2024-08-11,Czechia,Europe,823,4762748,2,43511
2024-08-18,Czechia,Europe,1034,4763782,2,43513
2024-08-25,Czechia,Europe,1292,4765074,3,43516
2024-09-01,Czechia,Europe,1863,4766937,9,43525
2020-01-05,Democratic People's Republic of Korea,Asia,0,0,0,0
2020-01-12,Democratic People's Republic of Korea,Asia,0,0,0,0
2020-01-19,Democratic People's Republic of Korea,Asia,0,0,0,0
2020-01-26,Democratic People's Republic of Korea,Asia,0,0,0,0
2020-02-02,Democratic People's Republic of Korea,Asia,0,0,0,0
2020-02-09,Democratic People's Republic of Korea,Asia,0,0,0,0
2020-02-16,Democratic People's Republic of Korea,Asia,0,0,0,0
2020-02-23,Democratic People's Republic of Korea,Asia,0,0,0,0
2020-03-01,Democratic People's Republic of Korea,Asia,0,0,0,0
2020-03-08,Democratic People's Republic of Korea,Asia,0,0,0,0
2020-03-15,Democratic People's Republic of Korea,Asia,0,0,0,0
2020-03-22,Democratic People's Republic of Korea,Asia,0,0,0,0
2020-03-29,Democratic People's Republic of Korea,Asia,0,0,0,0
2020-04-05,Democratic People's Republic of Korea,Asia,0,0,0,0
2020-04-12,Democratic People's Republic of Korea,Asia,0,0,0,0
2020-04-19,Democratic People's Republic of Korea,Asia,0,0,0,0
2020-04-26,Democratic People's Republic of Korea,Asia,0,0,0,0
2020-05-03,Democratic People's Republic of Korea,Asia,0,0,0,0
2020-05-10,Democratic People's Republic of Korea,Asia,0,0,0,0
2020-05-17,Democratic People's Republic of Korea,Asia,0,0,0,0
2020-05-24,Democratic People's Republic of Korea,Asia,0,0,0,0
2020-05-31,Democratic People's Republic of Korea,Asia,0,0,0,0
2020-06-07,Democratic People's Republic of Korea,Asia,0,0,0,0
2020-06-14,Democratic People's Republic of Korea,Asia,0,0,0,0
2020-06-21,Democratic People's Republic of Korea,Asia,0,0,0,0
2020-06-28,Democratic People's Republic of Korea,Asia,0,0,0,0
2020-07-05,Democratic People's Republic of Korea,Asia,0,0,0,0
2020-07-12,Democratic People's Republic of Korea,Asia,0,0,0,0
2020-07-19,Democratic People's Republic of Korea,Asia,0,0,0,0
2020-07-26,Democratic People's Republic of Korea,Asia,0,0,0,0
2020-08-02,Democratic People's Republic of Korea,Asia,0,0,0,0
2020-08-09,Democratic People's Republic of Korea,Asia,0,0,0,0
2020-08-16,Democratic People's Republic of Korea,Asia,0,0,0,0
2020-08-23,Democratic People's Republic of Korea,Asia,0,0,0,0
2020-08-30,Democratic People's Republic of Korea,Asia,0,0,0,0
2020-09-06,Democratic People's Republic of Korea,Asia,0,0,0,0
2020-09-13,Democratic People's Republic of Korea,Asia,0,0,0,0
2020-09-20,Democratic People's Republic of Korea,Asia,0,0,0,0
2020-09-27,Democratic People's Republic of Korea,Asia,0,0,0,0
2020-10-04,Democratic People's Republic of Korea,Asia,0,0,0,0
2020-10-11,Democratic People's Republic of Korea,Asia,0,0,0,0
2020-10-18,Democratic People's Republic of Korea,Asia,0,0,0,0
2020-10-25,Democratic People's Republic of Korea,Asia,0,0,0,0
2020-11-01,Democratic People's Republic of Korea,Asia,0,0,0,0
2020-11-08,Democratic People's Republic of Korea,Asia,0,0,0,0
2020-11-15,Democratic People's Republic of Korea,Asia,0,0,0,0
2020-11-22,Democratic People's Republic of Korea,Asia,0,0,0,0
2020-11-29,Democratic People's Republic of Korea,Asia,0,0,0,0
2020-12-06,Democratic People's Republic of Korea,Asia,0,0,0,0
2020-12-13,Democratic People's Republic of Korea,Asia,0,0,0,0
2020-12-20,Democratic People's Republic of Korea,Asia,0,0,0,0
2020-12-27,Democratic People's Republic of Korea,Asia,0,0,0,0
2021-01-03,Democratic People's Republic of Korea,Asia,0,0,0,0
2021-01-10,Democratic People's Republic of Korea,Asia,0,0,0,0
2021-01-17,Democratic People's Republic of Korea,Asia,0,0,0,0
2021-01-24,Democratic People's Republic of Korea,Asia,0,0,0,0
2021-01-31,Democratic People's Republic of Korea,Asia,0,0,0,0
2021-02-07,Democratic People's Republic of Korea,Asia,0,0,0,0
2021-02-14,Democratic People's Republic of Korea,Asia,0,0,0,0
2021-02-21,Democratic People's Republic of Korea,Asia,0,0,0,0
2021-02-28,Democratic People's Republic of Korea,Asia,0,0,0,0
2021-03-07,Democratic People's Republic of Korea,Asia,0,0,0,0
2021-03-14,Democratic People's Republic of Korea,Asia,0,0,0,0
2021-03-21,Democratic People's Republic of Korea,Asia,0,0,0,0
2021-03-28,Democratic People's Republic of Korea,Asia,0,0,0,0
2021-04-04,Democratic People's Republic of Korea,Asia,0,0,0,0
2021-04-11,Democratic People's Republic of Korea,Asia,0,0,0,0
2021-04-18,Democratic People's Republic of Korea,Asia,0,0,0,0
2021-04-25,Democratic People's Republic of Korea,Asia,0,0,0,0
2021-05-02,Democratic People's Republic of Korea,Asia,0,0,0,0
2021-05-09,Democratic People's Republic of Korea,Asia,0,0,0,0
2021-05-16,Democratic People's Republic of Korea,Asia,0,0,0,0
2021-05-23,Democratic People's Republic of Korea,Asia,0,0,0,0
2021-05-30,Democratic People's Republic of Korea,Asia,0,0,0,0
2021-06-06,Democratic People's Republic of Korea,Asia,0,0,0,0
2021-06-13,Democratic People's Republic of Korea,Asia,0,0,0,0
2021-06-20,Democratic People's Republic of Korea,Asia,0,0,0,0
2021-06-27,Democratic People's Republic of Korea,Asia,0,0,0,0
2021-07-04,Democratic People's Republic of Korea,Asia,0,0,0,0
2021-07-11,Democratic People's Republic of Korea,Asia,0,0,0,0
2021-07-18,Democratic People's Republic of Korea,Asia,0,0,0,0
2021-07-25,Democratic People's Republic of Korea,Asia,0,0,0,0
2021-08-01,Democratic People's Republic of Korea,Asia,0,0,0,0
2021-08-08,Democratic People's Republic of Korea,Asia,0,0,0,0
2021-08-15,Democratic People's Republic of Korea,Asia,0,0,0,0
2021-08-22,Democratic People's Republic of Korea,Asia,0,0,0,0
2021-08-29,Democratic People's Republic of Korea,Asia,0,0,0,0
2021-09-05,Democratic People's Republic of Korea,Asia,0,0,0,0
2021-09-12,Democratic People's Republic of Korea,Asia,0,0,0,0
2021-09-19,Democratic People's Republic of Korea,Asia,0,0,0,0
2021-09-26,Democratic People's Republic of Korea,Asia,0,0,0,0
2021-10-03,Democratic People's Republic of Korea,Asia,0,0,0,0
2021-10-10,Democratic People's Republic of Korea,Asia,0,0,0,0
2021-10-17,Democratic People's Republic of Korea,Asia,0,0,0,0
2021-10-24,Democratic People's Republic of Korea,Asia,0,0,0,0
2021-10-31,Democratic People's Republic of Korea,Asia,0,0,0,0
2021-11-07,Democratic People's Republic of Korea,Asia,0,0,0,0
2021-11-14,Democratic People's Republic of Korea,Asia,0,0,0,0
2021-11-21,Democratic People's Republic of Korea,Asia,0,0,0,0
2021-11-28,Democratic People's Republic of Korea,Asia,0,0,0,0
2021-12-05,Democratic People's Republic of Korea,Asia,0,0,0,0
2021-12-12,Democratic People's Republic of Korea,Asia,0,0,0,0
2021-12-19,Democratic People's Republic of Korea,Asia,0,0,0,0
2021-12-26,Democratic People's Republic of Korea,Asia,0,0,0,0
2022-01-02,Democratic People's Republic of Korea,Asia,0,0,0,0
2022-01-09,Democratic People's Republic of Korea,Asia,0,0,0,0
2022-01-16,Democratic People's Republic of Korea,Asia,0,0,0,0
2022-01-23,Democratic People's Republic of Korea,Asia,0,0,0,0
2022-01-30,Democratic People's Republic of Korea,Asia,0,0,0,0
2022-02-06,Democratic People's Republic of Korea,Asia,0,0,0,0
2022-02-13,Democratic People's Republic of Korea,Asia,0,0,0,0
2022-02-20,Democratic People's Republic of Korea,Asia,0,0,0,0
2022-02-27,Democratic People's Republic of Korea,Asia,0,0,0,0
2022-03-06,Democratic People's Republic of Korea,Asia,0,0,0,0
2022-03-13,Democratic People's Republic of Korea,Asia,0,0,0,0
2022-03-20,Democratic People's Republic of Korea,Asia,0,0,0,0
2022-03-27,Democratic People's Republic of Korea,Asia,0,0,0,0
2022-04-03,Democratic People's Republic of Korea,Asia,0,0,0,0
2022-04-10,Democratic People's Republic of Korea,Asia,0,0,0,0
2022-04-17,Democratic People's Republic of Korea,Asia,0,0,0,0
2022-04-24,Democratic People's Republic of Korea,Asia,0,0,0,0
2022-05-01,Democratic People's Republic of Korea,Asia,0,0,0,0
2022-05-08,Democratic People's Republic of Korea,Asia,0,0,0,0
2022-05-15,Democratic People's Republic of Korea,Asia,0,0,0,0
2022-05-22,Democratic People's Republic of Korea,Asia,0,0,0,0
2022-05-29,Democratic People's Republic of Korea,Asia,0,0,0,0
2022-06-05,Democratic People's Republic of Korea,Asia,0,0,0,0
2022-06-12,Democratic People's Republic of Korea,Asia,0,0,0,0
2022-06-19,Democratic People's Republic of Korea,Asia,0,0,0,0
2022-06-26,Democratic People's Republic of Korea,Asia,0,0,0,0
2022-07-03,Democratic People's Republic of Korea,Asia,0,0,0,0
2022-07-10,Democratic People's Republic of Korea,Asia,0,0,0,0
2022-07-17,Democratic People's Republic of Korea,Asia,0,0,0,0
2022-07-24,Democratic People's Republic of Korea,Asia,0,0,0,0
2022-07-31,Democratic People's Republic of Korea,Asia,0,0,0,0
2022-08-07,Democratic People's Republic of Korea,Asia,0,0,0,0
2022-08-14,Democratic People's Republic of Korea,Asia,0,0,0,0
2022-08-21,Democratic People's Republic of Korea,Asia,0,0,0,0
2022-08-28,Democratic People's Republic of Korea,Asia,0,0,0,0
2022-09-04,Democratic People's Republic of Korea,Asia,0,0,0,0
2022-09-11,Democratic People's Republic of Korea,Asia,0,0,0,0
2022-09-18,Democratic People's Republic of Korea,Asia,0,0,0,0
2022-09-25,Democratic People's Republic of Korea,Asia,0,0,0,0
2022-10-02,Democratic People's Republic of Korea,Asia,0,0,0,0
2022-10-09,Democratic People's Republic of Korea,Asia,0,0,0,0
2022-10-16,Democratic People's Republic of Korea,Asia,0,0,0,0
2022-10-23,Democratic People's Republic of Korea,Asia,0,0,0,0
2022-10-30,Democratic People's Republic of Korea,Asia,0,0,0,0
2022-11-06,Democratic People's Republic of Korea,Asia,0,0,0,0
2022-11-13,Democratic People's Republic of Korea,Asia,0,0,0,0
2022-11-20,Democratic People's Republic of Korea,Asia,0,0,0,0
2022-11-27,Democratic People's Republic of Korea,Asia,0,0,0,0
2022-12-04,Democratic People's Republic of Korea,Asia,0,0,0,0
2022-12-11,Democratic People's Republic of Korea,Asia,0,0,0,0
2022-12-18,Democratic People's Republic of Korea,Asia,0,0,0,0
2022-12-25,Democratic People's Republic of Korea,Asia,0,0,0,0
2023-01-01,Democratic People's Republic of Korea,Asia,0,0,0,0
2023-01-08,Democratic People's Republic of Korea,Asia,0,0,0,0
2023-01-15,Democratic People's Republic of Korea,Asia,0,0,0,0
2023-01-22,Democratic People's Republic of Korea,Asia,0,0,0,0
2023-01-29,Democratic People's Republic of Korea,Asia,0,0,0,0
2023-02-05,Democratic People's Republic of Korea,Asia,0,0,0,0
2023-02-12,Democratic People's Republic of Korea,Asia,0,0,0,0
2023-02-19,Democratic People's Republic of Korea,Asia,0,0,0,0
2023-02-26,Democratic People's Republic of Korea,Asia,0,0,0,0
2023-03-05,Democratic People's Republic of Korea,Asia,0,0,0,0
2023-03-12,Democratic People's Republic of Korea,Asia,0,0,0,0
2023-03-19,Democratic People's Republic of Korea,Asia,0,0,0,0
2023-03-26,Democratic People's Republic of Korea,Asia,0,0,0,0
2023-04-02,Democratic People's Republic of Korea,Asia,0,0,0,0
2023-04-09,Democratic People's Republic of Korea,Asia,0,0,0,0
2023-04-16,Democratic People's Republic of Korea,Asia,0,0,0,0
2023-04-23,Democratic People's Republic of Korea,Asia,0,0,0,0
2023-04-30,Democratic People's Republic of Korea,Asia,0,0,0,0
2023-05-07,Democratic People's Republic of Korea,Asia,0,0,0,0
2023-05-14,Democratic People's Republic of Korea,Asia,0,0,0,0
2023-05-21,Democratic People's Republic of Korea,Asia,0,0,0,0
2023-05-28,Democratic People's Republic of Korea,Asia,0,0,0,0
2023-06-04,Democratic People's Republic of Korea,Asia,0,0,0,0
2023-06-11,Democratic People's Republic of Korea,Asia,0,0,0,0
2023-06-18,Democratic People's Republic of Korea,Asia,0,0,0,0
2023-06-25,Democratic People's Republic of Korea,Asia,0,0,0,0
2023-07-02,Democratic People's Republic of Korea,Asia,0,0,0,0
2023-07-09,Democratic People's Republic of Korea,Asia,0,0,0,0
2023-07-16,Democratic People's Republic of Korea,Asia,0,0,0,0
2023-07-23,Democratic People's Republic of Korea,Asia,0,0,0,0
2023-07-30,Democratic People's Republic of Korea,Asia,0,0,0,0
2023-08-06,Democratic People's Republic of Korea,Asia,0,0,0,0
2023-08-13,Democratic People's Republic of Korea,Asia,0,0,0,0
2023-08-20,Democratic People's Republic of Korea,Asia,0,0,0,0
2023-08-27,Democratic People's Republic of Korea,Asia,0,0,0,0
2023-09-03,Democratic People's Republic of Korea,Asia,0,0,0,0
2023-09-10,Democratic People's Republic of Korea,Asia,0,0,0,0
2023-09-17,Democratic People's Republic of Korea,Asia,0,0,0,0
2023-09-24,Democratic People's Republic of Korea,Asia,0,0,0,0
2023-10-01,Democratic People's Republic of Korea,Asia,0,0,0,0
2023-10-08,Democratic People's Republic of Korea,Asia,0,0,0,0
2023-10-15,Democratic People's Republic of Korea,Asia,0,0,0,0
2023-10-22,Democratic People's Republic of Korea,Asia,0,0,0,0
2023-10-29,Democratic People's Republic of Korea,Asia,0,0,0,0
2023-11-05,Democratic People's Republic of Korea,Asia,0,0,0,0
2023-11-12,Democratic People's Republic of Korea,Asia,0,0,0,0
2023-11-19,Democratic People's Republic of Korea,Asia,0,0,0,0
2023-11-26,Democratic People's Republic of Korea,Asia,0,0,0,0
2023-12-03,Democratic People's Republic of Korea,Asia,0,0,0,0
2023-12-10,Democratic People's Republic of Korea,Asia,0,0,0,0
2023-12-17,Democratic People's Republic of Korea,Asia,0,0,0,0
2023-12-24,Democratic People's Republic of Korea,Asia,0,0,0,0
2023-12-31,Democratic People's Republic of Korea,Asia,0,0,0,0
2024-01-07,Democratic People's Republic of Korea,Asia,0,0,0,0
2024-01-14,Democratic People's Republic of Korea,Asia,0,0,0,0
2024-01-21,Democratic People's Republic of Korea,Asia,0,0,0,0
2024-01-28,Democratic People's Republic of Korea,Asia,0,0,0,0
2024-02-04,Democratic People's Republic of Korea,Asia,0,0,0,0
2024-02-11,Democratic People's Republic of Korea,Asia,0,0,0,0
2024-02-18,Democratic People's Republic of Korea,Asia,0,0,0,0
2024-02-25,Democratic People's Republic of Korea,Asia,0,0,0,0
2024-03-03,Democratic People's Republic of Korea,Asia,0,0,0,0
2024-03-10,Democratic People's Republic of Korea,Asia,0,0,0,0
2024-03-17,Democratic People's Republic of Korea,Asia,0,0,0,0
2024-03-24,Democratic People's Republic of Korea,Asia,0,0,0,0
2024-03-31,Democratic People's Republic of Korea,Asia,0,0,0,0
2024-04-07,Democratic People's Republic of Korea,Asia,0,0,0,0
2024-04-14,Democratic People's Republic of Korea,Asia,0,0,0,0
2024-04-21,Democratic People's Republic of Korea,Asia,0,0,0,0
2024-04-28,Democratic People's Republic of Korea,Asia,0,0,0,0
2024-05-05,Democratic People's Republic of Korea,Asia,0,0,0,0
2024-05-12,Democratic People's Republic of Korea,Asia,0,0,0,0
2024-05-19,Democratic People's Republic of Korea,Asia,0,0,0,0
2024-05-26,Democratic People's Republic of Korea,Asia,0,0,0,0
2024-06-02,Democratic People's Republic of Korea,Asia,0,0,0,0
2024-06-09,Democratic People's Republic of Korea,Asia,0,0,0,0
2024-06-16,Democratic People's Republic of Korea,Asia,0,0,0,0
2024-06-23,Democratic People's Republic of Korea,Asia,0,0,0,0
2024-06-30,Democratic People's Republic of Korea,Asia,0,0,0,0
2024-07-07,Democratic People's Republic of Korea,Asia,0,0,0,0
2024-07-14,Democratic People's Republic of Korea,Asia,0,0,0,0
2024-07-21,Democratic People's Republic of Korea,Asia,0,0,0,0
2024-07-28,Democratic People's Republic of Korea,Asia,0,0,0,0
2024-08-04,Democratic People's Republic of Korea,Asia,0,0,0,0
2024-08-11,Democratic People's Republic of Korea,Asia,0,0,0,0
2024-08-18,Democratic People's Republic of Korea,Asia,0,0,0,0
2024-08-25,Democratic People's Republic of Korea,Asia,0,0,0,0
2024-09-01,Democratic People's Republic of Korea,Asia,0,0,0,0
2020-01-05,Democratic Republic of the Congo,Africa,0,0,0,0
2020-01-12,Democratic Republic of the Congo,Africa,0,0,0,0
2020-01-19,Democratic Republic of the Congo,Africa,0,0,0,0
2020-01-26,Democratic Republic of the Congo,Africa,0,0,0,0
2020-02-02,Democratic Republic of the Congo,Africa,0,0,0,0
2020-02-09,Democratic Republic of the Congo,Africa,0,0,0,0
2020-02-16,Democratic Republic of the Congo,Africa,0,0,0,0
2020-02-23,Democratic Republic of the Congo,Africa,0,0,0,0
2020-03-01,Democratic Republic of the Congo,Africa,0,0,0,0
2020-03-08,Democratic Republic of the Congo,Africa,0,0,0,0
2020-03-15,Democratic Republic of the Congo,Africa,2,2,0,0
2020-03-22,Democratic Republic of the Congo,Africa,28,30,0,0
2020-03-29,Democratic Republic of the Congo,Africa,35,65,0,0
2020-04-05,Democratic Republic of the Congo,Africa,89,154,0,0
2020-04-12,Democratic Republic of the Congo,Africa,80,234,0,0
2020-04-19,Democratic Republic of the Congo,Africa,93,327,213,213
2020-04-26,Democratic Republic of the Congo,Africa,115,442,3,216
2020-05-03,Democratic Republic of the Congo,Africa,232,674,5,221
2020-05-10,Democratic Republic of the Congo,Africa,317,991,8,229
2020-05-17,Democratic Republic of the Congo,Africa,463,1454,19,248
2020-05-24,Democratic Republic of the Congo,Africa,686,2140,2,250
2020-05-31,Democratic Republic of the Congo,Africa,908,3048,9,259
2020-06-07,Democratic Republic of the Congo,Africa,829,3877,11,270
2020-06-14,Democratic Republic of the Congo,Africa,900,4777,24,294
2020-06-21,Democratic Republic of the Congo,Africa,1048,5825,24,318
2020-06-28,Democratic Republic of the Congo,Africa,1001,6826,28,346
2020-07-05,Democratic Republic of the Congo,Africa,584,7410,23,369
2020-07-12,Democratic Republic of the Congo,Africa,622,8032,6,375
2020-07-19,Democratic Republic of the Congo,Africa,370,8402,5,380
2020-07-26,Democratic Republic of the Congo,Africa,427,8829,10,390
2020-08-02,Democratic Republic of the Congo,Africa,285,9114,11,401
2020-08-09,Democratic Republic of the Congo,Africa,339,9453,10,411
2020-08-16,Democratic Republic of the Congo,Africa,222,9675,16,427
2020-08-23,Democratic Republic of the Congo,Africa,154,9829,11,438
2020-08-30,Democratic Republic of the Congo,Africa,215,10044,7,445
2020-09-06,Democratic Republic of the Congo,Africa,165,10209,0,445
2020-09-13,Democratic Republic of the Congo,Africa,180,10389,2,447
2020-09-20,Democratic Republic of the Congo,Africa,125,10514,6,453
2020-09-27,Democratic Republic of the Congo,Africa,97,10611,0,453
2020-10-04,Democratic Republic of the Congo,Africa,148,10759,3,456
2020-10-11,Democratic Republic of the Congo,Africa,97,10856,2,458
2020-10-18,Democratic Republic of the Congo,Africa,171,11027,26,484
2020-10-25,Democratic Republic of the Congo,Africa,133,11160,3,487
2020-11-01,Democratic Republic of the Congo,Africa,212,11372,3,490
2020-11-08,Democratic Republic of the Congo,Africa,218,11590,8,498
2020-11-15,Democratic Republic of the Congo,Africa,248,11838,5,503
2020-11-22,Democratic Republic of the Congo,Africa,400,12238,7,510
2020-11-29,Democratic Republic of the Congo,Africa,463,12701,5,515
2020-12-06,Democratic Republic of the Congo,Africa,825,13526,11,526
2020-12-13,Democratic Republic of the Congo,Africa,934,14460,12,538
2020-12-20,Democratic Republic of the Congo,Africa,1033,15493,14,552
2020-12-27,Democratic Republic of the Congo,Africa,1344,16837,27,579
2021-01-03,Democratic Republic of the Congo,Africa,1264,18101,22,601
2021-01-10,Democratic Republic of the Congo,Africa,1333,19434,9,610
2021-01-17,Democratic Republic of the Congo,Africa,1473,20907,20,630
2021-01-24,Democratic Republic of the Congo,Africa,961,21868,31,661
2021-01-31,Democratic Republic of the Congo,Africa,902,22770,10,671
2021-02-07,Democratic Republic of the Congo,Africa,828,23598,10,681
2021-02-14,Democratic Republic of the Congo,Africa,696,24294,11,692
2021-02-21,Democratic Republic of the Congo,Africa,850,25144,8,700
2021-02-28,Democratic Republic of the Congo,Africa,768,25912,7,707
2021-03-07,Democratic Republic of the Congo,Africa,628,26540,5,712
2021-03-14,Democratic Republic of the Congo,Africa,473,27013,5,717
2021-03-21,Democratic Republic of the Congo,Africa,539,27552,9,726
2021-03-28,Democratic Republic of the Congo,Africa,377,27929,13,739
2021-04-04,Democratic Republic of the Congo,Africa,395,28324,6,745
2021-04-11,Democratic Republic of the Congo,Africa,254,28578,0,745
2021-04-18,Democratic Republic of the Congo,Africa,377,28955,0,745
2021-04-25,Democratic Republic of the Congo,Africa,620,29575,11,756
2021-05-02,Democratic Republic of the Congo,Africa,389,29964,12,768
2021-05-09,Democratic Republic of the Congo,Africa,358,30322,4,772
2021-05-16,Democratic Republic of the Congo,Africa,239,30561,4,776
2021-05-23,Democratic Republic of the Congo,Africa,412,30973,3,779
2021-05-30,Democratic Republic of the Congo,Africa,583,31556,3,782
2021-06-06,Democratic Republic of the Congo,Africa,1645,33201,22,804
2021-06-13,Democratic Republic of the Congo,Africa,2026,35227,30,834
2021-06-20,Democratic Republic of the Congo,Africa,2581,37808,45,879
2021-06-27,Democratic Republic of the Congo,Africa,2445,40253,37,916
2021-07-04,Democratic Republic of the Congo,Africa,1927,42180,44,960
2021-07-11,Democratic Republic of the Congo,Africa,1958,44138,20,980
2021-07-18,Democratic Republic of the Congo,Africa,1870,46008,38,1018
2021-07-25,Democratic Republic of the Congo,Africa,2119,48127,5,1023
2021-08-01,Democratic Republic of the Congo,Africa,1889,50016,15,1038
2021-08-08,Democratic Republic of the Congo,Africa,1872,51888,10,1048
2021-08-15,Democratic Republic of the Congo,Africa,1365,53253,2,1050
2021-08-22,Democratic Republic of the Congo,Africa,883,54136,5,1055
2021-08-29,Democratic Republic of the Congo,Africa,726,54862,4,1059
2021-09-05,Democratic Republic of the Congo,Africa,1135,55997,2,1061
2021-09-12,Democratic Republic of the Congo,Africa,280,56277,7,1068
2021-09-19,Democratic Republic of the Congo,Africa,257,56534,0,1068
2021-09-26,Democratic Republic of the Congo,Africa,402,56936,16,1084
2021-10-03,Democratic Republic of the Congo,Africa,146,57082,2,1086
2021-10-10,Democratic Republic of the Congo,Africa,180,57262,1,1087
2021-10-17,Democratic Republic of the Congo,Africa,99,57361,4,1091
2021-10-24,Democratic Republic of the Congo,Africa,103,57464,0,1091
2021-10-31,Democratic Republic of the Congo,Africa,117,57581,7,1098
2021-11-07,Democratic Republic of the Congo,Africa,79,57660,1,1099
2021-11-14,Democratic Republic of the Congo,Africa,181,57841,0,1099
2021-11-21,Democratic Republic of the Congo,Africa,212,58053,5,1104
2021-11-28,Democratic Republic of the Congo,Africa,252,58305,3,1107
2021-12-05,Democratic Republic of the Congo,Africa,869,59174,6,1113
2021-12-12,Democratic Republic of the Congo,Africa,3253,62427,13,1126
2021-12-19,Democratic Republic of the Congo,Africa,6900,69327,0,1126
2021-12-26,Democratic Republic of the Congo,Africa,5717,75044,79,1205
2022-01-02,Democratic Republic of the Congo,Africa,4897,79941,20,1225
2022-01-09,Democratic Republic of the Congo,Africa,2364,82305,0,1225
2022-01-16,Democratic Republic of the Congo,Africa,1892,84197,53,1278
2022-01-23,Democratic Republic of the Congo,Africa,728,84925,0,1278
2022-01-30,Democratic Republic of the Congo,Africa,584,85509,0,1278
2022-02-06,Democratic Republic of the Congo,Africa,215,85724,38,1316
2022-02-13,Democratic Republic of the Congo,Africa,109,85833,0,1316
2022-02-20,Democratic Republic of the Congo,Africa,123,85956,19,1335
2022-02-27,Democratic Republic of the Congo,Africa,182,86138,0,1335
2022-03-06,Democratic Republic of the Congo,Africa,151,86289,0,1335
2022-03-13,Democratic Republic of the Congo,Africa,171,86460,0,1335
2022-03-20,Democratic Republic of the Congo,Africa,137,86597,0,1335
2022-03-27,Democratic Republic of the Congo,Africa,150,86747,2,1337
2022-04-03,Democratic Republic of the Congo,Africa,125,86872,0,1337
2022-04-10,Democratic Republic of the Congo,Africa,21,86893,0,1337
2022-04-17,Democratic Republic of the Congo,Africa,130,87023,0,1337
2022-04-24,Democratic Republic of the Congo,Africa,128,87151,0,1337
2022-05-01,Democratic Republic of the Congo,Africa,146,87297,1,1338
2022-05-08,Democratic Republic of the Congo,Africa,128,87425,0,1338
2022-05-15,Democratic Republic of the Congo,Africa,208,87633,0,1338
2022-05-22,Democratic Republic of the Congo,Africa,629,88262,0,1338
2022-05-29,Democratic Republic of the Congo,Africa,584,88846,0,1338
2022-06-05,Democratic Republic of the Congo,Africa,875,89721,2,1340
2022-06-12,Democratic Republic of the Congo,Africa,665,90386,10,1350
2022-06-19,Democratic Republic of the Congo,Africa,414,90800,4,1354
2022-06-26,Democratic Republic of the Congo,Africa,555,91355,18,1372
2022-07-03,Democratic Republic of the Congo,Africa,154,91509,4,1376
2022-07-10,Democratic Republic of the Congo,Africa,339,91848,1,1377
2022-07-17,Democratic Republic of the Congo,Africa,80,91928,13,1390
2022-07-24,Democratic Republic of the Congo,Africa,373,92301,0,1390
2022-07-31,Democratic Republic of the Congo,Africa,129,92430,1,1391
2022-08-07,Democratic Republic of the Congo,Africa,93,92523,2,1393
2022-08-14,Democratic Republic of the Congo,Africa,55,92578,0,1393
2022-08-21,Democratic Republic of the Congo,Africa,51,92629,3,1396
2022-08-28,Democratic Republic of the Congo,Africa,54,92683,5,1401
2022-09-04,Democratic Republic of the Congo,Africa,52,92735,4,1405
2022-09-11,Democratic Republic of the Congo,Africa,50,92785,18,1423
2022-09-18,Democratic Republic of the Congo,Africa,56,92841,19,1442
2022-09-25,Democratic Republic of the Congo,Africa,43,92884,0,1442
2022-10-02,Democratic Republic of the Congo,Africa,36,92920,1,1443
2022-10-09,Democratic Republic of the Congo,Africa,47,92967,1,1444
2022-10-16,Democratic Republic of the Congo,Africa,4,92971,0,1444
2022-10-23,Democratic Republic of the Congo,Africa,55,93026,1,1445
2022-10-30,Democratic Republic of the Congo,Africa,59,93085,0,1445
2022-11-06,Democratic Republic of the Congo,Africa,319,93404,2,1447
2022-11-13,Democratic Republic of the Congo,Africa,374,93778,2,1449
2022-11-20,Democratic Republic of the Congo,Africa,376,94154,6,1455
2022-11-27,Democratic Republic of the Congo,Africa,49,94203,0,1455
2022-12-04,Democratic Republic of the Congo,Africa,248,94451,1,1456
2022-12-11,Democratic Republic of the Congo,Africa,262,94713,1,1457
2022-12-18,Democratic Republic of the Congo,Africa,256,94969,4,1461
2022-12-25,Democratic Republic of the Congo,Africa,101,95070,1,1462
2023-01-01,Democratic Republic of the Congo,Africa,102,95172,0,1462
2023-01-08,Democratic Republic of the Congo,Africa,83,95255,0,1462
2023-01-15,Democratic Republic of the Congo,Africa,90,95345,1,1463
2023-01-22,Democratic Republic of the Congo,Africa,127,95472,0,1463
2023-01-29,Democratic Republic of the Congo,Africa,41,95513,0,1463
2023-02-05,Democratic Republic of the Congo,Africa,71,95584,0,1463
2023-02-12,Democratic Republic of the Congo,Africa,61,95645,1,1464
2023-02-19,Democratic Republic of the Congo,Africa,65,95710,0,1464
2023-02-26,Democratic Republic of the Congo,Africa,38,95748,0,1464
2023-03-05,Democratic Republic of the Congo,Africa,31,95779,0,1464
2023-03-12,Democratic Republic of the Congo,Africa,35,95814,0,1464
2023-03-19,Democratic Republic of the Congo,Africa,47,95861,0,1464
2023-03-26,Democratic Republic of the Congo,Africa,34,95895,0,1464
2023-04-02,Democratic Republic of the Congo,Africa,49,95944,0,1464
2023-04-09,Democratic Republic of the Congo,Africa,0,95944,0,1464
2023-04-16,Democratic Republic of the Congo,Africa,0,95944,0,1464
2023-04-23,Democratic Republic of the Congo,Africa,125,96069,0,1464
2023-04-30,Democratic Republic of the Congo,Africa,143,96212,0,1464
2023-05-07,Democratic Republic of the Congo,Africa,191,96403,1,1465
2023-05-14,Democratic Republic of the Congo,Africa,249,96652,2,1467
2023-05-21,Democratic Republic of the Congo,Africa,238,96890,0,1467
2023-05-28,Democratic Republic of the Congo,Africa,122,97012,1,1468
2023-06-04,Democratic Republic of the Congo,Africa,210,97222,0,1468
2023-06-11,Democratic Republic of the Congo,Africa,187,97409,0,1468
2023-06-18,Democratic Republic of the Congo,Africa,0,97409,0,1468
2023-06-25,Democratic Republic of the Congo,Africa,182,97591,0,1468
2023-07-02,Democratic Republic of the Congo,Africa,106,97697,0,1468
2023-07-09,Democratic Republic of the Congo,Africa,0,97697,0,1468
2023-07-16,Democratic Republic of the Congo,Africa,0,97697,0,1468
2023-07-23,Democratic Republic of the Congo,Africa,0,97697,0,1468
2023-07-30,Democratic Republic of the Congo,Africa,0,97697,0,1468
2023-08-06,Democratic Republic of the Congo,Africa,0,97697,0,1468
2023-08-13,Democratic Republic of the Congo,Africa,574,98271,0,1468
2023-08-20,Democratic Republic of the Congo,Africa,221,98492,0,1468
2023-08-27,Democratic Republic of the Congo,Africa,39,98531,0,1468
2023-09-03,Democratic Republic of the Congo,Africa,27,98558,0,1468
2023-09-10,Democratic Republic of the Congo,Africa,272,98830,0,1468
2023-09-17,Democratic Republic of the Congo,Africa,33,98863,0,1468
2023-09-24,Democratic Republic of the Congo,Africa,28,98891,0,1468
2023-10-01,Democratic Republic of the Congo,Africa,290,99181,0,1468
2023-10-08,Democratic Republic of the Congo,Africa,105,99286,0,1468
2023-10-15,Democratic Republic of the Congo,Africa,2,99288,0,1468
2023-10-22,Democratic Republic of the Congo,Africa,3,99291,0,1468
2023-10-29,Democratic Republic of the Congo,Africa,1,99292,0,1468
2023-11-05,Democratic Republic of the Congo,Africa,41,99333,0,1468
2023-11-12,Democratic Republic of the Congo,Africa,0,99333,0,1468
2023-11-19,Democratic Republic of the Congo,Africa,0,99333,0,1468
2023-11-26,Democratic Republic of the Congo,Africa,0,99333,0,1468
2023-12-03,Democratic Republic of the Congo,Africa,0,99333,0,1468
2023-12-10,Democratic Republic of the Congo,Africa,0,99333,0,1468
2023-12-17,Democratic Republic of the Congo,Africa,5,99338,0,1468
2023-12-24,Democratic Republic of the Congo,Africa,0,99338,0,1468
2023-12-31,Democratic Republic of the Congo,Africa,0,99338,0,1468
2024-01-07,Democratic Republic of the Congo,Africa,27,99365,0,1468
2024-01-14,Democratic Republic of the Congo,Africa,106,99471,0,1468
2024-01-21,Democratic Republic of the Congo,Africa,131,99602,0,1468
2024-01-28,Democratic Republic of the Congo,Africa,104,99706,0,1468
2024-02-04,Democratic Republic of the Congo,Africa,128,99834,0,1468
2024-02-11,Democratic Republic of the Congo,Africa,111,99945,0,1468
2024-02-18,Democratic Republic of the Congo,Africa,67,100012,0,1468
2024-02-25,Democratic Republic of the Congo,Africa,144,100156,0,1468
2024-03-03,Democratic Republic of the Congo,Africa,62,100218,0,1468
2024-03-10,Democratic Republic of the Congo,Africa,33,100251,0,1468
2024-03-17,Democratic Republic of the Congo,Africa,38,100289,0,1468
2024-03-24,Democratic Republic of the Congo,Africa,20,100309,0,1468
2024-03-31,Democratic Republic of the Congo,Africa,41,100350,0,1468
2024-04-07,Democratic Republic of the Congo,Africa,59,100409,0,1468
2024-04-14,Democratic Republic of the Congo,Africa,43,100452,1,1469
2024-04-21,Democratic Republic of the Congo,Africa,43,100495,1,1470
2024-04-28,Democratic Republic of the Congo,Africa,39,100534,0,1470
2024-05-05,Democratic Republic of the Congo,Africa,35,100569,0,1470
2024-05-12,Democratic Republic of the Congo,Africa,50,100619,0,1470
2024-05-19,Democratic Republic of the Congo,Africa,23,100642,0,1470
2024-05-26,Democratic Republic of the Congo,Africa,54,100696,0,1470
2024-06-02,Democratic Republic of the Congo,Africa,35,100731,1,1471
2024-06-09,Democratic Republic of the Congo,Africa,25,100756,0,1471
2024-06-16,Democratic Republic of the Congo,Africa,40,100796,0,1471
2024-06-23,Democratic Republic of the Congo,Africa,36,100832,0,1471
2024-06-30,Democratic Republic of the Congo,Africa,12,100844,0,1471
2024-07-07,Democratic Republic of the Congo,Africa,23,100867,0,1471
2024-07-14,Democratic Republic of the Congo,Africa,22,100889,0,1471
2024-07-21,Democratic Republic of the Congo,Africa,44,100933,0,1471
2024-07-28,Democratic Republic of the Congo,Africa,40,100973,3,1474
2024-08-04,Democratic Republic of the Congo,Africa,0,100973,0,1474
2024-08-11,Democratic Republic of the Congo,Africa,0,100973,0,1474
2024-08-18,Democratic Republic of the Congo,Africa,0,100973,0,1474
2024-08-25,Democratic Republic of the Congo,Africa,0,100973,0,1474
2024-09-01,Democratic Republic of the Congo,Africa,0,100973,0,1474
2020-01-05,Denmark,Europe,0,0,0,0
2020-01-12,Denmark,Europe,0,0,0,0
2020-01-19,Denmark,Europe,0,0,0,0
2020-01-26,Denmark,Europe,0,0,0,0
2020-02-02,Denmark,Europe,0,0,0,0
2020-02-09,Denmark,Europe,0,0,0,0
2020-02-16,Denmark,Europe,0,0,0,0
2020-02-23,Denmark,Europe,0,0,0,0
2020-03-01,Denmark,Europe,3,3,0,0
2020-03-08,Denmark,Europe,20,23,0,0
2020-03-15,Denmark,Europe,804,827,2,2
2020-03-22,Denmark,Europe,499,1326,19,21
2020-03-29,Denmark,Europe,875,2201,44,65
2020-04-05,Denmark,Europe,1876,4077,96,161
2020-04-12,Denmark,Europe,1919,5996,99,260
2020-04-19,Denmark,Europe,1246,7242,86,346
2020-04-26,Denmark,Europe,1203,8445,72,418
2020-05-03,Denmark,Europe,962,9407,57,475
2020-05-10,Denmark,Europe,912,10319,51,526
2020-05-17,Denmark,Europe,539,10858,23,549
2020-05-24,Denmark,Europe,431,11289,18,567
2020-05-31,Denmark,Europe,344,11633,10,577
2020-06-07,Denmark,Europe,291,11924,16,593
2020-06-14,Denmark,Europe,215,12139,10,603
2020-06-21,Denmark,Europe,297,12436,3,606
2020-06-28,Denmark,Europe,264,12700,4,610
2020-07-05,Denmark,Europe,147,12847,2,612
2020-07-12,Denmark,Europe,129,12976,3,615
2020-07-19,Denmark,Europe,226,13202,2,617
2020-07-26,Denmark,Europe,272,13474,2,619
2020-08-02,Denmark,Europe,384,13858,2,621
2020-08-09,Denmark,Europe,708,14566,2,623
2020-08-16,Denmark,Europe,933,15499,4,627
2020-08-23,Denmark,Europe,718,16217,0,627
2020-08-30,Denmark,Europe,562,16779,3,630
2020-09-06,Denmark,Europe,957,17736,3,633
2020-09-13,Denmark,Europe,1821,19557,3,636
2020-09-20,Denmark,Europe,2879,22436,5,641
2020-09-27,Denmark,Europe,3777,26213,13,654
2020-10-04,Denmark,Europe,3089,29302,6,660
2020-10-11,Denmark,Europe,2780,32082,13,673
2020-10-18,Denmark,Europe,2859,34941,12,685
2020-10-25,Denmark,Europe,4470,39411,21,706
2020-11-01,Denmark,Europe,6940,46351,21,727
2020-11-08,Denmark,Europe,7879,54230,19,746
2020-11-15,Denmark,Europe,6848,61078,17,763
2020-11-22,Denmark,Europe,8557,69635,24,787
2020-11-29,Denmark,Europe,8719,78354,42,829
2020-12-06,Denmark,Europe,10504,88858,55,884
2020-12-13,Denmark,Europe,18258,107116,57,941
2020-12-20,Denmark,Europe,24490,131606,84,1025
2020-12-27,Denmark,Europe,19561,151167,134,1159
2021-01-03,Denmark,Europe,16374,167541,186,1345
2021-01-10,Denmark,Europe,12699,180240,197,1542
2021-01-17,Denmark,Europe,7959,188199,205,1747
2021-01-24,Denmark,Europe,5718,193917,222,1969
2021-01-31,Denmark,Europe,4178,198095,137,2106
2021-02-07,Denmark,Europe,3091,201186,109,2215
2021-02-14,Denmark,Europe,2881,204067,69,2284
2021-02-21,Denmark,Europe,3014,207081,49,2333
2021-02-28,Denmark,Europe,3651,210732,25,2358
2021-03-07,Denmark,Europe,3594,214326,19,2377
2021-03-14,Denmark,Europe,5592,219918,13,2390
2021-03-21,Denmark,Europe,4930,224848,9,2399
2021-03-28,Denmark,Europe,4701,229549,14,2413
2021-04-04,Denmark,Europe,5669,235218,15,2428
2021-04-11,Denmark,Europe,4383,239601,11,2439
2021-04-18,Denmark,Europe,4630,244231,13,2452
2021-04-25,Denmark,Europe,5279,249510,22,2474
2021-05-02,Denmark,Europe,5035,254545,15,2489
2021-05-09,Denmark,Europe,6137,260682,8,2497
2021-05-16,Denmark,Europe,7357,268039,5,2502
2021-05-23,Denmark,Europe,7120,275159,5,2507
2021-05-30,Denmark,Europe,6775,281934,9,2516
2021-06-06,Denmark,Europe,6202,288136,2,2518
2021-06-13,Denmark,Europe,3923,292059,7,2525
2021-06-20,Denmark,Europe,1904,293963,5,2530
2021-06-27,Denmark,Europe,1306,295269,1,2531
2021-07-04,Denmark,Europe,2156,297425,6,2537
2021-07-11,Denmark,Europe,3689,301114,2,2539
2021-07-18,Denmark,Europe,6845,307959,3,2542
2021-07-25,Denmark,Europe,5417,313376,0,2542
2021-08-01,Denmark,Europe,5931,319307,7,2549
2021-08-08,Denmark,Europe,6158,325465,3,2552
2021-08-15,Denmark,Europe,6962,332427,7,2559
2021-08-22,Denmark,Europe,6819,339246,5,2564
2021-08-29,Denmark,Europe,6605,345851,13,2577
2021-09-05,Denmark,Europe,4996,350847,13,2590
2021-09-12,Denmark,Europe,3592,354439,21,2611
2021-09-19,Denmark,Europe,2454,356893,14,2625
2021-09-26,Denmark,Europe,2291,359184,15,2640
2021-10-03,Denmark,Europe,2979,362163,23,2663
2021-10-10,Denmark,Europe,3693,365856,6,2669
2021-10-17,Denmark,Europe,4704,370560,11,2680
2021-10-24,Denmark,Europe,7005,377565,17,2697
2021-10-31,Denmark,Europe,11186,388751,16,2713
2021-11-07,Denmark,Europe,13894,402645,22,2735
2021-11-14,Denmark,Europe,19954,422599,25,2760
2021-11-21,Denmark,Europe,26577,449176,47,2807
2021-11-28,Denmark,Europe,27961,477137,56,2863
2021-12-05,Denmark,Europe,31448,508585,76,2939
2021-12-12,Denmark,Europe,42315,550900,66,3005
2021-12-19,Denmark,Europe,67015,617915,62,3067
2021-12-26,Denmark,Europe,79648,697563,130,3197
2022-01-02,Denmark,Europe,125719,823282,75,3272
2022-01-09,Denmark,Europe,126955,950237,99,3371
2022-01-16,Denmark,Europe,154800,1105037,113,3484
2022-01-23,Denmark,Europe,250778,1355815,112,3596
2022-01-30,Denmark,Europe,321474,1677289,121,3717
2022-02-06,Denmark,Europe,289241,1966530,146,3863
2022-02-13,Denmark,Europe,322546,2289076,175,4038
2022-02-20,Denmark,Europe,263285,2552361,240,4278
2022-02-27,Denmark,Europe,179445,2731806,260,4538
2022-03-06,Denmark,Europe,121430,2853236,292,4830
2022-03-13,Denmark,Europe,90711,2943947,298,5128
2022-03-20,Denmark,Europe,55976,2999923,247,5375
2022-03-27,Denmark,Europe,39281,3039204,208,5583
2022-04-03,Denmark,Europe,25421,3064625,162,5745
2022-04-10,Denmark,Europe,18807,3083432,140,5885
2022-04-17,Denmark,Europe,13583,3097015,100,5985
2022-04-24,Denmark,Europe,11999,3109014,87,6072
2022-05-01,Denmark,Europe,7641,3116655,86,6158
2022-05-08,Denmark,Europe,6084,3122739,76,6234
2022-05-15,Denmark,Europe,4944,3127683,51,6285
2022-05-22,Denmark,Europe,4289,3131972,35,6320
2022-05-29,Denmark,Europe,3406,3135378,30,6350
2022-06-05,Denmark,Europe,3796,3139174,28,6378
2022-06-12,Denmark,Europe,4975,3144149,25,6403
2022-06-19,Denmark,Europe,7527,3151676,20,6423
2022-06-26,Denmark,Europe,10389,3162065,19,6442
2022-07-03,Denmark,Europe,12802,3174867,34,6476
2022-07-10,Denmark,Europe,15246,3190113,40,6516
2022-07-17,Denmark,Europe,15481,3205594,39,6555
2022-07-24,Denmark,Europe,14446,3220040,42,6597
2022-07-31,Denmark,Europe,10945,3230985,52,6649
2022-08-07,Denmark,Europe,10639,3241624,77,6726
2022-08-14,Denmark,Europe,11809,3253433,74,6800
2022-08-21,Denmark,Europe,9713,3263146,52,6852
2022-08-28,Denmark,Europe,6891,3270037,47,6899
2022-09-04,Denmark,Europe,5151,3275188,42,6941
2022-09-11,Denmark,Europe,5462,3280650,31,6972
2022-09-18,Denmark,Europe,5239,3285889,24,6996
2022-09-25,Denmark,Europe,6252,3292141,34,7030
2022-10-02,Denmark,Europe,8354,3300495,48,7078
2022-10-09,Denmark,Europe,9047,3309542,49,7127
2022-10-16,Denmark,Europe,9203,3318745,53,7180
2022-10-23,Denmark,Europe,8060,3326805,80,7260
2022-10-30,Denmark,Europe,6569,3333374,69,7329
2022-11-06,Denmark,Europe,4564,3337938,66,7395
2022-11-13,Denmark,Europe,4250,3342188,45,7440
2022-11-20,Denmark,Europe,3856,3346044,38,7478
2022-11-27,Denmark,Europe,4332,3350376,39,7517
2022-12-04,Denmark,Europe,6538,3356914,25,7542
2022-12-11,Denmark,Europe,8942,3365856,49,7591
2022-12-18,Denmark,Europe,6909,3372765,51,7642
2022-12-25,Denmark,Europe,9086,3381851,70,7712
2023-01-01,Denmark,Europe,7754,3389605,81,7793
2023-01-08,Denmark,Europe,4858,3394463,116,7909
2023-01-15,Denmark,Europe,2454,3396917,96,8005
2023-01-22,Denmark,Europe,1357,3398274,77,8082
2023-01-29,Denmark,Europe,1064,3399338,46,8128
2023-02-05,Denmark,Europe,1072,3400410,42,8170
2023-02-12,Denmark,Europe,961,3401371,25,8195
2023-02-19,Denmark,Europe,880,3402251,37,8232
2023-02-26,Denmark,Europe,823,3403074,15,8247
2023-03-05,Denmark,Europe,755,3403829,30,8277
2023-03-12,Denmark,Europe,845,3404674,27,8304
2023-03-19,Denmark,Europe,1248,3405922,30,8334
2023-03-26,Denmark,Europe,1584,3407506,18,8352
2023-04-02,Denmark,Europe,1309,3408815,39,8391
2023-04-09,Denmark,Europe,815,3409630,29,8420
2023-04-16,Denmark,Europe,833,3410463,44,8464
2023-04-23,Denmark,Europe,751,3411214,45,8509
2023-04-30,Denmark,Europe,586,3411800,37,8546
2023-05-07,Denmark,Europe,524,3412324,40,8586
2023-05-14,Denmark,Europe,602,3412926,46,8632
2023-05-21,Denmark,Europe,367,3413293,32,8664
2023-05-28,Denmark,Europe,349,3413642,24,8688
2023-06-04,Denmark,Europe,193,3413835,27,8715
2023-06-11,Denmark,Europe,172,3414007,15,8730
2023-06-18,Denmark,Europe,162,3414169,11,8741
2023-06-25,Denmark,Europe,26,3414195,3,8744
2023-07-02,Denmark,Europe,79,3414274,3,8747
2023-07-09,Denmark,Europe,59,3414333,7,8754
2023-07-16,Denmark,Europe,86,3414419,2,8756
2023-07-23,Denmark,Europe,91,3414510,8,8764
2023-07-30,Denmark,Europe,59,3414569,1,8765
2023-08-06,Denmark,Europe,105,3414674,6,8771
2023-08-13,Denmark,Europe,141,3414815,2,8773
2023-08-20,Denmark,Europe,276,3415091,7,8780
2023-08-27,Denmark,Europe,284,3415375,2,8782
2023-09-03,Denmark,Europe,369,3415744,8,8790
2023-09-10,Denmark,Europe,429,3416173,9,8799
2023-09-17,Denmark,Europe,381,3416554,12,8811
2023-09-24,Denmark,Europe,144,3416698,3,8814
2023-10-01,Denmark,Europe,319,3417017,10,8824
2023-10-08,Denmark,Europe,0,3417017,0,8824
2023-10-15,Denmark,Europe,0,3417017,0,8824
2023-10-22,Denmark,Europe,0,3417017,0,8824
2023-10-29,Denmark,Europe,0,3417017,0,8824
2023-11-05,Denmark,Europe,941,3417958,43,8867
2023-11-12,Denmark,Europe,1079,3419037,51,8918
2023-11-19,Denmark,Europe,1210,3420247,50,8968
2023-11-26,Denmark,Europe,1657,3421904,61,9029
2023-12-03,Denmark,Europe,2050,3423954,71,9100
2023-12-10,Denmark,Europe,2712,3426666,98,9198
2023-12-17,Denmark,Europe,2688,3429354,120,9318
2023-12-24,Denmark,Europe,1952,3431306,100,9418
2023-12-31,Denmark,Europe,1040,3432346,75,9493
2024-01-07,Denmark,Europe,732,3433078,38,9531
2024-01-14,Denmark,Europe,392,3433470,31,9562
2024-01-21,Denmark,Europe,316,3433786,23,9585
2024-01-28,Denmark,Europe,216,3434002,17,9602
2024-02-04,Denmark,Europe,170,3434172,6,9608
2024-02-11,Denmark,Europe,129,3434301,15,9623
2024-02-18,Denmark,Europe,119,3434420,8,9631
2024-02-25,Denmark,Europe,91,3434511,7,9638
2024-03-03,Denmark,Europe,87,3434598,4,9642
2024-03-10,Denmark,Europe,62,3434660,5,9647
2024-03-17,Denmark,Europe,63,3434723,3,9650
2024-03-24,Denmark,Europe,65,3434788,6,9656
2024-03-31,Denmark,Europe,56,3434844,2,9658
2024-04-07,Denmark,Europe,43,3434887,3,9661
2024-04-14,Denmark,Europe,52,3434939,4,9665
2024-04-21,Denmark,Europe,38,3434977,3,9668
2024-04-28,Denmark,Europe,42,3435019,2,9670
2024-05-05,Denmark,Europe,62,3435081,3,9673
2024-05-12,Denmark,Europe,51,3435132,2,9675
2024-05-19,Denmark,Europe,67,3435199,1,9676
2024-05-26,Denmark,Europe,60,3435259,1,9677
2024-06-02,Denmark,Europe,61,3435320,2,9679
2024-06-09,Denmark,Europe,64,3435384,2,9681
2024-06-16,Denmark,Europe,115,3435499,5,9686
2024-06-23,Denmark,Europe,180,3435679,7,9693
2024-06-30,Denmark,Europe,259,3435938,5,9698
2024-07-07,Denmark,Europe,307,3436245,6,9704
2024-07-14,Denmark,Europe,460,3436705,14,9718
2024-07-21,Denmark,Europe,506,3437211,20,9738
2024-07-28,Denmark,Europe,418,3437629,17,9755
2024-08-04,Denmark,Europe,335,3437964,16,9771
2024-08-11,Denmark,Europe,343,3438307,15,9786
2024-08-18,Denmark,Europe,401,3438708,8,9794
2024-08-25,Denmark,Europe,444,3439152,10,9804
2024-09-01,Denmark,Europe,490,3439642,4,9808
2020-01-05,Djibouti,Africa,0,0,0,0
2020-01-12,Djibouti,Africa,0,0,0,0
2020-01-19,Djibouti,Africa,0,0,0,0
2020-01-26,Djibouti,Africa,0,0,0,0
2020-02-02,Djibouti,Africa,0,0,0,0
2020-02-09,Djibouti,Africa,0,0,0,0
2020-02-16,Djibouti,Africa,0,0,0,0
2020-02-23,Djibouti,Africa,0,0,0,0
2020-03-01,Djibouti,Africa,0,0,0,0
2020-03-08,Djibouti,Africa,0,0,0,0
2020-03-15,Djibouti,Africa,0,0,0,0
2020-03-22,Djibouti,Africa,1,1,0,0
2020-03-29,Djibouti,Africa,14,15,0,0
2020-04-05,Djibouti,Africa,36,51,0,0
2020-04-12,Djibouti,Africa,136,187,2,2
2020-04-19,Djibouti,Africa,545,732,0,2
2020-04-26,Djibouti,Africa,276,1008,0,2
2020-05-03,Djibouti,Africa,104,1112,0,2
2020-05-10,Djibouti,Africa,77,1189,1,3
2020-05-17,Djibouti,Africa,142,1331,1,4
2020-05-24,Djibouti,Africa,939,2270,6,10
2020-05-31,Djibouti,Africa,924,3194,12,22
2020-06-07,Djibouti,Africa,975,4169,4,26
2020-06-14,Djibouti,Africa,280,4449,15,41
2020-06-21,Djibouti,Africa,116,4565,4,45
2020-06-28,Djibouti,Africa,78,4643,7,52
2020-07-05,Djibouti,Africa,93,4736,3,55
2020-07-12,Djibouti,Africa,232,4968,1,56
2020-07-19,Djibouti,Africa,35,5003,0,56
2020-07-26,Djibouti,Africa,36,5039,2,58
2020-08-02,Djibouti,Africa,42,5081,0,58
2020-08-09,Djibouti,Africa,257,5338,1,59
2020-08-16,Djibouti,Africa,29,5367,0,59
2020-08-23,Djibouti,Africa,15,5382,1,60
2020-08-30,Djibouti,Africa,3,5385,0,60
2020-09-06,Djibouti,Africa,2,5387,0,60
2020-09-13,Djibouti,Africa,7,5394,1,61
2020-09-20,Djibouti,Africa,9,5403,0,61
2020-09-27,Djibouti,Africa,6,5409,0,61
2020-10-04,Djibouti,Africa,9,5418,0,61
2020-10-11,Djibouti,Africa,5,5423,0,61
2020-10-18,Djibouti,Africa,29,5452,0,61
2020-10-25,Djibouti,Africa,78,5530,0,61
2020-11-01,Djibouti,Africa,31,5561,0,61
2020-11-08,Djibouti,Africa,44,5605,0,61
2020-11-15,Djibouti,Africa,40,5645,0,61
2020-11-22,Djibouti,Africa,16,5661,0,61
2020-11-29,Djibouti,Africa,15,5676,0,61
2020-12-06,Djibouti,Africa,16,5692,0,61
2020-12-13,Djibouti,Africa,33,5725,0,61
2020-12-20,Djibouti,Africa,56,5781,0,61
2020-12-27,Djibouti,Africa,24,5805,0,61
2021-01-03,Djibouti,Africa,36,5841,0,61
2021-01-10,Djibouti,Africa,25,5866,0,61
2021-01-17,Djibouti,Africa,37,5903,0,61
2021-01-24,Djibouti,Africa,15,5918,0,61
2021-01-31,Djibouti,Africa,13,5931,1,62
2021-02-07,Djibouti,Africa,10,5941,1,63
2021-02-14,Djibouti,Africa,27,5968,0,63
2021-02-21,Djibouti,Africa,54,6022,0,63
2021-02-28,Djibouti,Africa,43,6065,0,63
2021-03-07,Djibouti,Africa,69,6134,0,63
2021-03-14,Djibouti,Africa,118,6252,0,63
2021-03-21,Djibouti,Africa,266,6518,0,63
2021-03-28,Djibouti,Africa,731,7249,3,66
2021-04-04,Djibouti,Africa,1260,8509,6,72
2021-04-11,Djibouti,Africa,1213,9722,21,93
2021-04-18,Djibouti,Africa,690,10412,21,114
2021-04-25,Djibouti,Africa,334,10746,18,132
2021-05-02,Djibouti,Africa,375,11121,13,145
2021-05-09,Djibouti,Africa,214,11335,4,149
2021-05-16,Djibouti,Africa,79,11414,2,151
2021-05-23,Djibouti,Africa,77,11491,1,152
2021-05-30,Djibouti,Africa,36,11527,2,154
2021-06-06,Djibouti,Africa,29,11556,0,154
2021-06-13,Djibouti,Africa,16,11572,0,154
2021-06-20,Djibouti,Africa,15,11587,1,155
2021-06-27,Djibouti,Africa,13,11600,0,155
2021-07-04,Djibouti,Africa,4,11604,0,155
2021-07-11,Djibouti,Africa,10,11614,0,155
2021-07-18,Djibouti,Africa,8,11622,0,155
2021-07-25,Djibouti,Africa,13,11635,0,155
2021-08-01,Djibouti,Africa,16,11651,1,156
2021-08-08,Djibouti,Africa,8,11659,0,156
2021-08-15,Djibouti,Africa,19,11678,0,156
2021-08-22,Djibouti,Africa,12,11690,1,157
2021-08-29,Djibouti,Africa,38,11728,0,157
2021-09-05,Djibouti,Africa,47,11775,0,157
2021-09-12,Djibouti,Africa,70,11845,0,157
2021-09-19,Djibouti,Africa,160,12005,2,159
2021-09-26,Djibouti,Africa,319,12324,3,162
2021-10-03,Djibouti,Africa,557,12881,7,169
2021-10-10,Djibouti,Africa,335,13216,8,177
2021-10-17,Djibouti,Africa,167,13383,2,179
2021-10-24,Djibouti,Africa,61,13444,2,181
2021-10-31,Djibouti,Africa,34,13478,0,181
2021-11-07,Djibouti,Africa,13,13491,5,186
2021-11-14,Djibouti,Africa,4,13495,0,186
2021-11-21,Djibouti,Africa,6,13501,0,186
2021-11-28,Djibouti,Africa,3,13504,0,186
2021-12-05,Djibouti,Africa,4,13508,1,187
2021-12-12,Djibouti,Africa,6,13514,2,189
2021-12-19,Djibouti,Africa,14,13528,0,189
2021-12-26,Djibouti,Africa,40,13568,0,189
2022-01-02,Djibouti,Africa,100,13668,0,189
2022-01-09,Djibouti,Africa,416,14084,0,189
2022-01-16,Djibouti,Africa,757,14841,0,189
2022-01-23,Djibouti,Africa,430,15271,0,189
2022-01-30,Djibouti,Africa,169,15440,0,189
2022-02-06,Djibouti,Africa,70,15510,0,189
2022-02-13,Djibouti,Africa,21,15531,0,189
2022-02-20,Djibouti,Africa,10,15541,0,189
2022-02-27,Djibouti,Africa,6,15547,0,189
2022-03-06,Djibouti,Africa,3,15550,0,189
2022-03-13,Djibouti,Africa,14,15564,0,189
2022-03-20,Djibouti,Africa,9,15573,0,189
2022-03-27,Djibouti,Africa,7,15580,0,189
2022-04-03,Djibouti,Africa,8,15588,0,189
2022-04-10,Djibouti,Africa,6,15594,0,189
2022-04-17,Djibouti,Africa,4,15598,0,189
2022-04-24,Djibouti,Africa,13,15611,0,189
2022-05-01,Djibouti,Africa,20,15631,0,189
2022-05-08,Djibouti,Africa,0,15631,0,189
2022-05-15,Djibouti,Africa,39,15670,0,189
2022-05-22,Djibouti,Africa,5,15675,0,189
2022-05-29,Djibouti,Africa,5,15680,0,189
2022-06-05,Djibouti,Africa,6,15686,0,189
2022-06-12,Djibouti,Africa,4,15690,0,189
2022-06-19,Djibouti,Africa,0,15690,0,189
2022-06-26,Djibouti,Africa,0,15690,0,189
2022-07-03,Djibouti,Africa,0,15690,0,189
2022-07-10,Djibouti,Africa,0,15690,0,189
2022-07-17,Djibouti,Africa,0,15690,0,189
2022-07-24,Djibouti,Africa,0,15690,0,189
2022-07-31,Djibouti,Africa,0,15690,0,189
2022-08-07,Djibouti,Africa,0,15690,0,189
2022-08-14,Djibouti,Africa,0,15690,0,189
2022-08-21,Djibouti,Africa,0,15690,0,189
2022-08-28,Djibouti,Africa,0,15690,0,189
2022-09-04,Djibouti,Africa,0,15690,0,189
2022-09-11,Djibouti,Africa,0,15690,0,189
2022-09-18,Djibouti,Africa,0,15690,0,189
2022-09-25,Djibouti,Africa,0,15690,0,189
2022-10-02,Djibouti,Africa,0,15690,0,189
2022-10-09,Djibouti,Africa,0,15690,0,189
2022-10-16,Djibouti,Africa,0,15690,0,189
2022-10-23,Djibouti,Africa,0,15690,0,189
2022-10-30,Djibouti,Africa,0,15690,0,189
2022-11-06,Djibouti,Africa,0,15690,0,189
2022-11-13,Djibouti,Africa,0,15690,0,189
2022-11-20,Djibouti,Africa,0,15690,0,189
2022-11-27,Djibouti,Africa,0,15690,0,189
2022-12-04,Djibouti,Africa,0,15690,0,189
2022-12-11,Djibouti,Africa,0,15690,0,189
2022-12-18,Djibouti,Africa,0,15690,0,189
2022-12-25,Djibouti,Africa,0,15690,0,189
2023-01-01,Djibouti,Africa,0,15690,0,189
2023-01-08,Djibouti,Africa,0,15690,0,189
2023-01-15,Djibouti,Africa,0,15690,0,189
2023-01-22,Djibouti,Africa,0,15690,0,189
2023-01-29,Djibouti,Africa,0,15690,0,189
2023-02-05,Djibouti,Africa,0,15690,0,189
2023-02-12,Djibouti,Africa,0,15690,0,189
2023-02-19,Djibouti,Africa,0,15690,0,189
2023-02-26,Djibouti,Africa,0,15690,0,189
2023-03-05,Djibouti,Africa,0,15690,0,189
2023-03-12,Djibouti,Africa,0,15690,0,189
2023-03-19,Djibouti,Africa,0,15690,0,189
2023-03-26,Djibouti,Africa,0,15690,0,189
2023-04-02,Djibouti,Africa,0,15690,0,189
2023-04-09,Djibouti,Africa,0,15690,0,189
2023-04-16,Djibouti,Africa,0,15690,0,189
2023-04-23,Djibouti,Africa,0,15690,0,189
2023-04-30,Djibouti,Africa,0,15690,0,189
2023-05-07,Djibouti,Africa,0,15690,0,189
2023-05-14,Djibouti,Africa,0,15690,0,189
2023-05-21,Djibouti,Africa,0,15690,0,189
2023-05-28,Djibouti,Africa,0,15690,0,189
2023-06-04,Djibouti,Africa,0,15690,0,189
2023-06-11,Djibouti,Africa,0,15690,0,189
2023-06-18,Djibouti,Africa,0,15690,0,189
2023-06-25,Djibouti,Africa,0,15690,0,189
2023-07-02,Djibouti,Africa,0,15690,0,189
2023-07-09,Djibouti,Africa,0,15690,0,189
2023-07-16,Djibouti,Africa,0,15690,0,189
2023-07-23,Djibouti,Africa,0,15690,0,189
2023-07-30,Djibouti,Africa,0,15690,0,189
2023-08-06,Djibouti,Africa,0,15690,0,189
2023-08-13,Djibouti,Africa,0,15690,0,189
2023-08-20,Djibouti,Africa,0,15690,0,189
2023-08-27,Djibouti,Africa,0,15690,0,189
2023-09-03,Djibouti,Africa,0,15690,0,189
2023-09-10,Djibouti,Africa,0,15690,0,189
2023-09-17,Djibouti,Africa,0,15690,0,189
2023-09-24,Djibouti,Africa,0,15690,0,189
2023-10-01,Djibouti,Africa,0,15690,0,189
2023-10-08,Djibouti,Africa,0,15690,0,189
2023-10-15,Djibouti,Africa,0,15690,0,189
2023-10-22,Djibouti,Africa,0,15690,0,189
2023-10-29,Djibouti,Africa,0,15690,0,189
2023-11-05,Djibouti,Africa,0,15690,0,189
2023-11-12,Djibouti,Africa,0,15690,0,189
2023-11-19,Djibouti,Africa,0,15690,0,189
2023-11-26,Djibouti,Africa,0,15690,0,189
2023-12-03,Djibouti,Africa,0,15690,0,189
2023-12-10,Djibouti,Africa,0,15690,0,189
2023-12-17,Djibouti,Africa,0,15690,0,189
2023-12-24,Djibouti,Africa,0,15690,0,189
2023-12-31,Djibouti,Africa,0,15690,0,189
2024-01-07,Djibouti,Africa,0,15690,0,189
2024-01-14,Djibouti,Africa,0,15690,0,189
2024-01-21,Djibouti,Africa,0,15690,0,189
2024-01-28,Djibouti,Africa,0,15690,0,189
2024-02-04,Djibouti,Africa,0,15690,0,189
2024-02-11,Djibouti,Africa,0,15690,0,189
2024-02-18,Djibouti,Africa,0,15690,0,189
2024-02-25,Djibouti,Africa,0,15690,0,189
2024-03-03,Djibouti,Africa,0,15690,0,189
2024-03-10,Djibouti,Africa,0,15690,0,189
2024-03-17,Djibouti,Africa,0,15690,0,189
2024-03-24,Djibouti,Africa,0,15690,0,189
2024-03-31,Djibouti,Africa,0,15690,0,189
2024-04-07,Djibouti,Africa,0,15690,0,189
2024-04-14,Djibouti,Africa,0,15690,0,189
2024-04-21,Djibouti,Africa,0,15690,0,189
2024-04-28,Djibouti,Africa,0,15690,0,189
2024-05-05,Djibouti,Africa,0,15690,0,189
2024-05-12,Djibouti,Africa,0,15690,0,189
2024-05-19,Djibouti,Africa,0,15690,0,189
2024-05-26,Djibouti,Africa,0,15690,0,189
2024-06-02,Djibouti,Africa,0,15690,0,189
2024-06-09,Djibouti,Africa,0,15690,0,189
2024-06-16,Djibouti,Africa,0,15690,0,189
2024-06-23,Djibouti,Africa,0,15690,0,189
2024-06-30,Djibouti,Africa,0,15690,0,189
2024-07-07,Djibouti,Africa,0,15690,0,189
2024-07-14,Djibouti,Africa,0,15690,0,189
2024-07-21,Djibouti,Africa,0,15690,0,189
2024-07-28,Djibouti,Africa,0,15690,0,189
2024-08-04,Djibouti,Africa,0,15690,0,189
2024-08-11,Djibouti,Africa,0,15690,0,189
2024-08-18,Djibouti,Africa,0,15690,0,189
2024-08-25,Djibouti,Africa,0,15690,0,189
2024-09-01,Djibouti,Africa,0,15690,0,189
2020-01-05,Dominica,North America,0,0,0,0
2020-01-12,Dominica,North America,0,0,0,0
2020-01-19,Dominica,North America,0,0,0,0
2020-01-26,Dominica,North America,0,0,0,0
2020-02-02,Dominica,North America,0,0,0,0
2020-02-09,Dominica,North America,0,0,0,0
2020-02-16,Dominica,North America,0,0,0,0
2020-02-23,Dominica,North America,0,0,0,0
2020-03-01,Dominica,North America,0,0,0,0
2020-03-08,Dominica,North America,0,0,0,0
2020-03-15,Dominica,North America,0,0,0,0
2020-03-22,Dominica,North America,0,0,0,0
2020-03-29,Dominica,North America,11,11,0,0
2020-04-05,Dominica,North America,0,11,0,0
2020-04-12,Dominica,North America,5,16,0,0
2020-04-19,Dominica,North America,0,16,0,0
2020-04-26,Dominica,North America,0,16,0,0
2020-05-03,Dominica,North America,0,16,0,0
2020-05-10,Dominica,North America,0,16,0,0
2020-05-17,Dominica,North America,0,16,0,0
2020-05-24,Dominica,North America,0,16,0,0
2020-05-31,Dominica,North America,0,16,0,0
2020-06-07,Dominica,North America,0,16,0,0
2020-06-14,Dominica,North America,2,18,0,0
2020-06-21,Dominica,North America,0,18,0,0
2020-06-28,Dominica,North America,0,18,0,0
2020-07-05,Dominica,North America,0,18,0,0
2020-07-12,Dominica,North America,0,18,0,0
2020-07-19,Dominica,North America,0,18,0,0
2020-07-26,Dominica,North America,0,18,0,0
2020-08-02,Dominica,North America,0,18,0,0
2020-08-09,Dominica,North America,0,18,0,0
2020-08-16,Dominica,North America,0,18,0,0
2020-08-23,Dominica,North America,1,19,0,0
2020-08-30,Dominica,North America,1,20,0,0
2020-09-06,Dominica,North America,2,22,0,0
2020-09-13,Dominica,North America,2,24,0,0
2020-09-20,Dominica,North America,0,24,0,0
2020-09-27,Dominica,North America,0,24,0,0
2020-10-04,Dominica,North America,7,31,0,0
2020-10-11,Dominica,North America,1,32,0,0
2020-10-18,Dominica,North America,1,33,0,0
2020-10-25,Dominica,North America,5,38,0,0
2020-11-01,Dominica,North America,12,50,0,0
2020-11-08,Dominica,North America,13,63,0,0
2020-11-15,Dominica,North America,5,68,0,0
2020-11-22,Dominica,North America,4,72,0,0
2020-11-29,Dominica,North America,13,85,0,0
2020-12-06,Dominica,North America,0,85,0,0
2020-12-13,Dominica,North America,2,87,0,0
2020-12-20,Dominica,North America,5,92,0,0
2020-12-27,Dominica,North America,4,96,0,0
2021-01-03,Dominica,North America,0,96,0,0
2021-01-10,Dominica,North America,10,106,0,0
2021-01-17,Dominica,North America,4,110,0,0
2021-01-24,Dominica,North America,3,113,0,0
2021-01-31,Dominica,North America,4,117,0,0
2021-02-07,Dominica,North America,4,121,0,0
2021-02-14,Dominica,North America,0,121,0,0
2021-02-21,Dominica,North America,13,134,0,0
2021-02-28,Dominica,North America,8,142,0,0
2021-03-07,Dominica,North America,2,144,0,0
2021-03-14,Dominica,North America,12,156,0,0
2021-03-21,Dominica,North America,1,157,0,0
2021-03-28,Dominica,North America,4,161,0,0
2021-04-04,Dominica,North America,4,165,0,0
2021-04-11,Dominica,North America,0,165,0,0
2021-04-18,Dominica,North America,7,172,0,0
2021-04-25,Dominica,North America,1,173,0,0
2021-05-02,Dominica,North America,1,174,0,0
2021-05-09,Dominica,North America,1,175,0,0
2021-05-16,Dominica,North America,3,178,0,0
2021-05-23,Dominica,North America,6,184,0,0
2021-05-30,Dominica,North America,4,188,0,0
2021-06-06,Dominica,North America,0,188,0,0
2021-06-13,Dominica,North America,1,189,0,0
2021-06-20,Dominica,North America,2,191,0,0
2021-06-27,Dominica,North America,2,193,0,0
2021-07-04,Dominica,North America,1,194,0,0
2021-07-11,Dominica,North America,3,197,0,0
2021-07-18,Dominica,North America,9,206,0,0
2021-07-25,Dominica,North America,3,209,0,0
2021-08-01,Dominica,North America,7,216,0,0
2021-08-08,Dominica,North America,2,218,0,0
2021-08-15,Dominica,North America,358,576,0,0
2021-08-22,Dominica,North America,747,1323,1,1
2021-08-29,Dominica,North America,315,1638,3,4
2021-09-05,Dominica,North America,194,1832,0,4
2021-09-12,Dominica,North America,666,2498,3,7
2021-09-19,Dominica,North America,260,2758,1,8
2021-09-26,Dominica,North America,535,3293,7,15
2021-10-03,Dominica,North America,309,3602,6,21
2021-10-10,Dominica,North America,418,4020,5,26
2021-10-17,Dominica,North America,133,4153,2,28
2021-10-24,Dominica,North America,355,4508,2,30
2021-10-31,Dominica,North America,275,4783,2,32
2021-11-07,Dominica,North America,178,4961,0,32
2021-11-14,Dominica,North America,0,4961,0,32
2021-11-21,Dominica,North America,480,5441,3,35
2021-11-28,Dominica,North America,335,5776,2,37
2021-12-05,Dominica,North America,310,6086,5,42
2021-12-12,Dominica,North America,171,6257,0,42
2021-12-19,Dominica,North America,173,6430,2,44
2021-12-26,Dominica,North America,129,6559,1,45
2022-01-02,Dominica,North America,303,6862,2,47
2022-01-09,Dominica,North America,532,7394,0,47
2022-01-16,Dominica,North America,563,7957,1,48
2022-01-23,Dominica,North America,560,8517,1,49
2022-01-30,Dominica,North America,515,9032,2,51
2022-02-06,Dominica,North America,968,10000,0,51
2022-02-13,Dominica,North America,527,10527,2,53
2022-02-20,Dominica,North America,225,10752,4,57
2022-02-27,Dominica,North America,356,11108,0,57
2022-03-06,Dominica,North America,140,11248,4,61
2022-03-13,Dominica,North America,281,11529,1,62
2022-03-20,Dominica,North America,216,11745,0,62
2022-03-27,Dominica,North America,60,11805,1,63
2022-04-03,Dominica,North America,92,11897,0,63
2022-04-10,Dominica,North America,71,11968,0,63
2022-04-17,Dominica,North America,20,11988,0,63
2022-04-24,Dominica,North America,45,12033,0,63
2022-05-01,Dominica,North America,128,12161,0,63
2022-05-08,Dominica,North America,332,12493,0,63
2022-05-15,Dominica,North America,623,13116,0,63
2022-05-22,Dominica,North America,798,13914,0,63
2022-05-29,Dominica,North America,381,14295,4,67
2022-06-05,Dominica,North America,0,14295,0,67
2022-06-12,Dominica,North America,343,14638,0,67
2022-06-19,Dominica,North America,143,14781,0,67
2022-06-26,Dominica,North America,71,14852,1,68
2022-07-03,Dominica,North America,0,14852,0,68
2022-07-10,Dominica,North America,0,14852,0,68
2022-07-17,Dominica,North America,0,14852,0,68
2022-07-24,Dominica,North America,0,14852,0,68
2022-07-31,Dominica,North America,0,14852,0,68
2022-08-07,Dominica,North America,0,14852,0,68
2022-08-14,Dominica,North America,0,14852,0,68
2022-08-21,Dominica,North America,0,14852,0,68
2022-08-28,Dominica,North America,0,14852,0,68
2022-09-04,Dominica,North America,0,14852,0,68
2022-09-11,Dominica,North America,0,14852,0,68
2022-09-18,Dominica,North America,0,14852,0,68
2022-09-25,Dominica,North America,0,14852,0,68
2022-10-02,Dominica,North America,895,15747,6,74
2022-10-09,Dominica,North America,13,15760,0,74
2022-10-16,Dominica,North America,0,15760,0,74
2022-10-23,Dominica,North America,0,15760,0,74
2022-10-30,Dominica,North America,0,15760,0,74
2022-11-06,Dominica,North America,0,15760,0,74
2022-11-13,Dominica,North America,0,15760,0,74
2022-11-20,Dominica,North America,0,15760,0,74
2022-11-27,Dominica,North America,0,15760,0,74
2022-12-04,Dominica,North America,0,15760,0,74
2022-12-11,Dominica,North America,0,15760,0,74
2022-12-18,Dominica,North America,0,15760,0,74
2022-12-25,Dominica,North America,0,15760,0,74
2023-01-01,Dominica,North America,0,15760,0,74
2023-01-08,Dominica,North America,0,15760,0,74
2023-01-15,Dominica,North America,0,15760,0,74
2023-01-22,Dominica,North America,0,15760,0,74
2023-01-29,Dominica,North America,0,15760,0,74
2023-02-05,Dominica,North America,0,15760,0,74
2023-02-12,Dominica,North America,0,15760,0,74
2023-02-19,Dominica,North America,0,15760,0,74
2023-02-26,Dominica,North America,0,15760,0,74
2023-03-05,Dominica,North America,0,15760,0,74
2023-03-12,Dominica,North America,0,15760,0,74
2023-03-19,Dominica,North America,0,15760,0,74
2023-03-26,Dominica,North America,0,15760,0,74
2023-04-02,Dominica,North America,0,15760,0,74
2023-04-09,Dominica,North America,0,15760,0,74
2023-04-16,Dominica,North America,0,15760,0,74
2023-04-23,Dominica,North America,0,15760,0,74
2023-04-30,Dominica,North America,0,15760,0,74
2023-05-07,Dominica,North America,0,15760,0,74
2023-05-14,Dominica,North America,0,15760,0,74
2023-05-21,Dominica,North America,9,15769,0,74
2023-05-28,Dominica,North America,17,15786,0,74
2023-06-04,Dominica,North America,14,15800,0,74
2023-06-11,Dominica,North America,17,15817,0,74
2023-06-18,Dominica,North America,42,15859,0,74
2023-06-25,Dominica,North America,27,15886,0,74
2023-07-02,Dominica,North America,37,15923,0,74
2023-07-09,Dominica,North America,26,15949,0,74
2023-07-16,Dominica,North America,22,15971,0,74
2023-07-23,Dominica,North America,8,15979,0,74
2023-07-30,Dominica,North America,9,15988,0,74
2023-08-06,Dominica,North America,10,15998,0,74
2023-08-13,Dominica,North America,4,16002,0,74
2023-08-20,Dominica,North America,9,16011,0,74
2023-08-27,Dominica,North America,7,16018,0,74
2023-09-03,Dominica,North America,0,16018,0,74
2023-09-10,Dominica,North America,0,16018,0,74
2023-09-17,Dominica,North America,4,16022,0,74
2023-09-24,Dominica,North America,6,16028,0,74
2023-10-01,Dominica,North America,7,16035,0,74
2023-10-08,Dominica,North America,1,16036,0,74
2023-10-15,Dominica,North America,3,16039,0,74
2023-10-22,Dominica,North America,1,16040,0,74
2023-10-29,Dominica,North America,2,16042,0,74
2023-11-05,Dominica,North America,1,16043,0,74
2023-11-12,Dominica,North America,1,16044,0,74
2023-11-19,Dominica,North America,3,16047,0,74
2023-11-26,Dominica,North America,0,16047,0,74
2023-12-03,Dominica,North America,0,16047,0,74
2023-12-10,Dominica,North America,0,16047,0,74
2023-12-17,Dominica,North America,0,16047,0,74
2023-12-24,Dominica,North America,0,16047,0,74
2023-12-31,Dominica,North America,0,16047,0,74
2024-01-07,Dominica,North America,0,16047,0,74
2024-01-14,Dominica,North America,0,16047,0,74
2024-01-21,Dominica,North America,0,16047,0,74
2024-01-28,Dominica,North America,0,16047,0,74
2024-02-04,Dominica,North America,0,16047,0,74
2024-02-11,Dominica,North America,0,16047,0,74
2024-02-18,Dominica,North America,0,16047,0,74
2024-02-25,Dominica,North America,0,16047,0,74
2024-03-03,Dominica,North America,0,16047,0,74
2024-03-10,Dominica,North America,0,16047,0,74
2024-03-17,Dominica,North America,0,16047,0,74
2024-03-24,Dominica,North America,0,16047,0,74
2024-03-31,Dominica,North America,0,16047,0,74
2024-04-07,Dominica,North America,0,16047,0,74
2024-04-14,Dominica,North America,0,16047,0,74
2024-04-21,Dominica,North America,0,16047,0,74
2024-04-28,Dominica,North America,0,16047,0,74
2024-05-05,Dominica,North America,0,16047,0,74
2024-05-12,Dominica,North America,0,16047,0,74
2024-05-19,Dominica,North America,0,16047,0,74
2024-05-26,Dominica,North America,0,16047,0,74
2024-06-02,Dominica,North America,0,16047,0,74
2024-06-09,Dominica,North America,0,16047,0,74
2024-06-16,Dominica,North America,0,16047,0,74
2024-06-23,Dominica,North America,0,16047,0,74
2024-06-30,Dominica,North America,0,16047,0,74
2024-07-07,Dominica,North America,0,16047,0,74
2024-07-14,Dominica,North America,0,16047,0,74
2024-07-21,Dominica,North America,0,16047,0,74
2024-07-28,Dominica,North America,0,16047,0,74
2024-08-04,Dominica,North America,0,16047,0,74
2024-08-11,Dominica,North America,0,16047,0,74
2024-08-18,Dominica,North America,0,16047,0,74
2024-08-25,Dominica,North America,0,16047,0,74
2024-09-01,Dominica,North America,0,16047,0,74
2020-01-05,Dominican Republic,North America,0,0,0,0
2020-01-12,Dominican Republic,North America,0,0,0,0
2020-01-19,Dominican Republic,North America,0,0,0,0
2020-01-26,Dominican Republic,North America,0,0,0,0
2020-02-02,Dominican Republic,North America,0,0,0,0
2020-02-09,Dominican Republic,North America,0,0,0,0
2020-02-16,Dominican Republic,North America,0,0,0,0
2020-02-23,Dominican Republic,North America,0,0,0,0
2020-03-01,Dominican Republic,North America,0,0,0,0
2020-03-08,Dominican Republic,North America,2,2,0,0
2020-03-15,Dominican Republic,North America,3,5,0,0
2020-03-22,Dominican Republic,North America,67,72,2,2
2020-03-29,Dominican Republic,North America,509,581,18,20
2020-04-05,Dominican Republic,North America,907,1488,48,68
2020-04-12,Dominican Republic,North America,1132,2620,58,126
2020-04-19,Dominican Republic,North America,1715,4335,91,217
2020-04-26,Dominican Republic,North America,1591,5926,56,273
2020-05-03,Dominican Republic,North America,1652,7578,53,326
2020-05-10,Dominican Republic,North America,2304,9882,59,385
2020-05-17,Dominican Republic,North America,2228,12110,43,428
2020-05-24,Dominican Republic,North America,2312,14422,30,458
2020-05-31,Dominican Republic,North America,2486,16908,40,498
2020-06-07,Dominican Republic,North America,2287,19195,38,536
2020-06-14,Dominican Republic,North America,3377,22572,41,577
2020-06-21,Dominican Republic,North America,3206,25778,78,655
2020-06-28,Dominican Republic,North America,4841,30619,63,718
2020-07-05,Dominican Republic,North America,5565,36184,68,786
2020-07-12,Dominican Republic,North America,6930,43114,94,880
2020-07-19,Dominican Republic,North America,8405,51519,91,971
2020-07-26,Dominican Republic,North America,9377,60896,84,1055
2020-08-02,Dominican Republic,North America,10519,71415,115,1170
2020-08-09,Dominican Republic,North America,7363,78778,119,1289
2020-08-16,Dominican Republic,North America,6767,85545,149,1438
2020-08-23,Dominican Republic,North America,5016,90561,116,1554
2020-08-30,Dominican Republic,North America,3165,93726,119,1673
2020-09-06,Dominican Republic,North America,5050,98776,167,1840
2020-09-13,Dominican Republic,North America,4316,103092,113,1953
2020-09-20,Dominican Republic,North America,4608,107700,91,2044
2020-09-27,Dominican Republic,North America,3257,110957,49,2093
2020-10-04,Dominican Republic,North America,2969,113926,35,2128
2020-10-11,Dominican Republic,North America,4088,118014,39,2167
2020-10-18,Dominican Republic,North America,2911,120925,28,2195
2020-10-25,Dominican Republic,North America,3093,124018,25,2220
2020-11-01,Dominican Republic,North America,3000,127018,25,2245
2020-11-08,Dominican Republic,North America,2627,129645,18,2263
2020-11-15,Dominican Republic,North America,3580,133225,19,2282
2020-11-22,Dominican Republic,North America,4545,137770,26,2308
2020-11-29,Dominican Republic,North America,4883,142653,20,2328
2020-12-06,Dominican Republic,North America,5002,147655,17,2345
2020-12-13,Dominican Republic,North America,5930,153585,15,2360
2020-12-20,Dominican Republic,North America,5479,159064,22,2382
2020-12-27,Dominican Republic,North America,6876,165940,22,2404
2021-01-03,Dominican Republic,North America,7025,172965,12,2416
2021-01-10,Dominican Republic,North America,7679,180644,8,2424
2021-01-17,Dominican Republic,North America,10695,191339,8,2432
2021-01-24,Dominican Republic,North America,11168,202507,81,2513
2021-01-31,Dominican Republic,North America,10046,212553,133,2646
2021-02-07,Dominican Republic,North America,9595,222148,155,2801
2021-02-14,Dominican Republic,North America,6747,228895,131,2932
2021-02-21,Dominican Republic,North America,5607,234502,96,3028
2021-02-28,Dominican Republic,North America,4507,239009,65,3093
2021-03-07,Dominican Republic,North America,3651,242660,69,3162
2021-03-14,Dominican Republic,North America,2956,245616,51,3213
2021-03-21,Dominican Republic,North America,3373,248989,56,3269
2021-03-28,Dominican Republic,North America,2593,251582,33,3302
2021-04-04,Dominican Republic,North America,2199,253781,32,3334
2021-04-11,Dominican Republic,North America,3405,257186,51,3385
2021-04-18,Dominican Republic,North America,3441,260627,29,3414
2021-04-25,Dominican Republic,North America,3317,263944,37,3451
2021-05-02,Dominican Republic,North America,2917,266861,36,3487
2021-05-09,Dominican Republic,North America,3739,270600,36,3523
2021-05-16,Dominican Republic,North America,5672,276272,46,3569
2021-05-23,Dominican Republic,North America,6413,282685,37,3606
2021-05-30,Dominican Republic,North America,7841,290526,22,3628
2021-06-06,Dominican Republic,North America,9155,299681,24,3652
2021-06-13,Dominican Republic,North America,8166,307847,53,3705
2021-06-20,Dominican Republic,North America,7968,315815,49,3754
2021-06-27,Dominican Republic,North America,6256,322071,42,3796
2021-07-04,Dominican Republic,North America,6305,328376,56,3852
2021-07-11,Dominican Republic,North America,4677,333053,37,3889
2021-07-18,Dominican Republic,North America,4094,337147,26,3915
2021-07-25,Dominican Republic,North America,2522,339669,22,3937
2021-08-01,Dominican Republic,North America,2236,341905,26,3963
2021-08-08,Dominican Republic,North America,2246,344151,11,3974
2021-08-15,Dominican Republic,North America,1809,345960,2,3976
2021-08-22,Dominican Republic,North America,1677,347637,13,3989
2021-08-29,Dominican Republic,North America,1983,349620,18,4007
2021-09-05,Dominican Republic,North America,1833,351453,5,4012
2021-09-12,Dominican Republic,North America,1618,353071,2,4014
2021-09-19,Dominican Republic,North America,1942,355013,13,4027
2021-09-26,Dominican Republic,North America,1921,356934,11,4038
2021-10-03,Dominican Republic,North America,3323,360257,11,4049
2021-10-10,Dominican Republic,North America,4806,365063,18,4067
2021-10-17,Dominican Republic,North America,4637,369700,17,4084
2021-10-24,Dominican Republic,North America,5845,375545,22,4106
2021-10-31,Dominican Republic,North America,5429,380974,23,4129
2021-11-07,Dominican Republic,North America,6295,387269,21,4150
2021-11-14,Dominican Republic,North America,7339,394608,16,4166
2021-11-21,Dominican Republic,North America,7306,401914,20,4186
2021-11-28,Dominican Republic,North America,4597,406511,18,4204
2021-12-05,Dominican Republic,North America,1734,408245,8,4212
2021-12-12,Dominican Republic,North America,1842,410087,6,4218
2021-12-19,Dominican Republic,North America,1179,411266,4,4222
2021-12-26,Dominican Republic,North America,2621,413887,15,4237
2022-01-02,Dominican Republic,North America,6040,419927,10,4247
2022-01-09,Dominican Republic,North America,31258,451185,8,4255
2022-01-16,Dominican Republic,North America,43410,494595,13,4268
2022-01-23,Dominican Republic,North America,42172,536767,17,4285
2022-01-30,Dominican Republic,North America,16064,552831,16,4301
2022-02-06,Dominican Republic,North America,8826,561657,21,4322
2022-02-13,Dominican Republic,North America,7367,569024,21,4343
2022-02-20,Dominican Republic,North America,2528,571552,14,4357
2022-02-27,Dominican Republic,North America,2519,574071,11,4368
2022-03-06,Dominican Republic,North America,1812,575883,3,4371
2022-03-13,Dominican Republic,North America,484,576367,3,4374
2022-03-20,Dominican Republic,North America,950,577317,1,4375
2022-03-27,Dominican Republic,North America,524,577841,0,4375
2022-04-03,Dominican Republic,North America,338,578179,0,4375
2022-04-10,Dominican Republic,North America,305,578484,0,4375
2022-04-17,Dominican Republic,North America,261,578745,0,4375
2022-04-24,Dominican Republic,North America,334,579079,1,4376
2022-05-01,Dominican Republic,North America,364,579443,0,4376
2022-05-08,Dominican Republic,North America,364,579807,0,4376
2022-05-15,Dominican Republic,North America,605,580412,0,4376
2022-05-22,Dominican Republic,North America,838,581250,1,4377
2022-05-29,Dominican Republic,North America,1909,583159,0,4377
2022-06-05,Dominican Republic,North America,2940,586099,0,4377
2022-06-12,Dominican Republic,North America,4665,590764,3,4380
2022-06-19,Dominican Republic,North America,5918,596682,2,4382
2022-06-26,Dominican Republic,North America,5672,602354,1,4383
2022-07-03,Dominican Republic,North America,7036,609390,0,4383
2022-07-10,Dominican Republic,North America,8263,617653,0,4383
2022-07-17,Dominican Republic,North America,4283,621936,0,4383
2022-07-24,Dominican Republic,North America,4094,626030,0,4383
2022-07-31,Dominican Republic,North America,2695,628725,0,4383
2022-08-07,Dominican Republic,North America,3930,632655,1,4384
2022-08-14,Dominican Republic,North America,2211,634866,0,4384
2022-08-21,Dominican Republic,North America,1550,636416,0,4384
2022-08-28,Dominican Republic,North America,1670,638086,0,4384
2022-09-04,Dominican Republic,North America,1978,640064,0,4384
2022-09-11,Dominican Republic,North America,1899,641963,0,4384
2022-09-18,Dominican Republic,North America,2053,644016,0,4384
2022-09-25,Dominican Republic,North America,1353,645369,0,4384
2022-10-02,Dominican Republic,North America,974,646343,0,4384
2022-10-09,Dominican Republic,North America,541,646884,0,4384
2022-10-16,Dominican Republic,North America,321,647205,0,4384
2022-10-23,Dominican Republic,North America,161,647366,0,4384
2022-10-30,Dominican Republic,North America,189,647555,0,4384
2022-11-06,Dominican Republic,North America,139,647694,0,4384
2022-11-13,Dominican Republic,North America,222,647916,0,4384
2022-11-20,Dominican Republic,North America,490,648406,0,4384
2022-11-27,Dominican Republic,North America,1278,649684,0,4384
2022-12-04,Dominican Republic,North America,1783,651467,0,4384
2022-12-11,Dominican Republic,North America,2494,653961,0,4384
2022-12-18,Dominican Republic,North America,2845,656806,0,4384
2022-12-25,Dominican Republic,North America,1781,658587,0,4384
2023-01-01,Dominican Republic,North America,589,659176,0,4384
2023-01-08,Dominican Republic,North America,342,659518,0,4384
2023-01-15,Dominican Republic,North America,215,659733,0,4384
2023-01-22,Dominican Republic,North America,229,659962,0,4384
2023-01-29,Dominican Republic,North America,225,660187,0,4384
2023-02-05,Dominican Republic,North America,173,660360,0,4384
2023-02-12,Dominican Republic,North America,108,660468,0,4384
2023-02-19,Dominican Republic,North America,157,660625,0,4384
2023-02-26,Dominican Republic,North America,132,660757,0,4384
2023-03-05,Dominican Republic,North America,65,660822,0,4384
2023-03-12,Dominican Republic,North America,54,660876,0,4384
2023-03-19,Dominican Republic,North America,39,660915,0,4384
2023-03-26,Dominican Republic,North America,22,660937,0,4384
2023-04-02,Dominican Republic,North America,0,660937,0,4384
2023-04-09,Dominican Republic,North America,0,660937,0,4384
2023-04-16,Dominican Republic,North America,24,660961,0,4384
2023-04-23,Dominican Republic,North America,47,661008,0,4384
2023-04-30,Dominican Republic,North America,37,661045,0,4384
2023-05-07,Dominican Republic,North America,58,661103,0,4384
2023-05-14,Dominican Republic,North America,0,661103,0,4384
2023-05-21,Dominican Republic,North America,0,661103,0,4384
2023-05-28,Dominican Republic,North America,0,661103,0,4384
2023-06-04,Dominican Republic,North America,0,661103,0,4384
2023-06-11,Dominican Republic,North America,0,661103,0,4384
2023-06-18,Dominican Republic,North America,0,661103,0,4384
2023-06-25,Dominican Republic,North America,0,661103,0,4384
2023-07-02,Dominican Republic,North America,0,661103,0,4384
2023-07-09,Dominican Republic,North America,0,661103,0,4384
2023-07-16,Dominican Republic,North America,0,661103,0,4384
2023-07-23,Dominican Republic,North America,0,661103,0,4384
2023-07-30,Dominican Republic,North America,0,661103,0,4384
2023-08-06,Dominican Republic,North America,0,661103,0,4384
2023-08-13,Dominican Republic,North America,0,661103,0,4384
2023-08-20,Dominican Republic,North America,0,661103,0,4384
2023-08-27,Dominican Republic,North America,0,661103,0,4384
2023-09-03,Dominican Republic,North America,0,661103,0,4384
2023-09-10,Dominican Republic,North America,0,661103,0,4384
2023-09-17,Dominican Republic,North America,0,661103,0,4384
2023-09-24,Dominican Republic,North America,0,661103,0,4384
2023-10-01,Dominican Republic,North America,0,661103,0,4384
2023-10-08,Dominican Republic,North America,0,661103,0,4384
2023-10-15,Dominican Republic,North America,0,661103,0,4384
2023-10-22,Dominican Republic,North America,0,661103,0,4384
2023-10-29,Dominican Republic,North America,0,661103,0,4384
2023-11-05,Dominican Republic,North America,0,661103,0,4384
2023-11-12,Dominican Republic,North America,0,661103,0,4384
2023-11-19,Dominican Republic,North America,0,661103,0,4384
2023-11-26,Dominican Republic,North America,0,661103,0,4384
2023-12-03,Dominican Republic,North America,0,661103,0,4384
2023-12-10,Dominican Republic,North America,0,661103,0,4384
2023-12-17,Dominican Republic,North America,0,661103,0,4384
2023-12-24,Dominican Republic,North America,0,661103,0,4384
2023-12-31,Dominican Republic,North America,0,661103,0,4384
2024-01-07,Dominican Republic,North America,0,661103,0,4384
2024-01-14,Dominican Republic,North America,0,661103,0,4384
2024-01-21,Dominican Republic,North America,0,661103,0,4384
2024-01-28,Dominican Republic,North America,0,661103,0,4384
2024-02-04,Dominican Republic,North America,0,661103,0,4384
2024-02-11,Dominican Republic,North America,0,661103,0,4384
2024-02-18,Dominican Republic,North America,0,661103,0,4384
2024-02-25,Dominican Republic,North America,0,661103,0,4384
2024-03-03,Dominican Republic,North America,0,661103,0,4384
2024-03-10,Dominican Republic,North America,0,661103,0,4384
2024-03-17,Dominican Republic,North America,0,661103,0,4384
2024-03-24,Dominican Republic,North America,0,661103,0,4384
2024-03-31,Dominican Republic,North America,0,661103,0,4384
2024-04-07,Dominican Republic,North America,0,661103,0,4384
2024-04-14,Dominican Republic,North America,0,661103,0,4384
2024-04-21,Dominican Republic,North America,0,661103,0,4384
2024-04-28,Dominican Republic,North America,0,661103,0,4384
2024-05-05,Dominican Republic,North America,0,661103,0,4384
2024-05-12,Dominican Republic,North America,0,661103,0,4384
2024-05-19,Dominican Republic,North America,0,661103,0,4384
2024-05-26,Dominican Republic,North America,0,661103,0,4384
2024-06-02,Dominican Republic,North America,0,661103,0,4384
2024-06-09,Dominican Republic,North America,0,661103,0,4384
2024-06-16,Dominican Republic,North America,0,661103,0,4384
2024-06-23,Dominican Republic,North America,0,661103,0,4384
2024-06-30,Dominican Republic,North America,0,661103,0,4384
2024-07-07,Dominican Republic,North America,0,661103,0,4384
2024-07-14,Dominican Republic,North America,0,661103,0,4384
2024-07-21,Dominican Republic,North America,0,661103,0,4384
2024-07-28,Dominican Republic,North America,0,661103,0,4384
2024-08-04,Dominican Republic,North America,0,661103,0,4384
2024-08-11,Dominican Republic,North America,0,661103,0,4384
2024-08-18,Dominican Republic,North America,0,661103,0,4384
2024-08-25,Dominican Republic,North America,0,661103,0,4384
2024-09-01,Dominican Republic,North America,0,661103,0,4384
2020-01-05,Ecuador,South America,0,0,0,0
2020-01-12,Ecuador,South America,0,0,0,0
2020-01-19,Ecuador,South America,0,0,0,0
2020-01-26,Ecuador,South America,0,0,0,0
2020-02-02,Ecuador,South America,0,0,0,0
2020-02-09,Ecuador,South America,0,0,0,0
2020-02-16,Ecuador,South America,0,0,0,0
2020-02-23,Ecuador,South America,0,0,0,0
2020-03-01,Ecuador,South America,0,0,0,0
2020-03-08,Ecuador,South America,13,13,0,0
2020-03-15,Ecuador,South America,10,23,0,0
2020-03-22,Ecuador,South America,483,506,7,7
2020-03-29,Ecuador,South America,1317,1823,41,48
2020-04-05,Ecuador,South America,1642,3465,124,172
2020-04-12,Ecuador,South America,3792,7257,143,315
2020-04-19,Ecuador,South America,1765,9022,141,456
2020-04-26,Ecuador,South America,13697,22719,120,576
2020-05-03,Ecuador,South America,4745,27464,795,1371
2020-05-10,Ecuador,South America,1607,29071,346,1717
2020-05-17,Ecuador,South America,2396,31467,877,2594
2020-05-24,Ecuador,South America,4791,36258,502,3096
2020-05-31,Ecuador,South America,2585,38843,250,3346
2020-06-07,Ecuador,South America,3885,42728,262,3608
2020-06-14,Ecuador,South America,3628,46356,266,3874
2020-06-21,Ecuador,South America,3827,50183,325,4199
2020-06-28,Ecuador,South America,4391,54574,225,4424
2020-07-05,Ecuador,South America,6961,61535,345,4769
2020-07-12,Ecuador,South America,5674,67209,262,5031
2020-07-19,Ecuador,South America,6173,73382,251,5282
2020-07-26,Ecuador,South America,6654,80036,225,5507
2020-08-02,Ecuador,South America,6196,86232,229,5736
2020-08-09,Ecuador,South America,7340,93572,180,5916
2020-08-16,Ecuador,South America,7116,100688,149,6065
2020-08-23,Ecuador,South America,6401,107089,212,6277
2020-08-30,Ecuador,South America,5817,112906,260,6537
2020-09-06,Ecuador,South America,5139,118045,187,6724
2020-09-13,Ecuador,South America,-1594,116451,4140,10864
2020-09-20,Ecuador,South America,9169,125620,225,11089
2020-09-27,Ecuador,South America,8361,133981,184,11273
2020-10-04,Ecuador,South America,6370,140351,324,11597
2020-10-11,Ecuador,South America,6477,146828,591,12188
2020-10-18,Ecuador,South America,5594,152422,187,12375
2020-10-25,Ecuador,South America,7192,159614,167,12542
2020-11-01,Ecuador,South America,8578,168192,128,12670
2020-11-08,Ecuador,South America,5294,173486,145,12815
2020-11-15,Ecuador,South America,6141,179627,182,12997
2020-11-22,Ecuador,South America,5249,184876,142,13139
2020-11-29,Ecuador,South America,6033,190909,232,13371
2020-12-06,Ecuador,South America,6482,197391,385,13756
2020-12-13,Ecuador,South America,4133,201524,118,13874
2020-12-20,Ecuador,South America,4396,205920,74,13948
2020-12-27,Ecuador,South America,3354,209274,42,13990
2021-01-03,Ecuador,South America,5239,214513,69,14059
2021-01-10,Ecuador,South America,5836,220349,118,14177
2021-01-17,Ecuador,South America,10459,230808,139,14316
2021-01-24,Ecuador,South America,7424,238232,280,14596
2021-01-31,Ecuador,South America,11547,249779,255,14851
2021-02-07,Ecuador,South America,7336,257115,153,15004
2021-02-14,Ecuador,South America,8412,265527,265,15269
2021-02-21,Ecuador,South America,7570,273097,244,15513
2021-02-28,Ecuador,South America,9502,282599,200,15713
2021-03-07,Ecuador,South America,10344,292943,307,16020
2021-03-14,Ecuador,South America,7723,300666,195,16215
2021-03-21,Ecuador,South America,10202,310868,220,16435
2021-03-28,Ecuador,South America,11831,322699,244,16679
2021-04-04,Ecuador,South America,10476,333175,250,16929
2021-04-11,Ecuador,South America,11702,344877,346,17275
2021-04-18,Ecuador,South America,13280,358157,366,17641
2021-04-25,Ecuador,South America,14597,372754,517,18158
2021-05-02,Ecuador,South America,11835,384589,566,18724
2021-05-09,Ecuador,South America,14332,398921,413,19137
2021-05-16,Ecuador,South America,10599,409520,555,19692
2021-05-23,Ecuador,South America,8320,417840,488,20180
2021-05-30,Ecuador,South America,6901,424741,305,20485
2021-06-06,Ecuador,South America,6688,431429,288,20773
2021-06-13,Ecuador,South America,6679,438108,245,21018
2021-06-20,Ecuador,South America,7478,445586,266,21284
2021-06-27,Ecuador,South America,7776,453362,201,21485
2021-07-04,Ecuador,South America,8780,462142,175,21660
2021-07-11,Ecuador,South America,5834,467976,154,21814
2021-07-18,Ecuador,South America,7239,475215,119,21933
2021-07-25,Ecuador,South America,5505,480720,8864,30797
2021-08-01,Ecuador,South America,6652,487372,834,31631
2021-08-08,Ecuador,South America,4459,491831,157,31788
2021-08-15,Ecuador,South America,2988,494819,166,31954
2021-08-22,Ecuador,South America,3795,498614,131,32085
2021-08-29,Ecuador,South America,2435,501049,138,32223
2021-09-05,Ecuador,South America,2465,503514,111,32334
2021-09-12,Ecuador,South America,1561,505075,31,32365
2021-09-19,Ecuador,South America,1464,506539,269,32634
2021-09-26,Ecuador,South America,1533,508072,98,32732
2021-10-03,Ecuador,South America,2547,510619,59,32791
2021-10-10,Ecuador,South America,1279,511898,56,32847
2021-10-17,Ecuador,South America,1404,513302,79,32926
2021-10-24,Ecuador,South America,2009,515311,22,32948
2021-10-31,Ecuador,South America,1620,516931,30,32978
2021-11-07,Ecuador,South America,2044,518975,10,32988
2021-11-14,Ecuador,South America,2304,521279,82,33070
2021-11-21,Ecuador,South America,2568,523847,51,33121
2021-11-28,Ecuador,South America,2290,526137,64,33185
2021-12-05,Ecuador,South America,2453,528590,262,33447
2021-12-12,Ecuador,South America,3840,532430,101,33548
2021-12-19,Ecuador,South America,3699,536129,45,33593
2021-12-26,Ecuador,South America,5239,541368,54,33647
2022-01-02,Ecuador,South America,8050,549418,34,33681
2022-01-09,Ecuador,South America,11867,561285,21,33702
2022-01-16,Ecuador,South America,41657,602942,504,34206
2022-01-23,Ecuador,South America,61722,664664,81,34287
2022-01-30,Ecuador,South America,52421,717085,202,34489
2022-02-06,Ecuador,South America,44236,761321,227,34716
2022-02-13,Ecuador,South America,32499,793820,290,35006
2022-02-20,Ecuador,South America,21752,815572,137,35143
2022-02-27,Ecuador,South America,14240,829812,93,35236
2022-03-06,Ecuador,South America,8708,838520,72,35308
2022-03-13,Ecuador,South America,9950,848470,32,35340
2022-03-20,Ecuador,South America,4941,853411,53,35393
2022-03-27,Ecuador,South America,3888,857299,25,35418
2022-04-03,Ecuador,South America,4454,861753,26,35444
2022-04-10,Ecuador,South America,2324,864077,23,35467
2022-04-17,Ecuador,South America,2643,866720,60,35527
2022-04-24,Ecuador,South America,1333,868053,54,35581
2022-05-01,Ecuador,South America,1396,869449,13,35594
2022-05-08,Ecuador,South America,1340,870789,5,35599
2022-05-15,Ecuador,South America,1210,871999,7,35606
2022-05-22,Ecuador,South America,1610,873609,7,35613
2022-05-29,Ecuador,South America,2400,876009,9,35622
2022-06-05,Ecuador,South America,7215,883224,27,35649
2022-06-12,Ecuador,South America,5224,888448,7,35656
2022-06-19,Ecuador,South America,6610,895058,28,35684
2022-06-26,Ecuador,South America,8004,903062,26,35710
2022-07-03,Ecuador,South America,8120,911182,31,35741
2022-07-10,Ecuador,South America,7297,918479,8,35749
2022-07-17,Ecuador,South America,11636,930115,20,35769
2022-07-24,Ecuador,South America,16372,946487,17,35786
2022-07-31,Ecuador,South America,17181,963668,15,35801
2022-08-07,Ecuador,South America,15634,979302,10,35811
2022-08-14,Ecuador,South America,3624,982926,0,35811
2022-08-21,Ecuador,South America,4644,987570,1,35812
2022-08-28,Ecuador,South America,6288,993858,18,35830
2022-09-04,Ecuador,South America,2927,996785,30,35860
2022-09-11,Ecuador,South America,1417,998202,16,35876
2022-09-18,Ecuador,South America,2996,1001198,9,35885
2022-09-25,Ecuador,South America,1852,1003050,5,35890
2022-10-02,Ecuador,South America,1665,1004715,1,35891
2022-10-09,Ecuador,South America,1543,1006258,1,35892
2022-10-16,Ecuador,South America,664,1006922,2,35894
2022-10-23,Ecuador,South America,631,1007553,3,35897
2022-10-30,Ecuador,South America,482,1008035,1,35898
2022-11-06,Ecuador,South America,910,1008945,2,35900
2022-11-13,Ecuador,South America,760,1009705,1,35901
2022-11-20,Ecuador,South America,2179,1011884,3,35904
2022-11-27,Ecuador,South America,2607,1014491,1,35905
2022-12-04,Ecuador,South America,3688,1018179,2,35907
2022-12-11,Ecuador,South America,9243,1027422,12,35919
2022-12-18,Ecuador,South America,7818,1035240,10,35929
2022-12-25,Ecuador,South America,5223,1040463,5,35934
2023-01-01,Ecuador,South America,4286,1044749,14,35948
2023-01-08,Ecuador,South America,2723,1047472,22,35970
2023-01-15,Ecuador,South America,3410,1050882,21,35991
2023-01-22,Ecuador,South America,2723,1053605,7,35998
2023-01-29,Ecuador,South America,1419,1055024,7,36005
2023-02-05,Ecuador,South America,898,1055922,1,36006
2023-02-12,Ecuador,South America,530,1056452,4,36010
2023-02-19,Ecuador,South America,385,1056837,3,36013
2023-02-26,Ecuador,South America,284,1057121,1,36014
2023-03-05,Ecuador,South America,487,1057608,1,36015
2023-03-12,Ecuador,South America,396,1058004,1,36016
2023-03-19,Ecuador,South America,487,1058491,1,36017
2023-03-26,Ecuador,South America,518,1059009,0,36017
2023-04-02,Ecuador,South America,520,1059529,0,36017
2023-04-09,Ecuador,South America,0,1059529,0,36017
2023-04-16,Ecuador,South America,998,1060527,1,36018
2023-04-23,Ecuador,South America,573,1061100,1,36019
2023-04-30,Ecuador,South America,666,1061766,0,36019
2023-05-07,Ecuador,South America,0,1061766,0,36019
2023-05-14,Ecuador,South America,509,1062275,0,36019
2023-05-21,Ecuador,South America,0,1062275,0,36019
2023-05-28,Ecuador,South America,0,1062275,0,36019
2023-06-04,Ecuador,South America,0,1062275,0,36019
2023-06-11,Ecuador,South America,0,1062275,0,36019
2023-06-18,Ecuador,South America,0,1062275,0,36019
2023-06-25,Ecuador,South America,0,1062275,0,36019
2023-07-02,Ecuador,South America,0,1062275,0,36019
2023-07-09,Ecuador,South America,0,1062275,0,36019
2023-07-16,Ecuador,South America,0,1062275,0,36019
2023-07-23,Ecuador,South America,0,1062275,0,36019
2023-07-30,Ecuador,South America,0,1062275,0,36019
2023-08-06,Ecuador,South America,0,1062275,0,36019
2023-08-13,Ecuador,South America,0,1062275,0,36019
2023-08-20,Ecuador,South America,0,1062275,0,36019
2023-08-27,Ecuador,South America,0,1062275,0,36019
2023-09-03,Ecuador,South America,0,1062275,0,36019
2023-09-10,Ecuador,South America,0,1062275,0,36019
2023-09-17,Ecuador,South America,0,1062275,0,36019
2023-09-24,Ecuador,South America,0,1062275,0,36019
2023-10-01,Ecuador,South America,0,1062275,0,36019
2023-10-08,Ecuador,South America,0,1062275,0,36019
2023-10-15,Ecuador,South America,188,1062463,0,36019
2023-10-22,Ecuador,South America,122,1062585,0,36019
2023-10-29,Ecuador,South America,171,1062756,0,36019
2023-11-05,Ecuador,South America,140,1062896,0,36019
2023-11-12,Ecuador,South America,209,1063105,1,36020
2023-11-19,Ecuador,South America,357,1063462,0,36020
2023-11-26,Ecuador,South America,495,1063957,1,36021
2023-12-03,Ecuador,South America,1027,1064984,1,36022
2023-12-10,Ecuador,South America,918,1065902,1,36023
2023-12-17,Ecuador,South America,808,1066710,1,36024
2023-12-24,Ecuador,South America,932,1067642,0,36024
2023-12-31,Ecuador,South America,757,1068399,0,36024
2024-01-07,Ecuador,South America,734,1069133,3,36027
2024-01-14,Ecuador,South America,1055,1070188,6,36033
2024-01-21,Ecuador,South America,859,1071047,1,36034
2024-01-28,Ecuador,South America,583,1071630,5,36039
2024-02-04,Ecuador,South America,551,1072181,0,36039
2024-02-11,Ecuador,South America,473,1072654,1,36040
2024-02-18,Ecuador,South America,415,1073069,3,36043
2024-02-25,Ecuador,South America,512,1073581,0,36043
2024-03-03,Ecuador,South America,581,1074162,0,36043
2024-03-10,Ecuador,South America,494,1074656,1,36044
2024-03-17,Ecuador,South America,409,1075065,1,36045
2024-03-24,Ecuador,South America,381,1075446,1,36046
2024-03-31,Ecuador,South America,233,1075679,1,36047
2024-04-07,Ecuador,South America,185,1075864,1,36048
2024-04-14,Ecuador,South America,89,1075953,0,36048
2024-04-21,Ecuador,South America,78,1076031,0,36048
2024-04-28,Ecuador,South America,21,1076052,0,36048
2024-05-05,Ecuador,South America,35,1076087,1,36049
2024-05-12,Ecuador,South America,52,1076139,0,36049
2024-05-19,Ecuador,South America,55,1076194,0,36049
2024-05-26,Ecuador,South America,71,1076265,0,36049
2024-06-02,Ecuador,South America,62,1076327,0,36049
2024-06-09,Ecuador,South America,103,1076430,0,36049
2024-06-16,Ecuador,South America,115,1076545,1,36050
2024-06-23,Ecuador,South America,109,1076654,0,36050
2024-06-30,Ecuador,South America,128,1076782,0,36050
2024-07-07,Ecuador,South America,101,1076883,0,36050
2024-07-14,Ecuador,South America,82,1076965,0,36050
2024-07-21,Ecuador,South America,157,1077122,0,36050
2024-07-28,Ecuador,South America,166,1077288,0,36050
2024-08-04,Ecuador,South America,451,1077739,1,36051
2024-08-11,Ecuador,South America,89,1077828,1,36052
2024-08-18,Ecuador,South America,213,1078041,0,36052
2024-08-25,Ecuador,South America,215,1078256,0,36052
2024-09-01,Ecuador,South America,154,1078410,0,36052
2020-01-05,Egypt,Africa,0,0,0,0
2020-01-12,Egypt,Africa,0,0,0,0
2020-01-19,Egypt,Africa,0,0,0,0
2020-01-26,Egypt,Africa,0,0,0,0
2020-02-02,Egypt,Africa,0,0,0,0
2020-02-09,Egypt,Africa,0,0,0,0
2020-02-16,Egypt,Africa,1,1,0,0
2020-02-23,Egypt,Africa,0,1,0,0
2020-03-01,Egypt,Africa,0,1,0,0
2020-03-08,Egypt,Africa,47,48,0,0
2020-03-15,Egypt,Africa,62,110,2,2
2020-03-22,Egypt,Africa,184,294,8,10
2020-03-29,Egypt,Africa,282,576,26,36
2020-04-05,Egypt,Africa,494,1070,35,71
2020-04-12,Egypt,Africa,869,1939,75,146
2020-04-19,Egypt,Africa,1093,3032,78,224
2020-04-26,Egypt,Africa,1287,4319,83,307
2020-05-03,Egypt,Africa,1874,6193,108,415
2020-05-10,Egypt,Africa,2771,8964,99,514
2020-05-17,Egypt,Africa,2755,11719,98,612
2020-05-24,Egypt,Africa,4794,16513,123,735
2020-05-31,Egypt,Africa,6936,23449,178,913
2020-06-07,Egypt,Africa,9163,32612,285,1198
2020-06-14,Egypt,Africa,10368,42980,286,1484
2020-06-21,Egypt,Africa,10778,53758,622,2106
2020-06-28,Egypt,Africa,10165,63923,602,2708
2020-07-05,Egypt,Africa,10112,74035,572,3280
2020-07-12,Egypt,Africa,7123,81158,489,3769
2020-07-19,Egypt,Africa,6014,87172,482,4251
2020-07-26,Egypt,Africa,4411,91583,307,4558
2020-08-02,Egypt,Africa,2733,94316,276,4834
2020-08-09,Egypt,Africa,998,95314,158,4992
2020-08-16,Egypt,Africa,1022,96336,149,5141
2020-08-23,Egypt,Africa,901,97237,102,5243
2020-08-30,Egypt,Africa,1260,98497,133,5376
2020-09-06,Egypt,Africa,1215,99712,135,5511
2020-09-13,Egypt,Africa,1144,100856,116,5627
2020-09-20,Egypt,Africa,1044,101900,123,5750
2020-09-27,Egypt,Africa,836,102736,119,5869
2020-10-04,Egypt,Africa,839,103575,101,5970
2020-10-11,Egypt,Africa,812,104387,70,6040
2020-10-18,Egypt,Africa,910,105297,69,6109
2020-10-25,Egypt,Africa,1100,106397,78,6187
2020-11-01,Egypt,Africa,1158,107555,79,6266
2020-11-08,Egypt,Africa,1407,108962,89,6355
2020-11-15,Egypt,Africa,1585,110547,87,6442
2020-11-22,Egypt,Africa,2129,112676,93,6535
2020-11-29,Egypt,Africa,2507,115183,86,6621
2020-12-06,Egypt,Africa,2831,118014,129,6750
2020-12-13,Egypt,Africa,3075,121089,148,6898
2020-12-20,Egypt,Africa,3802,124891,171,7069
2020-12-27,Egypt,Africa,6424,131315,283,7352
2021-01-03,Egypt,Africa,9563,140878,389,7741
2021-01-10,Egypt,Africa,7921,148799,401,8142
2021-01-17,Egypt,Africa,6708,155507,385,8527
2021-01-24,Egypt,Africa,5636,161143,375,8902
2021-01-31,Egypt,Africa,4275,165418,361,9263
2021-02-07,Egypt,Africa,3688,169106,341,9604
2021-02-14,Egypt,Africa,4096,173202,331,9935
2021-02-21,Egypt,Africa,4341,177543,363,10298
2021-02-28,Egypt,Africa,4286,181829,341,10639
2021-03-07,Egypt,Africa,4093,185922,315,10954
2021-03-14,Egypt,Africa,4358,190280,302,11256
2021-03-21,Egypt,Africa,4491,194771,301,11557
2021-03-28,Egypt,Africa,4593,199364,288,11845
2021-04-04,Egypt,Africa,4892,204256,278,12123
2021-04-11,Egypt,Africa,5421,209677,282,12405
2021-04-18,Egypt,Africa,5807,215484,289,12694
2021-04-25,Egypt,Africa,6086,221570,304,12998
2021-05-02,Egypt,Africa,7014,228584,404,13402
2021-05-09,Egypt,Africa,7688,236272,443,13845
2021-05-16,Egypt,Africa,8248,244520,424,14269
2021-05-23,Egypt,Africa,8170,252690,401,14670
2021-05-30,Egypt,Africa,7969,260659,331,15001
2021-06-06,Egypt,Africa,6512,267171,308,15309
2021-06-13,Egypt,Africa,5320,272491,273,15582
2021-06-20,Egypt,Africa,4265,276756,247,15829
2021-06-27,Egypt,Africa,3249,280005,233,16062
2021-07-04,Egypt,Africa,1898,281903,180,16242
2021-07-11,Egypt,Africa,1082,282985,141,16383
2021-07-18,Egypt,Africa,651,283636,56,16439
2021-07-25,Egypt,Africa,349,283985,42,16481
2021-08-01,Egypt,Africa,277,284262,43,16524
2021-08-08,Egypt,Africa,379,284641,42,16566
2021-08-15,Egypt,Africa,616,285257,49,16615
2021-08-22,Egypt,Africa,911,286168,48,16663
2021-08-29,Egypt,Africa,1476,287644,51,16714
2021-09-05,Egypt,Africa,2040,289684,62,16776
2021-09-12,Egypt,Africa,2792,292476,84,16860
2021-09-19,Egypt,Africa,3800,296276,91,16951
2021-09-26,Egypt,Africa,4669,300945,198,17149
2021-10-03,Egypt,Africa,5085,306030,250,17399
2021-10-10,Egypt,Africa,5546,311576,259,17658
2021-10-17,Egypt,Africa,6009,317585,268,17926
2021-10-24,Egypt,Africa,6148,323733,316,18242
2021-10-31,Egypt,Africa,6351,330084,350,18592
2021-11-07,Egypt,Africa,6498,336582,419,19011
2021-11-14,Egypt,Africa,6444,343026,424,19435
2021-11-21,Egypt,Africa,6487,349513,437,19872
2021-11-28,Egypt,Africa,6254,355767,433,20305
2021-12-05,Egypt,Africa,6493,362260,377,20682
2021-12-12,Egypt,Africa,6075,368335,333,21015
2021-12-19,Egypt,Africa,6076,374411,300,21315
2021-12-26,Egypt,Africa,6109,380520,256,21571
2022-01-02,Egypt,Africa,5838,386358,197,21768
2022-01-09,Egypt,Africa,5587,391945,170,21938
2022-01-16,Egypt,Africa,6934,398879,185,22123
2022-01-23,Egypt,Africa,9616,408495,207,22330
2022-01-30,Egypt,Africa,12983,421478,236,22566
2022-02-06,Egypt,Africa,15872,437350,311,22877
2022-02-13,Egypt,Africa,15471,452821,415,23292
2022-02-20,Egypt,Africa,14627,467448,402,23694
2022-02-27,Egypt,Africa,13279,480727,298,23992
2022-03-06,Egypt,Africa,9149,489876,180,24172
2022-03-13,Egypt,Africa,5497,495373,105,24277
2022-03-20,Egypt,Africa,5516,500889,84,24361
2022-03-27,Egypt,Africa,4375,505264,56,24417
2022-04-03,Egypt,Africa,3913,509177,56,24473
2022-04-10,Egypt,Africa,2800,511977,49,24522
2022-04-17,Egypt,Africa,868,512845,42,24564
2022-04-24,Egypt,Africa,623,513468,42,24606
2022-05-01,Egypt,Africa,322,513790,35,24641
2022-05-08,Egypt,Africa,56,513846,28,24669
2022-05-15,Egypt,Africa,35,513881,21,24690
2022-05-22,Egypt,Africa,35,513916,14,24704
2022-05-29,Egypt,Africa,28,513944,14,24718
2022-06-05,Egypt,Africa,31,513975,1,24719
2022-06-12,Egypt,Africa,33,514008,1,24720
2022-06-19,Egypt,Africa,39,514047,2,24722
2022-06-26,Egypt,Africa,41,514088,1,24723
2022-07-03,Egypt,Africa,45,514133,1,24724
2022-07-10,Egypt,Africa,49,514182,1,24725
2022-07-17,Egypt,Africa,231,514413,25,24750
2022-07-24,Egypt,Africa,246,514659,15,24765
2022-07-31,Egypt,Africa,232,514891,10,24775
2022-08-07,Egypt,Africa,191,515082,6,24781
2022-08-14,Egypt,Africa,116,515198,5,24786
2022-08-21,Egypt,Africa,66,515264,5,24791
2022-08-28,Egypt,Africa,44,515308,3,24794
2022-09-04,Egypt,Africa,27,515335,2,24796
2022-09-11,Egypt,Africa,13,515348,0,24796
2022-09-18,Egypt,Africa,13,515361,1,24797
2022-09-25,Egypt,Africa,10,515371,0,24797
2022-10-02,Egypt,Africa,10,515381,0,24797
2022-10-09,Egypt,Africa,7,515388,0,24797
2022-10-16,Egypt,Africa,9,515397,1,24798
2022-10-23,Egypt,Africa,4,515401,0,24798
2022-10-30,Egypt,Africa,5,515406,0,24798
2022-11-06,Egypt,Africa,6,515412,0,24798
2022-11-13,Egypt,Africa,8,515420,0,24798
2022-11-20,Egypt,Africa,11,515431,0,24798
2022-11-27,Egypt,Africa,11,515442,0,24798
2022-12-04,Egypt,Africa,14,515456,1,24799
2022-12-11,Egypt,Africa,19,515475,1,24800
2022-12-18,Egypt,Africa,18,515493,1,24801
2022-12-25,Egypt,Africa,21,515514,1,24802
2023-01-01,Egypt,Africa,19,515533,0,24802
2023-01-08,Egypt,Africa,23,515556,1,24803
2023-01-15,Egypt,Africa,24,515580,2,24805
2023-01-22,Egypt,Africa,29,515609,0,24805
2023-01-29,Egypt,Africa,26,515635,1,24806
2023-02-05,Egypt,Africa,31,515666,1,24807
2023-02-12,Egypt,Africa,32,515698,2,24809
2023-02-19,Egypt,Africa,31,515729,1,24810
2023-02-26,Egypt,Africa,30,515759,2,24812
2023-03-05,Egypt,Africa,33,515792,3,24815
2023-03-12,Egypt,Africa,31,515823,2,24817
2023-03-19,Egypt,Africa,29,515852,2,24819
2023-03-26,Egypt,Africa,30,515882,2,24821
2023-04-02,Egypt,Africa,31,515913,2,24823
2023-04-09,Egypt,Africa,29,515942,1,24824
2023-04-16,Egypt,Africa,28,515970,2,24826
2023-04-23,Egypt,Africa,26,515996,2,24828
2023-04-30,Egypt,Africa,27,516023,2,24830
2023-05-07,Egypt,Africa,0,516023,0,24830
2023-05-14,Egypt,Africa,0,516023,0,24830
2023-05-21,Egypt,Africa,0,516023,0,24830
2023-05-28,Egypt,Africa,0,516023,0,24830
2023-06-04,Egypt,Africa,0,516023,0,24830
2023-06-11,Egypt,Africa,0,516023,0,24830
2023-06-18,Egypt,Africa,0,516023,0,24830
2023-06-25,Egypt,Africa,0,516023,0,24830
2023-07-02,Egypt,Africa,0,516023,0,24830
2023-07-09,Egypt,Africa,0,516023,0,24830
2023-07-16,Egypt,Africa,0,516023,0,24830
2023-07-23,Egypt,Africa,0,516023,0,24830
2023-07-30,Egypt,Africa,0,516023,0,24830
2023-08-06,Egypt,Africa,0,516023,0,24830
2023-08-13,Egypt,Africa,0,516023,0,24830
2023-08-20,Egypt,Africa,0,516023,0,24830
2023-08-27,Egypt,Africa,0,516023,0,24830
2023-09-03,Egypt,Africa,0,516023,0,24830
2023-09-10,Egypt,Africa,0,516023,0,24830
2023-09-17,Egypt,Africa,0,516023,0,24830
2023-09-24,Egypt,Africa,0,516023,0,24830
2023-10-01,Egypt,Africa,0,516023,0,24830
2023-10-08,Egypt,Africa,0,516023,0,24830
2023-10-15,Egypt,Africa,0,516023,0,24830
2023-10-22,Egypt,Africa,0,516023,0,24830
2023-10-29,Egypt,Africa,0,516023,0,24830
2023-11-05,Egypt,Africa,0,516023,0,24830
2023-11-12,Egypt,Africa,0,516023,0,24830
2023-11-19,Egypt,Africa,0,516023,0,24830
2023-11-26,Egypt,Africa,0,516023,0,24830
2023-12-03,Egypt,Africa,0,516023,0,24830
2023-12-10,Egypt,Africa,0,516023,0,24830
2023-12-17,Egypt,Africa,0,516023,0,24830
2023-12-24,Egypt,Africa,0,516023,0,24830
2023-12-31,Egypt,Africa,0,516023,0,24830
2024-01-07,Egypt,Africa,0,516023,0,24830
2024-01-14,Egypt,Africa,0,516023,0,24830
2024-01-21,Egypt,Africa,0,516023,0,24830
2024-01-28,Egypt,Africa,0,516023,0,24830
2024-02-04,Egypt,Africa,0,516023,0,24830
2024-02-11,Egypt,Africa,0,516023,0,24830
2024-02-18,Egypt,Africa,0,516023,0,24830
2024-02-25,Egypt,Africa,0,516023,0,24830
2024-03-03,Egypt,Africa,0,516023,0,24830
2024-03-10,Egypt,Africa,0,516023,0,24830
2024-03-17,Egypt,Africa,0,516023,0,24830
2024-03-24,Egypt,Africa,0,516023,0,24830
2024-03-31,Egypt,Africa,0,516023,0,24830
2024-04-07,Egypt,Africa,0,516023,0,24830
2024-04-14,Egypt,Africa,0,516023,0,24830
2024-04-21,Egypt,Africa,0,516023,0,24830
2024-04-28,Egypt,Africa,0,516023,0,24830
2024-05-05,Egypt,Africa,0,516023,0,24830
2024-05-12,Egypt,Africa,0,516023,0,24830
2024-05-19,Egypt,Africa,0,516023,0,24830
2024-05-26,Egypt,Africa,0,516023,0,24830
2024-06-02,Egypt,Africa,0,516023,0,24830
2024-06-09,Egypt,Africa,0,516023,0,24830
2024-06-16,Egypt,Africa,0,516023,0,24830
2024-06-23,Egypt,Africa,0,516023,0,24830
2024-06-30,Egypt,Africa,0,516023,0,24830
2024-07-07,Egypt,Africa,0,516023,0,24830
2024-07-14,Egypt,Africa,0,516023,0,24830
2024-07-21,Egypt,Africa,0,516023,0,24830
2024-07-28,Egypt,Africa,0,516023,0,24830
2024-08-04,Egypt,Africa,0,516023,0,24830
2024-08-11,Egypt,Africa,0,516023,0,24830
2024-08-18,Egypt,Africa,0,516023,0,24830
2024-08-25,Egypt,Africa,0,516023,0,24830
2024-09-01,Egypt,Africa,0,516023,0,24830
2020-01-05,El Salvador,North America,0,0,0,0
2020-01-12,El Salvador,North America,0,0,0,0
2020-01-19,El Salvador,North America,0,0,0,0
2020-01-26,El Salvador,North America,0,0,0,0
2020-02-02,El Salvador,North America,0,0,0,0
2020-02-09,El Salvador,North America,0,0,0,0
2020-02-16,El Salvador,North America,0,0,0,0
2020-02-23,El Salvador,North America,0,0,0,0
2020-03-01,El Salvador,North America,0,0,0,0
2020-03-08,El Salvador,North America,0,0,0,0
2020-03-15,El Salvador,North America,0,0,0,0
2020-03-22,El Salvador,North America,1,1,0,0
2020-03-29,El Salvador,North America,18,19,0,0
2020-04-05,El Salvador,North America,37,56,3,3
2020-04-12,El Salvador,North America,62,118,3,6
2020-04-19,El Salvador,North America,72,190,1,7
2020-04-26,El Salvador,North America,84,274,1,8
2020-05-03,El Salvador,North America,172,446,2,10
2020-05-10,El Salvador,North America,338,784,6,16
2020-05-17,El Salvador,North America,481,1265,9,25
2020-05-24,El Salvador,North America,554,1819,8,33
2020-05-31,El Salvador,North America,576,2395,11,44
2020-06-07,El Salvador,North America,539,2934,9,53
2020-06-14,El Salvador,North America,669,3603,19,72
2020-06-21,El Salvador,North America,872,4475,21,93
2020-06-28,El Salvador,North America,1252,5727,50,143
2020-07-05,El Salvador,North America,1780,7507,67,210
2020-07-12,El Salvador,North America,1884,9391,44,254
2020-07-19,El Salvador,North America,2117,11508,70,324
2020-07-26,El Salvador,North America,2713,14221,66,390
2020-08-02,El Salvador,North America,2829,17050,69,459
2020-08-09,El Salvador,North America,2928,19978,77,536
2020-08-16,El Salvador,North America,2641,22619,67,603
2020-08-23,El Salvador,North America,1801,24420,51,654
2020-08-30,El Salvador,North America,1117,25537,54,708
2020-09-06,El Salvador,North America,669,26206,44,752
2020-09-13,El Salvador,North America,645,26851,30,782
2020-09-20,El Salvador,North America,577,27428,26,808
2020-09-27,El Salvador,North America,987,28415,18,826
2020-10-04,El Salvador,North America,943,29358,31,857
2020-10-11,El Salvador,North America,712,30070,30,887
2020-10-18,El Salvador,North America,1386,31456,30,917
2020-10-25,El Salvador,North America,1129,32585,27,944
2020-11-01,El Salvador,North America,860,33445,31,975
2020-11-08,El Salvador,North America,1700,35145,31,1006
2020-11-15,El Salvador,North America,1213,36358,33,1039
2020-11-22,El Salvador,North America,892,37250,31,1070
2020-11-29,El Salvador,North America,1155,38405,37,1107
2020-12-06,El Salvador,North America,1313,39718,46,1153
2020-12-13,El Salvador,North America,1676,41394,40,1193
2020-12-20,El Salvador,North America,1801,43195,49,1242
2020-12-27,El Salvador,North America,1424,44619,55,1297
2021-01-03,El Salvador,North America,1623,46242,54,1351
2021-01-10,El Salvador,North America,2332,48574,57,1408
2021-01-17,El Salvador,North America,1583,50157,71,1479
2021-01-24,El Salvador,North America,2515,52672,72,1551
2021-01-31,El Salvador,North America,1317,53989,63,1614
2021-02-07,El Salvador,North America,2248,56237,59,1673
2021-02-14,El Salvador,North America,1191,57428,61,1734
2021-02-21,El Salvador,North America,1118,58546,58,1792
2021-02-28,El Salvador,North America,1320,59866,55,1847
2021-03-07,El Salvador,North America,934,60800,47,1894
2021-03-14,El Salvador,North America,1286,62086,51,1945
2021-03-21,El Salvador,North America,445,62531,30,1975
2021-03-28,El Salvador,North America,1235,63766,23,1998
2021-04-04,El Salvador,North America,665,64431,23,2021
2021-04-11,El Salvador,North America,1060,65491,27,2048
2021-04-18,El Salvador,North America,1913,67404,24,2072
2021-04-25,El Salvador,North America,914,68318,26,2098
2021-05-02,El Salvador,North America,880,69198,30,2128
2021-05-09,El Salvador,North America,1057,70255,22,2150
2021-05-16,El Salvador,North America,660,70915,32,2182
2021-05-23,El Salvador,North America,1305,72220,29,2211
2021-05-30,El Salvador,North America,1026,73246,30,2241
2021-06-06,El Salvador,North America,895,74141,25,2266
2021-06-13,El Salvador,North America,1210,75351,26,2292
2021-06-20,El Salvador,North America,1346,76697,35,2327
2021-06-27,El Salvador,North America,787,77484,34,2361
2021-07-04,El Salvador,North America,2306,79790,36,2397
2021-07-11,El Salvador,North America,1142,80932,42,2439
2021-07-18,El Salvador,North America,1920,82852,45,2484
2021-07-25,El Salvador,North America,1839,84691,63,2547
2021-08-01,El Salvador,North America,1929,86620,82,2629
2021-08-08,El Salvador,North America,1751,88371,74,2703
2021-08-15,El Salvador,North America,1758,90129,78,2781
2021-08-22,El Salvador,North America,2557,92686,50,2831
2021-08-29,El Salvador,North America,1374,94060,59,2890
2021-09-05,El Salvador,North America,2007,96067,62,2952
2021-09-12,El Salvador,North America,2989,99056,61,3013
2021-09-19,El Salvador,North America,645,99701,77,3090
2021-09-26,El Salvador,North America,3977,103678,84,3174
2021-10-03,El Salvador,North America,670,104348,88,3262
2021-10-10,El Salvador,North America,3316,107664,106,3368
2021-10-17,El Salvador,North America,2524,110188,92,3460
2021-10-24,El Salvador,North America,2102,112290,94,3554
2021-10-31,El Salvador,North America,1132,113422,68,3622
2021-11-07,El Salvador,North America,2836,116258,53,3675
2021-11-14,El Salvador,North America,1464,117722,46,3721
2021-11-21,El Salvador,North America,319,118041,30,3751
2021-11-28,El Salvador,North America,0,118041,18,3769
2021-12-05,El Salvador,North America,1762,119803,12,3781
2021-12-12,El Salvador,North America,0,119803,12,3793
2021-12-19,El Salvador,North America,1681,121484,12,3805
2021-12-26,El Salvador,North America,257,121741,13,3818
2022-01-02,El Salvador,North America,204,121945,6,3824
2022-01-09,El Salvador,North America,289,122234,3,3827
2022-01-16,El Salvador,North America,1343,123577,5,3832
2022-01-23,El Salvador,North America,3435,127012,19,3851
2022-01-30,El Salvador,North America,6250,133262,33,3884
2022-02-06,El Salvador,North America,1847,135109,49,3933
2022-02-13,El Salvador,North America,0,135109,56,3989
2022-02-20,El Salvador,North America,12677,147786,43,4032
2022-02-27,El Salvador,North America,0,147786,36,4068
2022-03-06,El Salvador,North America,8578,156364,18,4086
2022-03-13,El Salvador,North America,0,156364,9,4095
2022-03-20,El Salvador,North America,4688,161052,14,4109
2022-03-27,El Salvador,North America,0,161052,7,4116
2022-04-03,El Salvador,North America,0,161052,3,4119
2022-04-10,El Salvador,North America,518,161570,2,4121
2022-04-17,El Salvador,North America,519,162089,3,4124
2022-04-24,El Salvador,North America,0,162089,3,4127
2022-05-01,El Salvador,North America,0,162089,1,4128
2022-05-08,El Salvador,North America,0,162089,0,4128
2022-05-15,El Salvador,North America,0,162089,1,4129
2022-05-22,El Salvador,North America,0,162089,1,4130
2022-05-29,El Salvador,North America,666,162755,1,4131
2022-06-05,El Salvador,North America,0,162755,1,4132
2022-06-12,El Salvador,North America,1379,164134,2,4134
2022-06-19,El Salvador,North America,0,164134,3,4137
2022-06-26,El Salvador,North America,5512,169646,2,4139
2022-07-03,El Salvador,North America,0,169646,7,4146
2022-07-10,El Salvador,North America,11324,180970,10,4156
2022-07-17,El Salvador,North America,0,180970,11,4167
2022-07-24,El Salvador,North America,0,180970,17,4184
2022-07-31,El Salvador,North America,9848,190818,10,4194
2022-08-07,El Salvador,North America,0,190818,14,4208
2022-08-14,El Salvador,North America,0,190818,9,4217
2022-08-21,El Salvador,North America,0,190818,1,4218
2022-08-28,El Salvador,North America,0,190818,2,4220
2022-09-04,El Salvador,North America,10967,201785,4,4224
2022-09-11,El Salvador,North America,0,201785,3,4227
2022-09-18,El Salvador,North America,0,201785,1,4228
2022-09-25,El Salvador,North America,0,201785,1,4229
2022-10-02,El Salvador,North America,0,201785,0,4229
2022-10-09,El Salvador,North America,0,201785,1,4230
2022-10-16,El Salvador,North America,0,201785,0,4230
2022-10-23,El Salvador,North America,0,201785,0,4230
2022-10-30,El Salvador,North America,0,201785,0,4230
2022-11-06,El Salvador,North America,0,201785,0,4230
2022-11-13,El Salvador,North America,0,201785,0,4230
2022-11-20,El Salvador,North America,0,201785,0,4230
2022-11-27,El Salvador,North America,0,201785,0,4230
2022-12-04,El Salvador,North America,0,201785,0,4230
2022-12-11,El Salvador,North America,0,201785,0,4230
2022-12-18,El Salvador,North America,0,201785,0,4230
2022-12-25,El Salvador,North America,0,201785,0,4230
2023-01-01,El Salvador,North America,0,201785,0,4230
2023-01-08,El Salvador,North America,0,201785,0,4230
2023-01-15,El Salvador,North America,0,201785,0,4230
2023-01-22,El Salvador,North America,0,201785,0,4230
2023-01-29,El Salvador,North America,0,201785,0,4230
2023-02-05,El Salvador,North America,0,201785,0,4230
2023-02-12,El Salvador,North America,0,201785,0,4230
2023-02-19,El Salvador,North America,0,201785,0,4230
2023-02-26,El Salvador,North America,0,201785,0,4230
2023-03-05,El Salvador,North America,0,201785,0,4230
2023-03-12,El Salvador,North America,0,201785,0,4230
2023-03-19,El Salvador,North America,0,201785,0,4230
2023-03-26,El Salvador,North America,0,201785,0,4230
2023-04-02,El Salvador,North America,0,201785,0,4230
2023-04-09,El Salvador,North America,0,201785,0,4230
2023-04-16,El Salvador,North America,0,201785,0,4230
2023-04-23,El Salvador,North America,0,201785,0,4230
2023-04-30,El Salvador,North America,0,201785,0,4230
2023-05-07,El Salvador,North America,0,201785,0,4230
2023-05-14,El Salvador,North America,0,201785,0,4230
2023-05-21,El Salvador,North America,1,201786,0,4230
2023-05-28,El Salvador,North America,0,201786,0,4230
2023-06-04,El Salvador,North America,1,201787,0,4230
2023-06-11,El Salvador,North America,0,201787,0,4230
2023-06-18,El Salvador,North America,1,201788,0,4230
2023-06-25,El Salvador,North America,0,201788,0,4230
2023-07-02,El Salvador,North America,0,201788,0,4230
2023-07-09,El Salvador,North America,3,201791,0,4230
2023-07-16,El Salvador,North America,5,201796,0,4230
2023-07-23,El Salvador,North America,5,201801,0,4230
2023-07-30,El Salvador,North America,3,201804,0,4230
2023-08-06,El Salvador,North America,4,201808,0,4230
2023-08-13,El Salvador,North America,6,201814,0,4230
2023-08-20,El Salvador,North America,3,201817,0,4230
2023-08-27,El Salvador,North America,6,201823,0,4230
2023-09-03,El Salvador,North America,6,201829,0,4230
2023-09-10,El Salvador,North America,1,201830,0,4230
2023-09-17,El Salvador,North America,0,201830,0,4230
2023-09-24,El Salvador,North America,0,201830,0,4230
2023-10-01,El Salvador,North America,1,201831,0,4230
2023-10-08,El Salvador,North America,0,201831,0,4230
2023-10-15,El Salvador,North America,0,201831,0,4230
2023-10-22,El Salvador,North America,2,201833,0,4230
2023-10-29,El Salvador,North America,0,201833,0,4230
2023-11-05,El Salvador,North America,0,201833,0,4230
2023-11-12,El Salvador,North America,1,201834,0,4230
2023-11-19,El Salvador,North America,0,201834,0,4230
2023-11-26,El Salvador,North America,0,201834,0,4230
2023-12-03,El Salvador,North America,0,201834,0,4230
2023-12-10,El Salvador,North America,0,201834,0,4230
2023-12-17,El Salvador,North America,2,201836,0,4230
2023-12-24,El Salvador,North America,0,201836,0,4230
2023-12-31,El Salvador,North America,0,201836,0,4230
2024-01-07,El Salvador,North America,5,201841,0,4230
2024-01-14,El Salvador,North America,3,201844,0,4230
2024-01-21,El Salvador,North America,7,201851,0,4230
2024-01-28,El Salvador,North America,3,201854,0,4230
2024-02-04,El Salvador,North America,3,201857,0,4230
2024-02-11,El Salvador,North America,2,201859,0,4230
2024-02-18,El Salvador,North America,1,201860,0,4230
2024-02-25,El Salvador,North America,1,201861,0,4230
2024-03-03,El Salvador,North America,0,201861,0,4230
2024-03-10,El Salvador,North America,1,201862,0,4230
2024-03-17,El Salvador,North America,2,201864,0,4230
2024-03-24,El Salvador,North America,0,201864,0,4230
2024-03-31,El Salvador,North America,0,201864,0,4230
2024-04-07,El Salvador,North America,0,201864,0,4230
2024-04-14,El Salvador,North America,0,201864,0,4230
2024-04-21,El Salvador,North America,1,201865,0,4230
2024-04-28,El Salvador,North America,0,201865,0,4230
2024-05-05,El Salvador,North America,0,201865,0,4230
2024-05-12,El Salvador,North America,0,201865,0,4230
2024-05-19,El Salvador,North America,1,201866,0,4230
2024-05-26,El Salvador,North America,6,201872,0,4230
2024-06-02,El Salvador,North America,4,201876,0,4230
2024-06-09,El Salvador,North America,2,201878,0,4230
2024-06-16,El Salvador,North America,2,201880,0,4230
2024-06-23,El Salvador,North America,5,201885,0,4230
2024-06-30,El Salvador,North America,11,201896,0,4230
2024-07-07,El Salvador,North America,6,201902,0,4230
2024-07-14,El Salvador,North America,6,201908,0,4230
2024-07-21,El Salvador,North America,5,201913,0,4230
2024-07-28,El Salvador,North America,7,201920,0,4230
2024-08-04,El Salvador,North America,8,201928,0,4230
2024-08-11,El Salvador,North America,4,201932,0,4230
2024-08-18,El Salvador,North America,6,201938,0,4230
2024-08-25,El Salvador,North America,4,201942,0,4230
2024-09-01,El Salvador,North America,4,201946,0,4230
2020-01-05,Equatorial Guinea,Africa,0,0,0,0
2020-01-12,Equatorial Guinea,Africa,0,0,0,0
2020-01-19,Equatorial Guinea,Africa,0,0,0,0
2020-01-26,Equatorial Guinea,Africa,0,0,0,0
2020-02-02,Equatorial Guinea,Africa,0,0,0,0
2020-02-09,Equatorial Guinea,Africa,0,0,0,0
2020-02-16,Equatorial Guinea,Africa,0,0,0,0
2020-02-23,Equatorial Guinea,Africa,0,0,0,0
2020-03-01,Equatorial Guinea,Africa,0,0,0,0
2020-03-08,Equatorial Guinea,Africa,0,0,0,0
2020-03-15,Equatorial Guinea,Africa,1,1,0,0
2020-03-22,Equatorial Guinea,Africa,5,6,0,0
2020-03-29,Equatorial Guinea,Africa,7,13,0,0
2020-04-05,Equatorial Guinea,Africa,3,16,0,0
2020-04-12,Equatorial Guinea,Africa,5,21,0,0
2020-04-19,Equatorial Guinea,Africa,58,79,0,0
2020-04-26,Equatorial Guinea,Africa,206,285,1,1
2020-05-03,Equatorial Guinea,Africa,220,505,3,4
2020-05-10,Equatorial Guinea,Africa,183,688,3,7
2020-05-17,Equatorial Guinea,Africa,239,927,0,7
2020-05-24,Equatorial Guinea,Africa,386,1313,5,12
2020-05-31,Equatorial Guinea,Africa,415,1728,0,12
2020-06-07,Equatorial Guinea,Africa,460,2188,0,12
2020-06-14,Equatorial Guinea,Africa,306,2494,0,12
2020-06-21,Equatorial Guinea,Africa,298,2792,29,41
2020-06-28,Equatorial Guinea,Africa,683,3475,0,41
2020-07-05,Equatorial Guinea,Africa,446,3921,0,41
2020-07-12,Equatorial Guinea,Africa,316,4237,0,41
2020-07-19,Equatorial Guinea,Africa,398,4635,0,41
2020-07-26,Equatorial Guinea,Africa,143,4778,0,41
2020-08-02,Equatorial Guinea,Africa,43,4821,42,83
2020-08-09,Equatorial Guinea,Africa,0,4821,0,83
2020-08-16,Equatorial Guinea,Africa,0,4821,0,83
2020-08-23,Equatorial Guinea,Africa,105,4926,0,83
2020-08-30,Equatorial Guinea,Africa,15,4941,0,83
2020-09-06,Equatorial Guinea,Africa,31,4972,0,83
2020-09-13,Equatorial Guinea,Africa,24,4996,0,83
2020-09-20,Equatorial Guinea,Africa,6,5002,0,83
2020-09-27,Equatorial Guinea,Africa,26,5028,0,83
2020-10-04,Equatorial Guinea,Africa,17,5045,0,83
2020-10-11,Equatorial Guinea,Africa,21,5066,0,83
2020-10-18,Equatorial Guinea,Africa,4,5070,0,83
2020-10-25,Equatorial Guinea,Africa,9,5079,0,83
2020-11-01,Equatorial Guinea,Africa,9,5088,0,83
2020-11-08,Equatorial Guinea,Africa,4,5092,2,85
2020-11-15,Equatorial Guinea,Africa,12,5104,0,85
2020-11-22,Equatorial Guinea,Africa,26,5130,0,85
2020-11-29,Equatorial Guinea,Africa,23,5153,0,85
2020-12-06,Equatorial Guinea,Africa,13,5166,0,85
2020-12-13,Equatorial Guinea,Africa,19,5185,0,85
2020-12-20,Equatorial Guinea,Africa,29,5214,0,85
2020-12-27,Equatorial Guinea,Africa,22,5236,1,86
2021-01-03,Equatorial Guinea,Africa,43,5279,0,86
2021-01-10,Equatorial Guinea,Africa,17,5296,0,86
2021-01-17,Equatorial Guinea,Africa,69,5365,0,86
2021-01-24,Equatorial Guinea,Africa,89,5454,0,86
2021-01-31,Equatorial Guinea,Africa,80,5534,0,86
2021-02-07,Equatorial Guinea,Africa,80,5614,1,87
2021-02-14,Equatorial Guinea,Africa,80,5694,0,87
2021-02-21,Equatorial Guinea,Africa,104,5798,2,89
2021-02-28,Equatorial Guinea,Africa,297,6095,3,92
2021-03-07,Equatorial Guinea,Africa,276,6371,4,96
2021-03-14,Equatorial Guinea,Africa,191,6562,2,98
2021-03-21,Equatorial Guinea,Africa,174,6736,3,101
2021-03-28,Equatorial Guinea,Africa,178,6914,1,102
2021-04-04,Equatorial Guinea,Africa,145,7059,2,104
2021-04-11,Equatorial Guinea,Africa,160,7219,2,106
2021-04-18,Equatorial Guinea,Africa,40,7259,0,106
2021-04-25,Equatorial Guinea,Africa,300,7559,1,107
2021-05-02,Equatorial Guinea,Africa,135,7694,5,112
2021-05-09,Equatorial Guinea,Africa,0,7694,0,112
2021-05-16,Equatorial Guinea,Africa,0,7694,0,112
2021-05-23,Equatorial Guinea,Africa,782,8476,1,113
2021-05-30,Equatorial Guinea,Africa,53,8529,5,118
2021-06-06,Equatorial Guinea,Africa,97,8626,0,118
2021-06-13,Equatorial Guinea,Africa,36,8662,2,120
2021-06-20,Equatorial Guinea,Africa,46,8708,0,120
2021-06-27,Equatorial Guinea,Africa,15,8723,1,121
2021-07-04,Equatorial Guinea,Africa,36,8759,1,122
2021-07-11,Equatorial Guinea,Africa,56,8815,0,122
2021-07-18,Equatorial Guinea,Africa,33,8848,1,123
2021-07-25,Equatorial Guinea,Africa,32,8880,0,123
2021-08-01,Equatorial Guinea,Africa,31,8911,0,123
2021-08-08,Equatorial Guinea,Africa,40,8951,0,123
2021-08-15,Equatorial Guinea,Africa,21,8972,0,123
2021-08-22,Equatorial Guinea,Africa,124,9096,0,123
2021-08-29,Equatorial Guinea,Africa,230,9326,1,124
2021-09-05,Equatorial Guinea,Africa,613,9939,5,129
2021-09-12,Equatorial Guinea,Africa,559,10498,2,131
2021-09-19,Equatorial Guinea,Africa,565,11063,6,137
2021-09-26,Equatorial Guinea,Africa,743,11806,5,142
2021-10-03,Equatorial Guinea,Africa,726,12532,8,150
2021-10-10,Equatorial Guinea,Africa,254,12786,5,155
2021-10-17,Equatorial Guinea,Africa,234,13020,6,161
2021-10-24,Equatorial Guinea,Africa,146,13166,2,163
2021-10-31,Equatorial Guinea,Africa,211,13377,4,167
2021-11-07,Equatorial Guinea,Africa,30,13407,1,168
2021-11-14,Equatorial Guinea,Africa,52,13459,0,168
2021-11-21,Equatorial Guinea,Africa,79,13538,2,170
2021-11-28,Equatorial Guinea,Africa,41,13579,3,173
2021-12-05,Equatorial Guinea,Africa,20,13599,2,175
2021-12-12,Equatorial Guinea,Africa,13,13612,0,175
2021-12-19,Equatorial Guinea,Africa,6,13618,0,175
2021-12-26,Equatorial Guinea,Africa,12,13630,0,175
2022-01-02,Equatorial Guinea,Africa,80,13710,0,175
2022-01-09,Equatorial Guinea,Africa,1161,14871,2,177
2022-01-16,Equatorial Guinea,Africa,621,15492,1,178
2022-01-23,Equatorial Guinea,Africa,240,15732,3,181
2022-01-30,Equatorial Guinea,Africa,70,15802,1,182
2022-02-06,Equatorial Guinea,Africa,43,15845,0,182
2022-02-13,Equatorial Guinea,Africa,8,15853,0,182
2022-02-20,Equatorial Guinea,Africa,21,15874,0,182
2022-02-27,Equatorial Guinea,Africa,10,15884,0,182
2022-03-06,Equatorial Guinea,Africa,10,15894,1,183
2022-03-13,Equatorial Guinea,Africa,4,15898,0,183
2022-03-20,Equatorial Guinea,Africa,-98,15800,0,183
2022-03-27,Equatorial Guinea,Africa,103,15903,0,183
2022-04-03,Equatorial Guinea,Africa,1,15904,0,183
2022-04-10,Equatorial Guinea,Africa,0,15904,0,183
2022-04-17,Equatorial Guinea,Africa,3,15907,0,183
2022-04-24,Equatorial Guinea,Africa,0,15907,0,183
2022-05-01,Equatorial Guinea,Africa,0,15907,0,183
2022-05-08,Equatorial Guinea,Africa,3,15910,0,183
2022-05-15,Equatorial Guinea,Africa,0,15910,0,183
2022-05-22,Equatorial Guinea,Africa,0,15910,0,183
2022-05-29,Equatorial Guinea,Africa,11,15921,0,183
2022-06-05,Equatorial Guinea,Africa,3,15924,0,183
2022-06-12,Equatorial Guinea,Africa,21,15945,0,183
2022-06-19,Equatorial Guinea,Africa,6,15951,0,183
2022-06-26,Equatorial Guinea,Africa,44,15995,0,183
2022-07-03,Equatorial Guinea,Africa,119,16114,0,183
2022-07-10,Equatorial Guinea,Africa,353,16467,0,183
2022-07-17,Equatorial Guinea,Africa,154,16621,0,183
2022-07-24,Equatorial Guinea,Africa,33,16654,0,183
2022-07-31,Equatorial Guinea,Africa,87,16741,0,183
2022-08-07,Equatorial Guinea,Africa,44,16785,0,183
2022-08-14,Equatorial Guinea,Africa,16,16801,0,183
2022-08-21,Equatorial Guinea,Africa,39,16840,0,183
2022-08-28,Equatorial Guinea,Africa,13,16853,0,183
2022-09-04,Equatorial Guinea,Africa,7,16860,0,183
2022-09-11,Equatorial Guinea,Africa,13,16873,0,183
2022-09-18,Equatorial Guinea,Africa,24,16897,0,183
2022-09-25,Equatorial Guinea,Africa,16,16913,0,183
2022-10-02,Equatorial Guinea,Africa,6,16919,0,183
2022-10-09,Equatorial Guinea,Africa,30,16949,0,183
2022-10-16,Equatorial Guinea,Africa,71,17020,0,183
2022-10-23,Equatorial Guinea,Africa,36,17056,0,183
2022-10-30,Equatorial Guinea,Africa,20,17076,0,183
2022-11-06,Equatorial Guinea,Africa,5,17081,0,183
2022-11-13,Equatorial Guinea,Africa,4,17085,0,183
2022-11-20,Equatorial Guinea,Africa,0,17085,0,183
2022-11-27,Equatorial Guinea,Africa,1,17086,0,183
2022-12-04,Equatorial Guinea,Africa,1,17087,0,183
2022-12-11,Equatorial Guinea,Africa,1,17088,0,183
2022-12-18,Equatorial Guinea,Africa,1,17089,0,183
2022-12-25,Equatorial Guinea,Africa,0,17089,0,183
2023-01-01,Equatorial Guinea,Africa,0,17089,0,183
2023-01-08,Equatorial Guinea,Africa,0,17089,0,183
2023-01-15,Equatorial Guinea,Africa,0,17089,0,183
2023-01-22,Equatorial Guinea,Africa,0,17089,0,183
2023-01-29,Equatorial Guinea,Africa,4,17093,0,183
2023-02-05,Equatorial Guinea,Africa,20,17113,0,183
2023-02-12,Equatorial Guinea,Africa,2,17115,0,183
2023-02-19,Equatorial Guinea,Africa,15,17130,0,183
2023-02-26,Equatorial Guinea,Africa,0,17130,0,183
2023-03-05,Equatorial Guinea,Africa,0,17130,0,183
2023-03-12,Equatorial Guinea,Africa,0,17130,0,183
2023-03-19,Equatorial Guinea,Africa,0,17130,0,183
2023-03-26,Equatorial Guinea,Africa,0,17130,0,183
2023-04-02,Equatorial Guinea,Africa,0,17130,0,183
2023-04-09,Equatorial Guinea,Africa,0,17130,0,183
2023-04-16,Equatorial Guinea,Africa,0,17130,0,183
2023-04-23,Equatorial Guinea,Africa,0,17130,0,183
2023-04-30,Equatorial Guinea,Africa,0,17130,0,183
2023-05-07,Equatorial Guinea,Africa,0,17130,0,183
2023-05-14,Equatorial Guinea,Africa,0,17130,0,183
2023-05-21,Equatorial Guinea,Africa,0,17130,0,183
2023-05-28,Equatorial Guinea,Africa,0,17130,0,183
2023-06-04,Equatorial Guinea,Africa,0,17130,0,183
2023-06-11,Equatorial Guinea,Africa,0,17130,0,183
2023-06-18,Equatorial Guinea,Africa,0,17130,0,183
2023-06-25,Equatorial Guinea,Africa,0,17130,0,183
2023-07-02,Equatorial Guinea,Africa,0,17130,0,183
2023-07-09,Equatorial Guinea,Africa,0,17130,0,183
2023-07-16,Equatorial Guinea,Africa,0,17130,0,183
2023-07-23,Equatorial Guinea,Africa,0,17130,0,183
2023-07-30,Equatorial Guinea,Africa,0,17130,0,183
2023-08-06,Equatorial Guinea,Africa,0,17130,0,183
2023-08-13,Equatorial Guinea,Africa,0,17130,0,183
2023-08-20,Equatorial Guinea,Africa,0,17130,0,183
2023-08-27,Equatorial Guinea,Africa,0,17130,0,183
2023-09-03,Equatorial Guinea,Africa,0,17130,0,183
2023-09-10,Equatorial Guinea,Africa,0,17130,0,183
2023-09-17,Equatorial Guinea,Africa,0,17130,0,183
2023-09-24,Equatorial Guinea,Africa,0,17130,0,183
2023-10-01,Equatorial Guinea,Africa,0,17130,0,183
2023-10-08,Equatorial Guinea,Africa,0,17130,0,183
2023-10-15,Equatorial Guinea,Africa,0,17130,0,183
2023-10-22,Equatorial Guinea,Africa,0,17130,0,183
2023-10-29,Equatorial Guinea,Africa,0,17130,0,183
2023-11-05,Equatorial Guinea,Africa,0,17130,0,183
2023-11-12,Equatorial Guinea,Africa,0,17130,0,183
2023-11-19,Equatorial Guinea,Africa,0,17130,0,183
2023-11-26,Equatorial Guinea,Africa,0,17130,0,183
2023-12-03,Equatorial Guinea,Africa,0,17130,0,183
2023-12-10,Equatorial Guinea,Africa,0,17130,0,183
2023-12-17,Equatorial Guinea,Africa,0,17130,0,183
2023-12-24,Equatorial Guinea,Africa,0,17130,0,183
2023-12-31,Equatorial Guinea,Africa,0,17130,0,183
2024-01-07,Equatorial Guinea,Africa,0,17130,0,183
2024-01-14,Equatorial Guinea,Africa,0,17130,0,183
2024-01-21,Equatorial Guinea,Africa,0,17130,0,183
2024-01-28,Equatorial Guinea,Africa,0,17130,0,183
2024-02-04,Equatorial Guinea,Africa,0,17130,0,183
2024-02-11,Equatorial Guinea,Africa,0,17130,0,183
2024-02-18,Equatorial Guinea,Africa,0,17130,0,183
2024-02-25,Equatorial Guinea,Africa,0,17130,0,183
2024-03-03,Equatorial Guinea,Africa,0,17130,0,183
2024-03-10,Equatorial Guinea,Africa,0,17130,0,183
2024-03-17,Equatorial Guinea,Africa,0,17130,0,183
2024-03-24,Equatorial Guinea,Africa,0,17130,0,183
2024-03-31,Equatorial Guinea,Africa,0,17130,0,183
2024-04-07,Equatorial Guinea,Africa,0,17130,0,183
2024-04-14,Equatorial Guinea,Africa,0,17130,0,183
2024-04-21,Equatorial Guinea,Africa,0,17130,0,183
2024-04-28,Equatorial Guinea,Africa,0,17130,0,183
2024-05-05,Equatorial Guinea,Africa,0,17130,0,183
2024-05-12,Equatorial Guinea,Africa,0,17130,0,183
2024-05-19,Equatorial Guinea,Africa,0,17130,0,183
2024-05-26,Equatorial Guinea,Africa,0,17130,0,183
2024-06-02,Equatorial Guinea,Africa,0,17130,0,183
2024-06-09,Equatorial Guinea,Africa,0,17130,0,183
2024-06-16,Equatorial Guinea,Africa,0,17130,0,183
2024-06-23,Equatorial Guinea,Africa,0,17130,0,183
2024-06-30,Equatorial Guinea,Africa,0,17130,0,183
2024-07-07,Equatorial Guinea,Africa,0,17130,0,183
2024-07-14,Equatorial Guinea,Africa,0,17130,0,183
2024-07-21,Equatorial Guinea,Africa,0,17130,0,183
2024-07-28,Equatorial Guinea,Africa,0,17130,0,183
2024-08-04,Equatorial Guinea,Africa,0,17130,0,183
2024-08-11,Equatorial Guinea,Africa,0,17130,0,183
2024-08-18,Equatorial Guinea,Africa,0,17130,0,183
2024-08-25,Equatorial Guinea,Africa,0,17130,0,183
2024-09-01,Equatorial Guinea,Africa,0,17130,0,183
2020-01-05,Eritrea,Africa,0,0,0,0
2020-01-12,Eritrea,Africa,0,0,0,0
2020-01-19,Eritrea,Africa,0,0,0,0
2020-01-26,Eritrea,Africa,0,0,0,0
2020-02-02,Eritrea,Africa,0,0,0,0
2020-02-09,Eritrea,Africa,0,0,0,0
2020-02-16,Eritrea,Africa,0,0,0,0
2020-02-23,Eritrea,Africa,0,0,0,0
2020-03-01,Eritrea,Africa,0,0,0,0
2020-03-08,Eritrea,Africa,0,0,0,0
2020-03-15,Eritrea,Africa,0,0,0,0
2020-03-22,Eritrea,Africa,1,1,0,0
2020-03-29,Eritrea,Africa,5,6,0,0
2020-04-05,Eritrea,Africa,14,20,0,0
2020-04-12,Eritrea,Africa,14,34,0,0
2020-04-19,Eritrea,Africa,5,39,0,0
2020-04-26,Eritrea,Africa,0,39,0,0
2020-05-03,Eritrea,Africa,0,39,0,0
2020-05-10,Eritrea,Africa,0,39,0,0
2020-05-17,Eritrea,Africa,0,39,0,0
2020-05-24,Eritrea,Africa,0,39,0,0
2020-05-31,Eritrea,Africa,0,39,0,0
2020-06-07,Eritrea,Africa,2,41,0,0
2020-06-14,Eritrea,Africa,24,65,0,0
2020-06-21,Eritrea,Africa,78,143,0,0
2020-06-28,Eritrea,Africa,48,191,0,0
2020-07-05,Eritrea,Africa,24,215,0,0
2020-07-12,Eritrea,Africa,17,232,0,0
2020-07-19,Eritrea,Africa,19,251,0,0
2020-07-26,Eritrea,Africa,12,263,0,0
2020-08-02,Eritrea,Africa,16,279,0,0
2020-08-09,Eritrea,Africa,6,285,0,0
2020-08-16,Eritrea,Africa,0,285,0,0
2020-08-23,Eritrea,Africa,21,306,0,0
2020-08-30,Eritrea,Africa,12,318,0,0
2020-09-06,Eritrea,Africa,12,330,0,0
2020-09-13,Eritrea,Africa,31,361,0,0
2020-09-20,Eritrea,Africa,3,364,0,0
2020-09-27,Eritrea,Africa,11,375,0,0
2020-10-04,Eritrea,Africa,23,398,0,0
2020-10-11,Eritrea,Africa,16,414,0,0
2020-10-18,Eritrea,Africa,38,452,0,0
2020-10-25,Eritrea,Africa,9,461,0,0
2020-11-01,Eritrea,Africa,2,463,0,0
2020-11-08,Eritrea,Africa,28,491,0,0
2020-11-15,Eritrea,Africa,2,493,0,0
2020-11-22,Eritrea,Africa,58,551,0,0
2020-11-29,Eritrea,Africa,26,577,0,0
2020-12-06,Eritrea,Africa,55,632,0,0
2020-12-13,Eritrea,Africa,79,711,0,0
2020-12-20,Eritrea,Africa,43,754,0,0
2020-12-27,Eritrea,Africa,243,997,1,1
2021-01-03,Eritrea,Africa,323,1320,2,3
2021-01-10,Eritrea,Africa,236,1556,3,6
2021-01-17,Eritrea,Africa,321,1877,0,6
2021-01-24,Eritrea,Africa,63,1940,0,6
2021-01-31,Eritrea,Africa,195,2135,1,7
2021-02-07,Eritrea,Africa,191,2326,0,7
2021-02-14,Eritrea,Africa,103,2429,0,7
2021-02-21,Eritrea,Africa,256,2685,0,7
2021-02-28,Eritrea,Africa,162,2847,0,7
2021-03-07,Eritrea,Africa,97,2944,0,7
2021-03-14,Eritrea,Africa,94,3038,0,7
2021-03-21,Eritrea,Africa,80,3118,0,7
2021-03-28,Eritrea,Africa,90,3208,2,9
2021-04-04,Eritrea,Africa,126,3334,1,10
2021-04-11,Eritrea,Africa,113,3447,0,10
2021-04-18,Eritrea,Africa,44,3491,0,10
2021-04-25,Eritrea,Africa,114,3605,0,10
2021-05-02,Eritrea,Africa,66,3671,0,10
2021-05-09,Eritrea,Africa,71,3742,2,12
2021-05-16,Eritrea,Africa,102,3844,0,12
2021-05-23,Eritrea,Africa,88,3932,2,14
2021-05-30,Eritrea,Africa,129,4061,0,14
2021-06-06,Eritrea,Africa,400,4461,0,14
2021-06-13,Eritrea,Africa,387,4848,2,16
2021-06-20,Eritrea,Africa,488,5336,3,19
2021-06-27,Eritrea,Africa,444,5780,2,21
2021-07-04,Eritrea,Africa,294,6074,4,25
2021-07-11,Eritrea,Africa,203,6277,4,29
2021-07-18,Eritrea,Africa,125,6402,1,30
2021-07-25,Eritrea,Africa,93,6495,3,33
2021-08-01,Eritrea,Africa,52,6547,2,35
2021-08-08,Eritrea,Africa,29,6576,0,35
2021-08-15,Eritrea,Africa,25,6601,2,37
2021-08-22,Eritrea,Africa,19,6620,0,37
2021-08-29,Eritrea,Africa,19,6639,0,37
2021-09-05,Eritrea,Africa,8,6647,1,38
2021-09-12,Eritrea,Africa,8,6655,2,40
2021-09-19,Eritrea,Africa,16,6671,0,40
2021-09-26,Eritrea,Africa,23,6694,2,42
2021-10-03,Eritrea,Africa,28,6722,0,42
2021-10-10,Eritrea,Africa,19,6741,0,42
2021-10-17,Eritrea,Africa,32,6773,2,44
2021-10-24,Eritrea,Africa,16,6789,1,45
2021-10-31,Eritrea,Africa,42,6831,0,45
2021-11-07,Eritrea,Africa,112,6943,1,46
2021-11-14,Eritrea,Africa,108,7051,2,48
2021-11-21,Eritrea,Africa,105,7156,6,54
2021-11-28,Eritrea,Africa,149,7305,6,60
2021-12-05,Eritrea,Africa,153,7458,1,61
2021-12-12,Eritrea,Africa,171,7629,2,63
2021-12-19,Eritrea,Africa,124,7753,5,68
2021-12-26,Eritrea,Africa,120,7873,4,72
2022-01-02,Eritrea,Africa,153,8026,4,76
2022-01-09,Eritrea,Africa,277,8303,6,82
2022-01-16,Eritrea,Africa,573,8876,4,86
2022-01-23,Eritrea,Africa,374,9250,5,91
2022-01-30,Eritrea,Africa,258,9508,6,97
2022-02-06,Eritrea,Africa,123,9631,3,100
2022-02-13,Eritrea,Africa,33,9664,3,103
2022-02-20,Eritrea,Africa,23,9687,0,103
2022-02-27,Eritrea,Africa,13,9700,0,103
2022-03-06,Eritrea,Africa,15,9715,0,103
2022-03-13,Eritrea,Africa,6,9721,0,103
2022-03-20,Eritrea,Africa,2,9723,0,103
2022-03-27,Eritrea,Africa,1,9724,0,103
2022-04-03,Eritrea,Africa,4,9728,0,103
2022-04-10,Eritrea,Africa,1,9729,0,103
2022-04-17,Eritrea,Africa,4,9733,0,103
2022-04-24,Eritrea,Africa,1,9734,0,103
2022-05-01,Eritrea,Africa,0,9734,0,103
2022-05-08,Eritrea,Africa,3,9737,0,103
2022-05-15,Eritrea,Africa,8,9745,0,103
2022-05-22,Eritrea,Africa,9,9754,0,103
2022-05-29,Eritrea,Africa,3,9757,0,103
2022-06-05,Eritrea,Africa,10,9767,0,103
2022-06-12,Eritrea,Africa,2,9769,0,103
2022-06-19,Eritrea,Africa,8,9777,0,103
2022-06-26,Eritrea,Africa,11,9788,0,103
2022-07-03,Eritrea,Africa,13,9801,0,103
2022-07-10,Eritrea,Africa,23,9824,0,103
2022-07-17,Eritrea,Africa,40,9864,0,103
2022-07-24,Eritrea,Africa,64,9928,0,103
2022-07-31,Eritrea,Africa,104,10032,0,103
2022-08-07,Eritrea,Africa,84,10116,0,103
2022-08-14,Eritrea,Africa,18,10134,0,103
2022-08-21,Eritrea,Africa,15,10149,0,103
2022-08-28,Eritrea,Africa,2,10151,0,103
2022-09-04,Eritrea,Africa,4,10155,0,103
2022-09-11,Eritrea,Africa,8,10163,0,103
2022-09-18,Eritrea,Africa,1,10164,0,103
2022-09-25,Eritrea,Africa,4,10168,0,103
2022-10-02,Eritrea,Africa,2,10170,0,103
2022-10-09,Eritrea,Africa,7,10177,0,103
2022-10-16,Eritrea,Africa,5,10182,0,103
2022-10-23,Eritrea,Africa,3,10185,0,103
2022-10-30,Eritrea,Africa,3,10188,0,103
2022-11-06,Eritrea,Africa,1,10189,0,103
2022-11-13,Eritrea,Africa,0,10189,0,103
2022-11-20,Eritrea,Africa,0,10189,0,103
2022-11-27,Eritrea,Africa,0,10189,0,103
2022-12-04,Eritrea,Africa,0,10189,0,103
2022-12-11,Eritrea,Africa,0,10189,0,103
2022-12-18,Eritrea,Africa,0,10189,0,103
2022-12-25,Eritrea,Africa,0,10189,0,103
2023-01-01,Eritrea,Africa,0,10189,0,103
2023-01-08,Eritrea,Africa,0,10189,0,103
2023-01-15,Eritrea,Africa,0,10189,0,103
2023-01-22,Eritrea,Africa,0,10189,0,103
2023-01-29,Eritrea,Africa,0,10189,0,103
2023-02-05,Eritrea,Africa,0,10189,0,103
2023-02-12,Eritrea,Africa,0,10189,0,103
2023-02-19,Eritrea,Africa,0,10189,0,103
2023-02-26,Eritrea,Africa,0,10189,0,103
2023-03-05,Eritrea,Africa,0,10189,0,103
2023-03-12,Eritrea,Africa,0,10189,0,103
2023-03-19,Eritrea,Africa,0,10189,0,103
2023-03-26,Eritrea,Africa,0,10189,0,103
2023-04-02,Eritrea,Africa,0,10189,0,103
2023-04-09,Eritrea,Africa,0,10189,0,103
2023-04-16,Eritrea,Africa,0,10189,0,103
2023-04-23,Eritrea,Africa,0,10189,0,103
2023-04-30,Eritrea,Africa,0,10189,0,103
2023-05-07,Eritrea,Africa,0,10189,0,103
2023-05-14,Eritrea,Africa,0,10189,0,103
2023-05-21,Eritrea,Africa,0,10189,0,103
2023-05-28,Eritrea,Africa,0,10189,0,103
2023-06-04,Eritrea,Africa,0,10189,0,103
2023-06-11,Eritrea,Africa,0,10189,0,103
2023-06-18,Eritrea,Africa,0,10189,0,103
2023-06-25,Eritrea,Africa,0,10189,0,103
2023-07-02,Eritrea,Africa,0,10189,0,103
2023-07-09,Eritrea,Africa,0,10189,0,103
2023-07-16,Eritrea,Africa,0,10189,0,103
2023-07-23,Eritrea,Africa,0,10189,0,103
2023-07-30,Eritrea,Africa,0,10189,0,103
2023-08-06,Eritrea,Africa,0,10189,0,103
2023-08-13,Eritrea,Africa,0,10189,0,103
2023-08-20,Eritrea,Africa,0,10189,0,103
2023-08-27,Eritrea,Africa,0,10189,0,103
2023-09-03,Eritrea,Africa,0,10189,0,103
2023-09-10,Eritrea,Africa,0,10189,0,103
2023-09-17,Eritrea,Africa,0,10189,0,103
2023-09-24,Eritrea,Africa,0,10189,0,103
2023-10-01,Eritrea,Africa,0,10189,0,103
2023-10-08,Eritrea,Africa,0,10189,0,103
2023-10-15,Eritrea,Africa,0,10189,0,103
2023-10-22,Eritrea,Africa,0,10189,0,103
2023-10-29,Eritrea,Africa,0,10189,0,103
2023-11-05,Eritrea,Africa,0,10189,0,103
2023-11-12,Eritrea,Africa,0,10189,0,103
2023-11-19,Eritrea,Africa,0,10189,0,103
2023-11-26,Eritrea,Africa,0,10189,0,103
2023-12-03,Eritrea,Africa,0,10189,0,103
2023-12-10,Eritrea,Africa,0,10189,0,103
2023-12-17,Eritrea,Africa,0,10189,0,103
2023-12-24,Eritrea,Africa,0,10189,0,103
2023-12-31,Eritrea,Africa,0,10189,0,103
2024-01-07,Eritrea,Africa,0,10189,0,103
2024-01-14,Eritrea,Africa,0,10189,0,103
2024-01-21,Eritrea,Africa,0,10189,0,103
2024-01-28,Eritrea,Africa,0,10189,0,103
2024-02-04,Eritrea,Africa,0,10189,0,103
2024-02-11,Eritrea,Africa,0,10189,0,103
2024-02-18,Eritrea,Africa,0,10189,0,103
2024-02-25,Eritrea,Africa,0,10189,0,103
2024-03-03,Eritrea,Africa,0,10189,0,103
2024-03-10,Eritrea,Africa,0,10189,0,103
2024-03-17,Eritrea,Africa,0,10189,0,103
2024-03-24,Eritrea,Africa,0,10189,0,103
2024-03-31,Eritrea,Africa,0,10189,0,103
2024-04-07,Eritrea,Africa,0,10189,0,103
2024-04-14,Eritrea,Africa,0,10189,0,103
2024-04-21,Eritrea,Africa,0,10189,0,103
2024-04-28,Eritrea,Africa,0,10189,0,103
2024-05-05,Eritrea,Africa,0,10189,0,103
2024-05-12,Eritrea,Africa,0,10189,0,103
2024-05-19,Eritrea,Africa,0,10189,0,103
2024-05-26,Eritrea,Africa,0,10189,0,103
2024-06-02,Eritrea,Africa,0,10189,0,103
2024-06-09,Eritrea,Africa,0,10189,0,103
2024-06-16,Eritrea,Africa,0,10189,0,103
2024-06-23,Eritrea,Africa,0,10189,0,103
2024-06-30,Eritrea,Africa,0,10189,0,103
2024-07-07,Eritrea,Africa,0,10189,0,103
2024-07-14,Eritrea,Africa,0,10189,0,103
2024-07-21,Eritrea,Africa,0,10189,0,103
2024-07-28,Eritrea,Africa,0,10189,0,103
2024-08-04,Eritrea,Africa,0,10189,0,103
2024-08-11,Eritrea,Africa,0,10189,0,103
2024-08-18,Eritrea,Africa,0,10189,0,103
2024-08-25,Eritrea,Africa,0,10189,0,103
2024-09-01,Eritrea,Africa,0,10189,0,103
2020-01-05,Estonia,Europe,0,0,0,0
2020-01-12,Estonia,Europe,0,0,0,0
2020-01-19,Estonia,Europe,0,0,0,0
2020-01-26,Estonia,Europe,0,0,0,0
2020-02-02,Estonia,Europe,0,0,0,0
2020-02-09,Estonia,Europe,0,0,0,0
2020-02-16,Estonia,Europe,0,0,0,0
2020-02-23,Estonia,Europe,0,0,0,0
2020-03-01,Estonia,Europe,1,1,0,0
2020-03-08,Estonia,Europe,9,10,0,0
2020-03-15,Estonia,Europe,210,220,0,0
2020-03-22,Estonia,Europe,165,385,0,0
2020-03-29,Estonia,Europe,5570,5955,73,73
2020-04-05,Estonia,Europe,404,6359,16,89
2020-04-12,Estonia,Europe,223,6582,9,98
2020-04-19,Estonia,Europe,199,6781,14,112
2020-04-26,Estonia,Europe,109,6890,9,121
2020-05-03,Estonia,Europe,56,6946,4,125
2020-05-10,Estonia,Europe,38,6984,4,129
2020-05-17,Estonia,Europe,43,7027,2,131
2020-05-24,Estonia,Europe,39,7066,1,132
2020-05-31,Estonia,Europe,46,7112,3,135
2020-06-07,Estonia,Europe,71,7183,1,136
2020-06-14,Estonia,Europe,35,7218,1,137
2020-06-21,Estonia,Europe,8,7226,0,137
2020-06-28,Estonia,Europe,6,7232,0,137
2020-07-05,Estonia,Europe,6,7238,0,137
2020-07-12,Estonia,Europe,21,7259,0,137
2020-07-19,Estonia,Europe,4,7263,0,137
2020-07-26,Estonia,Europe,11,7274,0,137
2020-08-02,Estonia,Europe,45,7319,0,137
2020-08-09,Estonia,Europe,74,7393,0,137
2020-08-16,Estonia,Europe,35,7428,0,137
2020-08-23,Estonia,Europe,88,7516,1,138
2020-08-30,Estonia,Europe,100,7616,0,138
2020-09-06,Estonia,Europe,157,7773,0,138
2020-09-13,Estonia,Europe,160,7933,0,138
2020-09-20,Estonia,Europe,244,8177,0,138
2020-09-27,Estonia,Europe,337,8514,0,138
2020-10-04,Estonia,Europe,344,8858,3,141
2020-10-11,Estonia,Europe,255,9113,1,142
2020-10-18,Estonia,Europe,211,9324,0,142
2020-10-25,Estonia,Europe,343,9667,5,147
2020-11-01,Estonia,Europe,614,10281,0,147
2020-11-08,Estonia,Europe,1202,11483,3,150
2020-11-15,Estonia,Europe,1591,13074,5,155
2020-11-22,Estonia,Europe,2104,15178,10,165
2020-11-29,Estonia,Europe,2350,17528,24,189
2020-12-06,Estonia,Europe,2921,20449,16,205
2020-12-13,Estonia,Europe,3156,23605,19,224
2020-12-20,Estonia,Europe,3696,27301,28,252
2020-12-27,Estonia,Europe,3730,31031,32,284
2021-01-03,Estonia,Europe,3709,34740,39,323
2021-01-10,Estonia,Europe,4276,39016,34,357
2021-01-17,Estonia,Europe,3543,42559,48,405
2021-01-24,Estonia,Europe,3631,46190,47,452
2021-01-31,Estonia,Europe,3604,49794,42,494
2021-02-07,Estonia,Europe,3762,53556,42,536
2021-02-14,Estonia,Europe,4561,58117,36,572
2021-02-21,Estonia,Europe,5572,63689,38,610
2021-02-28,Estonia,Europe,8183,71872,57,667
2021-03-07,Estonia,Europe,9570,81442,66,733
2021-03-14,Estonia,Europe,9905,91347,59,792
2021-03-21,Estonia,Europe,10309,101656,69,861
2021-03-28,Estonia,Europe,7822,109478,82,943
2021-04-04,Estonia,Europe,423,109901,3,946
2021-04-11,Estonia,Europe,4663,114564,86,1032
2021-04-18,Estonia,Europe,3341,117905,60,1092
2021-04-25,Estonia,Europe,2604,120509,49,1141
2021-05-02,Estonia,Europe,2402,122911,26,1167
2021-05-09,Estonia,Europe,2283,125194,31,1198
2021-05-16,Estonia,Europe,1870,127064,21,1219
2021-05-23,Estonia,Europe,1465,128529,14,1233
2021-05-30,Estonia,Europe,876,129405,13,1246
2021-06-06,Estonia,Europe,612,130017,11,1257
2021-06-13,Estonia,Europe,380,130397,2,1259
2021-06-20,Estonia,Europe,282,130679,2,1261
2021-06-27,Estonia,Europe,165,130844,1,1262
2021-07-04,Estonia,Europe,227,131071,1,1263
2021-07-11,Estonia,Europe,301,131372,0,1263
2021-07-18,Estonia,Europe,375,131747,1,1264
2021-07-25,Estonia,Europe,645,132392,0,1264
2021-08-01,Estonia,Europe,1246,133638,1,1265
2021-08-08,Estonia,Europe,1472,135110,4,1269
2021-08-15,Estonia,Europe,1942,137052,2,1271
2021-08-22,Estonia,Europe,1970,139022,5,1276
2021-08-29,Estonia,Europe,2476,141498,7,1283
2021-09-05,Estonia,Europe,2405,143903,11,1294
2021-09-12,Estonia,Europe,2976,146879,11,1305
2021-09-19,Estonia,Europe,3258,150137,14,1319
2021-09-26,Estonia,Europe,3784,153921,22,1341
2021-10-03,Estonia,Europe,4970,158891,23,1364
2021-10-10,Estonia,Europe,6455,165346,27,1391
2021-10-17,Estonia,Europe,7999,173345,31,1422
2021-10-24,Estonia,Europe,9988,183333,37,1459
2021-10-31,Estonia,Europe,12069,195402,72,1531
2021-11-07,Estonia,Europe,173,195575,0,1531
2021-11-14,Estonia,Europe,6726,202301,72,1603
2021-11-21,Estonia,Europe,5181,207482,53,1656
2021-11-28,Estonia,Europe,4077,211559,55,1711
2021-12-05,Estonia,Europe,3437,214996,27,1738
2021-12-12,Estonia,Europe,3305,218301,38,1776
2021-12-19,Estonia,Europe,3913,222214,23,1799
2021-12-26,Estonia,Europe,4595,226809,29,1828
2022-01-02,Estonia,Europe,6140,232949,23,1851
2022-01-09,Estonia,Europe,5742,238691,16,1867
2022-01-16,Estonia,Europe,15424,254115,28,1895
2022-01-23,Estonia,Europe,27269,281384,24,1919
2022-01-30,Estonia,Europe,41085,322469,25,1944
2022-02-06,Estonia,Europe,48031,370500,32,1976
2022-02-13,Estonia,Europe,37947,408447,45,2021
2022-02-20,Estonia,Europe,39239,447686,54,2075
2022-02-27,Estonia,Europe,31712,479398,64,2139
2022-03-06,Estonia,Europe,22671,502069,59,2198
2022-03-13,Estonia,Europe,14983,517052,58,2256
2022-03-20,Estonia,Europe,10967,528019,33,2289
2022-03-27,Estonia,Europe,9226,537245,40,2329
2022-04-03,Estonia,Europe,6835,544080,22,2351
2022-04-10,Estonia,Europe,5185,549265,29,2380
2022-04-17,Estonia,Europe,3337,552602,22,2402
2022-04-24,Estonia,Europe,2756,555358,13,2415
2022-05-01,Estonia,Europe,2039,557397,9,2424
2022-05-08,Estonia,Europe,1489,558886,8,2432
2022-05-15,Estonia,Europe,1173,560059,3,2435
2022-05-22,Estonia,Europe,953,561012,5,2440
2022-05-29,Estonia,Europe,821,561833,8,2448
2022-06-05,Estonia,Europe,781,562614,10,2458
2022-06-12,Estonia,Europe,840,563454,2,2460
2022-06-19,Estonia,Europe,822,564276,2,2462
2022-06-26,Estonia,Europe,798,565074,3,2465
2022-07-03,Estonia,Europe,1345,566419,8,2473
2022-07-10,Estonia,Europe,1161,567580,8,2481
2022-07-17,Estonia,Europe,1552,569132,4,2485
2022-07-24,Estonia,Europe,2007,571139,8,2493
2022-07-31,Estonia,Europe,2229,573368,8,2501
2022-08-07,Estonia,Europe,2239,575607,6,2507
2022-08-14,Estonia,Europe,1933,577540,8,2515
2022-08-21,Estonia,Europe,1426,578966,5,2520
2022-08-28,Estonia,Europe,1107,580073,4,2524
2022-09-04,Estonia,Europe,822,580895,6,2530
2022-09-11,Estonia,Europe,914,581809,4,2534
2022-09-18,Estonia,Europe,1189,582998,6,2540
2022-09-25,Estonia,Europe,1188,584186,14,2554
2022-10-02,Estonia,Europe,1316,585502,11,2565
2022-10-09,Estonia,Europe,1196,586698,21,2586
2022-10-16,Estonia,Europe,1063,587761,16,2602
2022-10-23,Estonia,Europe,1055,588816,10,2612
2022-10-30,Estonia,Europe,733,589549,9,2621
2022-11-06,Estonia,Europe,553,590102,9,2630
2022-11-13,Estonia,Europe,490,590592,15,2645
2022-11-20,Estonia,Europe,491,591083,9,2654
2022-11-27,Estonia,Europe,474,591557,9,2663
2022-12-04,Estonia,Europe,536,592093,9,2672
2022-12-11,Estonia,Europe,624,592717,15,2687
2022-12-18,Estonia,Europe,819,593536,23,2710
2022-12-25,Estonia,Europe,681,594217,17,2727
2023-01-01,Estonia,Europe,541,594758,19,2746
2023-01-08,Estonia,Europe,397,595155,13,2759
2023-01-15,Estonia,Europe,377,595532,12,2771
2023-01-22,Estonia,Europe,301,595833,8,2779
2023-01-29,Estonia,Europe,384,596217,8,2787
2023-02-05,Estonia,Europe,306,596523,7,2794
2023-02-12,Estonia,Europe,328,596851,7,2801
2023-02-19,Estonia,Europe,322,597173,8,2809
2023-02-26,Estonia,Europe,271,597444,6,2815
2023-03-05,Estonia,Europe,305,597749,6,2821
2023-03-12,Estonia,Europe,312,598061,3,2824
2023-03-19,Estonia,Europe,364,598425,8,2832
2023-03-26,Estonia,Europe,349,598774,8,2840
2023-04-02,Estonia,Europe,382,599156,6,2846
2023-04-09,Estonia,Europe,392,599548,8,2854
2023-04-16,Estonia,Europe,365,599913,7,2861
2023-04-23,Estonia,Europe,330,600243,14,2875
2023-04-30,Estonia,Europe,284,600527,9,2884
2023-05-07,Estonia,Europe,208,600735,1,2885
2023-05-14,Estonia,Europe,193,600928,3,2888
2023-05-21,Estonia,Europe,181,601109,3,2891
2023-05-28,Estonia,Europe,149,601258,2,2893
2023-06-04,Estonia,Europe,120,601378,2,2895
2023-06-11,Estonia,Europe,96,601474,2,2897
2023-06-18,Estonia,Europe,63,601537,0,2897
2023-06-25,Estonia,Europe,51,601588,1,2898
2023-07-02,Estonia,Europe,36,601624,0,2898
2023-07-09,Estonia,Europe,31,601655,0,2898
2023-07-16,Estonia,Europe,44,601699,1,2899
2023-07-23,Estonia,Europe,47,601746,1,2900
2023-07-30,Estonia,Europe,0,601746,0,2900
2023-08-06,Estonia,Europe,27,601773,1,2901
2023-08-13,Estonia,Europe,17,601790,0,2901
2023-08-20,Estonia,Europe,23,601813,0,2901
2023-08-27,Estonia,Europe,38,601851,0,2901
2023-09-03,Estonia,Europe,60,601911,0,2901
2023-09-10,Estonia,Europe,85,601996,0,2901
2023-09-17,Estonia,Europe,90,602086,0,2901
2023-09-24,Estonia,Europe,101,602187,1,2902
2023-10-01,Estonia,Europe,108,602295,0,2902
2023-10-08,Estonia,Europe,82,602377,0,2902
2023-10-15,Estonia,Europe,101,602478,0,2902
2023-10-22,Estonia,Europe,158,602636,1,2903
2023-10-29,Estonia,Europe,273,602909,3,2906
2023-11-05,Estonia,Europe,427,603336,6,2912
2023-11-12,Estonia,Europe,474,603810,2,2914
2023-11-19,Estonia,Europe,529,604339,5,2919
2023-11-26,Estonia,Europe,591,604930,1,2920
2023-12-03,Estonia,Europe,706,605636,12,2932
2023-12-10,Estonia,Europe,744,606380,15,2947
2023-12-17,Estonia,Europe,808,607188,15,2962
2023-12-24,Estonia,Europe,777,607965,5,2967
2023-12-31,Estonia,Europe,616,608581,5,2972
2024-01-07,Estonia,Europe,358,608939,4,2976
2024-01-14,Estonia,Europe,320,609259,5,2981
2024-01-21,Estonia,Europe,261,609520,5,2986
2024-01-28,Estonia,Europe,183,609703,4,2990
2024-02-04,Estonia,Europe,126,609829,1,2991
2024-02-11,Estonia,Europe,97,609926,2,2993
2024-02-18,Estonia,Europe,67,609993,1,2994
2024-02-25,Estonia,Europe,77,610070,0,2994
2024-03-03,Estonia,Europe,55,610125,1,2995
2024-03-10,Estonia,Europe,52,610177,2,2997
2024-03-17,Estonia,Europe,49,610226,0,2997
2024-03-24,Estonia,Europe,30,610256,0,2997
2024-03-31,Estonia,Europe,38,610294,0,2997
2024-04-07,Estonia,Europe,26,610320,1,2998
2024-04-14,Estonia,Europe,8,610328,0,2998
2024-04-21,Estonia,Europe,7,610335,0,2998
2024-04-28,Estonia,Europe,11,610346,0,2998
2024-05-05,Estonia,Europe,20,610366,0,2998
2024-05-12,Estonia,Europe,25,610391,0,2998
2024-05-19,Estonia,Europe,36,610427,0,2998
2024-05-26,Estonia,Europe,0,610427,0,2998
2024-06-02,Estonia,Europe,44,610471,0,2998
2024-06-09,Estonia,Europe,0,610471,0,2998
2024-06-16,Estonia,Europe,0,610471,0,2998
2024-06-23,Estonia,Europe,0,610471,0,2998
2024-06-30,Estonia,Europe,0,610471,0,2998
2024-07-07,Estonia,Europe,0,610471,0,2998
2024-07-14,Estonia,Europe,0,610471,0,2998
2024-07-21,Estonia,Europe,0,610471,0,2998
2024-07-28,Estonia,Europe,0,610471,0,2998
2024-08-04,Estonia,Europe,0,610471,0,2998
2024-08-11,Estonia,Europe,0,610471,0,2998
2024-08-18,Estonia,Europe,0,610471,0,2998
2024-08-25,Estonia,Europe,0,610471,0,2998
2024-09-01,Estonia,Europe,0,610471,0,2998
2020-01-05,Eswatini,Africa,0,0,0,0
2020-01-12,Eswatini,Africa,0,0,0,0
2020-01-19,Eswatini,Africa,0,0,0,0
2020-01-26,Eswatini,Africa,0,0,0,0
2020-02-02,Eswatini,Africa,0,0,0,0
2020-02-09,Eswatini,Africa,0,0,0,0
2020-02-16,Eswatini,Africa,0,0,0,0
2020-02-23,Eswatini,Africa,0,0,0,0
2020-03-01,Eswatini,Africa,0,0,0,0
2020-03-08,Eswatini,Africa,0,0,0,0
2020-03-15,Eswatini,Africa,1,1,0,0
2020-03-22,Eswatini,Africa,0,1,0,0
2020-03-29,Eswatini,Africa,8,9,0,0
2020-04-05,Eswatini,Africa,0,9,0,0
2020-04-12,Eswatini,Africa,5,14,0,0
2020-04-19,Eswatini,Africa,8,22,1,1
2020-04-26,Eswatini,Africa,34,56,0,1
2020-05-03,Eswatini,Africa,52,108,0,1
2020-05-10,Eswatini,Africa,55,163,1,2
2020-05-17,Eswatini,Africa,39,202,0,2
2020-05-24,Eswatini,Africa,36,238,0,2
2020-05-31,Eswatini,Africa,45,283,0,2
2020-06-07,Eswatini,Africa,50,333,1,3
2020-06-14,Eswatini,Africa,153,486,0,3
2020-06-21,Eswatini,Africa,141,627,2,5
2020-06-28,Eswatini,Africa,118,745,3,8
2020-07-05,Eswatini,Africa,209,954,5,13
2020-07-12,Eswatini,Africa,357,1311,5,18
2020-07-19,Eswatini,Africa,418,1729,3,21
2020-07-26,Eswatini,Africa,413,2142,7,28
2020-08-02,Eswatini,Africa,564,2706,14,42
2020-08-09,Eswatini,Africa,422,3128,14,56
2020-08-16,Eswatini,Africa,617,3745,13,69
2020-08-23,Eswatini,Africa,444,4189,12,81
2020-08-30,Eswatini,Africa,321,4510,10,91
2020-09-06,Eswatini,Africa,309,4819,3,94
2020-09-13,Eswatini,Africa,231,5050,4,98
2020-09-20,Eswatini,Africa,195,5245,6,104
2020-09-27,Eswatini,Africa,174,5419,4,108
2020-10-04,Eswatini,Africa,111,5530,4,112
2020-10-11,Eswatini,Africa,130,5660,1,113
2020-10-18,Eswatini,Africa,105,5765,2,115
2020-10-25,Eswatini,Africa,82,5847,1,116
2020-11-01,Eswatini,Africa,70,5917,1,117
2020-11-08,Eswatini,Africa,72,5989,0,117
2020-11-15,Eswatini,Africa,104,6093,2,119
2020-11-22,Eswatini,Africa,112,6205,0,119
2020-11-29,Eswatini,Africa,201,6406,2,121
2020-12-06,Eswatini,Africa,89,6495,1,122
2020-12-13,Eswatini,Africa,219,6714,5,127
2020-12-20,Eswatini,Africa,591,7305,10,137
2020-12-27,Eswatini,Africa,1060,8365,26,163
2021-01-03,Eswatini,Africa,1115,9480,64,227
2021-01-10,Eswatini,Africa,1700,11180,64,291
2021-01-17,Eswatini,Africa,1556,12736,69,360
2021-01-24,Eswatini,Africa,1594,14330,98,458
2021-01-31,Eswatini,Africa,1336,15666,104,562
2021-02-07,Eswatini,Africa,515,16181,42,604
2021-02-14,Eswatini,Africa,307,16488,26,630
2021-02-21,Eswatini,Africa,276,16764,15,645
2021-02-28,Eswatini,Africa,238,17002,5,650
2021-03-07,Eswatini,Africa,171,17173,8,658
2021-03-14,Eswatini,Africa,61,17234,3,661
2021-03-21,Eswatini,Africa,49,17283,4,665
2021-03-28,Eswatini,Africa,35,17318,1,666
2021-04-04,Eswatini,Africa,31,17349,2,668
2021-04-11,Eswatini,Africa,24,17373,1,669
2021-04-18,Eswatini,Africa,1042,18415,2,671
2021-04-25,Eswatini,Africa,25,18440,0,671
2021-05-02,Eswatini,Africa,18,18458,0,671
2021-05-09,Eswatini,Africa,19,18477,0,671
2021-05-16,Eswatini,Africa,42,18519,1,672
2021-05-23,Eswatini,Africa,31,18550,0,672
2021-05-30,Eswatini,Africa,39,18589,0,672
2021-06-06,Eswatini,Africa,47,18636,1,673
2021-06-13,Eswatini,Africa,96,18732,3,676
2021-06-20,Eswatini,Africa,79,18811,1,677
2021-06-27,Eswatini,Africa,207,19018,1,678
2021-07-04,Eswatini,Africa,66,19084,0,678
2021-07-11,Eswatini,Africa,786,19870,9,687
2021-07-18,Eswatini,Africa,1192,21062,16,703
2021-07-25,Eswatini,Africa,1625,22687,44,747
2021-08-01,Eswatini,Africa,3292,25979,40,787
2021-08-08,Eswatini,Africa,4808,30787,57,844
2021-08-15,Eswatini,Africa,5064,35851,80,924
2021-08-22,Eswatini,Africa,4432,40283,67,991
2021-08-29,Eswatini,Africa,2436,42719,76,1067
2021-09-05,Eswatini,Africa,1415,44134,77,1144
2021-09-12,Eswatini,Africa,697,44831,25,1169
2021-09-19,Eswatini,Africa,521,45352,25,1194
2021-09-26,Eswatini,Africa,390,45742,18,1212
2021-10-03,Eswatini,Africa,263,46005,12,1224
2021-10-10,Eswatini,Africa,268,46273,3,1227
2021-10-17,Eswatini,Africa,88,46361,6,1233
2021-10-24,Eswatini,Africa,23,46384,8,1241
2021-10-31,Eswatini,Africa,29,46413,1,1242
2021-11-07,Eswatini,Africa,44,46457,2,1244
2021-11-14,Eswatini,Africa,15,46472,1,1245
2021-11-21,Eswatini,Africa,14,46486,3,1248
2021-11-28,Eswatini,Africa,42,46528,0,1248
2021-12-05,Eswatini,Africa,840,47368,0,1248
2021-12-12,Eswatini,Africa,4806,52174,0,1248
2021-12-19,Eswatini,Africa,7540,59714,12,1260
2021-12-26,Eswatini,Africa,4667,64381,12,1272
2022-01-02,Eswatini,Africa,1860,66241,36,1308
2022-01-09,Eswatini,Africa,999,67240,24,1332
2022-01-16,Eswatini,Africa,590,67830,25,1357
2022-01-23,Eswatini,Africa,231,68061,10,1367
2022-01-30,Eswatini,Africa,268,68329,7,1374
2022-02-06,Eswatini,Africa,222,68551,3,1377
2022-02-13,Eswatini,Africa,230,68781,6,1383
2022-02-20,Eswatini,Africa,191,68972,5,1388
2022-02-27,Eswatini,Africa,153,69125,2,1390
2022-03-06,Eswatini,Africa,172,69297,1,1391
2022-03-13,Eswatini,Africa,132,69429,1,1392
2022-03-20,Eswatini,Africa,119,69548,0,1392
2022-03-27,Eswatini,Africa,115,69663,1,1393
2022-04-03,Eswatini,Africa,175,69838,1,1394
2022-04-10,Eswatini,Africa,128,69966,1,1395
2022-04-17,Eswatini,Africa,132,70098,0,1395
2022-04-24,Eswatini,Africa,186,70284,2,1397
2022-05-01,Eswatini,Africa,359,70643,0,1397
2022-05-08,Eswatini,Africa,446,71089,3,1400
2022-05-15,Eswatini,Africa,609,71698,2,1402
2022-05-22,Eswatini,Africa,427,72125,2,1404
2022-05-29,Eswatini,Africa,265,72390,2,1406
2022-06-05,Eswatini,Africa,295,72685,4,1410
2022-06-12,Eswatini,Africa,194,72879,0,1410
2022-06-19,Eswatini,Africa,124,73003,4,1414
2022-06-26,Eswatini,Africa,68,73071,1,1415
2022-07-03,Eswatini,Africa,62,73133,1,1416
2022-07-10,Eswatini,Africa,80,73213,1,1417
2022-07-17,Eswatini,Africa,29,73242,0,1417
2022-07-24,Eswatini,Africa,11,73253,0,1417
2022-07-31,Eswatini,Africa,26,73279,0,1417
2022-08-07,Eswatini,Africa,22,73301,2,1419
2022-08-14,Eswatini,Africa,25,73326,0,1419
2022-08-21,Eswatini,Africa,18,73344,0,1419
2022-08-28,Eswatini,Africa,14,73358,3,1422
2022-09-04,Eswatini,Africa,10,73368,0,1422
2022-09-11,Eswatini,Africa,6,73374,0,1422
2022-09-18,Eswatini,Africa,5,73379,0,1422
2022-09-25,Eswatini,Africa,11,73390,0,1422
2022-10-02,Eswatini,Africa,20,73410,0,1422
2022-10-09,Eswatini,Africa,26,73436,0,1422
2022-10-16,Eswatini,Africa,0,73436,0,1422
2022-10-23,Eswatini,Africa,90,73526,0,1422
2022-10-30,Eswatini,Africa,32,73558,0,1422
2022-11-06,Eswatini,Africa,60,73618,0,1422
2022-11-13,Eswatini,Africa,90,73708,0,1422
2022-11-20,Eswatini,Africa,62,73770,0,1422
2022-11-27,Eswatini,Africa,0,73770,0,1422
2022-12-04,Eswatini,Africa,138,73908,0,1422
2022-12-11,Eswatini,Africa,54,73962,0,1422
2022-12-18,Eswatini,Africa,30,73992,0,1422
2022-12-25,Eswatini,Africa,29,74021,0,1422
2023-01-01,Eswatini,Africa,13,74034,0,1422
2023-01-08,Eswatini,Africa,19,74053,0,1422
2023-01-15,Eswatini,Africa,33,74086,0,1422
2023-01-22,Eswatini,Africa,28,74114,0,1422
2023-01-29,Eswatini,Africa,19,74133,0,1422
2023-02-05,Eswatini,Africa,10,74143,1,1423
2023-02-12,Eswatini,Africa,15,74158,0,1423
2023-02-19,Eswatini,Africa,41,74199,0,1423
2023-02-26,Eswatini,Africa,0,74199,0,1423
2023-03-05,Eswatini,Africa,68,74267,2,1425
2023-03-12,Eswatini,Africa,56,74323,0,1425
2023-03-19,Eswatini,Africa,0,74323,0,1425
2023-03-26,Eswatini,Africa,0,74323,0,1425
2023-04-02,Eswatini,Africa,0,74323,0,1425
2023-04-09,Eswatini,Africa,197,74520,0,1425
2023-04-16,Eswatini,Africa,66,74586,0,1425
2023-04-23,Eswatini,Africa,41,74627,0,1425
2023-04-30,Eswatini,Africa,43,74670,0,1425
2023-05-07,Eswatini,Africa,28,74698,0,1425
2023-05-14,Eswatini,Africa,30,74728,0,1425
2023-05-21,Eswatini,Africa,32,74760,1,1426
2023-05-28,Eswatini,Africa,45,74805,1,1427
2023-06-04,Eswatini,Africa,47,74852,0,1427
2023-06-11,Eswatini,Africa,30,74882,0,1427
2023-06-18,Eswatini,Africa,0,74882,0,1427
2023-06-25,Eswatini,Africa,0,74882,0,1427
2023-07-02,Eswatini,Africa,0,74882,0,1427
2023-07-09,Eswatini,Africa,0,74882,0,1427
2023-07-16,Eswatini,Africa,0,74882,0,1427
2023-07-23,Eswatini,Africa,0,74882,0,1427
2023-07-30,Eswatini,Africa,0,74882,0,1427
2023-08-06,Eswatini,Africa,0,74882,0,1427
2023-08-13,Eswatini,Africa,100,74982,0,1427
2023-08-20,Eswatini,Africa,2,74984,0,1427
2023-08-27,Eswatini,Africa,3,74987,0,1427
2023-09-03,Eswatini,Africa,0,74987,0,1427
2023-09-10,Eswatini,Africa,2,74989,0,1427
2023-09-17,Eswatini,Africa,2,74991,0,1427
2023-09-24,Eswatini,Africa,5,74996,0,1427
2023-10-01,Eswatini,Africa,4,75000,0,1427
2023-10-08,Eswatini,Africa,7,75007,0,1427
2023-10-15,Eswatini,Africa,45,75052,0,1427
2023-10-22,Eswatini,Africa,42,75094,0,1427
2023-10-29,Eswatini,Africa,33,75127,0,1427
2023-11-05,Eswatini,Africa,22,75149,0,1427
2023-11-12,Eswatini,Africa,17,75166,0,1427
2023-11-19,Eswatini,Africa,5,75171,0,1427
2023-11-26,Eswatini,Africa,13,75184,0,1427
2023-12-03,Eswatini,Africa,4,75188,0,1427
2023-12-10,Eswatini,Africa,1,75189,0,1427
2023-12-17,Eswatini,Africa,0,75189,0,1427
2023-12-24,Eswatini,Africa,2,75191,0,1427
2023-12-31,Eswatini,Africa,0,75191,0,1427
2024-01-07,Eswatini,Africa,0,75191,0,1427
2024-01-14,Eswatini,Africa,0,75191,0,1427
2024-01-21,Eswatini,Africa,3,75194,0,1427
2024-01-28,Eswatini,Africa,5,75199,0,1427
2024-02-04,Eswatini,Africa,4,75203,0,1427
2024-02-11,Eswatini,Africa,1,75204,0,1427
2024-02-18,Eswatini,Africa,3,75207,0,1427
2024-02-25,Eswatini,Africa,7,75214,0,1427
2024-03-03,Eswatini,Africa,12,75226,0,1427
2024-03-10,Eswatini,Africa,12,75238,0,1427
2024-03-17,Eswatini,Africa,12,75250,0,1427
2024-03-24,Eswatini,Africa,17,75267,0,1427
2024-03-31,Eswatini,Africa,18,75285,0,1427
2024-04-07,Eswatini,Africa,14,75299,0,1427
2024-04-14,Eswatini,Africa,16,75315,0,1427
2024-04-21,Eswatini,Africa,16,75331,0,1427
2024-04-28,Eswatini,Africa,15,75346,0,1427
2024-05-05,Eswatini,Africa,3,75349,0,1427
2024-05-12,Eswatini,Africa,7,75356,0,1427
2024-05-19,Eswatini,Africa,0,75356,0,1427
2024-05-26,Eswatini,Africa,0,75356,0,1427
2024-06-02,Eswatini,Africa,0,75356,0,1427
2024-06-09,Eswatini,Africa,0,75356,0,1427
2024-06-16,Eswatini,Africa,0,75356,0,1427
2024-06-23,Eswatini,Africa,0,75356,0,1427
2024-06-30,Eswatini,Africa,0,75356,0,1427
2024-07-07,Eswatini,Africa,0,75356,0,1427
2024-07-14,Eswatini,Africa,0,75356,0,1427
2024-07-21,Eswatini,Africa,0,75356,0,1427
2024-07-28,Eswatini,Africa,0,75356,0,1427
2024-08-04,Eswatini,Africa,0,75356,0,1427
2024-08-11,Eswatini,Africa,0,75356,0,1427
2024-08-18,Eswatini,Africa,0,75356,0,1427
2024-08-25,Eswatini,Africa,0,75356,0,1427
2024-09-01,Eswatini,Africa,0,75356,0,1427
2020-01-05,Ethiopia,Africa,0,0,0,0
2020-01-12,Ethiopia,Africa,0,0,0,0
2020-01-19,Ethiopia,Africa,0,0,0,0
2020-01-26,Ethiopia,Africa,0,0,0,0
2020-02-02,Ethiopia,Africa,0,0,0,0
2020-02-09,Ethiopia,Africa,0,0,0,0
2020-02-16,Ethiopia,Africa,0,0,0,0
2020-02-23,Ethiopia,Africa,0,0,0,0
2020-03-01,Ethiopia,Africa,0,0,0,0
2020-03-08,Ethiopia,Africa,0,0,0,0
2020-03-15,Ethiopia,Africa,1,1,0,0
2020-03-22,Ethiopia,Africa,8,9,0,0
2020-03-29,Ethiopia,Africa,7,16,0,0
2020-04-05,Ethiopia,Africa,22,38,0,0
2020-04-12,Ethiopia,Africa,31,69,23,23
2020-04-19,Ethiopia,Africa,36,105,0,23
2020-04-26,Ethiopia,Africa,17,122,1,24
2020-05-03,Ethiopia,Africa,11,133,0,24
2020-05-10,Ethiopia,Africa,77,210,1,25
2020-05-17,Ethiopia,Africa,96,306,0,25
2020-05-24,Ethiopia,Africa,188,494,0,25
2020-05-31,Ethiopia,Africa,569,1063,3,28
2020-06-07,Ethiopia,Africa,871,1934,9,37
2020-06-14,Ethiopia,Africa,1232,3166,35,72
2020-06-21,Ethiopia,Africa,1303,4469,17,89
2020-06-28,Ethiopia,Africa,1101,5570,22,111
2020-07-05,Ethiopia,Africa,816,6386,22,133
2020-07-12,Ethiopia,Africa,1174,7560,11,144
2020-07-19,Ethiopia,Africa,1943,9503,38,182
2020-07-26,Ethiopia,Africa,3745,13248,42,224
2020-08-02,Ethiopia,Africa,4751,17999,75,299
2020-08-09,Ethiopia,Africa,4254,22253,108,407
2020-08-16,Ethiopia,Africa,6641,28894,119,526
2020-08-23,Ethiopia,Africa,10139,39033,153,679
2020-08-30,Ethiopia,Africa,10621,49654,92,771
2020-09-06,Ethiopia,Africa,7812,57466,127,898
2020-09-13,Ethiopia,Africa,6422,63888,99,997
2020-09-20,Ethiopia,Africa,4243,68131,93,1090
2020-09-27,Ethiopia,Africa,4569,72700,76,1166
2020-10-04,Ethiopia,Africa,5160,77860,48,1214
2020-10-11,Ethiopia,Africa,5569,83429,63,1277
2020-10-18,Ethiopia,Africa,5005,88434,69,1346
2020-10-25,Ethiopia,Africa,4424,92858,73,1419
2020-11-01,Ethiopia,Africa,3311,96169,50,1469
2020-11-08,Ethiopia,Africa,3035,99204,49,1518
2020-11-15,Ethiopia,Africa,3117,102321,47,1565
2020-11-22,Ethiopia,Africa,3031,105352,71,1636
2020-11-29,Ethiopia,Africa,3578,108930,59,1695
2020-12-06,Ethiopia,Africa,3810,112740,50,1745
2020-12-13,Ethiopia,Africa,3557,116297,58,1803
2020-12-20,Ethiopia,Africa,3197,119494,43,1846
2020-12-27,Ethiopia,Africa,2919,122413,55,1901
2021-01-03,Ethiopia,Africa,2636,125049,43,1944
2021-01-10,Ethiopia,Africa,2743,127792,41,1985
2021-01-17,Ethiopia,Africa,2980,130772,44,2029
2021-01-24,Ethiopia,Africa,2526,133298,34,2063
2021-01-31,Ethiopia,Africa,3723,137021,28,2091
2021-02-07,Ethiopia,Africa,4432,141453,54,2145
2021-02-14,Ethiopia,Africa,4251,145704,36,2181
2021-02-21,Ethiopia,Africa,6153,151857,90,2271
2021-02-28,Ethiopia,Africa,6201,158058,83,2354
2021-03-07,Ethiopia,Africa,6971,165029,66,2420
2021-03-14,Ethiopia,Africa,9025,174054,120,2540
2021-03-21,Ethiopia,Africa,11587,185641,107,2647
2021-03-28,Ethiopia,Africa,13153,198794,137,2784
2021-04-04,Ethiopia,Africa,14517,213311,152,2936
2021-04-11,Ethiopia,Africa,13944,227255,210,3146
2021-04-18,Ethiopia,Africa,12981,240236,182,3328
2021-04-25,Ethiopia,Africa,10719,250955,203,3531
2021-05-02,Ethiopia,Africa,7107,258062,178,3709
2021-05-09,Ethiopia,Africa,4155,262217,162,3871
2021-05-16,Ethiopia,Africa,3615,265832,105,3976
2021-05-23,Ethiopia,Africa,3069,268901,92,4068
2021-05-30,Ethiopia,Africa,2299,271200,75,4143
2021-06-06,Ethiopia,Africa,1605,272805,58,4201
2021-06-13,Ethiopia,Africa,1223,274028,36,4237
2021-06-20,Ethiopia,Africa,1008,275036,43,4280
2021-06-27,Ethiopia,Africa,845,275881,29,4309
2021-07-04,Ethiopia,Africa,487,276368,21,4330
2021-07-11,Ethiopia,Africa,616,276984,13,4343
2021-07-18,Ethiopia,Africa,631,277615,11,4354
2021-07-25,Ethiopia,Africa,831,278446,13,4367
2021-08-01,Ethiopia,Africa,1919,280365,18,4385
2021-08-08,Ethiopia,Africa,3302,283667,36,4421
2021-08-15,Ethiopia,Africa,5121,288788,50,4471
2021-08-22,Ethiopia,Africa,6231,295019,82,4553
2021-08-29,Ethiopia,Africa,10058,305077,78,4631
2021-09-05,Ethiopia,Africa,8391,313468,118,4749
2021-09-12,Ethiopia,Africa,9269,322737,158,4907
2021-09-19,Ethiopia,Africa,9266,332003,208,5115
2021-09-26,Ethiopia,Africa,8842,340845,254,5369
2021-10-03,Ethiopia,Africa,7127,347972,306,5675
2021-10-10,Ethiopia,Africa,6061,354033,275,5950
2021-10-17,Ethiopia,Africa,4706,358739,247,6197
2021-10-24,Ethiopia,Africa,2908,361647,136,6333
2021-10-31,Ethiopia,Africa,3313,364960,118,6451
2021-11-07,Ethiopia,Africa,2102,367062,80,6531
2021-11-14,Ethiopia,Africa,1584,368646,82,6613
2021-11-21,Ethiopia,Africa,1408,370054,59,6672
2021-11-28,Ethiopia,Africa,1123,371177,64,6736
2021-12-05,Ethiopia,Africa,913,372090,58,6794
2021-12-12,Ethiopia,Africa,910,373000,35,6829
2021-12-19,Ethiopia,Africa,2810,375810,32,6861
2021-12-26,Ethiopia,Africa,19940,395750,33,6894
2022-01-02,Ethiopia,Africa,28590,424340,53,6947
2022-01-09,Ethiopia,Africa,18999,443339,73,7020
2022-01-16,Ethiopia,Africa,12940,456279,111,7131
2022-01-23,Ethiopia,Africa,5454,461733,105,7236
2022-01-30,Ethiopia,Africa,3021,464754,91,7327
2022-02-06,Ethiopia,Africa,1701,466455,29,7356
2022-02-13,Ethiopia,Africa,944,467399,65,7421
2022-02-20,Ethiopia,Africa,885,468284,17,7438
2022-02-27,Ethiopia,Africa,341,468625,20,7458
2022-03-06,Ethiopia,Africa,305,468930,18,7476
2022-03-13,Ethiopia,Africa,240,469170,9,7485
2022-03-20,Ethiopia,Africa,271,469441,4,7489
2022-03-27,Ethiopia,Africa,170,469611,3,7492
2022-04-03,Ethiopia,Africa,195,469806,12,7504
2022-04-10,Ethiopia,Africa,219,470025,5,7509
2022-04-17,Ethiopia,Africa,234,470259,0,7509
2022-04-24,Ethiopia,Africa,158,470417,1,7510
2022-05-01,Ethiopia,Africa,151,470568,0,7510
2022-05-08,Ethiopia,Africa,162,470730,0,7510
2022-05-15,Ethiopia,Africa,207,470937,0,7510
2022-05-22,Ethiopia,Africa,406,471343,2,7512
2022-05-29,Ethiopia,Africa,889,472232,1,7513
2022-06-05,Ethiopia,Africa,2483,474715,2,7515
2022-06-12,Ethiopia,Africa,3829,478544,1,7516
2022-06-19,Ethiopia,Africa,5195,483739,6,7522
2022-06-26,Ethiopia,Africa,3478,487217,8,7530
2022-07-03,Ethiopia,Africa,2038,489255,8,7538
2022-07-10,Ethiopia,Africa,1041,490296,13,7551
2022-07-17,Ethiopia,Africa,735,491031,10,7561
2022-07-24,Ethiopia,Africa,698,491729,5,7566
2022-07-31,Ethiopia,Africa,465,492194,2,7568
2022-08-07,Ethiopia,Africa,282,492476,1,7569
2022-08-14,Ethiopia,Africa,262,492738,0,7569
2022-08-21,Ethiopia,Africa,222,492960,2,7571
2022-08-28,Ethiopia,Africa,172,493132,0,7571
2022-09-04,Ethiopia,Africa,102,493234,1,7572
2022-09-11,Ethiopia,Africa,106,493340,0,7572
2022-09-18,Ethiopia,Africa,89,493429,0,7572
2022-09-25,Ethiopia,Africa,76,493505,0,7572
2022-10-02,Ethiopia,Africa,82,493587,0,7572
2022-10-09,Ethiopia,Africa,95,493682,0,7572
2022-10-16,Ethiopia,Africa,99,493781,0,7572
2022-10-23,Ethiopia,Africa,83,493864,0,7572
2022-10-30,Ethiopia,Africa,75,493939,0,7572
2022-11-06,Ethiopia,Africa,100,494039,0,7572
2022-11-13,Ethiopia,Africa,141,494180,0,7572
2022-11-20,Ethiopia,Africa,120,494300,0,7572
2022-11-27,Ethiopia,Africa,162,494462,0,7572
2022-12-04,Ethiopia,Africa,264,494726,0,7572
2022-12-11,Ethiopia,Africa,470,495196,0,7572
2022-12-18,Ethiopia,Africa,887,496083,0,7572
2022-12-25,Ethiopia,Africa,1013,497096,0,7572
2023-01-01,Ethiopia,Africa,905,498001,0,7572
2023-01-08,Ethiopia,Africa,659,498660,0,7572
2023-01-15,Ethiopia,Africa,422,499082,0,7572
2023-01-22,Ethiopia,Africa,213,499295,0,7572
2023-01-29,Ethiopia,Africa,171,499466,0,7572
2023-02-05,Ethiopia,Africa,177,499643,0,7572
2023-02-12,Ethiopia,Africa,118,499761,0,7572
2023-02-19,Ethiopia,Africa,98,499859,0,7572
2023-02-26,Ethiopia,Africa,100,499959,0,7572
2023-03-05,Ethiopia,Africa,80,500039,0,7572
2023-03-12,Ethiopia,Africa,111,500150,0,7572
2023-03-19,Ethiopia,Africa,109,500259,0,7572
2023-03-26,Ethiopia,Africa,177,500436,1,7573
2023-04-02,Ethiopia,Africa,128,500564,0,7573
2023-04-09,Ethiopia,Africa,143,500707,0,7573
2023-04-16,Ethiopia,Africa,67,500774,1,7574
2023-04-23,Ethiopia,Africa,40,500814,0,7574
2023-04-30,Ethiopia,Africa,17,500831,0,7574
2023-05-07,Ethiopia,Africa,22,500853,0,7574
2023-05-14,Ethiopia,Africa,15,500868,0,7574
2023-05-21,Ethiopia,Africa,9,500877,0,7574
2023-05-28,Ethiopia,Africa,13,500890,0,7574
2023-06-04,Ethiopia,Africa,18,500908,0,7574
2023-06-11,Ethiopia,Africa,8,500916,0,7574
2023-06-18,Ethiopia,Africa,4,500920,0,7574
2023-06-25,Ethiopia,Africa,0,500920,0,7574
2023-07-02,Ethiopia,Africa,0,500920,0,7574
2023-07-09,Ethiopia,Africa,23,500943,0,7574
2023-07-16,Ethiopia,Africa,3,500946,0,7574
2023-07-23,Ethiopia,Africa,0,500946,0,7574
2023-07-30,Ethiopia,Africa,0,500946,0,7574
2023-08-06,Ethiopia,Africa,45,500991,0,7574
2023-08-13,Ethiopia,Africa,0,500991,0,7574
2023-08-20,Ethiopia,Africa,0,500991,0,7574
2023-08-27,Ethiopia,Africa,0,500991,0,7574
2023-09-03,Ethiopia,Africa,46,501037,0,7574
2023-09-10,Ethiopia,Africa,12,501049,0,7574
2023-09-17,Ethiopia,Africa,11,501060,0,7574
2023-09-24,Ethiopia,Africa,0,501060,0,7574
2023-10-01,Ethiopia,Africa,0,501060,0,7574
2023-10-08,Ethiopia,Africa,4,501064,0,7574
2023-10-15,Ethiopia,Africa,1,501065,0,7574
2023-10-22,Ethiopia,Africa,7,501072,0,7574
2023-10-29,Ethiopia,Africa,5,501077,0,7574
2023-11-05,Ethiopia,Africa,10,501087,0,7574
2023-11-12,Ethiopia,Africa,5,501092,0,7574
2023-11-19,Ethiopia,Africa,1,501093,0,7574
2023-11-26,Ethiopia,Africa,11,501104,0,7574
2023-12-03,Ethiopia,Africa,13,501117,0,7574
2023-12-10,Ethiopia,Africa,0,501117,0,7574
2023-12-17,Ethiopia,Africa,0,501117,0,7574
2023-12-24,Ethiopia,Africa,0,501117,0,7574
2023-12-31,Ethiopia,Africa,0,501117,0,7574
2024-01-07,Ethiopia,Africa,0,501117,0,7574
2024-01-14,Ethiopia,Africa,0,501117,0,7574
2024-01-21,Ethiopia,Africa,0,501117,0,7574
2024-01-28,Ethiopia,Africa,0,501117,0,7574
2024-02-04,Ethiopia,Africa,0,501117,0,7574
2024-02-11,Ethiopia,Africa,40,501157,0,7574
2024-02-18,Ethiopia,Africa,0,501157,0,7574
2024-02-25,Ethiopia,Africa,0,501157,0,7574
2024-03-03,Ethiopia,Africa,0,501157,0,7574
2024-03-10,Ethiopia,Africa,0,501157,0,7574
2024-03-17,Ethiopia,Africa,0,501157,0,7574
2024-03-24,Ethiopia,Africa,0,501157,0,7574
2024-03-31,Ethiopia,Africa,1,501158,0,7574
2024-04-07,Ethiopia,Africa,4,501162,0,7574
2024-04-14,Ethiopia,Africa,1,501163,0,7574
2024-04-21,Ethiopia,Africa,2,501165,0,7574
2024-04-28,Ethiopia,Africa,2,501167,0,7574
2024-05-05,Ethiopia,Africa,0,501167,0,7574
2024-05-12,Ethiopia,Africa,1,501168,0,7574
2024-05-19,Ethiopia,Africa,2,501170,0,7574
2024-05-26,Ethiopia,Africa,1,501171,0,7574
2024-06-02,Ethiopia,Africa,0,501171,0,7574
2024-06-09,Ethiopia,Africa,1,501172,0,7574
2024-06-16,Ethiopia,Africa,0,501172,0,7574
2024-06-23,Ethiopia,Africa,1,501173,0,7574
2024-06-30,Ethiopia,Africa,2,501175,0,7574
2024-07-07,Ethiopia,Africa,4,501179,0,7574
2024-07-14,Ethiopia,Africa,3,501182,0,7574
2024-07-21,Ethiopia,Africa,3,501185,0,7574
2024-07-28,Ethiopia,Africa,8,501193,0,7574
2024-08-04,Ethiopia,Africa,3,501196,0,7574
2024-08-11,Ethiopia,Africa,5,501201,0,7574
2024-08-18,Ethiopia,Africa,19,501220,0,7574
2024-08-25,Ethiopia,Africa,2,501222,0,7574
2024-09-01,Ethiopia,Africa,1,501223,0,7574
2020-01-05,Falkland Islands (Malvinas),South America,0,0,0,0
2020-01-12,Falkland Islands (Malvinas),South America,0,0,0,0
2020-01-19,Falkland Islands (Malvinas),South America,0,0,0,0
2020-01-26,Falkland Islands (Malvinas),South America,0,0,0,0
2020-02-02,Falkland Islands (Malvinas),South America,0,0,0,0
2020-02-09,Falkland Islands (Malvinas),South America,0,0,0,0
2020-02-16,Falkland Islands (Malvinas),South America,0,0,0,0
2020-02-23,Falkland Islands (Malvinas),South America,0,0,0,0
2020-03-01,Falkland Islands (Malvinas),South America,0,0,0,0
2020-03-08,Falkland Islands (Malvinas),South America,0,0,0,0
2020-03-15,Falkland Islands (Malvinas),South America,0,0,0,0
2020-03-22,Falkland Islands (Malvinas),South America,0,0,0,0
2020-03-29,Falkland Islands (Malvinas),South America,0,0,0,0
2020-04-05,Falkland Islands (Malvinas),South America,1,1,0,0
2020-04-12,Falkland Islands (Malvinas),South America,4,5,0,0
2020-04-19,Falkland Islands (Malvinas),South America,6,11,0,0
2020-04-26,Falkland Islands (Malvinas),South America,2,13,0,0
2020-05-03,Falkland Islands (Malvinas),South America,0,13,0,0
2020-05-10,Falkland Islands (Malvinas),South America,0,13,0,0
2020-05-17,Falkland Islands (Malvinas),South America,0,13,0,0
2020-05-24,Falkland Islands (Malvinas),South America,0,13,0,0
2020-05-31,Falkland Islands (Malvinas),South America,0,13,0,0
2020-06-07,Falkland Islands (Malvinas),South America,0,13,0,0
2020-06-14,Falkland Islands (Malvinas),South America,0,13,0,0
2020-06-21,Falkland Islands (Malvinas),South America,0,13,0,0
2020-06-28,Falkland Islands (Malvinas),South America,0,13,0,0
2020-07-05,Falkland Islands (Malvinas),South America,0,13,0,0
2020-07-12,Falkland Islands (Malvinas),South America,0,13,0,0
2020-07-19,Falkland Islands (Malvinas),South America,0,13,0,0
2020-07-26,Falkland Islands (Malvinas),South America,0,13,0,0
2020-08-02,Falkland Islands (Malvinas),South America,0,13,0,0
2020-08-09,Falkland Islands (Malvinas),South America,0,13,0,0
2020-08-16,Falkland Islands (Malvinas),South America,0,13,0,0
2020-08-23,Falkland Islands (Malvinas),South America,0,13,0,0
2020-08-30,Falkland Islands (Malvinas),South America,0,13,0,0
2020-09-06,Falkland Islands (Malvinas),South America,0,13,0,0
2020-09-13,Falkland Islands (Malvinas),South America,0,13,0,0
2020-09-20,Falkland Islands (Malvinas),South America,0,13,0,0
2020-09-27,Falkland Islands (Malvinas),South America,0,13,0,0
2020-10-04,Falkland Islands (Malvinas),South America,0,13,0,0
2020-10-11,Falkland Islands (Malvinas),South America,0,13,0,0
2020-10-18,Falkland Islands (Malvinas),South America,0,13,0,0
2020-10-25,Falkland Islands (Malvinas),South America,0,13,0,0
2020-11-01,Falkland Islands (Malvinas),South America,0,13,0,0
2020-11-08,Falkland Islands (Malvinas),South America,0,13,0,0
2020-11-15,Falkland Islands (Malvinas),South America,2,15,0,0
2020-11-22,Falkland Islands (Malvinas),South America,1,16,0,0
2020-11-29,Falkland Islands (Malvinas),South America,1,17,0,0
2020-12-06,Falkland Islands (Malvinas),South America,0,17,0,0
2020-12-13,Falkland Islands (Malvinas),South America,2,19,0,0
2020-12-20,Falkland Islands (Malvinas),South America,4,23,0,0
2020-12-27,Falkland Islands (Malvinas),South America,6,29,0,0
2021-01-03,Falkland Islands (Malvinas),South America,0,29,0,0
2021-01-10,Falkland Islands (Malvinas),South America,0,29,0,0
2021-01-17,Falkland Islands (Malvinas),South America,3,32,0,0
2021-01-24,Falkland Islands (Malvinas),South America,5,37,0,0
2021-01-31,Falkland Islands (Malvinas),South America,3,40,0,0
2021-02-07,Falkland Islands (Malvinas),South America,4,44,0,0
2021-02-14,Falkland Islands (Malvinas),South America,5,49,0,0
2021-02-21,Falkland Islands (Malvinas),South America,0,49,0,0
2021-02-28,Falkland Islands (Malvinas),South America,2,51,0,0
2021-03-07,Falkland Islands (Malvinas),South America,0,51,0,0
2021-03-14,Falkland Islands (Malvinas),South America,0,51,0,0
2021-03-21,Falkland Islands (Malvinas),South America,0,51,0,0
2021-03-28,Falkland Islands (Malvinas),South America,0,51,0,0
2021-04-04,Falkland Islands (Malvinas),South America,1,52,0,0
2021-04-11,Falkland Islands (Malvinas),South America,8,60,0,0
2021-04-18,Falkland Islands (Malvinas),South America,0,60,0,0
2021-04-25,Falkland Islands (Malvinas),South America,0,60,0,0
2021-05-02,Falkland Islands (Malvinas),South America,0,60,0,0
2021-05-09,Falkland Islands (Malvinas),South America,0,60,0,0
2021-05-16,Falkland Islands (Malvinas),South America,0,60,0,0
2021-05-23,Falkland Islands (Malvinas),South America,0,60,0,0
2021-05-30,Falkland Islands (Malvinas),South America,0,60,0,0
2021-06-06,Falkland Islands (Malvinas),South America,0,60,0,0
2021-06-13,Falkland Islands (Malvinas),South America,0,60,0,0
2021-06-20,Falkland Islands (Malvinas),South America,0,60,0,0
2021-06-27,Falkland Islands (Malvinas),South America,0,60,0,0
2021-07-04,Falkland Islands (Malvinas),South America,0,60,0,0
2021-07-11,Falkland Islands (Malvinas),South America,0,60,0,0
2021-07-18,Falkland Islands (Malvinas),South America,0,60,0,0
2021-07-25,Falkland Islands (Malvinas),South America,0,60,0,0
2021-08-01,Falkland Islands (Malvinas),South America,0,60,0,0
2021-08-08,Falkland Islands (Malvinas),South America,4,64,0,0
2021-08-15,Falkland Islands (Malvinas),South America,0,64,0,0
2021-08-22,Falkland Islands (Malvinas),South America,0,64,0,0
2021-08-29,Falkland Islands (Malvinas),South America,0,64,0,0
2021-09-05,Falkland Islands (Malvinas),South America,0,64,0,0
2021-09-12,Falkland Islands (Malvinas),South America,0,64,0,0
2021-09-19,Falkland Islands (Malvinas),South America,0,64,0,0
2021-09-26,Falkland Islands (Malvinas),South America,3,67,0,0
2021-10-03,Falkland Islands (Malvinas),South America,0,67,0,0
2021-10-10,Falkland Islands (Malvinas),South America,2,69,0,0
2021-10-17,Falkland Islands (Malvinas),South America,0,69,0,0
2021-10-24,Falkland Islands (Malvinas),South America,0,69,0,0
2021-10-31,Falkland Islands (Malvinas),South America,0,69,0,0
2021-11-07,Falkland Islands (Malvinas),South America,9,78,0,0
2021-11-14,Falkland Islands (Malvinas),South America,1,79,0,0
2021-11-21,Falkland Islands (Malvinas),South America,0,79,0,0
2021-11-28,Falkland Islands (Malvinas),South America,0,79,0,0
2021-12-05,Falkland Islands (Malvinas),South America,0,79,0,0
2021-12-12,Falkland Islands (Malvinas),South America,1,80,0,0
2021-12-19,Falkland Islands (Malvinas),South America,1,81,0,0
2021-12-26,Falkland Islands (Malvinas),South America,0,81,0,0
2022-01-02,Falkland Islands (Malvinas),South America,1,82,0,0
2022-01-09,Falkland Islands (Malvinas),South America,3,85,0,0
2022-01-16,Falkland Islands (Malvinas),South America,0,85,0,0
2022-01-23,Falkland Islands (Malvinas),South America,1,86,0,0
2022-01-30,Falkland Islands (Malvinas),South America,3,89,0,0
2022-02-06,Falkland Islands (Malvinas),South America,2,91,0,0
2022-02-13,Falkland Islands (Malvinas),South America,7,98,0,0
2022-02-20,Falkland Islands (Malvinas),South America,7,105,0,0
2022-02-27,Falkland Islands (Malvinas),South America,5,110,0,0
2022-03-06,Falkland Islands (Malvinas),South America,5,115,0,0
2022-03-13,Falkland Islands (Malvinas),South America,3,118,0,0
2022-03-20,Falkland Islands (Malvinas),South America,1,119,0,0
2022-03-27,Falkland Islands (Malvinas),South America,0,119,0,0
2022-04-03,Falkland Islands (Malvinas),South America,5,124,0,0
2022-04-10,Falkland Islands (Malvinas),South America,5,129,0,0
2022-04-17,Falkland Islands (Malvinas),South America,2,131,0,0
2022-04-24,Falkland Islands (Malvinas),South America,21,152,0,0
2022-05-01,Falkland Islands (Malvinas),South America,29,181,0,0
2022-05-08,Falkland Islands (Malvinas),South America,211,392,0,0
2022-05-15,Falkland Islands (Malvinas),South America,734,1126,0,0
2022-05-22,Falkland Islands (Malvinas),South America,0,1126,0,0
2022-05-29,Falkland Islands (Malvinas),South America,537,1663,0,0
2022-06-05,Falkland Islands (Malvinas),South America,54,1717,0,0
2022-06-12,Falkland Islands (Malvinas),South America,16,1733,0,0
2022-06-19,Falkland Islands (Malvinas),South America,23,1756,0,0
2022-06-26,Falkland Islands (Malvinas),South America,51,1807,0,0
2022-07-03,Falkland Islands (Malvinas),South America,8,1815,0,0
2022-07-10,Falkland Islands (Malvinas),South America,16,1831,0,0
2022-07-17,Falkland Islands (Malvinas),South America,0,1831,0,0
2022-07-24,Falkland Islands (Malvinas),South America,4,1835,0,0
2022-07-31,Falkland Islands (Malvinas),South America,4,1839,0,0
2022-08-07,Falkland Islands (Malvinas),South America,8,1847,0,0
2022-08-14,Falkland Islands (Malvinas),South America,20,1867,0,0
2022-08-21,Falkland Islands (Malvinas),South America,14,1881,0,0
2022-08-28,Falkland Islands (Malvinas),South America,5,1886,0,0
2022-09-04,Falkland Islands (Malvinas),South America,0,1886,0,0
2022-09-11,Falkland Islands (Malvinas),South America,0,1886,0,0
2022-09-18,Falkland Islands (Malvinas),South America,0,1886,0,0
2022-09-25,Falkland Islands (Malvinas),South America,0,1886,0,0
2022-10-02,Falkland Islands (Malvinas),South America,37,1923,0,0
2022-10-09,Falkland Islands (Malvinas),South America,0,1923,0,0
2022-10-16,Falkland Islands (Malvinas),South America,0,1923,0,0
2022-10-23,Falkland Islands (Malvinas),South America,0,1923,0,0
2022-10-30,Falkland Islands (Malvinas),South America,0,1923,0,0
2022-11-06,Falkland Islands (Malvinas),South America,0,1923,0,0
2022-11-13,Falkland Islands (Malvinas),South America,0,1923,0,0
2022-11-20,Falkland Islands (Malvinas),South America,0,1923,0,0
2022-11-27,Falkland Islands (Malvinas),South America,0,1923,0,0
2022-12-04,Falkland Islands (Malvinas),South America,0,1923,0,0
2022-12-11,Falkland Islands (Malvinas),South America,0,1923,0,0
2022-12-18,Falkland Islands (Malvinas),South America,0,1923,0,0
2022-12-25,Falkland Islands (Malvinas),South America,0,1923,0,0
2023-01-01,Falkland Islands (Malvinas),South America,0,1923,0,0
2023-01-08,Falkland Islands (Malvinas),South America,0,1923,0,0
2023-01-15,Falkland Islands (Malvinas),South America,0,1923,0,0
2023-01-22,Falkland Islands (Malvinas),South America,0,1923,0,0
2023-01-29,Falkland Islands (Malvinas),South America,0,1923,0,0
2023-02-05,Falkland Islands (Malvinas),South America,0,1923,0,0
2023-02-12,Falkland Islands (Malvinas),South America,0,1923,0,0
2023-02-19,Falkland Islands (Malvinas),South America,0,1923,0,0
2023-02-26,Falkland Islands (Malvinas),South America,0,1923,0,0
2023-03-05,Falkland Islands (Malvinas),South America,0,1923,0,0
2023-03-12,Falkland Islands (Malvinas),South America,0,1923,0,0
2023-03-19,Falkland Islands (Malvinas),South America,0,1923,0,0
2023-03-26,Falkland Islands (Malvinas),South America,0,1923,0,0
2023-04-02,Falkland Islands (Malvinas),South America,0,1923,0,0
2023-04-09,Falkland Islands (Malvinas),South America,0,1923,0,0
2023-04-16,Falkland Islands (Malvinas),South America,0,1923,0,0
2023-04-23,Falkland Islands (Malvinas),South America,0,1923,0,0
2023-04-30,Falkland Islands (Malvinas),South America,0,1923,0,0
2023-05-07,Falkland Islands (Malvinas),South America,0,1923,0,0
2023-05-14,Falkland Islands (Malvinas),South America,0,1923,0,0
2023-05-21,Falkland Islands (Malvinas),South America,0,1923,0,0
2023-05-28,Falkland Islands (Malvinas),South America,0,1923,0,0
2023-06-04,Falkland Islands (Malvinas),South America,0,1923,0,0
2023-06-11,Falkland Islands (Malvinas),South America,0,1923,0,0
2023-06-18,Falkland Islands (Malvinas),South America,0,1923,0,0
2023-06-25,Falkland Islands (Malvinas),South America,0,1923,0,0
2023-07-02,Falkland Islands (Malvinas),South America,0,1923,0,0
2023-07-09,Falkland Islands (Malvinas),South America,0,1923,0,0
2023-07-16,Falkland Islands (Malvinas),South America,0,1923,0,0
2023-07-23,Falkland Islands (Malvinas),South America,0,1923,0,0
2023-07-30,Falkland Islands (Malvinas),South America,0,1923,0,0
2023-08-06,Falkland Islands (Malvinas),South America,0,1923,0,0
2023-08-13,Falkland Islands (Malvinas),South America,0,1923,0,0
2023-08-20,Falkland Islands (Malvinas),South America,0,1923,0,0
2023-08-27,Falkland Islands (Malvinas),South America,0,1923,0,0
2023-09-03,Falkland Islands (Malvinas),South America,0,1923,0,0
2023-09-10,Falkland Islands (Malvinas),South America,0,1923,0,0
2023-09-17,Falkland Islands (Malvinas),South America,0,1923,0,0
2023-09-24,Falkland Islands (Malvinas),South America,0,1923,0,0
2023-10-01,Falkland Islands (Malvinas),South America,0,1923,0,0
2023-10-08,Falkland Islands (Malvinas),South America,0,1923,0,0
2023-10-15,Falkland Islands (Malvinas),South America,0,1923,0,0
2023-10-22,Falkland Islands (Malvinas),South America,0,1923,0,0
2023-10-29,Falkland Islands (Malvinas),South America,0,1923,0,0
2023-11-05,Falkland Islands (Malvinas),South America,0,1923,0,0
2023-11-12,Falkland Islands (Malvinas),South America,0,1923,0,0
2023-11-19,Falkland Islands (Malvinas),South America,0,1923,0,0
2023-11-26,Falkland Islands (Malvinas),South America,0,1923,0,0
2023-12-03,Falkland Islands (Malvinas),South America,0,1923,0,0
2023-12-10,Falkland Islands (Malvinas),South America,0,1923,0,0
2023-12-17,Falkland Islands (Malvinas),South America,0,1923,0,0
2023-12-24,Falkland Islands (Malvinas),South America,0,1923,0,0
2023-12-31,Falkland Islands (Malvinas),South America,0,1923,0,0
2024-01-07,Falkland Islands (Malvinas),South America,0,1923,0,0
2024-01-14,Falkland Islands (Malvinas),South America,0,1923,0,0
2024-01-21,Falkland Islands (Malvinas),South America,0,1923,0,0
2024-01-28,Falkland Islands (Malvinas),South America,0,1923,0,0
2024-02-04,Falkland Islands (Malvinas),South America,0,1923,0,0
2024-02-11,Falkland Islands (Malvinas),South America,0,1923,0,0
2024-02-18,Falkland Islands (Malvinas),South America,0,1923,0,0
2024-02-25,Falkland Islands (Malvinas),South America,0,1923,0,0
2024-03-03,Falkland Islands (Malvinas),South America,0,1923,0,0
2024-03-10,Falkland Islands (Malvinas),South America,0,1923,0,0
2024-03-17,Falkland Islands (Malvinas),South America,0,1923,0,0
2024-03-24,Falkland Islands (Malvinas),South America,0,1923,0,0
2024-03-31,Falkland Islands (Malvinas),South America,0,1923,0,0
2024-04-07,Falkland Islands (Malvinas),South America,0,1923,0,0
2024-04-14,Falkland Islands (Malvinas),South America,0,1923,0,0
2024-04-21,Falkland Islands (Malvinas),South America,0,1923,0,0
2024-04-28,Falkland Islands (Malvinas),South America,0,1923,0,0
2024-05-05,Falkland Islands (Malvinas),South America,0,1923,0,0
2024-05-12,Falkland Islands (Malvinas),South America,0,1923,0,0
2024-05-19,Falkland Islands (Malvinas),South America,0,1923,0,0
2024-05-26,Falkland Islands (Malvinas),South America,0,1923,0,0
2024-06-02,Falkland Islands (Malvinas),South America,0,1923,0,0
2024-06-09,Falkland Islands (Malvinas),South America,0,1923,0,0
2024-06-16,Falkland Islands (Malvinas),South America,0,1923,0,0
2024-06-23,Falkland Islands (Malvinas),South America,0,1923,0,0
2024-06-30,Falkland Islands (Malvinas),South America,0,1923,0,0
2024-07-07,Falkland Islands (Malvinas),South America,0,1923,0,0
2024-07-14,Falkland Islands (Malvinas),South America,0,1923,0,0
2024-07-21,Falkland Islands (Malvinas),South America,0,1923,0,0
2024-07-28,Falkland Islands (Malvinas),South America,0,1923,0,0
2024-08-04,Falkland Islands (Malvinas),South America,0,1923,0,0
2024-08-11,Falkland Islands (Malvinas),South America,0,1923,0,0
2024-08-18,Falkland Islands (Malvinas),South America,0,1923,0,0
2024-08-25,Falkland Islands (Malvinas),South America,0,1923,0,0
2024-09-01,Falkland Islands (Malvinas),South America,0,1923,0,0
2020-01-05,Faroe Islands,Europe,0,0,0,0
2020-01-12,Faroe Islands,Europe,0,0,0,0
2020-01-19,Faroe Islands,Europe,0,0,0,0
2020-01-26,Faroe Islands,Europe,0,0,0,0
2020-02-02,Faroe Islands,Europe,0,0,0,0
2020-02-09,Faroe Islands,Europe,0,0,0,0
2020-02-16,Faroe Islands,Europe,0,0,0,0
2020-02-23,Faroe Islands,Europe,0,0,0,0
2020-03-01,Faroe Islands,Europe,0,0,0,0
2020-03-08,Faroe Islands,Europe,2,2,0,0
2020-03-15,Faroe Islands,Europe,8,10,0,0
2020-03-22,Faroe Islands,Europe,90,100,0,0
2020-03-29,Faroe Islands,Europe,56,156,0,0
2020-04-05,Faroe Islands,Europe,25,181,0,0
2020-04-12,Faroe Islands,Europe,3,184,0,0
2020-04-19,Faroe Islands,Europe,1,185,0,0
2020-04-26,Faroe Islands,Europe,2,187,0,0
2020-05-03,Faroe Islands,Europe,0,187,0,0
2020-05-10,Faroe Islands,Europe,0,187,0,0
2020-05-17,Faroe Islands,Europe,0,187,0,0
2020-05-24,Faroe Islands,Europe,0,187,0,0
2020-05-31,Faroe Islands,Europe,0,187,0,0
2020-06-07,Faroe Islands,Europe,0,187,0,0
2020-06-14,Faroe Islands,Europe,0,187,0,0
2020-06-21,Faroe Islands,Europe,0,187,0,0
2020-06-28,Faroe Islands,Europe,0,187,0,0
2020-07-05,Faroe Islands,Europe,0,187,0,0
2020-07-12,Faroe Islands,Europe,1,188,0,0
2020-07-19,Faroe Islands,Europe,0,188,0,0
2020-07-26,Faroe Islands,Europe,26,214,0,0
2020-08-02,Faroe Islands,Europe,11,225,0,0
2020-08-09,Faroe Islands,Europe,81,306,0,0
2020-08-16,Faroe Islands,Europe,64,370,0,0
2020-08-23,Faroe Islands,Europe,14,384,0,0
2020-08-30,Faroe Islands,Europe,30,414,0,0
2020-09-06,Faroe Islands,Europe,2,416,0,0
2020-09-13,Faroe Islands,Europe,5,421,0,0
2020-09-20,Faroe Islands,Europe,13,434,0,0
2020-09-27,Faroe Islands,Europe,29,463,0,0
2020-10-04,Faroe Islands,Europe,13,476,0,0
2020-10-11,Faroe Islands,Europe,4,480,0,0
2020-10-18,Faroe Islands,Europe,6,486,0,0
2020-10-25,Faroe Islands,Europe,7,493,0,0
2020-11-01,Faroe Islands,Europe,5,498,0,0
2020-11-08,Faroe Islands,Europe,0,498,0,0
2020-11-15,Faroe Islands,Europe,2,500,0,0
2020-11-22,Faroe Islands,Europe,2,502,0,0
2020-11-29,Faroe Islands,Europe,3,505,0,0
2020-12-06,Faroe Islands,Europe,4,509,0,0
2020-12-13,Faroe Islands,Europe,19,528,0,0
2020-12-20,Faroe Islands,Europe,14,542,0,0
2020-12-27,Faroe Islands,Europe,32,574,0,0
2021-01-03,Faroe Islands,Europe,43,617,0,0
2021-01-10,Faroe Islands,Europe,32,649,1,1
2021-01-17,Faroe Islands,Europe,3,652,0,1
2021-01-24,Faroe Islands,Europe,3,655,0,1
2021-01-31,Faroe Islands,Europe,2,657,0,1
2021-02-07,Faroe Islands,Europe,1,658,0,1
2021-02-14,Faroe Islands,Europe,2,660,0,1
2021-02-21,Faroe Islands,Europe,1,661,0,1
2021-02-28,Faroe Islands,Europe,0,661,0,1
2021-03-07,Faroe Islands,Europe,0,661,0,1
2021-03-14,Faroe Islands,Europe,3,664,0,1
2021-03-21,Faroe Islands,Europe,0,664,0,1
2021-03-28,Faroe Islands,Europe,0,664,0,1
2021-04-04,Faroe Islands,Europe,0,664,0,1
2021-04-11,Faroe Islands,Europe,0,664,0,1
2021-04-18,Faroe Islands,Europe,1,665,0,1
2021-04-25,Faroe Islands,Europe,1,666,0,1
2021-05-02,Faroe Islands,Europe,1,667,0,1
2021-05-09,Faroe Islands,Europe,4,671,0,1
2021-05-16,Faroe Islands,Europe,2,673,0,1
2021-05-23,Faroe Islands,Europe,3,676,0,1
2021-05-30,Faroe Islands,Europe,39,715,0,1
2021-06-06,Faroe Islands,Europe,29,744,0,1
2021-06-13,Faroe Islands,Europe,14,758,0,1
2021-06-20,Faroe Islands,Europe,6,764,0,1
2021-06-27,Faroe Islands,Europe,10,774,0,1
2021-07-04,Faroe Islands,Europe,10,784,0,1
2021-07-11,Faroe Islands,Europe,64,848,0,1
2021-07-18,Faroe Islands,Europe,76,924,0,1
2021-07-25,Faroe Islands,Europe,49,973,0,1
2021-08-01,Faroe Islands,Europe,13,986,0,1
2021-08-08,Faroe Islands,Europe,5,991,1,2
2021-08-15,Faroe Islands,Europe,4,995,0,2
2021-08-22,Faroe Islands,Europe,3,998,0,2
2021-08-29,Faroe Islands,Europe,5,1003,0,2
2021-09-05,Faroe Islands,Europe,6,1009,0,2
2021-09-12,Faroe Islands,Europe,29,1038,0,2
2021-09-19,Faroe Islands,Europe,24,1062,0,2
2021-09-26,Faroe Islands,Europe,56,1118,0,2
2021-10-03,Faroe Islands,Europe,95,1213,0,2
2021-10-10,Faroe Islands,Europe,69,1282,0,2
2021-10-17,Faroe Islands,Europe,61,1343,0,2
2021-10-24,Faroe Islands,Europe,197,1540,0,2
2021-10-31,Faroe Islands,Europe,546,2086,0,2
2021-11-07,Faroe Islands,Europe,505,2591,3,5
2021-11-14,Faroe Islands,Europe,318,2909,2,7
2021-11-21,Faroe Islands,Europe,265,3174,5,12
2021-11-28,Faroe Islands,Europe,302,3476,1,13
2021-12-05,Faroe Islands,Europe,387,3863,0,13
2021-12-12,Faroe Islands,Europe,479,4342,0,13
2021-12-19,Faroe Islands,Europe,363,4705,0,13
2021-12-26,Faroe Islands,Europe,445,5150,0,13
2022-01-02,Faroe Islands,Europe,936,6086,1,14
2022-01-09,Faroe Islands,Europe,1473,7559,1,15
2022-01-16,Faroe Islands,Europe,2210,9769,0,15
2022-01-23,Faroe Islands,Europe,4062,13831,2,17
2022-01-30,Faroe Islands,Europe,4791,18622,1,18
2022-02-06,Faroe Islands,Europe,4973,23595,2,20
2022-02-13,Faroe Islands,Europe,4835,28430,2,22
2022-02-20,Faroe Islands,Europe,3454,31884,2,24
2022-02-27,Faroe Islands,Europe,2254,34138,4,28
2022-03-06,Faroe Islands,Europe,520,34658,0,28
2022-03-13,Faroe Islands,Europe,0,34658,0,28
2022-03-20,Faroe Islands,Europe,0,34658,0,28
2022-03-27,Faroe Islands,Europe,0,34658,0,28
2022-04-03,Faroe Islands,Europe,0,34658,0,28
2022-04-10,Faroe Islands,Europe,0,34658,0,28
2022-04-17,Faroe Islands,Europe,0,34658,0,28
2022-04-24,Faroe Islands,Europe,0,34658,0,28
2022-05-01,Faroe Islands,Europe,0,34658,0,28
2022-05-08,Faroe Islands,Europe,0,34658,0,28
2022-05-15,Faroe Islands,Europe,0,34658,0,28
2022-05-22,Faroe Islands,Europe,0,34658,0,28
2022-05-29,Faroe Islands,Europe,0,34658,0,28
2022-06-05,Faroe Islands,Europe,0,34658,0,28
2022-06-12,Faroe Islands,Europe,0,34658,0,28
2022-06-19,Faroe Islands,Europe,0,34658,0,28
2022-06-26,Faroe Islands,Europe,0,34658,0,28
2022-07-03,Faroe Islands,Europe,0,34658,0,28
2022-07-10,Faroe Islands,Europe,0,34658,0,28
2022-07-17,Faroe Islands,Europe,0,34658,0,28
2022-07-24,Faroe Islands,Europe,0,34658,0,28
2022-07-31,Faroe Islands,Europe,0,34658,0,28
2022-08-07,Faroe Islands,Europe,0,34658,0,28
2022-08-14,Faroe Islands,Europe,0,34658,0,28
2022-08-21,Faroe Islands,Europe,0,34658,0,28
2022-08-28,Faroe Islands,Europe,0,34658,0,28
2022-09-04,Faroe Islands,Europe,0,34658,0,28
2022-09-11,Faroe Islands,Europe,0,34658,0,28
2022-09-18,Faroe Islands,Europe,0,34658,0,28
2022-09-25,Faroe Islands,Europe,0,34658,0,28
2022-10-02,Faroe Islands,Europe,0,34658,0,28
2022-10-09,Faroe Islands,Europe,0,34658,0,28
2022-10-16,Faroe Islands,Europe,0,34658,0,28
2022-10-23,Faroe Islands,Europe,0,34658,0,28
2022-10-30,Faroe Islands,Europe,0,34658,0,28
2022-11-06,Faroe Islands,Europe,0,34658,0,28
2022-11-13,Faroe Islands,Europe,0,34658,0,28
2022-11-20,Faroe Islands,Europe,0,34658,0,28
2022-11-27,Faroe Islands,Europe,0,34658,0,28
2022-12-04,Faroe Islands,Europe,0,34658,0,28
2022-12-11,Faroe Islands,Europe,0,34658,0,28
2022-12-18,Faroe Islands,Europe,0,34658,0,28
2022-12-25,Faroe Islands,Europe,0,34658,0,28
2023-01-01,Faroe Islands,Europe,0,34658,0,28
2023-01-08,Faroe Islands,Europe,0,34658,0,28
2023-01-15,Faroe Islands,Europe,0,34658,0,28
2023-01-22,Faroe Islands,Europe,0,34658,0,28
2023-01-29,Faroe Islands,Europe,0,34658,0,28
2023-02-05,Faroe Islands,Europe,0,34658,0,28
2023-02-12,Faroe Islands,Europe,0,34658,0,28
2023-02-19,Faroe Islands,Europe,0,34658,0,28
2023-02-26,Faroe Islands,Europe,0,34658,0,28
2023-03-05,Faroe Islands,Europe,0,34658,0,28
2023-03-12,Faroe Islands,Europe,0,34658,0,28
2023-03-19,Faroe Islands,Europe,0,34658,0,28
2023-03-26,Faroe Islands,Europe,0,34658,0,28
2023-04-02,Faroe Islands,Europe,0,34658,0,28
2023-04-09,Faroe Islands,Europe,0,34658,0,28
2023-04-16,Faroe Islands,Europe,0,34658,0,28
2023-04-23,Faroe Islands,Europe,0,34658,0,28
2023-04-30,Faroe Islands,Europe,0,34658,0,28
2023-05-07,Faroe Islands,Europe,0,34658,0,28
2023-05-14,Faroe Islands,Europe,0,34658,0,28
2023-05-21,Faroe Islands,Europe,0,34658,0,28
2023-05-28,Faroe Islands,Europe,0,34658,0,28
2023-06-04,Faroe Islands,Europe,0,34658,0,28
2023-06-11,Faroe Islands,Europe,0,34658,0,28
2023-06-18,Faroe Islands,Europe,0,34658,0,28
2023-06-25,Faroe Islands,Europe,0,34658,0,28
2023-07-02,Faroe Islands,Europe,0,34658,0,28
2023-07-09,Faroe Islands,Europe,0,34658,0,28
2023-07-16,Faroe Islands,Europe,0,34658,0,28
2023-07-23,Faroe Islands,Europe,0,34658,0,28
2023-07-30,Faroe Islands,Europe,0,34658,0,28
2023-08-06,Faroe Islands,Europe,0,34658,0,28
2023-08-13,Faroe Islands,Europe,0,34658,0,28
2023-08-20,Faroe Islands,Europe,0,34658,0,28
2023-08-27,Faroe Islands,Europe,0,34658,0,28
2023-09-03,Faroe Islands,Europe,0,34658,0,28
2023-09-10,Faroe Islands,Europe,0,34658,0,28
2023-09-17,Faroe Islands,Europe,0,34658,0,28
2023-09-24,Faroe Islands,Europe,0,34658,0,28
2023-10-01,Faroe Islands,Europe,0,34658,0,28
2023-10-08,Faroe Islands,Europe,0,34658,0,28
2023-10-15,Faroe Islands,Europe,0,34658,0,28
2023-10-22,Faroe Islands,Europe,0,34658,0,28
2023-10-29,Faroe Islands,Europe,0,34658,0,28
2023-11-05,Faroe Islands,Europe,0,34658,0,28
2023-11-12,Faroe Islands,Europe,0,34658,0,28
2023-11-19,Faroe Islands,Europe,0,34658,0,28
2023-11-26,Faroe Islands,Europe,0,34658,0,28
2023-12-03,Faroe Islands,Europe,0,34658,0,28
2023-12-10,Faroe Islands,Europe,0,34658,0,28
2023-12-17,Faroe Islands,Europe,0,34658,0,28
2023-12-24,Faroe Islands,Europe,0,34658,0,28
2023-12-31,Faroe Islands,Europe,0,34658,0,28
2024-01-07,Faroe Islands,Europe,0,34658,0,28
2024-01-14,Faroe Islands,Europe,0,34658,0,28
2024-01-21,Faroe Islands,Europe,0,34658,0,28
2024-01-28,Faroe Islands,Europe,0,34658,0,28
2024-02-04,Faroe Islands,Europe,0,34658,0,28
2024-02-11,Faroe Islands,Europe,0,34658,0,28
2024-02-18,Faroe Islands,Europe,0,34658,0,28
2024-02-25,Faroe Islands,Europe,0,34658,0,28
2024-03-03,Faroe Islands,Europe,0,34658,0,28
2024-03-10,Faroe Islands,Europe,0,34658,0,28
2024-03-17,Faroe Islands,Europe,0,34658,0,28
2024-03-24,Faroe Islands,Europe,0,34658,0,28
2024-03-31,Faroe Islands,Europe,0,34658,0,28
2024-04-07,Faroe Islands,Europe,0,34658,0,28
2024-04-14,Faroe Islands,Europe,0,34658,0,28
2024-04-21,Faroe Islands,Europe,0,34658,0,28
2024-04-28,Faroe Islands,Europe,0,34658,0,28
2024-05-05,Faroe Islands,Europe,0,34658,0,28
2024-05-12,Faroe Islands,Europe,0,34658,0,28
2024-05-19,Faroe Islands,Europe,0,34658,0,28
2024-05-26,Faroe Islands,Europe,0,34658,0,28
2024-06-02,Faroe Islands,Europe,0,34658,0,28
2024-06-09,Faroe Islands,Europe,0,34658,0,28
2024-06-16,Faroe Islands,Europe,0,34658,0,28
2024-06-23,Faroe Islands,Europe,0,34658,0,28
2024-06-30,Faroe Islands,Europe,0,34658,0,28
2024-07-07,Faroe Islands,Europe,0,34658,0,28
2024-07-14,Faroe Islands,Europe,0,34658,0,28
2024-07-21,Faroe Islands,Europe,0,34658,0,28
2024-07-28,Faroe Islands,Europe,0,34658,0,28
2024-08-04,Faroe Islands,Europe,0,34658,0,28
2024-08-11,Faroe Islands,Europe,0,34658,0,28
2024-08-18,Faroe Islands,Europe,0,34658,0,28
2024-08-25,Faroe Islands,Europe,0,34658,0,28
2024-09-01,Faroe Islands,Europe,0,34658,0,28
2020-01-05,Fiji,Oceania,0,0,0,0
2020-01-12,Fiji,Oceania,0,0,0,0
2020-01-19,Fiji,Oceania,0,0,0,0
2020-01-26,Fiji,Oceania,0,0,0,0
2020-02-02,Fiji,Oceania,0,0,0,0
2020-02-09,Fiji,Oceania,0,0,0,0
2020-02-16,Fiji,Oceania,0,0,0,0
2020-02-23,Fiji,Oceania,0,0,0,0
2020-03-01,Fiji,Oceania,0,0,0,0
2020-03-08,Fiji,Oceania,0,0,0,0
2020-03-15,Fiji,Oceania,0,0,0,0
2020-03-22,Fiji,Oceania,2,2,0,0
2020-03-29,Fiji,Oceania,3,5,0,0
2020-04-05,Fiji,Oceania,7,12,0,0
2020-04-12,Fiji,Oceania,4,16,0,0
2020-04-19,Fiji,Oceania,1,17,0,0
2020-04-26,Fiji,Oceania,1,18,0,0
2020-05-03,Fiji,Oceania,0,18,0,0
2020-05-10,Fiji,Oceania,0,18,0,0
2020-05-17,Fiji,Oceania,0,18,0,0
2020-05-24,Fiji,Oceania,0,18,0,0
2020-05-31,Fiji,Oceania,0,18,0,0
2020-06-07,Fiji,Oceania,0,18,0,0
2020-06-14,Fiji,Oceania,0,18,0,0
2020-06-21,Fiji,Oceania,0,18,0,0
2020-06-28,Fiji,Oceania,0,18,0,0
2020-07-05,Fiji,Oceania,0,18,0,0
2020-07-12,Fiji,Oceania,8,26,0,0
2020-07-19,Fiji,Oceania,0,26,0,0
2020-07-26,Fiji,Oceania,1,27,0,0
2020-08-02,Fiji,Oceania,0,27,1,1
2020-08-09,Fiji,Oceania,0,27,0,1
2020-08-16,Fiji,Oceania,1,28,0,1
2020-08-23,Fiji,Oceania,0,28,0,1
2020-08-30,Fiji,Oceania,0,28,1,2
2020-09-06,Fiji,Oceania,3,31,0,2
2020-09-13,Fiji,Oceania,1,32,0,2
2020-09-20,Fiji,Oceania,0,32,0,2
2020-09-27,Fiji,Oceania,0,32,0,2
2020-10-04,Fiji,Oceania,0,32,0,2
2020-10-11,Fiji,Oceania,0,32,0,2
2020-10-18,Fiji,Oceania,0,32,0,2
2020-10-25,Fiji,Oceania,1,33,0,2
2020-11-01,Fiji,Oceania,1,34,0,2
2020-11-08,Fiji,Oceania,0,34,0,2
2020-11-15,Fiji,Oceania,1,35,0,2
2020-11-22,Fiji,Oceania,0,35,0,2
2020-11-29,Fiji,Oceania,3,38,0,2
2020-12-06,Fiji,Oceania,6,44,0,2
2020-12-13,Fiji,Oceania,0,44,0,2
2020-12-20,Fiji,Oceania,2,46,0,2
2020-12-27,Fiji,Oceania,0,46,0,2
2021-01-03,Fiji,Oceania,3,49,0,2
2021-01-10,Fiji,Oceania,4,53,0,2
2021-01-17,Fiji,Oceania,2,55,0,2
2021-01-24,Fiji,Oceania,0,55,0,2
2021-01-31,Fiji,Oceania,0,55,0,2
2021-02-07,Fiji,Oceania,1,56,0,2
2021-02-14,Fiji,Oceania,0,56,0,2
2021-02-21,Fiji,Oceania,0,56,0,2
2021-02-28,Fiji,Oceania,3,59,0,2
2021-03-07,Fiji,Oceania,4,63,0,2
2021-03-14,Fiji,Oceania,3,66,0,2
2021-03-21,Fiji,Oceania,1,67,0,2
2021-03-28,Fiji,Oceania,0,67,0,2
2021-04-04,Fiji,Oceania,0,67,0,2
2021-04-11,Fiji,Oceania,1,68,0,2
2021-04-18,Fiji,Oceania,6,74,0,2
2021-04-25,Fiji,Oceania,17,91,0,2
2021-05-02,Fiji,Oceania,28,119,0,2
2021-05-09,Fiji,Oceania,20,139,1,3
2021-05-16,Fiji,Oceania,33,172,1,4
2021-05-23,Fiji,Oceania,58,230,0,4
2021-05-30,Fiji,Oceania,171,401,0,4
2021-06-06,Fiji,Oceania,286,687,0,4
2021-06-13,Fiji,Oceania,430,1117,0,4
2021-06-20,Fiji,Oceania,847,1964,3,7
2021-06-27,Fiji,Oceania,1627,3591,8,15
2021-07-04,Fiji,Oceania,2570,6161,15,30
2021-07-11,Fiji,Oceania,4351,10512,25,55
2021-07-18,Fiji,Oceania,7002,17514,43,98
2021-07-25,Fiji,Oceania,5625,23139,88,186
2021-08-01,Fiji,Oceania,7274,30413,55,241
2021-08-08,Fiji,Oceania,6566,36979,58,299
2021-08-15,Fiji,Oceania,3258,40237,72,371
2021-08-22,Fiji,Oceania,3360,43597,67,438
2021-08-29,Fiji,Oceania,2430,46027,41,479
2021-09-05,Fiji,Oceania,1838,47865,29,508
2021-09-12,Fiji,Oceania,1121,48986,27,535
2021-09-19,Fiji,Oceania,973,49959,31,566
2021-09-26,Fiji,Oceania,796,50755,24,590
2021-10-03,Fiji,Oceania,447,51202,43,633
2021-10-10,Fiji,Oceania,297,51499,20,653
2021-10-17,Fiji,Oceania,202,51701,8,661
2021-10-24,Fiji,Oceania,313,52014,12,673
2021-10-31,Fiji,Oceania,157,52171,1,674
2021-11-07,Fiji,Oceania,105,52276,0,674
2021-11-14,Fiji,Oceania,133,52409,20,694
2021-11-21,Fiji,Oceania,51,52460,1,695
2021-11-28,Fiji,Oceania,34,52494,1,696
2021-12-05,Fiji,Oceania,58,52552,1,697
2021-12-12,Fiji,Oceania,37,52589,0,697
2021-12-19,Fiji,Oceania,57,52646,0,697
2021-12-26,Fiji,Oceania,298,52944,0,697
2022-01-02,Fiji,Oceania,1890,54834,3,700
2022-01-09,Fiji,Oceania,2922,57756,9,709
2022-01-16,Fiji,Oceania,1700,59456,21,730
2022-01-23,Fiji,Oceania,1525,60981,38,768
2022-01-30,Fiji,Oceania,1414,62395,30,798
2022-02-06,Fiji,Oceania,886,63281,13,811
2022-02-13,Fiji,Oceania,220,63501,8,819
2022-02-20,Fiji,Oceania,123,63624,5,824
2022-02-27,Fiji,Oceania,203,63827,9,833
2022-03-06,Fiji,Oceania,192,64019,1,834
2022-03-13,Fiji,Oceania,48,64067,0,834
2022-03-20,Fiji,Oceania,242,64309,0,834
2022-03-27,Fiji,Oceania,67,64376,0,834
2022-04-03,Fiji,Oceania,41,64417,0,834
2022-04-10,Fiji,Oceania,75,64492,0,834
2022-04-17,Fiji,Oceania,10,64502,28,862
2022-04-24,Fiji,Oceania,22,64524,0,862
2022-05-01,Fiji,Oceania,110,64634,0,862
2022-05-08,Fiji,Oceania,65,64699,0,862
2022-05-15,Fiji,Oceania,74,64773,0,862
2022-05-22,Fiji,Oceania,68,64841,0,862
2022-05-29,Fiji,Oceania,100,64941,1,863
2022-06-05,Fiji,Oceania,121,65062,1,864
2022-06-12,Fiji,Oceania,95,65157,1,865
2022-06-19,Fiji,Oceania,109,65266,0,865
2022-06-26,Fiji,Oceania,197,65463,0,865
2022-07-03,Fiji,Oceania,250,65713,1,866
2022-07-10,Fiji,Oceania,403,66116,3,869
2022-07-17,Fiji,Oceania,591,66707,1,870
2022-07-24,Fiji,Oceania,480,67187,0,870
2022-07-31,Fiji,Oceania,362,67549,3,873
2022-08-07,Fiji,Oceania,254,67803,1,874
2022-08-14,Fiji,Oceania,119,67922,1,875
2022-08-21,Fiji,Oceania,106,68028,2,877
2022-08-28,Fiji,Oceania,88,68116,1,878
2022-09-04,Fiji,Oceania,61,68177,0,878
2022-09-11,Fiji,Oceania,29,68206,0,878
2022-09-18,Fiji,Oceania,15,68221,0,878
2022-09-25,Fiji,Oceania,21,68242,0,878
2022-10-02,Fiji,Oceania,3,68245,0,878
2022-10-09,Fiji,Oceania,0,68245,0,878
2022-10-16,Fiji,Oceania,3,68248,0,878
2022-10-23,Fiji,Oceania,9,68257,0,878
2022-10-30,Fiji,Oceania,7,68264,0,878
2022-11-06,Fiji,Oceania,6,68270,0,878
2022-11-13,Fiji,Oceania,17,68287,0,878
2022-11-20,Fiji,Oceania,20,68307,0,878
2022-11-27,Fiji,Oceania,68,68375,0,878
2022-12-04,Fiji,Oceania,76,68451,0,878
2022-12-11,Fiji,Oceania,102,68553,0,878
2022-12-18,Fiji,Oceania,72,68625,0,878
2022-12-25,Fiji,Oceania,77,68702,3,881
2023-01-01,Fiji,Oceania,48,68750,0,881
2023-01-08,Fiji,Oceania,21,68771,2,883
2023-01-15,Fiji,Oceania,22,68793,0,883
2023-01-22,Fiji,Oceania,15,68808,0,883
2023-01-29,Fiji,Oceania,12,68820,0,883
2023-02-05,Fiji,Oceania,28,68848,0,883
2023-02-12,Fiji,Oceania,16,68864,0,883
2023-02-19,Fiji,Oceania,12,68876,0,883
2023-02-26,Fiji,Oceania,13,68889,0,883
2023-03-05,Fiji,Oceania,8,68897,0,883
2023-03-12,Fiji,Oceania,1,68898,0,883
2023-03-19,Fiji,Oceania,6,68904,0,883
2023-03-26,Fiji,Oceania,7,68911,0,883
2023-04-02,Fiji,Oceania,3,68914,0,883
2023-04-09,Fiji,Oceania,3,68917,0,883
2023-04-16,Fiji,Oceania,1,68918,0,883
2023-04-23,Fiji,Oceania,0,68918,0,883
2023-04-30,Fiji,Oceania,3,68921,0,883
2023-05-07,Fiji,Oceania,0,68921,0,883
2023-05-14,Fiji,Oceania,0,68921,0,883
2023-05-21,Fiji,Oceania,0,68921,0,883
2023-05-28,Fiji,Oceania,0,68921,0,883
2023-06-04,Fiji,Oceania,0,68921,0,883
2023-06-11,Fiji,Oceania,108,69029,1,884
2023-06-18,Fiji,Oceania,7,69036,1,885
2023-06-25,Fiji,Oceania,0,69036,0,885
2023-07-02,Fiji,Oceania,11,69047,0,885
2023-07-09,Fiji,Oceania,0,69047,0,885
2023-07-16,Fiji,Oceania,0,69047,0,885
2023-07-23,Fiji,Oceania,0,69047,0,885
2023-07-30,Fiji,Oceania,0,69047,0,885
2023-08-06,Fiji,Oceania,0,69047,0,885
2023-08-13,Fiji,Oceania,0,69047,0,885
2023-08-20,Fiji,Oceania,0,69047,0,885
2023-08-27,Fiji,Oceania,0,69047,0,885
2023-09-03,Fiji,Oceania,0,69047,0,885
2023-09-10,Fiji,Oceania,0,69047,0,885
2023-09-17,Fiji,Oceania,0,69047,0,885
2023-09-24,Fiji,Oceania,0,69047,0,885
2023-10-01,Fiji,Oceania,0,69047,0,885
2023-10-08,Fiji,Oceania,0,69047,0,885
2023-10-15,Fiji,Oceania,-7,69040,0,885
2023-10-22,Fiji,Oceania,7,69047,0,885
2023-10-29,Fiji,Oceania,0,69047,0,885
2023-11-05,Fiji,Oceania,0,69047,0,885
2023-11-12,Fiji,Oceania,0,69047,0,885
2023-11-19,Fiji,Oceania,0,69047,0,885
2023-11-26,Fiji,Oceania,0,69047,0,885
2023-12-03,Fiji,Oceania,0,69047,0,885
2023-12-10,Fiji,Oceania,0,69047,0,885
2023-12-17,Fiji,Oceania,0,69047,0,885
2023-12-24,Fiji,Oceania,0,69047,0,885
2023-12-31,Fiji,Oceania,0,69047,0,885
2024-01-07,Fiji,Oceania,0,69047,0,885
2024-01-14,Fiji,Oceania,0,69047,0,885
2024-01-21,Fiji,Oceania,0,69047,0,885
2024-01-28,Fiji,Oceania,0,69047,0,885
2024-02-04,Fiji,Oceania,0,69047,0,885
2024-02-11,Fiji,Oceania,0,69047,0,885
2024-02-18,Fiji,Oceania,0,69047,0,885
2024-02-25,Fiji,Oceania,0,69047,0,885
2024-03-03,Fiji,Oceania,0,69047,0,885
2024-03-10,Fiji,Oceania,0,69047,0,885
2024-03-17,Fiji,Oceania,0,69047,0,885
2024-03-24,Fiji,Oceania,0,69047,0,885
2024-03-31,Fiji,Oceania,0,69047,0,885
2024-04-07,Fiji,Oceania,0,69047,0,885
2024-04-14,Fiji,Oceania,0,69047,0,885
2024-04-21,Fiji,Oceania,0,69047,0,885
2024-04-28,Fiji,Oceania,0,69047,0,885
2024-05-05,Fiji,Oceania,0,69047,0,885
2024-05-12,Fiji,Oceania,0,69047,0,885
2024-05-19,Fiji,Oceania,0,69047,0,885
2024-05-26,Fiji,Oceania,0,69047,0,885
2024-06-02,Fiji,Oceania,0,69047,0,885
2024-06-09,Fiji,Oceania,0,69047,0,885
2024-06-16,Fiji,Oceania,0,69047,0,885
2024-06-23,Fiji,Oceania,0,69047,0,885
2024-06-30,Fiji,Oceania,0,69047,0,885
2024-07-07,Fiji,Oceania,0,69047,0,885
2024-07-14,Fiji,Oceania,0,69047,0,885
2024-07-21,Fiji,Oceania,0,69047,0,885
2024-07-28,Fiji,Oceania,0,69047,0,885
2024-08-04,Fiji,Oceania,0,69047,0,885
2024-08-11,Fiji,Oceania,0,69047,0,885
2024-08-18,Fiji,Oceania,0,69047,0,885
2024-08-25,Fiji,Oceania,0,69047,0,885
2024-09-01,Fiji,Oceania,0,69047,0,885
2020-01-05,Finland,Europe,0,0,0,0
2020-01-12,Finland,Europe,0,0,0,0
2020-01-19,Finland,Europe,0,0,0,0
2020-01-26,Finland,Europe,0,0,0,0
2020-02-02,Finland,Europe,1,1,0,0
2020-02-09,Finland,Europe,0,1,0,0
2020-02-16,Finland,Europe,1,2,0,0
2020-02-23,Finland,Europe,0,2,0,0
2020-03-01,Finland,Europe,6,8,0,0
2020-03-08,Finland,Europe,112,120,1,1
2020-03-15,Finland,Europe,652,772,18,19
2020-03-22,Finland,Europe,806,1578,43,62
2020-03-29,Finland,Europe,1105,2683,62,124
2020-04-05,Finland,Europe,769,3452,65,189
2020-04-12,Finland,Europe,743,4195,43,232
2020-04-19,Finland,Europe,699,4894,22,254
2020-04-26,Finland,Europe,627,5521,28,282
2020-05-03,Finland,Europe,444,5965,8,290
2020-05-10,Finland,Europe,260,6225,6,296
2020-05-17,Finland,Europe,190,6415,2,298
2020-05-24,Finland,Europe,112,6527,1,299
2020-05-31,Finland,Europe,64,6591,0,299
2020-06-07,Finland,Europe,56,6647,0,299
2020-06-14,Finland,Europe,57,6704,3,302
2020-06-21,Finland,Europe,47,6751,1,303
2020-06-28,Finland,Europe,39,6790,0,303
2020-07-05,Finland,Europe,35,6825,0,303
2020-07-12,Finland,Europe,52,6877,1,304
2020-07-19,Finland,Europe,63,6940,2,306
2020-07-26,Finland,Europe,151,7091,1,307
2020-08-02,Finland,Europe,152,7243,0,307
2020-08-09,Finland,Europe,224,7467,1,308
2020-08-16,Finland,Europe,136,7603,0,308
2020-08-23,Finland,Europe,210,7813,2,310
2020-08-30,Finland,Europe,308,8121,5,315
2020-09-06,Finland,Europe,398,8519,4,319
2020-09-13,Finland,Europe,663,9182,3,322
2020-09-20,Finland,Europe,890,10072,3,325
2020-09-27,Finland,Europe,1670,11742,5,330
2020-10-04,Finland,Europe,1318,13060,5,335
2020-10-11,Finland,Europe,1249,14309,5,340
2020-10-18,Finland,Europe,1390,15699,3,343
2020-10-25,Finland,Europe,1450,17149,1,344
2020-11-01,Finland,Europe,1515,18664,19,363
2020-11-08,Finland,Europe,2229,20893,19,382
2020-11-15,Finland,Europe,3069,23962,41,423
2020-11-22,Finland,Europe,3042,27004,38,461
2020-11-29,Finland,Europe,2941,29945,41,502
2020-12-06,Finland,Europe,2471,32416,39,541
2020-12-13,Finland,Europe,1952,34368,27,568
2020-12-20,Finland,Europe,1785,36153,23,591
2020-12-27,Finland,Europe,1899,38052,27,618
2021-01-03,Finland,Europe,1772,39824,36,654
2021-01-10,Finland,Europe,2219,42043,23,677
2021-01-17,Finland,Europe,2594,44637,15,692
2021-01-24,Finland,Europe,2633,47270,16,708
2021-01-31,Finland,Europe,2443,49713,16,724
2021-02-07,Finland,Europe,3278,52991,20,744
2021-02-14,Finland,Europe,3726,56717,30,774
2021-02-21,Finland,Europe,4513,61230,17,791
2021-02-28,Finland,Europe,4665,65895,26,817
2021-03-07,Finland,Europe,4876,70771,17,834
2021-03-14,Finland,Europe,4342,75113,29,863
2021-03-21,Finland,Europe,3677,78790,16,879
2021-03-28,Finland,Europe,2740,81530,13,892
2021-04-04,Finland,Europe,2157,83687,12,904
2021-04-11,Finland,Europe,1654,85341,13,917
2021-04-18,Finland,Europe,1495,86836,10,927
2021-04-25,Finland,Europe,1465,88301,7,934
2021-05-02,Finland,Europe,1363,89664,7,941
2021-05-09,Finland,Europe,1495,91159,22,963
2021-05-16,Finland,Europe,984,92143,5,968
2021-05-23,Finland,Europe,778,92921,3,971
2021-05-30,Finland,Europe,618,93539,4,975
2021-06-06,Finland,Europe,491,94030,2,977
2021-06-13,Finland,Europe,744,94774,2,979
2021-06-20,Finland,Europe,1333,96107,0,979
2021-06-27,Finland,Europe,1485,97592,2,981
2021-07-04,Finland,Europe,2048,99640,5,986
2021-07-11,Finland,Europe,2602,102242,2,988
2021-07-18,Finland,Europe,4208,106450,12,1000
2021-07-25,Finland,Europe,4968,111418,12,1012
2021-08-01,Finland,Europe,5280,116698,10,1022
2021-08-08,Finland,Europe,4491,121189,10,1032
2021-08-15,Finland,Europe,4110,125299,11,1043
2021-08-22,Finland,Europe,4299,129598,14,1057
2021-08-29,Finland,Europe,3239,132837,13,1070
2021-09-05,Finland,Europe,3013,135850,11,1081
2021-09-12,Finland,Europe,2851,138701,14,1095
2021-09-19,Finland,Europe,3729,142430,21,1116
2021-09-26,Finland,Europe,4133,146563,29,1145
2021-10-03,Finland,Europe,3916,150479,31,1176
2021-10-10,Finland,Europe,3586,154065,18,1194
2021-10-17,Finland,Europe,4087,158152,41,1235
2021-10-24,Finland,Europe,4805,162957,40,1275
2021-10-31,Finland,Europe,5725,168682,55,1330
2021-11-07,Finland,Europe,6973,175655,49,1379
2021-11-14,Finland,Europe,7953,183608,60,1439
2021-11-21,Finland,Europe,8925,192533,58,1497
2021-11-28,Finland,Europe,9936,202469,44,1541
2021-12-05,Finland,Europe,12486,214955,47,1588
2021-12-12,Finland,Europe,19191,234146,47,1635
2021-12-19,Finland,Europe,36453,270599,83,1718
2021-12-26,Finland,Europe,52236,322835,118,1836
2022-01-02,Finland,Europe,61448,384283,130,1966
2022-01-09,Finland,Europe,59617,443900,137,2103
2022-01-16,Finland,Europe,50478,494378,119,2222
2022-01-23,Finland,Europe,45303,539681,140,2362
2022-01-30,Finland,Europe,45279,584960,122,2484
2022-02-06,Finland,Europe,44745,629705,131,2615
2022-02-13,Finland,Europe,45014,674719,156,2771
2022-02-20,Finland,Europe,44912,719631,161,2932
2022-02-27,Finland,Europe,48818,768449,191,3123
2022-03-06,Finland,Europe,54053,822502,208,3331
2022-03-13,Finland,Europe,54223,876725,255,3586
2022-03-20,Finland,Europe,48332,925057,211,3797
2022-03-27,Finland,Europe,38754,963811,200,3997
2022-04-03,Finland,Europe,33726,997537,205,4202
2022-04-10,Finland,Europe,26539,1024076,151,4353
2022-04-17,Finland,Europe,20917,1044993,139,4492
2022-04-24,Finland,Europe,17852,1062845,84,4576
2022-05-01,Finland,Europe,15720,1078565,82,4658
2022-05-08,Finland,Europe,11808,1090373,80,4738
2022-05-15,Finland,Europe,10247,1100620,76,4814
2022-05-22,Finland,Europe,11545,1112165,44,4858
2022-05-29,Finland,Europe,10612,1122777,62,4920
2022-06-05,Finland,Europe,10572,1133349,62,4982
2022-06-12,Finland,Europe,11536,1144885,53,5035
2022-06-19,Finland,Europe,11488,1156373,56,5091
2022-06-26,Finland,Europe,11565,1167938,82,5173
2022-07-03,Finland,Europe,14574,1182512,86,5259
2022-07-10,Finland,Europe,16971,1199483,92,5351
2022-07-17,Finland,Europe,17749,1217232,111,5462
2022-07-24,Finland,Europe,15829,1233061,108,5570
2022-07-31,Finland,Europe,13367,1246428,121,5691
2022-08-07,Finland,Europe,11624,1258052,104,5795
2022-08-14,Finland,Europe,7926,1265978,75,5870
2022-08-21,Finland,Europe,6134,1272112,59,5929
2022-08-28,Finland,Europe,6404,1278516,79,6008
2022-09-04,Finland,Europe,8414,1286930,105,6113
2022-09-11,Finland,Europe,8323,1295253,92,6205
2022-09-18,Finland,Europe,10024,1305277,142,6347
2022-09-25,Finland,Europe,12296,1317573,168,6515
2022-10-02,Finland,Europe,13920,1331493,201,6716
2022-10-09,Finland,Europe,13466,1344959,213,6929
2022-10-16,Finland,Europe,12837,1357796,178,7107
2022-10-23,Finland,Europe,12153,1369949,189,7296
2022-10-30,Finland,Europe,12416,1382365,206,7502
2022-11-06,Finland,Europe,12234,1394599,172,7674
2022-11-13,Finland,Europe,11580,1406179,158,7832
2022-11-20,Finland,Europe,11967,1418146,140,7972
2022-11-27,Finland,Europe,11488,1429634,164,8136
2022-12-04,Finland,Europe,10908,1440542,142,8278
2022-12-11,Finland,Europe,8283,1448825,163,8441
2022-12-18,Finland,Europe,4406,1453231,135,8576
2022-12-25,Finland,Europe,2918,1456149,122,8698
2023-01-01,Finland,Europe,1521,1457670,77,8775
2023-01-08,Finland,Europe,1003,1458673,49,8824
2023-01-15,Finland,Europe,715,1459388,36,8860
2023-01-22,Finland,Europe,648,1460036,34,8894
2023-01-29,Finland,Europe,579,1460615,22,8916
2023-02-05,Finland,Europe,570,1461185,24,8940
2023-02-12,Finland,Europe,651,1461836,43,8983
2023-02-19,Finland,Europe,693,1462529,29,9012
2023-02-26,Finland,Europe,747,1463276,30,9042
2023-03-05,Finland,Europe,838,1464114,39,9081
2023-03-12,Finland,Europe,1155,1465269,43,9124
2023-03-19,Finland,Europe,1391,1466660,78,9202
2023-03-26,Finland,Europe,1522,1468182,84,9286
2023-04-02,Finland,Europe,1721,1469903,74,9360
2023-04-09,Finland,Europe,1811,1471714,104,9464
2023-04-16,Finland,Europe,1978,1473692,97,9561
2023-04-23,Finland,Europe,1690,1475382,97,9658
2023-04-30,Finland,Europe,1483,1476865,90,9748
2023-05-07,Finland,Europe,1325,1478190,71,9819
2023-05-14,Finland,Europe,979,1479169,69,9888
2023-05-21,Finland,Europe,734,1479903,35,9923
2023-05-28,Finland,Europe,605,1480508,35,9958
2023-06-04,Finland,Europe,628,1481136,58,10016
2023-06-11,Finland,Europe,531,1481667,41,10057
2023-06-18,Finland,Europe,335,1482002,29,10086
2023-06-25,Finland,Europe,226,1482228,21,10107
2023-07-02,Finland,Europe,194,1482422,12,10119
2023-07-09,Finland,Europe,155,1482577,13,10132
2023-07-16,Finland,Europe,164,1482741,13,10145
2023-07-23,Finland,Europe,174,1482915,11,10156
2023-07-30,Finland,Europe,187,1483102,18,10174
2023-08-06,Finland,Europe,246,1483348,15,10189
2023-08-13,Finland,Europe,234,1483582,16,10205
2023-08-20,Finland,Europe,315,1483897,22,10227
2023-08-27,Finland,Europe,346,1484243,22,10249
2023-09-03,Finland,Europe,436,1484679,31,10280
2023-09-10,Finland,Europe,492,1485171,28,10308
2023-09-17,Finland,Europe,564,1485735,36,10344
2023-09-24,Finland,Europe,624,1486359,51,10395
2023-10-01,Finland,Europe,842,1487201,74,10469
2023-10-08,Finland,Europe,1241,1488442,90,10559
2023-10-15,Finland,Europe,1935,1490377,119,10678
2023-10-22,Finland,Europe,2857,1493234,114,10792
2023-10-29,Finland,Europe,3629,1496863,59,10851
2023-11-05,Finland,Europe,2585,1499448,164,11015
2023-11-12,Finland,Europe,264,1499712,204,11219
2023-11-19,Finland,Europe,0,1499712,108,11327
2023-11-26,Finland,Europe,0,1499712,7,11334
2023-12-03,Finland,Europe,0,1499712,15,11349
2023-12-10,Finland,Europe,0,1499712,19,11368
2023-12-17,Finland,Europe,0,1499712,16,11384
2023-12-24,Finland,Europe,0,1499712,11,11395
2023-12-31,Finland,Europe,0,1499712,13,11408
2024-01-07,Finland,Europe,0,1499712,13,11421
2024-01-14,Finland,Europe,0,1499712,18,11439
2024-01-21,Finland,Europe,0,1499712,18,11457
2024-01-28,Finland,Europe,0,1499712,4,11461
2024-02-04,Finland,Europe,0,1499712,2,11463
2024-02-11,Finland,Europe,0,1499712,2,11465
2024-02-18,Finland,Europe,0,1499712,1,11466
2024-02-25,Finland,Europe,0,1499712,0,11466
2024-03-03,Finland,Europe,0,1499712,0,11466
2024-03-10,Finland,Europe,0,1499712,0,11466
2024-03-17,Finland,Europe,0,1499712,0,11466
2024-03-24,Finland,Europe,0,1499712,0,11466
2024-03-31,Finland,Europe,0,1499712,0,11466
2024-04-07,Finland,Europe,0,1499712,0,11466
2024-04-14,Finland,Europe,0,1499712,0,11466
2024-04-21,Finland,Europe,0,1499712,0,11466
2024-04-28,Finland,Europe,0,1499712,0,11466
2024-05-05,Finland,Europe,0,1499712,0,11466
2024-05-12,Finland,Europe,0,1499712,0,11466
2024-05-19,Finland,Europe,0,1499712,0,11466
2024-05-26,Finland,Europe,0,1499712,0,11466
2024-06-02,Finland,Europe,0,1499712,0,11466
2024-06-09,Finland,Europe,0,1499712,0,11466
2024-06-16,Finland,Europe,0,1499712,0,11466
2024-06-23,Finland,Europe,0,1499712,0,11466
2024-06-30,Finland,Europe,0,1499712,0,11466
2024-07-07,Finland,Europe,0,1499712,0,11466
2024-07-14,Finland,Europe,0,1499712,0,11466
2024-07-21,Finland,Europe,0,1499712,0,11466
2024-07-28,Finland,Europe,0,1499712,0,11466
2024-08-04,Finland,Europe,0,1499712,0,11466
2024-08-11,Finland,Europe,0,1499712,0,11466
2024-08-18,Finland,Europe,0,1499712,0,11466
2024-08-25,Finland,Europe,0,1499712,0,11466
2024-09-01,Finland,Europe,0,1499712,0,11466
2020-01-05,France,Europe,0,0,0,0
2020-01-12,France,Europe,0,0,0,0
2020-01-19,France,Europe,0,0,0,0
2020-01-26,France,Europe,3,3,0,0
2020-02-02,France,Europe,3,6,0,0
2020-02-09,France,Europe,6,12,0,0
2020-02-16,France,Europe,0,12,0,0
2020-02-23,France,Europe,4,16,0,0
2020-03-01,France,Europe,0,16,0,0
2020-03-08,France,Europe,0,16,0,0
2020-03-15,France,Europe,0,16,43,43
2020-03-22,France,Europe,0,16,670,713
2020-03-29,France,Europe,0,16,1999,2712
2020-04-05,France,Europe,0,16,3276,5988
2020-04-12,France,Europe,0,16,3344,9332
2020-04-19,France,Europe,0,16,2730,12062
2020-04-26,France,Europe,0,16,2096,14158
2020-05-03,France,Europe,0,16,1406,15564
2020-05-10,France,Europe,0,16,1056,16620
2020-05-17,France,Europe,677,693,810,17430
2020-05-24,France,Europe,4340,5033,562,17992
2020-05-31,France,Europe,3436,8469,471,18463
2020-06-07,France,Europe,2745,11214,331,18794
2020-06-14,France,Europe,2627,13841,258,19052
2020-06-21,France,Europe,2267,16108,159,19211
2020-06-28,France,Europe,2024,18132,111,19322
2020-07-05,France,Europe,2324,20456,100,19422
2020-07-12,France,Europe,2853,23309,120,19542
2020-07-19,France,Europe,3510,26819,94,19636
2020-07-26,France,Europe,5565,32384,98,19734
2020-08-02,France,Europe,7676,40060,77,19811
2020-08-09,France,Europe,10899,50959,69,19880
2020-08-16,France,Europe,16650,67609,92,19972
2020-08-23,France,Europe,25208,92817,118,20090
2020-08-30,France,Europe,37753,130570,111,20201
2020-09-06,France,Europe,50197,180767,126,20327
2020-09-13,France,Europe,61432,242199,258,20585
2020-09-20,France,Europe,73481,315680,429,21014
2020-09-27,France,Europe,72509,388189,559,21573
2020-10-04,France,Europe,74819,463008,561,22134
2020-10-11,France,Europe,116159,579167,690,22824
2020-10-18,France,Europe,167835,747002,963,23787
2020-10-25,France,Europe,261329,1008331,1774,25561
2020-11-01,France,Europe,332505,1340836,3154,28715
2020-11-08,France,Europe,303116,1643952,4794,33509
2020-11-15,France,Europe,176429,1820381,5487,38996
2020-11-22,France,Europe,114947,1935328,5602,44598
2020-11-29,France,Europe,77077,2012405,4679,49277
2020-12-06,France,Europe,71372,2083777,3963,53240
2020-12-13,France,Europe,77674,2161451,3792,57032
2020-12-20,France,Europe,92919,2254370,3383,60415
2020-12-27,France,Europe,83888,2338258,3119,63534
2021-01-03,France,Europe,88948,2427206,2915,66449
2021-01-10,France,Europe,122263,2549469,3429,69878
2021-01-17,France,Europe,118842,2668311,3454,73332
2021-01-24,France,Europe,130149,2798460,3414,76746
2021-01-31,France,Europe,132624,2931084,3159,79905
2021-02-07,France,Europe,128451,3059535,3069,82974
2021-02-14,France,Europe,110436,3169971,2892,85866
2021-02-21,France,Europe,117551,3287522,2516,88382
2021-02-28,France,Europe,127696,3415218,2151,90533
2021-03-07,France,Europe,124259,3539477,2033,92566
2021-03-14,France,Europe,142978,3682455,1872,94438
2021-03-21,France,Europe,183823,3866278,1799,96237
2021-03-28,France,Europe,223964,4090242,1834,98071
2021-04-04,France,Europe,242407,4332649,1959,100030
2021-04-11,France,Europe,203218,4535867,2120,102150
2021-04-18,France,Europe,202154,4738021,1967,104117
2021-04-25,France,Europe,179462,4917483,2062,106179
2021-05-02,France,Europe,142908,5060391,1954,108133
2021-05-09,France,Europe,106629,5167020,1533,109666
2021-05-16,France,Europe,80870,5247890,1189,110855
2021-05-23,France,Europe,83455,5331345,940,111795
2021-05-30,France,Europe,60391,5391736,772,112567
2021-06-06,France,Europe,46483,5438219,565,113132
2021-06-13,France,Europe,27004,5465223,355,113487
2021-06-20,France,Europe,14820,5480043,309,113796
2021-06-27,France,Europe,10690,5490733,234,114030
2021-07-04,France,Europe,13906,5504639,171,114201
2021-07-11,France,Europe,23318,5527957,142,114343
2021-07-18,France,Europe,46656,5574613,96,114439
2021-07-25,France,Europe,118078,5692691,119,114558
2021-08-01,France,Europe,143183,5835874,240,114798
2021-08-08,France,Europe,147135,5983009,282,115080
2021-08-15,France,Europe,150930,6133939,353,115433
2021-08-22,France,Europe,133571,6267510,699,116132
2021-08-29,France,Europe,112124,6379634,464,116596
2021-09-05,France,Europe,85782,6465416,489,117085
2021-09-12,France,Europe,64820,6530236,437,117522
2021-09-19,France,Europe,46736,6576972,386,117908
2021-09-26,France,Europe,36114,6613086,331,118239
2021-10-03,France,Europe,30916,6644002,276,118515
2021-10-10,France,Europe,26346,6670348,191,118706
2021-10-17,France,Europe,31095,6701443,175,118881
2021-10-24,France,Europe,34241,6735684,179,119060
2021-10-31,France,Europe,38425,6774109,177,119237
2021-11-07,France,Europe,48057,6822166,212,119449
2021-11-14,France,Europe,66361,6888527,233,119682
2021-11-21,France,Europe,119701,7008228,317,119999
2021-11-28,France,Europe,195222,7203450,454,120453
2021-12-05,France,Europe,288799,7492249,619,121072
2021-12-12,France,Europe,337285,7829534,903,121975
2021-12-19,France,Europe,360652,8190186,1033,123008
2021-12-26,France,Europe,519740,8709926,1157,124165
2022-01-02,France,Europe,1140724,9850650,1315,125480
2022-01-09,France,Europe,1726217,11576867,1484,126964
2022-01-16,France,Europe,1961912,13538779,1499,128463
2022-01-23,France,Europe,2417043,15955822,1658,130121
2022-01-30,France,Europe,2329374,18285196,1933,132054
2022-02-06,France,Europe,1707588,19992784,1996,134050
2022-02-13,France,Europe,958639,20951423,1988,136038
2022-02-20,France,Europe,565947,21517370,1745,137783
2022-02-27,France,Europe,393549,21910919,1331,139114
2022-03-06,France,Europe,348284,22259203,1094,140208
2022-03-13,France,Europe,419228,22678431,820,141028
2022-03-20,France,Europe,586328,23264759,792,141820
2022-03-27,France,Europe,851993,24116752,727,142547
2022-04-03,France,Europe,959358,25076110,801,143348
2022-04-10,France,Europe,928373,26004483,788,144136
2022-04-17,France,Europe,822438,26826921,852,144988
2022-04-24,France,Europe,539161,27366082,889,145877
2022-05-01,France,Europe,376510,27742592,867,146744
2022-05-08,France,Europe,264928,28007520,749,147493
2022-05-15,France,Europe,216715,28224235,614,148107
2022-05-22,France,Europe,162239,28386474,466,148573
2022-05-29,France,Europe,113355,28499829,300,148873
2022-06-05,France,Europe,148073,28647902,329,149202
2022-06-12,France,Europe,193813,28841715,237,149439
2022-06-19,France,Europe,297927,29139642,265,149704
2022-06-26,France,Europe,456705,29596347,291,149995
2022-07-03,France,Europe,731586,30327933,264,150259
2022-07-10,France,Europe,903969,31231902,424,150683
2022-07-17,France,Europe,683784,31915686,585,151268
2022-07-24,France,Europe,522296,32437982,731,151999
2022-07-31,France,Europe,329431,32767413,597,152596
2022-08-07,France,Europe,212195,32979608,529,153125
2022-08-14,France,Europe,151186,33130794,518,153643
2022-08-21,France,Europe,119216,33250010,413,154056
2022-08-28,France,Europe,117039,33367049,317,154373
2022-09-04,France,Europe,106571,33473620,302,154675
2022-09-11,France,Europe,112374,33585994,263,154938
2022-09-18,France,Europe,188853,33774847,202,155140
2022-09-25,France,Europe,230732,34005579,217,155357
2022-10-02,France,Europe,310114,34315693,217,155574
2022-10-09,France,Europe,385474,34701167,314,155888
2022-10-16,France,Europe,392073,35093240,414,156302
2022-10-23,France,Europe,348646,35441886,522,156824
2022-10-30,France,Europe,222885,35664771,495,157319
2022-11-06,France,Europe,153617,35818388,445,157764
2022-11-13,France,Europe,151055,35969443,397,158161
2022-11-20,France,Europe,221689,36191132,469,158630
2022-11-27,France,Europe,293632,36484764,455,159085
2022-12-04,France,Europe,384070,36868834,485,159570
2022-12-11,France,Europe,429679,37298513,569,160139
2022-12-18,France,Europe,391192,37689705,721,160860
2022-12-25,France,Europe,299842,37989547,807,161667
2023-01-01,France,Europe,151707,38141254,808,162475
2023-01-08,France,Europe,80829,38222083,775,163250
2023-01-15,France,Europe,43524,38265607,506,163756
2023-01-22,France,Europe,31693,38297300,398,164154
2023-01-29,France,Europe,29999,38327299,326,164480
2023-02-05,France,Europe,26127,38353426,260,164740
2023-02-12,France,Europe,22545,38375971,171,164911
2023-02-19,France,Europe,24116,38400087,180,165091
2023-02-26,France,Europe,26274,38426361,170,165261
2023-03-05,France,Europe,25318,38451679,152,165413
2023-03-12,France,Europe,35851,38487530,125,165538
2023-03-19,France,Europe,46305,38533835,163,165701
2023-03-26,France,Europe,54593,38588428,168,165869
2023-04-02,France,Europe,57282,38645710,210,166079
2023-04-09,France,Europe,55344,38701054,188,166267
2023-04-16,France,Europe,52509,38753563,162,166429
2023-04-23,France,Europe,48578,38802141,280,166709
2023-04-30,France,Europe,40443,38842584,249,166958
2023-05-07,France,Europe,31332,38873916,239,167197
2023-05-14,France,Europe,24280,38898196,160,167357
2023-05-21,France,Europe,20650,38918846,132,167489
2023-05-28,France,Europe,25230,38944076,149,167638
2023-06-04,France,Europe,18614,38962690,112,167750
2023-06-11,France,Europe,15618,38978308,106,167856
2023-06-18,France,Europe,11200,38989508,67,167923
2023-06-25,France,Europe,7982,38997490,62,167985
2023-07-02,France,Europe,0,38997490,0,167985
2023-07-09,France,Europe,0,38997490,0,167985
2023-07-16,France,Europe,0,38997490,0,167985
2023-07-23,France,Europe,0,38997490,0,167985
2023-07-30,France,Europe,0,38997490,0,167985
2023-08-06,France,Europe,0,38997490,0,167985
2023-08-13,France,Europe,0,38997490,0,167985
2023-08-20,France,Europe,0,38997490,0,167985
2023-08-27,France,Europe,0,38997490,0,167985
2023-09-03,France,Europe,0,38997490,0,167985
2023-09-10,France,Europe,0,38997490,0,167985
2023-09-17,France,Europe,0,38997490,0,167985
2023-09-24,France,Europe,0,38997490,0,167985
2023-10-01,France,Europe,0,38997490,0,167985
2023-10-08,France,Europe,0,38997490,0,167985
2023-10-15,France,Europe,0,38997490,0,167985
2023-10-22,France,Europe,0,38997490,0,167985
2023-10-29,France,Europe,0,38997490,0,167985
2023-11-05,France,Europe,0,38997490,5,167990
2023-11-12,France,Europe,0,38997490,6,167996
2023-11-19,France,Europe,0,38997490,7,168003
2023-11-26,France,Europe,0,38997490,1,168004
2023-12-03,France,Europe,0,38997490,13,168017
2023-12-10,France,Europe,0,38997490,5,168022
2023-12-17,France,Europe,0,38997490,7,168029
2023-12-24,France,Europe,0,38997490,10,168039
2023-12-31,France,Europe,0,38997490,8,168047
2024-01-07,France,Europe,0,38997490,7,168054
2024-01-14,France,Europe,0,38997490,11,168065
2024-01-21,France,Europe,0,38997490,8,168073
2024-01-28,France,Europe,0,38997490,8,168081
2024-02-04,France,Europe,0,38997490,1,168082
2024-02-11,France,Europe,0,38997490,2,168084
2024-02-18,France,Europe,0,38997490,2,168086
2024-02-25,France,Europe,0,38997490,3,168089
2024-03-03,France,Europe,0,38997490,2,168091
2024-03-10,France,Europe,0,38997490,0,168091
2024-03-17,France,Europe,0,38997490,0,168091
2024-03-24,France,Europe,0,38997490,0,168091
2024-03-31,France,Europe,0,38997490,0,168091
2024-04-07,France,Europe,0,38997490,0,168091
2024-04-14,France,Europe,0,38997490,0,168091
2024-04-21,France,Europe,0,38997490,0,168091
2024-04-28,France,Europe,0,38997490,0,168091
2024-05-05,France,Europe,0,38997490,0,168091
2024-05-12,France,Europe,0,38997490,0,168091
2024-05-19,France,Europe,0,38997490,0,168091
2024-05-26,France,Europe,0,38997490,0,168091
2024-06-02,France,Europe,0,38997490,0,168091
2024-06-09,France,Europe,0,38997490,0,168091
2024-06-16,France,Europe,0,38997490,0,168091
2024-06-23,France,Europe,0,38997490,0,168091
2024-06-30,France,Europe,0,38997490,0,168091
2024-07-07,France,Europe,0,38997490,0,168091
2024-07-14,France,Europe,0,38997490,0,168091
2024-07-21,France,Europe,0,38997490,0,168091
2024-07-28,France,Europe,0,38997490,0,168091
2024-08-04,France,Europe,0,38997490,0,168091
2024-08-11,France,Europe,0,38997490,0,168091
2024-08-18,France,Europe,0,38997490,0,168091
2024-08-25,France,Europe,0,38997490,0,168091
2024-09-01,France,Europe,0,38997490,0,168091
2020-01-05,French Guiana,North America,0,0,0,0
2020-01-12,French Guiana,North America,0,0,0,0
2020-01-19,French Guiana,North America,0,0,0,0
2020-01-26,French Guiana,North America,0,0,0,0
2020-02-02,French Guiana,North America,0,0,0,0
2020-02-09,French Guiana,North America,0,0,0,0
2020-02-16,French Guiana,North America,0,0,0,0
2020-02-23,French Guiana,North America,0,0,0,0
2020-03-01,French Guiana,North America,0,0,0,0
2020-03-08,French Guiana,North America,5,5,0,0
2020-03-15,French Guiana,North America,1,6,0,0
2020-03-22,French Guiana,North America,9,15,0,0
2020-03-29,French Guiana,North America,16,31,0,0
2020-04-05,French Guiana,North America,31,62,0,0
2020-04-12,French Guiana,North America,24,86,0,0
2020-04-19,French Guiana,North America,10,96,0,0
2020-04-26,French Guiana,North America,13,109,1,1
2020-05-03,French Guiana,North America,19,128,0,1
2020-05-10,French Guiana,North America,13,141,0,1
2020-05-17,French Guiana,North America,48,189,0,1
2020-05-24,French Guiana,North America,72,261,0,1
2020-05-31,French Guiana,North America,175,436,0,1
2020-06-07,French Guiana,North America,203,639,0,1
2020-06-14,French Guiana,North America,522,1161,1,2
2020-06-21,French Guiana,North America,1002,2163,3,5
2020-06-28,French Guiana,North America,1298,3461,7,12
2020-07-05,French Guiana,North America,1452,4913,4,16
2020-07-12,French Guiana,North America,1036,5949,10,26
2020-07-19,French Guiana,North America,706,6655,11,37
2020-07-26,French Guiana,North America,677,7332,4,41
2020-08-02,French Guiana,North America,525,7857,2,43
2020-08-09,French Guiana,North America,410,8267,5,48
2020-08-16,French Guiana,North America,321,8588,5,53
2020-08-23,French Guiana,North America,209,8797,2,55
2020-08-30,French Guiana,North America,279,9076,3,58
2020-09-06,French Guiana,North America,246,9322,4,62
2020-09-13,French Guiana,North America,199,9521,1,63
2020-09-20,French Guiana,North America,171,9692,2,65
2020-09-27,French Guiana,North America,171,9863,0,65
2020-10-04,French Guiana,North America,166,10029,2,67
2020-10-11,French Guiana,North America,115,10144,2,69
2020-10-18,French Guiana,North America,95,10239,0,69
2020-10-25,French Guiana,North America,137,10376,0,69
2020-11-01,French Guiana,North America,160,10536,1,70
2020-11-08,French Guiana,North America,168,10704,0,70
2020-11-15,French Guiana,North America,140,10844,0,70
2020-11-22,French Guiana,North America,170,11014,0,70
2020-11-29,French Guiana,North America,165,11179,0,70
2020-12-06,French Guiana,North America,228,11407,1,71
2020-12-13,French Guiana,North America,393,11800,0,71
2020-12-20,French Guiana,North America,569,12369,0,71
2020-12-27,French Guiana,North America,404,12773,0,71
2021-01-03,French Guiana,North America,500,13273,0,71
2021-01-10,French Guiana,North America,840,14113,3,74
2021-01-17,French Guiana,North America,862,14975,1,75
2021-01-24,French Guiana,North America,689,15664,1,76
2021-01-31,French Guiana,North America,419,16083,0,76
2021-02-07,French Guiana,North America,213,16296,3,79
2021-02-14,French Guiana,North America,160,16456,1,80
2021-02-21,French Guiana,North America,73,16529,3,83
2021-02-28,French Guiana,North America,98,16627,2,85
2021-03-07,French Guiana,North America,66,16693,2,87
2021-03-14,French Guiana,North America,71,16764,0,87
2021-03-21,French Guiana,North America,0,16764,0,87
2021-03-28,French Guiana,North America,158,16922,2,89
2021-04-04,French Guiana,North America,210,17132,4,93
2021-04-11,French Guiana,North America,417,17549,1,94
2021-04-18,French Guiana,North America,532,18081,1,95
2021-04-25,French Guiana,North America,745,18826,3,98
2021-05-02,French Guiana,North America,717,19543,3,101
2021-05-09,French Guiana,North America,823,20366,3,104
2021-05-16,French Guiana,North America,1099,21465,4,108
2021-05-23,French Guiana,North America,1315,22780,4,112
2021-05-30,French Guiana,North America,983,23763,4,116
2021-06-06,French Guiana,North America,962,24725,5,121
2021-06-13,French Guiana,North America,781,25506,12,133
2021-06-20,French Guiana,North America,944,26450,8,141
2021-06-27,French Guiana,North America,836,27286,1,142
2021-07-04,French Guiana,North America,444,27730,6,148
2021-07-11,French Guiana,North America,551,28281,9,157
2021-07-18,French Guiana,North America,522,28803,6,163
2021-07-25,French Guiana,North America,730,29533,11,174
2021-08-01,French Guiana,North America,631,30164,13,187
2021-08-08,French Guiana,North America,711,30875,6,193
2021-08-15,French Guiana,North America,951,31826,5,198
2021-08-22,French Guiana,North America,1234,33060,6,204
2021-08-29,French Guiana,North America,1315,34375,11,215
2021-09-05,French Guiana,North America,1346,35721,6,221
2021-09-12,French Guiana,North America,1138,36859,6,227
2021-09-19,French Guiana,North America,1407,38266,8,235
2021-09-26,French Guiana,North America,1524,39790,21,256
2021-10-03,French Guiana,North America,1535,41325,12,268
2021-10-10,French Guiana,North America,1218,42543,18,286
2021-10-17,French Guiana,North America,833,43376,9,295
2021-10-24,French Guiana,North America,684,44060,4,299
2021-10-31,French Guiana,North America,569,44629,9,308
2021-11-07,French Guiana,North America,399,45028,7,315
2021-11-14,French Guiana,North America,338,45366,7,322
2021-11-21,French Guiana,North America,250,45616,0,322
2021-11-28,French Guiana,North America,248,45864,4,326
2021-12-05,French Guiana,North America,278,46142,2,328
2021-12-12,French Guiana,North America,279,46421,4,332
2021-12-19,French Guiana,North America,311,46732,4,336
2021-12-26,French Guiana,North America,497,47229,1,337
2022-01-02,French Guiana,North America,1708,48937,2,339
2022-01-09,French Guiana,North America,7043,55980,4,343
2022-01-16,French Guiana,North America,11295,67275,5,348
2022-01-23,French Guiana,North America,5544,72819,11,359
2022-01-30,French Guiana,North America,2423,75242,12,371
2022-02-06,French Guiana,North America,1267,76509,12,383
2022-02-13,French Guiana,North America,655,77164,1,384
2022-02-20,French Guiana,North America,290,77454,3,387
2022-02-27,French Guiana,North America,198,77652,4,391
2022-03-06,French Guiana,North America,130,77782,2,393
2022-03-13,French Guiana,North America,293,78075,1,394
2022-03-20,French Guiana,North America,251,78326,0,394
2022-03-27,French Guiana,North America,353,78679,0,394
2022-04-03,French Guiana,North America,396,79075,0,394
2022-04-10,French Guiana,North America,454,79529,0,394
2022-04-17,French Guiana,North America,506,80035,0,394
2022-04-24,French Guiana,North America,387,80422,0,394
2022-05-01,French Guiana,North America,437,80859,1,395
2022-05-08,French Guiana,North America,0,80859,0,395
2022-05-15,French Guiana,North America,925,81784,2,397
2022-05-22,French Guiana,North America,529,82313,0,397
2022-05-29,French Guiana,North America,639,82952,0,397
2022-06-05,French Guiana,North America,719,83671,0,397
2022-06-12,French Guiana,North America,836,84507,2,399
2022-06-19,French Guiana,North America,1089,85596,1,400
2022-06-26,French Guiana,North America,1315,86911,1,401
2022-07-03,French Guiana,North America,1451,88362,0,401
2022-07-10,French Guiana,North America,1417,89779,1,402
2022-07-17,French Guiana,North America,1142,90921,0,402
2022-07-24,French Guiana,North America,891,91812,2,404
2022-07-31,French Guiana,North America,763,92575,3,407
2022-08-07,French Guiana,North America,414,92989,0,407
2022-08-14,French Guiana,North America,288,93277,1,408
2022-08-21,French Guiana,North America,143,93420,0,408
2022-08-28,French Guiana,North America,166,93586,0,408
2022-09-04,French Guiana,North America,149,93735,0,408
2022-09-11,French Guiana,North America,102,93837,1,409
2022-09-18,French Guiana,North America,88,93925,1,410
2022-09-25,French Guiana,North America,49,93974,0,410
2022-10-02,French Guiana,North America,49,94023,0,410
2022-10-09,French Guiana,North America,50,94073,0,410
2022-10-16,French Guiana,North America,55,94128,0,410
2022-10-23,French Guiana,North America,68,94196,1,411
2022-10-30,French Guiana,North America,63,94259,0,411
2022-11-06,French Guiana,North America,50,94309,0,411
2022-11-13,French Guiana,North America,112,94421,0,411
2022-11-20,French Guiana,North America,308,94729,0,411
2022-11-27,French Guiana,North America,722,95451,0,411
2022-12-04,French Guiana,North America,938,96389,0,411
2022-12-11,French Guiana,North America,708,97097,0,411
2022-12-18,French Guiana,North America,429,97526,1,412
2022-12-25,French Guiana,North America,250,97776,1,413
2023-01-01,French Guiana,North America,103,97879,0,413
2023-01-08,French Guiana,North America,67,97946,0,413
2023-01-15,French Guiana,North America,36,97982,0,413
2023-01-22,French Guiana,North America,30,98012,0,413
2023-01-29,French Guiana,North America,16,98028,0,413
2023-02-05,French Guiana,North America,13,98041,0,413
2023-02-12,French Guiana,North America,0,98041,0,413
2023-02-19,French Guiana,North America,0,98041,0,413
2023-02-26,French Guiana,North America,0,98041,0,413
2023-03-05,French Guiana,North America,0,98041,0,413
2023-03-12,French Guiana,North America,0,98041,0,413
2023-03-19,French Guiana,North America,0,98041,0,413
2023-03-26,French Guiana,North America,0,98041,0,413
2023-04-02,French Guiana,North America,0,98041,0,413
2023-04-09,French Guiana,North America,0,98041,0,413
2023-04-16,French Guiana,North America,0,98041,0,413
2023-04-23,French Guiana,North America,0,98041,0,413
2023-04-30,French Guiana,North America,0,98041,0,413
2023-05-07,French Guiana,North America,0,98041,0,413
2023-05-14,French Guiana,North America,0,98041,0,413
2023-05-21,French Guiana,North America,0,98041,0,413
2023-05-28,French Guiana,North America,0,98041,0,413
2023-06-04,French Guiana,North America,0,98041,0,413
2023-06-11,French Guiana,North America,0,98041,0,413
2023-06-18,French Guiana,North America,0,98041,0,413
2023-06-25,French Guiana,North America,0,98041,0,413
2023-07-02,French Guiana,North America,0,98041,0,413
2023-07-09,French Guiana,North America,0,98041,0,413
2023-07-16,French Guiana,North America,0,98041,0,413
2023-07-23,French Guiana,North America,0,98041,0,413
2023-07-30,French Guiana,North America,0,98041,0,413
2023-08-06,French Guiana,North America,0,98041,0,413
2023-08-13,French Guiana,North America,0,98041,0,413
2023-08-20,French Guiana,North America,0,98041,0,413
2023-08-27,French Guiana,North America,0,98041,0,413
2023-09-03,French Guiana,North America,0,98041,0,413
2023-09-10,French Guiana,North America,0,98041,0,413
2023-09-17,French Guiana,North America,0,98041,0,413
2023-09-24,French Guiana,North America,0,98041,0,413
2023-10-01,French Guiana,North America,0,98041,0,413
2023-10-08,French Guiana,North America,0,98041,0,413
2023-10-15,French Guiana,North America,0,98041,0,413
2023-10-22,French Guiana,North America,0,98041,0,413
2023-10-29,French Guiana,North America,0,98041,0,413
2023-11-05,French Guiana,North America,0,98041,0,413
2023-11-12,French Guiana,North America,0,98041,0,413
2023-11-19,French Guiana,North America,0,98041,0,413
2023-11-26,French Guiana,North America,0,98041,0,413
2023-12-03,French Guiana,North America,0,98041,0,413
2023-12-10,French Guiana,North America,0,98041,0,413
2023-12-17,French Guiana,North America,0,98041,0,413
2023-12-24,French Guiana,North America,0,98041,0,413
2023-12-31,French Guiana,North America,0,98041,0,413
2024-01-07,French Guiana,North America,0,98041,0,413
2024-01-14,French Guiana,North America,0,98041,0,413
2024-01-21,French Guiana,North America,0,98041,0,413
2024-01-28,French Guiana,North America,0,98041,0,413
2024-02-04,French Guiana,North America,0,98041,0,413
2024-02-11,French Guiana,North America,0,98041,0,413
2024-02-18,French Guiana,North America,0,98041,0,413
2024-02-25,French Guiana,North America,0,98041,0,413
2024-03-03,French Guiana,North America,0,98041,0,413
2024-03-10,French Guiana,North America,0,98041,0,413
2024-03-17,French Guiana,North America,0,98041,0,413
2024-03-24,French Guiana,North America,0,98041,0,413
2024-03-31,French Guiana,North America,0,98041,0,413
2024-04-07,French Guiana,North America,0,98041,0,413
2024-04-14,French Guiana,North America,0,98041,0,413
2024-04-21,French Guiana,North America,0,98041,0,413
2024-04-28,French Guiana,North America,0,98041,0,413
2024-05-05,French Guiana,North America,0,98041,0,413
2024-05-12,French Guiana,North America,0,98041,0,413
2024-05-19,French Guiana,North America,0,98041,0,413
2024-05-26,French Guiana,North America,0,98041,0,413
2024-06-02,French Guiana,North America,0,98041,0,413
2024-06-09,French Guiana,North America,0,98041,0,413
2024-06-16,French Guiana,North America,0,98041,0,413
2024-06-23,French Guiana,North America,0,98041,0,413
2024-06-30,French Guiana,North America,0,98041,0,413
2024-07-07,French Guiana,North America,0,98041,0,413
2024-07-14,French Guiana,North America,0,98041,0,413
2024-07-21,French Guiana,North America,0,98041,0,413
2024-07-28,French Guiana,North America,0,98041,0,413
2024-08-04,French Guiana,North America,0,98041,0,413
2024-08-11,French Guiana,North America,0,98041,0,413
2024-08-18,French Guiana,North America,0,98041,0,413
2024-08-25,French Guiana,North America,0,98041,0,413
2024-09-01,French Guiana,North America,0,98041,0,413
2020-01-05,French Polynesia,Oceania,0,0,0,0
2020-01-12,French Polynesia,Oceania,0,0,0,0
2020-01-19,French Polynesia,Oceania,0,0,0,0
2020-01-26,French Polynesia,Oceania,0,0,0,0
2020-02-02,French Polynesia,Oceania,0,0,0,0
2020-02-09,French Polynesia,Oceania,0,0,0,0
2020-02-16,French Polynesia,Oceania,0,0,0,0
2020-02-23,French Polynesia,Oceania,0,0,0,0
2020-03-01,French Polynesia,Oceania,0,0,0,0
2020-03-08,French Polynesia,Oceania,0,0,0,0
2020-03-15,French Polynesia,Oceania,3,3,0,0
2020-03-22,French Polynesia,Oceania,15,18,0,0
2020-03-29,French Polynesia,Oceania,17,35,0,0
2020-04-05,French Polynesia,Oceania,5,40,0,0
2020-04-12,French Polynesia,Oceania,11,51,0,0
2020-04-19,French Polynesia,Oceania,4,55,0,0
2020-04-26,French Polynesia,Oceania,2,57,0,0
2020-05-03,French Polynesia,Oceania,1,58,0,0
2020-05-10,French Polynesia,Oceania,2,60,0,0
2020-05-17,French Polynesia,Oceania,0,60,0,0
2020-05-24,French Polynesia,Oceania,0,60,0,0
2020-05-31,French Polynesia,Oceania,0,60,0,0
2020-06-07,French Polynesia,Oceania,0,60,0,0
2020-06-14,French Polynesia,Oceania,0,60,0,0
2020-06-21,French Polynesia,Oceania,0,60,0,0
2020-06-28,French Polynesia,Oceania,2,62,0,0
2020-07-05,French Polynesia,Oceania,0,62,0,0
2020-07-12,French Polynesia,Oceania,0,62,0,0
2020-07-19,French Polynesia,Oceania,0,62,0,0
2020-07-26,French Polynesia,Oceania,0,62,0,0
2020-08-02,French Polynesia,Oceania,0,62,0,0
2020-08-09,French Polynesia,Oceania,7,69,0,0
2020-08-16,French Polynesia,Oceania,97,166,0,0
2020-08-23,French Polynesia,Oceania,132,298,0,0
2020-08-30,French Polynesia,Oceania,184,482,0,0
2020-09-06,French Polynesia,Oceania,238,720,0,0
2020-09-13,French Polynesia,Oceania,300,1020,2,2
2020-09-20,French Polynesia,Oceania,298,1318,0,2
2020-09-27,French Polynesia,Oceania,261,1579,4,6
2020-10-04,French Polynesia,Oceania,447,2026,2,8
2020-10-11,French Polynesia,Oceania,728,2754,2,10
2020-10-18,French Polynesia,Oceania,1043,3797,4,14
2020-10-25,French Polynesia,Oceania,2062,5859,6,20
2020-11-01,French Polynesia,Oceania,1403,7262,9,29
2020-11-08,French Polynesia,Oceania,2733,9995,10,39
2020-11-15,French Polynesia,Oceania,1711,11706,14,53
2020-11-22,French Polynesia,Oceania,1272,12978,10,63
2020-11-29,French Polynesia,Oceania,1118,14096,10,73
2020-12-06,French Polynesia,Oceania,1011,15107,6,79
2020-12-13,French Polynesia,Oceania,511,15618,12,91
2020-12-20,French Polynesia,Oceania,564,16182,12,103
2020-12-27,French Polynesia,Oceania,368,16550,5,108
2021-01-03,French Polynesia,Oceania,376,16926,6,114
2021-01-10,French Polynesia,Oceania,315,17241,8,122
2021-01-17,French Polynesia,Oceania,394,17635,4,126
2021-01-24,French Polynesia,Oceania,217,17852,2,128
2021-01-31,French Polynesia,Oceania,208,18060,3,131
2021-02-07,French Polynesia,Oceania,125,18185,2,133
2021-02-14,French Polynesia,Oceania,78,18263,2,135
2021-02-21,French Polynesia,Oceania,83,18346,2,137
2021-02-28,French Polynesia,Oceania,41,18387,2,139
2021-03-07,French Polynesia,Oceania,72,18459,1,140
2021-03-14,French Polynesia,Oceania,68,18527,1,141
2021-03-21,French Polynesia,Oceania,49,18576,0,141
2021-03-28,French Polynesia,Oceania,31,18607,0,141
2021-04-04,French Polynesia,Oceania,26,18633,0,141
2021-04-11,French Polynesia,Oceania,19,18652,0,141
2021-04-18,French Polynesia,Oceania,44,18696,0,141
2021-04-25,French Polynesia,Oceania,38,18734,0,141
2021-05-02,French Polynesia,Oceania,24,18758,0,141
2021-05-09,French Polynesia,Oceania,32,18790,0,141
2021-05-16,French Polynesia,Oceania,25,18815,0,141
2021-05-23,French Polynesia,Oceania,29,18844,0,141
2021-05-30,French Polynesia,Oceania,16,18860,1,142
2021-06-06,French Polynesia,Oceania,29,18889,0,142
2021-06-13,French Polynesia,Oceania,41,18930,0,142
2021-06-20,French Polynesia,Oceania,33,18963,0,142
2021-06-27,French Polynesia,Oceania,31,18994,0,142
2021-07-04,French Polynesia,Oceania,17,19011,0,142
2021-07-11,French Polynesia,Oceania,15,19026,2,144
2021-07-18,French Polynesia,Oceania,59,19085,0,144
2021-07-25,French Polynesia,Oceania,200,19285,1,145
2021-08-01,French Polynesia,Oceania,763,20048,4,149
2021-08-08,French Polynesia,Oceania,2411,22459,8,157
2021-08-15,French Polynesia,Oceania,5871,28330,31,188
2021-08-22,French Polynesia,Oceania,8042,36372,69,257
2021-08-29,French Polynesia,Oceania,3806,40178,128,385
2021-09-05,French Polynesia,Oceania,1931,42109,95,480
2021-09-12,French Polynesia,Oceania,1602,43711,71,551
2021-09-19,French Polynesia,Oceania,901,44612,42,593
2021-09-26,French Polynesia,Oceania,330,44942,18,611
2021-10-03,French Polynesia,Oceania,239,45181,12,623
2021-10-10,French Polynesia,Oceania,178,45359,3,626
2021-10-17,French Polynesia,Oceania,80,45439,7,633
2021-10-24,French Polynesia,Oceania,67,45506,2,635
2021-10-31,French Polynesia,Oceania,35,45541,1,636
2021-11-07,French Polynesia,Oceania,32,45573,0,636
2021-11-14,French Polynesia,Oceania,28,45601,0,636
2021-11-21,French Polynesia,Oceania,13,45614,0,636
2021-11-28,French Polynesia,Oceania,17,45631,0,636
2021-12-05,French Polynesia,Oceania,693,46324,0,636
2021-12-12,French Polynesia,Oceania,10,46334,0,636
2021-12-19,French Polynesia,Oceania,8,46342,0,636
2021-12-26,French Polynesia,Oceania,40,46382,0,636
2022-01-02,French Polynesia,Oceania,43,46425,0,636
2022-01-09,French Polynesia,Oceania,109,46534,0,636
2022-01-16,French Polynesia,Oceania,598,47132,0,636
2022-01-23,French Polynesia,Oceania,524,47656,0,636
2022-01-30,French Polynesia,Oceania,610,48266,0,636
2022-02-06,French Polynesia,Oceania,1255,49521,0,636
2022-02-13,French Polynesia,Oceania,7137,56658,1,637
2022-02-20,French Polynesia,Oceania,5913,62571,0,637
2022-02-27,French Polynesia,Oceania,4128,66699,2,639
2022-03-06,French Polynesia,Oceania,2276,68975,4,643
2022-03-13,French Polynesia,Oceania,1461,70436,2,645
2022-03-20,French Polynesia,Oceania,1033,71469,0,645
2022-03-27,French Polynesia,Oceania,589,72058,1,646
2022-04-03,French Polynesia,Oceania,328,72386,1,647
2022-04-10,French Polynesia,Oceania,184,72570,1,648
2022-04-17,French Polynesia,Oceania,26,72596,0,648
2022-04-24,French Polynesia,Oceania,82,72678,0,648
2022-05-01,French Polynesia,Oceania,68,72746,0,648
2022-05-08,French Polynesia,Oceania,40,72786,0,648
2022-05-15,French Polynesia,Oceania,50,72836,1,649
2022-05-22,French Polynesia,Oceania,40,72876,0,649
2022-05-29,French Polynesia,Oceania,46,72922,0,649
2022-06-05,French Polynesia,Oceania,92,73014,0,649
2022-06-12,French Polynesia,Oceania,92,73106,0,649
2022-06-19,French Polynesia,Oceania,60,73166,0,649
2022-06-26,French Polynesia,Oceania,102,73268,0,649
2022-07-03,French Polynesia,Oceania,118,73386,0,649
2022-07-10,French Polynesia,Oceania,302,73688,0,649
2022-07-17,French Polynesia,Oceania,425,74113,0,649
2022-07-24,French Polynesia,Oceania,696,74809,0,649
2022-07-31,French Polynesia,Oceania,631,75440,0,649
2022-08-07,French Polynesia,Oceania,518,75958,0,649
2022-08-14,French Polynesia,Oceania,239,76197,0,649
2022-08-21,French Polynesia,Oceania,123,76320,0,649
2022-08-28,French Polynesia,Oceania,119,76439,0,649
2022-09-04,French Polynesia,Oceania,61,76500,0,649
2022-09-11,French Polynesia,Oceania,42,76542,0,649
2022-09-18,French Polynesia,Oceania,36,76578,0,649
2022-09-25,French Polynesia,Oceania,10,76588,0,649
2022-10-02,French Polynesia,Oceania,115,76703,0,649
2022-10-09,French Polynesia,Oceania,3,76706,0,649
2022-10-16,French Polynesia,Oceania,25,76731,0,649
2022-10-23,French Polynesia,Oceania,0,76731,0,649
2022-10-30,French Polynesia,Oceania,27,76758,0,649
2022-11-06,French Polynesia,Oceania,6,76764,0,649
2022-11-13,French Polynesia,Oceania,63,76827,0,649
2022-11-20,French Polynesia,Oceania,0,76827,0,649
2022-11-27,French Polynesia,Oceania,72,76899,0,649
2022-12-04,French Polynesia,Oceania,376,77275,0,649
2022-12-11,French Polynesia,Oceania,429,77704,0,649
2022-12-18,French Polynesia,Oceania,68,77772,0,649
2022-12-25,French Polynesia,Oceania,138,77910,0,649
2023-01-01,French Polynesia,Oceania,47,77957,0,649
2023-01-08,French Polynesia,Oceania,0,77957,0,649
2023-01-15,French Polynesia,Oceania,0,77957,0,649
2023-01-22,French Polynesia,Oceania,0,77957,0,649
2023-01-29,French Polynesia,Oceania,0,77957,0,649
2023-02-05,French Polynesia,Oceania,0,77957,0,649
2023-02-12,French Polynesia,Oceania,0,77957,0,649
2023-02-19,French Polynesia,Oceania,0,77957,0,649
2023-02-26,French Polynesia,Oceania,86,78043,0,649
2023-03-05,French Polynesia,Oceania,12,78055,0,649
2023-03-12,French Polynesia,Oceania,22,78077,0,649
2023-03-19,French Polynesia,Oceania,24,78101,0,649
2023-03-26,French Polynesia,Oceania,52,78153,0,649
2023-04-02,French Polynesia,Oceania,66,78219,0,649
2023-04-09,French Polynesia,Oceania,78,78297,0,649
2023-04-16,French Polynesia,Oceania,81,78378,0,649
2023-04-23,French Polynesia,Oceania,40,78418,0,649
2023-04-30,French Polynesia,Oceania,30,78448,0,649
2023-05-07,French Polynesia,Oceania,70,78518,0,649
2023-05-14,French Polynesia,Oceania,27,78545,0,649
2023-05-21,French Polynesia,Oceania,24,78569,0,649
2023-05-28,French Polynesia,Oceania,12,78581,0,649
2023-06-04,French Polynesia,Oceania,9,78590,0,649
2023-06-11,French Polynesia,Oceania,6,78596,0,649
2023-06-18,French Polynesia,Oceania,4,78600,0,649
2023-06-25,French Polynesia,Oceania,1,78601,0,649
2023-07-02,French Polynesia,Oceania,0,78601,0,649
2023-07-09,French Polynesia,Oceania,12,78613,0,649
2023-07-16,French Polynesia,Oceania,2,78615,0,649
2023-07-23,French Polynesia,Oceania,1,78616,0,649
2023-07-30,French Polynesia,Oceania,1,78617,0,649
2023-08-06,French Polynesia,Oceania,0,78617,0,649
2023-08-13,French Polynesia,Oceania,2,78619,0,649
2023-08-20,French Polynesia,Oceania,2,78621,0,649
2023-08-27,French Polynesia,Oceania,2,78623,0,649
2023-09-03,French Polynesia,Oceania,2,78625,0,649
2023-09-10,French Polynesia,Oceania,0,78625,0,649
2023-09-17,French Polynesia,Oceania,2,78627,0,649
2023-09-24,French Polynesia,Oceania,5,78632,0,649
2023-10-01,French Polynesia,Oceania,0,78632,0,649
2023-10-08,French Polynesia,Oceania,7,78639,0,649
2023-10-15,French Polynesia,Oceania,3,78642,0,649
2023-10-22,French Polynesia,Oceania,7,78649,0,649
2023-10-29,French Polynesia,Oceania,4,78653,0,649
2023-11-05,French Polynesia,Oceania,6,78659,0,649
2023-11-12,French Polynesia,Oceania,11,78670,0,649
2023-11-19,French Polynesia,Oceania,30,78700,0,649
2023-11-26,French Polynesia,Oceania,0,78700,0,649
2023-12-03,French Polynesia,Oceania,0,78700,0,649
2023-12-10,French Polynesia,Oceania,527,79227,0,649
2023-12-17,French Polynesia,Oceania,0,79227,0,649
2023-12-24,French Polynesia,Oceania,0,79227,0,649
2023-12-31,French Polynesia,Oceania,0,79227,0,649
2024-01-07,French Polynesia,Oceania,27,79254,1,650
2024-01-14,French Polynesia,Oceania,19,79273,0,650
2024-01-21,French Polynesia,Oceania,11,79284,0,650
2024-01-28,French Polynesia,Oceania,7,79291,0,650
2024-02-04,French Polynesia,Oceania,0,79291,0,650
2024-02-11,French Polynesia,Oceania,6,79297,0,650
2024-02-18,French Polynesia,Oceania,0,79297,0,650
2024-02-25,French Polynesia,Oceania,2,79299,0,650
2024-03-03,French Polynesia,Oceania,0,79299,0,650
2024-03-10,French Polynesia,Oceania,0,79299,0,650
2024-03-17,French Polynesia,Oceania,0,79299,0,650
2024-03-24,French Polynesia,Oceania,1,79300,0,650
2024-03-31,French Polynesia,Oceania,1,79301,0,650
2024-04-07,French Polynesia,Oceania,0,79301,0,650
2024-04-14,French Polynesia,Oceania,0,79301,0,650
2024-04-21,French Polynesia,Oceania,1,79302,0,650
2024-04-28,French Polynesia,Oceania,0,79302,0,650
2024-05-05,French Polynesia,Oceania,0,79302,0,650
2024-05-12,French Polynesia,Oceania,0,79302,0,650
2024-05-19,French Polynesia,Oceania,0,79302,0,650
2024-05-26,French Polynesia,Oceania,0,79302,0,650
2024-06-02,French Polynesia,Oceania,5,79307,0,650
2024-06-09,French Polynesia,Oceania,2,79309,0,650
2024-06-16,French Polynesia,Oceania,4,79313,0,650
2024-06-23,French Polynesia,Oceania,0,79313,0,650
2024-06-30,French Polynesia,Oceania,0,79313,0,650
2024-07-07,French Polynesia,Oceania,20,79333,0,650
2024-07-14,French Polynesia,Oceania,0,79333,0,650
2024-07-21,French Polynesia,Oceania,7,79340,0,650
2024-07-28,French Polynesia,Oceania,0,79340,0,650
2024-08-04,French Polynesia,Oceania,47,79387,0,650
2024-08-11,French Polynesia,Oceania,17,79404,0,650
2024-08-18,French Polynesia,Oceania,15,79419,0,650
2024-08-25,French Polynesia,Oceania,11,79430,0,650
2024-09-01,French Polynesia,Oceania,5,79435,0,650
2020-01-05,Gabon,Africa,0,0,0,0
2020-01-12,Gabon,Africa,0,0,0,0
2020-01-19,Gabon,Africa,0,0,0,0
2020-01-26,Gabon,Africa,0,0,0,0
2020-02-02,Gabon,Africa,0,0,0,0
2020-02-09,Gabon,Africa,0,0,0,0
2020-02-16,Gabon,Africa,0,0,0,0
2020-02-23,Gabon,Africa,0,0,0,0
2020-03-01,Gabon,Africa,0,0,0,0
2020-03-08,Gabon,Africa,0,0,0,0
2020-03-15,Gabon,Africa,1,1,0,0
2020-03-22,Gabon,Africa,5,6,0,0
2020-03-29,Gabon,Africa,1,7,0,0
2020-04-05,Gabon,Africa,14,21,3,3
2020-04-12,Gabon,Africa,29,50,0,3
2020-04-19,Gabon,Africa,60,110,0,3
2020-04-26,Gabon,Africa,67,177,2,5
2020-05-03,Gabon,Africa,159,336,2,7
2020-05-10,Gabon,Africa,325,661,1,8
2020-05-17,Gabon,Africa,659,1320,3,11
2020-05-24,Gabon,Africa,614,1934,1,12
2020-05-31,Gabon,Africa,721,2655,5,17
2020-06-07,Gabon,Africa,446,3101,4,21
2020-06-14,Gabon,Africa,362,3463,2,23
2020-06-21,Gabon,Africa,965,4428,11,34
2020-06-28,Gabon,Africa,781,5209,6,40
2020-07-05,Gabon,Africa,411,5620,4,44
2020-07-12,Gabon,Africa,322,5942,2,46
2020-07-19,Gabon,Africa,373,6315,0,46
2020-07-26,Gabon,Africa,669,6984,3,49
2020-08-02,Gabon,Africa,547,7531,1,50
2020-08-09,Gabon,Africa,392,7923,1,51
2020-08-16,Gabon,Africa,302,8225,0,51
2020-08-23,Gabon,Africa,163,8388,2,53
2020-08-30,Gabon,Africa,117,8505,0,53
2020-09-06,Gabon,Africa,96,8601,0,53
2020-09-13,Gabon,Africa,42,8643,0,53
2020-09-20,Gabon,Africa,53,8696,0,53
2020-09-27,Gabon,Africa,32,8728,1,54
2020-10-04,Gabon,Africa,69,8797,0,54
2020-10-11,Gabon,Africa,18,8815,0,54
2020-10-18,Gabon,Africa,66,8881,0,54
2020-10-25,Gabon,Africa,38,8919,0,54
2020-11-01,Gabon,Africa,49,8968,1,55
2020-11-08,Gabon,Africa,54,9022,0,55
2020-11-15,Gabon,Africa,40,9062,3,58
2020-11-22,Gabon,Africa,69,9131,1,59
2020-11-29,Gabon,Africa,60,9191,0,59
2020-12-06,Gabon,Africa,63,9254,1,60
2020-12-13,Gabon,Africa,76,9330,3,63
2020-12-20,Gabon,Africa,70,9400,1,64
2020-12-27,Gabon,Africa,97,9497,0,64
2021-01-03,Gabon,Africa,74,9571,0,64
2021-01-10,Gabon,Africa,123,9694,2,66
2021-01-17,Gabon,Africa,205,9899,0,66
2021-01-24,Gabon,Africa,379,10278,1,67
2021-01-31,Gabon,Africa,470,10748,1,68
2021-02-07,Gabon,Africa,709,11457,3,71
2021-02-14,Gabon,Africa,1120,12577,2,73
2021-02-21,Gabon,Africa,976,13553,2,75
2021-02-28,Gabon,Africa,1011,14564,8,83
2021-03-07,Gabon,Africa,953,15517,7,90
2021-03-14,Gabon,Africa,1143,16660,6,96
2021-03-21,Gabon,Africa,637,17297,9,105
2021-03-28,Gabon,Africa,1129,18426,4,109
2021-04-04,Gabon,Africa,1437,19863,10,119
2021-04-11,Gabon,Africa,773,20636,8,127
2021-04-18,Gabon,Africa,1222,21858,6,133
2021-04-25,Gabon,Africa,575,22433,5,138
2021-05-02,Gabon,Africa,642,23075,1,139
2021-05-09,Gabon,Africa,357,23432,4,143
2021-05-16,Gabon,Africa,367,23799,0,143
2021-05-23,Gabon,Africa,308,24107,4,147
2021-05-30,Gabon,Africa,258,24365,3,150
2021-06-06,Gabon,Africa,226,24591,4,154
2021-06-13,Gabon,Africa,145,24736,2,156
2021-06-20,Gabon,Africa,0,24736,0,156
2021-06-27,Gabon,Africa,248,24984,3,159
2021-07-04,Gabon,Africa,92,25076,0,159
2021-07-11,Gabon,Africa,88,25164,3,162
2021-07-18,Gabon,Africa,96,25260,0,162
2021-07-25,Gabon,Africa,65,25325,1,163
2021-08-01,Gabon,Africa,59,25384,1,164
2021-08-08,Gabon,Africa,78,25462,1,165
2021-08-15,Gabon,Africa,102,25564,0,165
2021-08-22,Gabon,Africa,103,25667,0,165
2021-08-29,Gabon,Africa,152,25819,0,165
2021-09-05,Gabon,Africa,260,26079,2,167
2021-09-12,Gabon,Africa,559,26638,3,170
2021-09-19,Gabon,Africa,1005,27643,5,175
2021-09-26,Gabon,Africa,1483,29126,3,178
2021-10-03,Gabon,Africa,1522,30648,12,190
2021-10-10,Gabon,Africa,1487,32135,11,201
2021-10-17,Gabon,Africa,1307,33442,12,213
2021-10-24,Gabon,Africa,1159,34601,11,224
2021-10-31,Gabon,Africa,924,35525,15,239
2021-11-07,Gabon,Africa,669,36194,15,254
2021-11-14,Gabon,Africa,498,36692,12,266
2021-11-21,Gabon,Africa,353,37045,7,273
2021-11-28,Gabon,Africa,253,37298,6,279
2021-12-05,Gabon,Africa,44,37342,0,279
2021-12-12,Gabon,Africa,249,37591,3,282
2021-12-19,Gabon,Africa,152,37743,3,285
2021-12-26,Gabon,Africa,1127,38870,2,287
2022-01-02,Gabon,Africa,2928,41798,1,288
2022-01-09,Gabon,Africa,2141,43939,7,295
2022-01-16,Gabon,Africa,1213,45152,2,297
2022-01-23,Gabon,Africa,1046,46198,3,300
2022-01-30,Gabon,Africa,524,46722,1,301
2022-02-06,Gabon,Africa,426,47148,0,301
2022-02-13,Gabon,Africa,251,47399,1,302
2022-02-20,Gabon,Africa,85,47484,1,303
2022-02-27,Gabon,Africa,50,47534,0,303
2022-03-06,Gabon,Africa,25,47559,0,303
2022-03-13,Gabon,Africa,5,47564,0,303
2022-03-20,Gabon,Africa,6,47570,0,303
2022-03-27,Gabon,Africa,14,47584,0,303
2022-04-03,Gabon,Africa,2,47586,0,303
2022-04-10,Gabon,Africa,5,47591,0,303
2022-04-17,Gabon,Africa,3,47594,0,303
2022-04-24,Gabon,Africa,3,47597,0,303
2022-05-01,Gabon,Africa,5,47602,1,304
2022-05-08,Gabon,Africa,0,47602,0,304
2022-05-15,Gabon,Africa,6,47608,0,304
2022-05-22,Gabon,Africa,14,47622,0,304
2022-05-29,Gabon,Africa,28,47650,0,304
2022-06-05,Gabon,Africa,27,47677,0,304
2022-06-12,Gabon,Africa,34,47711,0,304
2022-06-19,Gabon,Africa,31,47742,0,304
2022-06-26,Gabon,Africa,82,47824,1,305
2022-07-03,Gabon,Africa,115,47939,0,305
2022-07-10,Gabon,Africa,218,48157,0,305
2022-07-17,Gabon,Africa,132,48289,1,306
2022-07-24,Gabon,Africa,128,48417,0,306
2022-07-31,Gabon,Africa,94,48511,0,306
2022-08-07,Gabon,Africa,81,48592,0,306
2022-08-14,Gabon,Africa,43,48635,0,306
2022-08-21,Gabon,Africa,0,48635,0,306
2022-08-28,Gabon,Africa,14,48649,0,306
2022-09-04,Gabon,Africa,6,48655,0,306
2022-09-11,Gabon,Africa,13,48668,0,306
2022-09-18,Gabon,Africa,14,48682,0,306
2022-09-25,Gabon,Africa,9,48691,0,306
2022-10-02,Gabon,Africa,22,48713,0,306
2022-10-09,Gabon,Africa,59,48772,0,306
2022-10-16,Gabon,Africa,38,48810,0,306
2022-10-23,Gabon,Africa,104,48914,0,306
2022-10-30,Gabon,Africa,31,48945,0,306
2022-11-06,Gabon,Africa,14,48959,0,306
2022-11-13,Gabon,Africa,0,48959,0,306
2022-11-20,Gabon,Africa,13,48972,0,306
2022-11-27,Gabon,Africa,1,48973,0,306
2022-12-04,Gabon,Africa,0,48973,0,306
2022-12-11,Gabon,Africa,0,48973,0,306
2022-12-18,Gabon,Africa,3,48976,0,306
2022-12-25,Gabon,Africa,3,48979,0,306
2023-01-01,Gabon,Africa,1,48980,0,306
2023-01-08,Gabon,Africa,0,48980,0,306
2023-01-15,Gabon,Africa,0,48980,0,306
2023-01-22,Gabon,Africa,1,48981,0,306
2023-01-29,Gabon,Africa,0,48981,0,306
2023-02-05,Gabon,Africa,0,48981,0,306
2023-02-12,Gabon,Africa,0,48981,0,306
2023-02-19,Gabon,Africa,0,48981,0,306
2023-02-26,Gabon,Africa,0,48981,0,306
2023-03-05,Gabon,Africa,0,48981,0,306
2023-03-12,Gabon,Africa,0,48981,0,306
2023-03-19,Gabon,Africa,0,48981,0,306
2023-03-26,Gabon,Africa,0,48981,0,306
2023-04-02,Gabon,Africa,0,48981,0,306
2023-04-09,Gabon,Africa,11,48992,1,307
2023-04-16,Gabon,Africa,0,48992,0,307
2023-04-23,Gabon,Africa,0,48992,0,307
2023-04-30,Gabon,Africa,0,48992,0,307
2023-05-07,Gabon,Africa,0,48992,0,307
2023-05-14,Gabon,Africa,0,48992,0,307
2023-05-21,Gabon,Africa,0,48992,0,307
2023-05-28,Gabon,Africa,0,48992,0,307
2023-06-04,Gabon,Africa,0,48992,0,307
2023-06-11,Gabon,Africa,0,48992,0,307
2023-06-18,Gabon,Africa,0,48992,0,307
2023-06-25,Gabon,Africa,0,48992,0,307
2023-07-02,Gabon,Africa,0,48992,0,307
2023-07-09,Gabon,Africa,0,48992,0,307
2023-07-16,Gabon,Africa,0,48992,0,307
2023-07-23,Gabon,Africa,0,48992,0,307
2023-07-30,Gabon,Africa,0,48992,0,307
2023-08-06,Gabon,Africa,0,48992,0,307
2023-08-13,Gabon,Africa,0,48992,0,307
2023-08-20,Gabon,Africa,0,48992,0,307
2023-08-27,Gabon,Africa,0,48992,0,307
2023-09-03,Gabon,Africa,0,48992,0,307
2023-09-10,Gabon,Africa,0,48992,0,307
2023-09-17,Gabon,Africa,0,48992,0,307
2023-09-24,Gabon,Africa,0,48992,0,307
2023-10-01,Gabon,Africa,0,48992,0,307
2023-10-08,Gabon,Africa,1,48993,0,307
2023-10-15,Gabon,Africa,2,48995,0,307
2023-10-22,Gabon,Africa,0,48995,0,307
2023-10-29,Gabon,Africa,0,48995,0,307
2023-11-05,Gabon,Africa,12,49007,0,307
2023-11-12,Gabon,Africa,10,49017,0,307
2023-11-19,Gabon,Africa,32,49049,0,307
2023-11-26,Gabon,Africa,0,49049,0,307
2023-12-03,Gabon,Africa,0,49049,0,307
2023-12-10,Gabon,Africa,2,49051,0,307
2023-12-17,Gabon,Africa,0,49051,0,307
2023-12-24,Gabon,Africa,0,49051,0,307
2023-12-31,Gabon,Africa,0,49051,0,307
2024-01-07,Gabon,Africa,0,49051,0,307
2024-01-14,Gabon,Africa,0,49051,0,307
2024-01-21,Gabon,Africa,0,49051,0,307
2024-01-28,Gabon,Africa,0,49051,0,307
2024-02-04,Gabon,Africa,0,49051,0,307
2024-02-11,Gabon,Africa,0,49051,0,307
2024-02-18,Gabon,Africa,0,49051,0,307
2024-02-25,Gabon,Africa,0,49051,0,307
2024-03-03,Gabon,Africa,0,49051,0,307
2024-03-10,Gabon,Africa,0,49051,0,307
2024-03-17,Gabon,Africa,0,49051,0,307
2024-03-24,Gabon,Africa,0,49051,0,307
2024-03-31,Gabon,Africa,0,49051,0,307
2024-04-07,Gabon,Africa,0,49051,0,307
2024-04-14,Gabon,Africa,0,49051,0,307
2024-04-21,Gabon,Africa,0,49051,0,307
2024-04-28,Gabon,Africa,0,49051,0,307
2024-05-05,Gabon,Africa,0,49051,0,307
2024-05-12,Gabon,Africa,0,49051,0,307
2024-05-19,Gabon,Africa,0,49051,0,307
2024-05-26,Gabon,Africa,0,49051,0,307
2024-06-02,Gabon,Africa,0,49051,0,307
2024-06-09,Gabon,Africa,0,49051,0,307
2024-06-16,Gabon,Africa,0,49051,0,307
2024-06-23,Gabon,Africa,0,49051,0,307
2024-06-30,Gabon,Africa,0,49051,0,307
2024-07-07,Gabon,Africa,0,49051,0,307
2024-07-14,Gabon,Africa,0,49051,0,307
2024-07-21,Gabon,Africa,0,49051,0,307
2024-07-28,Gabon,Africa,0,49051,0,307
2024-08-04,Gabon,Africa,0,49051,0,307
2024-08-11,Gabon,Africa,0,49051,0,307
2024-08-18,Gabon,Africa,0,49051,0,307
2024-08-25,Gabon,Africa,0,49051,0,307
2024-09-01,Gabon,Africa,0,49051,0,307
2020-01-05,Gambia,Africa,0,0,0,0
2020-01-12,Gambia,Africa,0,0,0,0
2020-01-19,Gambia,Africa,0,0,0,0
2020-01-26,Gambia,Africa,0,0,0,0
2020-02-02,Gambia,Africa,0,0,0,0
2020-02-09,Gambia,Africa,0,0,0,0
2020-02-16,Gambia,Africa,0,0,0,0
2020-02-23,Gambia,Africa,0,0,0,0
2020-03-01,Gambia,Africa,0,0,0,0
2020-03-08,Gambia,Africa,0,0,0,0
2020-03-15,Gambia,Africa,0,0,0,0
2020-03-22,Gambia,Africa,1,1,0,0
2020-03-29,Gambia,Africa,2,3,0,0
2020-04-05,Gambia,Africa,1,4,0,0
2020-04-12,Gambia,Africa,5,9,0,0
2020-04-19,Gambia,Africa,0,9,0,0
2020-04-26,Gambia,Africa,1,10,0,0
2020-05-03,Gambia,Africa,7,17,0,0
2020-05-10,Gambia,Africa,3,20,0,0
2020-05-17,Gambia,Africa,4,24,0,0
2020-05-24,Gambia,Africa,1,25,0,0
2020-05-31,Gambia,Africa,0,25,0,0
2020-06-07,Gambia,Africa,1,26,0,0
2020-06-14,Gambia,Africa,2,28,0,0
2020-06-21,Gambia,Africa,9,37,0,0
2020-06-28,Gambia,Africa,8,45,0,0
2020-07-05,Gambia,Africa,12,57,0,0
2020-07-12,Gambia,Africa,7,64,0,0
2020-07-19,Gambia,Africa,48,112,0,0
2020-07-26,Gambia,Africa,165,277,0,0
2020-08-02,Gambia,Africa,207,484,0,0
2020-08-09,Gambia,Africa,848,1332,0,0
2020-08-16,Gambia,Africa,526,1858,0,0
2020-08-23,Gambia,Africa,727,2585,0,0
2020-08-30,Gambia,Africa,378,2963,0,0
2020-09-06,Gambia,Africa,233,3196,0,0
2020-09-13,Gambia,Africa,209,3405,0,0
2020-09-20,Gambia,Africa,121,3526,0,0
2020-09-27,Gambia,Africa,43,3569,0,0
2020-10-04,Gambia,Africa,25,3594,115,115
2020-10-11,Gambia,Africa,38,3632,2,117
2020-10-18,Gambia,Africa,17,3649,1,118
2020-10-25,Gambia,Africa,11,3660,1,119
2020-11-01,Gambia,Africa,12,3672,0,119
2020-11-08,Gambia,Africa,12,3684,2,121
2020-11-15,Gambia,Africa,18,3702,1,122
2020-11-22,Gambia,Africa,24,3726,1,123
2020-11-29,Gambia,Africa,8,3734,0,123
2020-12-06,Gambia,Africa,36,3770,0,123
2020-12-13,Gambia,Africa,12,3782,0,123
2020-12-20,Gambia,Africa,6,3788,0,123
2020-12-27,Gambia,Africa,4,3792,0,123
2021-01-03,Gambia,Africa,10,3802,1,124
2021-01-10,Gambia,Africa,55,3857,1,125
2021-01-17,Gambia,Africa,53,3910,3,128
2021-01-24,Gambia,Africa,62,3972,0,128
2021-01-31,Gambia,Africa,118,4090,0,128
2021-02-07,Gambia,Africa,147,4237,6,134
2021-02-14,Gambia,Africa,177,4414,4,138
2021-02-21,Gambia,Africa,140,4554,6,144
2021-02-28,Gambia,Africa,158,4712,6,150
2021-03-07,Gambia,Africa,80,4792,3,153
2021-03-14,Gambia,Africa,227,5019,0,153
2021-03-21,Gambia,Africa,236,5255,8,161
2021-03-28,Gambia,Africa,165,5420,3,164
2021-04-04,Gambia,Africa,85,5505,2,166
2021-04-11,Gambia,Africa,97,5602,2,168
2021-04-18,Gambia,Africa,131,5733,2,170
2021-04-25,Gambia,Africa,124,5857,3,173
2021-05-02,Gambia,Africa,44,5901,2,175
2021-05-09,Gambia,Africa,28,5929,0,175
2021-05-16,Gambia,Africa,17,5946,0,175
2021-05-23,Gambia,Africa,32,5978,3,178
2021-05-30,Gambia,Africa,15,5993,1,179
2021-06-06,Gambia,Africa,9,6002,0,179
2021-06-13,Gambia,Africa,14,6016,1,180
2021-06-20,Gambia,Africa,29,6045,1,181
2021-06-27,Gambia,Africa,24,6069,0,181
2021-07-04,Gambia,Africa,47,6116,1,182
2021-07-11,Gambia,Africa,212,6328,3,185
2021-07-18,Gambia,Africa,592,6920,5,190
2021-07-25,Gambia,Africa,413,7333,18,208
2021-08-01,Gambia,Africa,963,8296,19,227
2021-08-08,Gambia,Africa,467,8763,18,245
2021-08-15,Gambia,Africa,432,9195,26,271
2021-08-22,Gambia,Africa,275,9470,30,301
2021-08-29,Gambia,Africa,228,9698,18,319
2021-09-05,Gambia,Africa,91,9789,9,328
2021-09-12,Gambia,Africa,59,9848,0,328
2021-09-19,Gambia,Africa,40,9888,4,332
2021-09-26,Gambia,Africa,42,9930,3,335
2021-10-03,Gambia,Africa,5,9935,3,338
2021-10-10,Gambia,Africa,8,9943,1,339
2021-10-17,Gambia,Africa,3,9946,0,339
2021-10-24,Gambia,Africa,16,9962,1,340
2021-10-31,Gambia,Africa,5,9967,0,340
2021-11-07,Gambia,Africa,12,9979,1,341
2021-11-14,Gambia,Africa,7,9986,0,341
2021-11-21,Gambia,Africa,2,9988,1,342
2021-11-28,Gambia,Africa,4,9992,0,342
2021-12-05,Gambia,Africa,6,9998,0,342
2021-12-12,Gambia,Africa,47,10045,0,342
2021-12-19,Gambia,Africa,33,10078,0,342
2021-12-26,Gambia,Africa,58,10136,0,342
2022-01-02,Gambia,Africa,358,10494,1,343
2022-01-09,Gambia,Africa,748,11242,1,344
2022-01-16,Gambia,Africa,330,11572,3,347
2022-01-23,Gambia,Africa,270,11842,15,362
2022-01-30,Gambia,Africa,21,11863,2,364
2022-02-06,Gambia,Africa,17,11880,0,364
2022-02-13,Gambia,Africa,31,11911,1,365
2022-02-20,Gambia,Africa,13,11924,0,365
2022-02-27,Gambia,Africa,15,11939,0,365
2022-03-06,Gambia,Africa,17,11956,0,365
2022-03-13,Gambia,Africa,17,11973,0,365
2022-03-20,Gambia,Africa,5,11978,0,365
2022-03-27,Gambia,Africa,10,11988,0,365
2022-04-03,Gambia,Africa,2,11990,0,365
2022-04-10,Gambia,Africa,0,11990,0,365
2022-04-17,Gambia,Africa,4,11994,0,365
2022-04-24,Gambia,Africa,1,11995,0,365
2022-05-01,Gambia,Africa,1,11996,0,365
2022-05-08,Gambia,Africa,0,11996,0,365
2022-05-15,Gambia,Africa,3,11999,0,365
2022-05-22,Gambia,Africa,3,12002,0,365
2022-05-29,Gambia,Africa,1,12003,0,365
2022-06-05,Gambia,Africa,2,12005,0,365
2022-06-12,Gambia,Africa,2,12007,0,365
2022-06-19,Gambia,Africa,2,12009,0,365
2022-06-26,Gambia,Africa,0,12009,0,365
2022-07-03,Gambia,Africa,0,12009,0,365
2022-07-10,Gambia,Africa,0,12009,0,365
2022-07-17,Gambia,Africa,39,12048,3,368
2022-07-24,Gambia,Africa,43,12091,0,368
2022-07-31,Gambia,Africa,58,12149,0,368
2022-08-07,Gambia,Africa,89,12238,0,368
2022-08-14,Gambia,Africa,73,12311,3,371
2022-08-21,Gambia,Africa,34,12345,0,371
2022-08-28,Gambia,Africa,35,12380,0,371
2022-09-04,Gambia,Africa,27,12407,0,371
2022-09-11,Gambia,Africa,8,12415,1,372
2022-09-18,Gambia,Africa,0,12415,0,372
2022-09-25,Gambia,Africa,27,12442,0,372
2022-10-02,Gambia,Africa,0,12442,0,372
2022-10-09,Gambia,Africa,0,12442,0,372
2022-10-16,Gambia,Africa,0,12442,0,372
2022-10-23,Gambia,Africa,0,12442,0,372
2022-10-30,Gambia,Africa,121,12563,0,372
2022-11-06,Gambia,Africa,23,12586,0,372
2022-11-13,Gambia,Africa,0,12586,0,372
2022-11-20,Gambia,Africa,0,12586,0,372
2022-11-27,Gambia,Africa,0,12586,0,372
2022-12-04,Gambia,Africa,0,12586,0,372
2022-12-11,Gambia,Africa,0,12586,0,372
2022-12-18,Gambia,Africa,0,12586,0,372
2022-12-25,Gambia,Africa,0,12586,0,372
2023-01-01,Gambia,Africa,0,12586,0,372
2023-01-08,Gambia,Africa,0,12586,0,372
2023-01-15,Gambia,Africa,0,12586,0,372
2023-01-22,Gambia,Africa,0,12586,0,372
2023-01-29,Gambia,Africa,0,12586,0,372
2023-02-05,Gambia,Africa,7,12593,0,372
2023-02-12,Gambia,Africa,0,12593,0,372
2023-02-19,Gambia,Africa,1,12594,0,372
2023-02-26,Gambia,Africa,2,12596,0,372
2023-03-05,Gambia,Africa,2,12598,0,372
2023-03-12,Gambia,Africa,3,12601,0,372
2023-03-19,Gambia,Africa,5,12606,0,372
2023-03-26,Gambia,Africa,0,12606,0,372
2023-04-02,Gambia,Africa,16,12622,0,372
2023-04-09,Gambia,Africa,0,12622,0,372
2023-04-16,Gambia,Africa,4,12626,0,372
2023-04-23,Gambia,Africa,0,12626,0,372
2023-04-30,Gambia,Africa,0,12626,0,372
2023-05-07,Gambia,Africa,0,12626,0,372
2023-05-14,Gambia,Africa,0,12626,0,372
2023-05-21,Gambia,Africa,0,12626,0,372
2023-05-28,Gambia,Africa,0,12626,0,372
2023-06-04,Gambia,Africa,0,12626,0,372
2023-06-11,Gambia,Africa,0,12626,0,372
2023-06-18,Gambia,Africa,0,12626,0,372
2023-06-25,Gambia,Africa,0,12626,0,372
2023-07-02,Gambia,Africa,0,12626,0,372
2023-07-09,Gambia,Africa,0,12626,0,372
2023-07-16,Gambia,Africa,0,12626,0,372
2023-07-23,Gambia,Africa,0,12626,0,372
2023-07-30,Gambia,Africa,0,12626,0,372
2023-08-06,Gambia,Africa,0,12626,0,372
2023-08-13,Gambia,Africa,0,12626,0,372
2023-08-20,Gambia,Africa,0,12626,0,372
2023-08-27,Gambia,Africa,0,12626,0,372
2023-09-03,Gambia,Africa,0,12626,0,372
2023-09-10,Gambia,Africa,0,12626,0,372
2023-09-17,Gambia,Africa,0,12626,0,372
2023-09-24,Gambia,Africa,0,12626,0,372
2023-10-01,Gambia,Africa,0,12626,0,372
2023-10-08,Gambia,Africa,0,12626,0,372
2023-10-15,Gambia,Africa,0,12626,0,372
2023-10-22,Gambia,Africa,0,12626,0,372
2023-10-29,Gambia,Africa,0,12626,0,372
2023-11-05,Gambia,Africa,0,12626,0,372
2023-11-12,Gambia,Africa,0,12626,0,372
2023-11-19,Gambia,Africa,0,12626,0,372
2023-11-26,Gambia,Africa,0,12626,0,372
2023-12-03,Gambia,Africa,0,12626,0,372
2023-12-10,Gambia,Africa,0,12626,0,372
2023-12-17,Gambia,Africa,0,12626,0,372
2023-12-24,Gambia,Africa,0,12626,0,372
2023-12-31,Gambia,Africa,0,12626,0,372
2024-01-07,Gambia,Africa,0,12626,0,372
2024-01-14,Gambia,Africa,0,12626,0,372
2024-01-21,Gambia,Africa,0,12626,0,372
2024-01-28,Gambia,Africa,0,12626,0,372
2024-02-04,Gambia,Africa,0,12626,0,372
2024-02-11,Gambia,Africa,0,12626,0,372
2024-02-18,Gambia,Africa,0,12626,0,372
2024-02-25,Gambia,Africa,0,12626,0,372
2024-03-03,Gambia,Africa,0,12626,0,372
2024-03-10,Gambia,Africa,0,12626,0,372
2024-03-17,Gambia,Africa,0,12626,0,372
2024-03-24,Gambia,Africa,0,12626,0,372
2024-03-31,Gambia,Africa,0,12626,0,372
2024-04-07,Gambia,Africa,0,12626,0,372
2024-04-14,Gambia,Africa,0,12626,0,372
2024-04-21,Gambia,Africa,0,12626,0,372
2024-04-28,Gambia,Africa,0,12626,0,372
2024-05-05,Gambia,Africa,0,12626,0,372
2024-05-12,Gambia,Africa,1,12627,0,372
2024-05-19,Gambia,Africa,0,12627,0,372
2024-05-26,Gambia,Africa,0,12627,0,372
2024-06-02,Gambia,Africa,0,12627,0,372
2024-06-09,Gambia,Africa,0,12627,0,372
2024-06-16,Gambia,Africa,0,12627,0,372
2024-06-23,Gambia,Africa,0,12627,0,372
2024-06-30,Gambia,Africa,0,12627,0,372
2024-07-07,Gambia,Africa,0,12627,0,372
2024-07-14,Gambia,Africa,0,12627,0,372
2024-07-21,Gambia,Africa,0,12627,0,372
2024-07-28,Gambia,Africa,0,12627,0,372
2024-08-04,Gambia,Africa,0,12627,0,372
2024-08-11,Gambia,Africa,0,12627,0,372
2024-08-18,Gambia,Africa,0,12627,0,372
2024-08-25,Gambia,Africa,0,12627,0,372
2024-09-01,Gambia,Africa,0,12627,0,372
2020-01-05,Georgia,Asia,0,0,0,0
2020-01-12,Georgia,Asia,0,0,0,0
2020-01-19,Georgia,Asia,0,0,0,0
2020-01-26,Georgia,Asia,0,0,0,0
2020-02-02,Georgia,Asia,0,0,0,0
2020-02-09,Georgia,Asia,0,0,0,0
2020-02-16,Georgia,Asia,0,0,0,0
2020-02-23,Georgia,Asia,0,0,0,0
2020-03-01,Georgia,Asia,3,3,0,0
2020-03-08,Georgia,Asia,9,12,0,0
2020-03-15,Georgia,Asia,18,30,0,0
2020-03-22,Georgia,Asia,24,54,0,0
2020-03-29,Georgia,Asia,44,98,0,0
2020-04-05,Georgia,Asia,72,170,1,1
2020-04-12,Georgia,Asia,82,252,2,3
2020-04-19,Georgia,Asia,142,394,1,4
2020-04-26,Georgia,Asia,91,485,1,5
2020-05-03,Georgia,Asia,104,589,3,8
2020-05-10,Georgia,Asia,46,635,2,10
2020-05-17,Georgia,Asia,60,695,2,12
2020-05-24,Georgia,Asia,35,730,0,12
2020-05-31,Georgia,Asia,53,783,0,12
2020-06-07,Georgia,Asia,26,809,1,13
2020-06-14,Georgia,Asia,55,864,1,14
2020-06-21,Georgia,Asia,42,906,0,14
2020-06-28,Georgia,Asia,18,924,1,15
2020-07-05,Georgia,Asia,27,951,0,15
2020-07-12,Georgia,Asia,35,986,0,15
2020-07-19,Georgia,Asia,42,1028,0,15
2020-07-26,Georgia,Asia,103,1131,1,16
2020-08-02,Georgia,Asia,46,1177,1,17
2020-08-09,Georgia,Asia,48,1225,0,17
2020-08-16,Georgia,Asia,111,1336,0,17
2020-08-23,Georgia,Asia,75,1411,0,17
2020-08-30,Georgia,Asia,58,1469,2,19
2020-09-06,Georgia,Asia,181,1650,0,19
2020-09-13,Georgia,Asia,577,2227,0,19
2020-09-20,Georgia,Asia,1275,3502,0,19
2020-09-27,Georgia,Asia,1752,5254,9,28
2020-10-04,Georgia,Asia,2864,8118,22,50
2020-10-11,Georgia,Asia,3676,11794,35,85
2020-10-18,Georgia,Asia,5683,17477,51,136
2020-10-25,Georgia,Asia,10954,28431,65,201
2020-11-01,Georgia,Asia,12296,40727,134,335
2020-11-08,Georgia,Asia,17026,57753,140,475
2020-11-15,Georgia,Asia,21925,79678,228,703
2020-11-22,Georgia,Asia,25054,104732,273,976
2020-11-29,Georgia,Asia,27636,132368,254,1230
2020-12-06,Georgia,Asia,30107,162475,274,1504
2020-12-13,Georgia,Asia,27251,189726,286,1790
2020-12-20,Georgia,Asia,18912,208638,304,2094
2020-12-27,Georgia,Asia,12967,221605,283,2377
2021-01-03,Georgia,Asia,7564,229169,226,2603
2021-01-10,Georgia,Asia,10060,239229,170,2773
2021-01-17,Georgia,Asia,8576,247805,160,2933
2021-01-24,Georgia,Asia,5713,253518,122,3055
2021-01-31,Georgia,Asia,4593,258111,123,3178
2021-02-07,Georgia,Asia,3913,262024,105,3283
2021-02-14,Georgia,Asia,3533,265557,69,3352
2021-02-21,Georgia,Asia,2798,268355,83,3435
2021-02-28,Georgia,Asia,2403,270758,75,3510
2021-03-07,Georgia,Asia,2093,272851,66,3576
2021-03-14,Georgia,Asia,2138,274989,72,3648
2021-03-21,Georgia,Asia,2491,277480,52,3700
2021-03-28,Georgia,Asia,2821,280301,51,3751
2021-04-04,Georgia,Asia,3532,283833,60,3811
2021-04-11,Georgia,Asia,4563,288396,66,3877
2021-04-18,Georgia,Asia,6962,295358,62,3939
2021-04-25,Georgia,Asia,8393,303751,86,4025
2021-05-02,Georgia,Asia,8694,312445,126,4151
2021-05-09,Georgia,Asia,9474,321919,130,4281
2021-05-16,Georgia,Asia,8456,330375,161,4442
2021-05-23,Georgia,Asia,7198,337573,180,4622
2021-05-30,Georgia,Asia,6030,343603,135,4757
2021-06-06,Georgia,Asia,5495,349098,153,4910
2021-06-13,Georgia,Asia,4867,353965,138,5048
2021-06-20,Georgia,Asia,4916,358881,112,5160
2021-06-27,Georgia,Asia,4641,363522,106,5266
2021-07-04,Georgia,Asia,5526,369048,81,5347
2021-07-11,Georgia,Asia,8104,377152,105,5452
2021-07-18,Georgia,Asia,10329,387481,99,5551
2021-07-25,Georgia,Asia,15278,402759,137,5688
2021-08-01,Georgia,Asia,19429,422188,165,5853
2021-08-08,Georgia,Asia,25725,447913,231,6084
2021-08-15,Georgia,Asia,33665,481578,322,6406
2021-08-22,Georgia,Asia,33166,514744,365,6771
2021-08-29,Georgia,Asia,28374,543118,480,7251
2021-09-05,Georgia,Asia,21719,564837,555,7806
2021-09-12,Georgia,Asia,16032,580869,379,8185
2021-09-19,Georgia,Asia,14395,595264,356,8541
2021-09-26,Georgia,Asia,11228,606492,276,8817
2021-10-03,Georgia,Asia,11261,617753,221,9038
2021-10-10,Georgia,Asia,16300,634053,208,9246
2021-10-17,Georgia,Asia,28281,662334,222,9468
2021-10-24,Georgia,Asia,29906,692240,274,9742
2021-10-31,Georgia,Asia,27007,719247,303,10045
2021-11-07,Georgia,Asia,33608,752855,390,10435
2021-11-14,Georgia,Asia,31236,784091,540,10975
2021-11-21,Georgia,Asia,28155,812246,523,11498
2021-11-28,Georgia,Asia,26393,838639,429,11927
2021-12-05,Georgia,Asia,26654,865293,417,12344
2021-12-12,Georgia,Asia,23993,889286,387,12731
2021-12-19,Georgia,Asia,19874,909160,340,13071
2021-12-26,Georgia,Asia,15208,924368,441,13512
2022-01-02,Georgia,Asia,13272,937640,373,13885
2022-01-09,Georgia,Asia,22234,959874,252,14137
2022-01-16,Georgia,Asia,35813,995687,262,14399
2022-01-23,Georgia,Asia,55758,1051445,252,14651
2022-01-30,Georgia,Asia,111328,1162773,244,14895
2022-02-06,Georgia,Asia,151830,1314603,267,15162
2022-02-13,Georgia,Asia,139462,1454065,344,15506
2022-02-20,Georgia,Asia,94828,1548893,300,15806
2022-02-27,Georgia,Asia,54114,1603007,282,16088
2022-03-06,Georgia,Asia,22365,1625372,228,16316
2022-03-13,Georgia,Asia,10137,1635509,188,16504
2022-03-20,Georgia,Asia,6365,1641874,109,16613
2022-03-27,Georgia,Asia,4442,1646316,45,16658
2022-04-03,Georgia,Asia,2906,1649222,48,16706
2022-04-10,Georgia,Asia,2248,1651470,15,16721
2022-04-17,Georgia,Asia,1574,1653044,21,16742
2022-04-24,Georgia,Asia,1211,1654255,8,16750
2022-05-01,Georgia,Asia,915,1655170,10,16760
2022-05-08,Georgia,Asia,51,1655221,1,16761
2022-05-15,Georgia,Asia,745,1655966,8,16769
2022-05-22,Georgia,Asia,602,1656568,3,16772
2022-05-29,Georgia,Asia,586,1657154,5,16777
2022-06-05,Georgia,Asia,575,1657729,1,16778
2022-06-12,Georgia,Asia,1026,1658755,10,16788
2022-06-19,Georgia,Asia,0,1658755,0,16788
2022-06-26,Georgia,Asia,1674,1660429,3,16791
2022-07-03,Georgia,Asia,0,1660429,0,16791
2022-07-10,Georgia,Asia,1870,1662299,3,16794
2022-07-17,Georgia,Asia,5154,1667453,3,16797
2022-07-24,Georgia,Asia,9512,1676965,7,16804
2022-07-31,Georgia,Asia,11253,1688218,5,16809
2022-08-07,Georgia,Asia,12802,1701020,10,16819
2022-08-14,Georgia,Asia,13729,1714749,8,16827
2022-08-21,Georgia,Asia,13338,1728087,6,16833
2022-08-28,Georgia,Asia,13595,1741682,6,16839
2022-09-04,Georgia,Asia,19907,1761589,4,16843
2022-09-11,Georgia,Asia,10340,1771929,6,16849
2022-09-18,Georgia,Asia,8480,1780409,5,16854
2022-09-25,Georgia,Asia,7214,1787623,4,16858
2022-10-02,Georgia,Asia,5150,1792773,4,16862
2022-10-09,Georgia,Asia,3997,1796770,5,16867
2022-10-16,Georgia,Asia,2229,1798999,3,16870
2022-10-23,Georgia,Asia,1814,1800813,1,16871
2022-10-30,Georgia,Asia,1444,1802257,2,16873
2022-11-06,Georgia,Asia,1139,1803396,5,16878
2022-11-13,Georgia,Asia,1169,1804565,0,16878
2022-11-20,Georgia,Asia,1077,1805642,3,16881
2022-11-27,Georgia,Asia,889,1806531,6,16887
2022-12-04,Georgia,Asia,748,1807279,3,16890
2022-12-11,Georgia,Asia,623,1807902,3,16893
2022-12-18,Georgia,Asia,636,1808538,4,16897
2022-12-25,Georgia,Asia,641,1809179,1,16898
2023-01-01,Georgia,Asia,691,1809870,5,16903
2023-01-08,Georgia,Asia,1044,1810914,5,16908
2023-01-15,Georgia,Asia,1152,1812066,7,16915
2023-01-22,Georgia,Asia,1612,1813678,8,16923
2023-01-29,Georgia,Asia,2034,1815712,10,16933
2023-02-05,Georgia,Asia,2940,1818652,7,16940
2023-02-12,Georgia,Asia,3195,1821847,9,16949
2023-02-19,Georgia,Asia,2997,1824844,15,16964
2023-02-26,Georgia,Asia,2531,1827375,5,16969
2023-03-05,Georgia,Asia,2058,1829433,16,16985
2023-03-12,Georgia,Asia,1812,1831245,15,17000
2023-03-19,Georgia,Asia,1791,1833036,13,17013
2023-03-26,Georgia,Asia,1597,1834633,9,17022
2023-04-02,Georgia,Asia,1465,1836098,7,17029
2023-04-09,Georgia,Asia,1558,1837656,11,17040
2023-04-16,Georgia,Asia,1147,1838803,7,17047
2023-04-23,Georgia,Asia,1054,1839857,10,17057
2023-04-30,Georgia,Asia,1008,1840865,7,17064
2023-05-07,Georgia,Asia,874,1841739,2,17066
2023-05-14,Georgia,Asia,686,1842425,8,17074
2023-05-21,Georgia,Asia,684,1843109,7,17081
2023-05-28,Georgia,Asia,558,1843667,5,17086
2023-06-04,Georgia,Asia,533,1844200,3,17089
2023-06-11,Georgia,Asia,410,1844610,3,17092
2023-06-18,Georgia,Asia,422,1845032,3,17095
2023-06-25,Georgia,Asia,376,1845408,4,17099
2023-07-02,Georgia,Asia,423,1845831,3,17102
2023-07-09,Georgia,Asia,460,1846291,4,17106
2023-07-16,Georgia,Asia,442,1846733,1,17107
2023-07-23,Georgia,Asia,610,1847343,3,17110
2023-07-30,Georgia,Asia,781,1848124,4,17114
2023-08-06,Georgia,Asia,1126,1849250,2,17116
2023-08-13,Georgia,Asia,1522,1850772,6,17122
2023-08-20,Georgia,Asia,2093,1852865,5,17127
2023-08-27,Georgia,Asia,2424,1855289,5,17132
2023-09-03,Georgia,Asia,0,1855289,0,17132
2023-09-10,Georgia,Asia,0,1855289,0,17132
2023-09-17,Georgia,Asia,0,1855289,0,17132
2023-09-24,Georgia,Asia,0,1855289,0,17132
2023-10-01,Georgia,Asia,0,1855289,0,17132
2023-10-08,Georgia,Asia,0,1855289,0,17132
2023-10-15,Georgia,Asia,0,1855289,0,17132
2023-10-22,Georgia,Asia,0,1855289,0,17132
2023-10-29,Georgia,Asia,0,1855289,0,17132
2023-11-05,Georgia,Asia,363,1855652,1,17133
2023-11-12,Georgia,Asia,221,1855873,0,17133
2023-11-19,Georgia,Asia,176,1856049,0,17133
2023-11-26,Georgia,Asia,124,1856173,2,17135
2023-12-03,Georgia,Asia,120,1856293,1,17136
2023-12-10,Georgia,Asia,135,1856428,0,17136
2023-12-17,Georgia,Asia,154,1856582,1,17137
2023-12-24,Georgia,Asia,158,1856740,2,17139
2023-12-31,Georgia,Asia,242,1856982,2,17141
2024-01-07,Georgia,Asia,338,1857320,1,17142
2024-01-14,Georgia,Asia,469,1857789,2,17144
2024-01-21,Georgia,Asia,341,1858130,3,17147
2024-01-28,Georgia,Asia,396,1858526,0,17147
2024-02-04,Georgia,Asia,434,1858960,1,17148
2024-02-11,Georgia,Asia,613,1859573,1,17149
2024-02-18,Georgia,Asia,655,1860228,1,17150
2024-02-25,Georgia,Asia,565,1860793,0,17150
2024-03-03,Georgia,Asia,487,1861280,0,17150
2024-03-10,Georgia,Asia,385,1861665,0,17150
2024-03-17,Georgia,Asia,420,1862085,0,17150
2024-03-24,Georgia,Asia,241,1862326,0,17150
2024-03-31,Georgia,Asia,171,1862497,0,17150
2024-04-07,Georgia,Asia,172,1862669,0,17150
2024-04-14,Georgia,Asia,85,1862754,0,17150
2024-04-21,Georgia,Asia,94,1862848,0,17150
2024-04-28,Georgia,Asia,62,1862910,0,17150
2024-05-05,Georgia,Asia,58,1862968,0,17150
2024-05-12,Georgia,Asia,26,1862994,0,17150
2024-05-19,Georgia,Asia,33,1863027,0,17150
2024-05-26,Georgia,Asia,32,1863059,0,17150
2024-06-02,Georgia,Asia,42,1863101,0,17150
2024-06-09,Georgia,Asia,67,1863168,0,17150
2024-06-16,Georgia,Asia,44,1863212,0,17150
2024-06-23,Georgia,Asia,49,1863261,0,17150
2024-06-30,Georgia,Asia,46,1863307,0,17150
2024-07-07,Georgia,Asia,89,1863396,0,17150
2024-07-14,Georgia,Asia,103,1863499,0,17150
2024-07-21,Georgia,Asia,116,1863615,0,17150
2024-07-28,Georgia,Asia,0,1863615,0,17150
2024-08-04,Georgia,Asia,0,1863615,0,17150
2024-08-11,Georgia,Asia,0,1863615,0,17150
2024-08-18,Georgia,Asia,0,1863615,0,17150
2024-08-25,Georgia,Asia,0,1863615,0,17150
2024-09-01,Georgia,Asia,0,1863615,0,17150
2020-01-05,Germany,Europe,1,1,3,3
2020-01-12,Germany,Europe,0,1,0,3
2020-01-19,Germany,Europe,0,1,0,3
2020-01-26,Germany,Europe,1,2,3,6
2020-02-02,Germany,Europe,9,11,3,9
2020-02-09,Germany,Europe,9,20,0,9
2020-02-16,Germany,Europe,5,25,0,9
2020-02-23,Germany,Europe,6,31,1,10
2020-03-01,Germany,Europe,139,170,1,11
2020-03-08,Germany,Europe,905,1075,12,23
2020-03-15,Germany,Europe,6441,7516,84,107
2020-03-22,Germany,Europe,22407,29923,479,586
2020-03-29,Germany,Europe,33981,63904,1459,2045
2020-04-05,Germany,Europe,36067,99971,2273,4318
2020-04-12,Germany,Europe,27145,127116,1878,6196
2020-04-19,Germany,Europe,17345,144461,1226,7422
2020-04-26,Germany,Europe,12351,156812,727,8149
2020-05-03,Germany,Europe,7442,164254,388,8537
2020-05-10,Germany,Europe,6243,170497,258,8795
2020-05-17,Germany,Europe,4775,175272,165,8960
2020-05-24,Germany,Europe,3604,178876,111,9071
2020-05-31,Germany,Europe,3206,182082,65,9136
2020-06-07,Germany,Europe,2354,184436,44,9180
2020-06-14,Germany,Europe,2348,186784,35,9215
2020-06-21,Germany,Europe,4192,190976,41,9256
2020-06-28,Germany,Europe,3167,194143,21,9277
2020-07-05,Germany,Europe,2691,196834,26,9303
2020-07-12,Germany,Europe,2429,199263,25,9328
2020-07-19,Germany,Europe,3044,202307,31,9359
2020-07-26,Germany,Europe,3936,206243,33,9392
2020-08-02,Germany,Europe,4843,211086,37,9429
2020-08-09,Germany,Europe,6067,217153,34,9463
2020-08-16,Germany,Europe,7971,225124,31,9494
2020-08-23,Germany,Europe,9580,234704,31,9525
2020-08-30,Germany,Europe,8844,243548,18,9543
2020-09-06,Germany,Europe,8609,252157,35,9578
2020-09-13,Germany,Europe,9785,261942,68,9646
2020-09-20,Germany,Europe,12285,274227,82,9728
2020-09-27,Germany,Europe,13064,287291,110,9838
2020-10-04,Germany,Europe,15946,303237,121,9959
2020-10-11,Germany,Europe,26145,329382,247,10206
2020-10-18,Germany,Europe,42031,371413,464,10670
2020-10-25,Germany,Europe,74792,446205,1015,11685
2020-11-01,Germany,Europe,111009,557214,1621,13306
2020-11-08,Germany,Europe,125692,682906,1910,15216
2020-11-15,Germany,Europe,127862,810768,2536,17752
2020-11-22,Germany,Europe,128400,939168,3226,20978
2020-11-29,Germany,Europe,123122,1062290,3601,24579
2020-12-06,Germany,Europe,128258,1190548,4480,29059
2020-12-13,Germany,Europe,156213,1346761,5762,34821
2020-12-20,Germany,Europe,174589,1521350,6460,41281
2020-12-27,Germany,Europe,138828,1660178,5728,47009
2021-01-03,Germany,Europe,122953,1783131,5744,52753
2021-01-10,Germany,Europe,145505,1928636,5759,58512
2021-01-17,Germany,Europe,118929,2047565,5096,63608
2021-01-24,Germany,Europe,95553,2143118,4107,67715
2021-01-31,Germany,Europe,78172,2221290,3102,70817
2021-02-07,Germany,Europe,64596,2285886,2268,73085
2021-02-14,Germany,Europe,50827,2336713,1680,74765
2021-02-21,Germany,Europe,52329,2389042,1478,76243
2021-02-28,Germany,Europe,56356,2445398,1227,77470
2021-03-07,Germany,Europe,58425,2503823,1049,78519
2021-03-14,Germany,Europe,71391,2575214,1104,79623
2021-03-21,Germany,Europe,92610,2667824,1277,80900
2021-03-28,Germany,Europe,116309,2784133,1526,82426
2021-04-04,Germany,Europe,110007,2894140,1590,84016
2021-04-11,Germany,Europe,118188,3012328,1582,85598
2021-04-18,Germany,Europe,142021,3154349,1627,87225
2021-04-25,Germany,Europe,144678,3299027,1622,88847
2021-05-02,Germany,Europe,124684,3423711,1307,90154
2021-05-09,Germany,Europe,100847,3524558,1010,91164
2021-05-16,Germany,Europe,70746,3595304,676,91840
2021-05-23,Germany,Europe,52670,3647974,448,92288
2021-05-30,Germany,Europe,29867,3677841,261,92549
2021-06-06,Germany,Europe,20680,3698521,141,92690
2021-06-13,Germany,Europe,14062,3712583,67,92757
2021-06-20,Germany,Europe,7285,3719868,47,92804
2021-06-27,Germany,Europe,4859,3724727,30,92834
2021-07-04,Germany,Europe,4388,3729115,25,92859
2021-07-11,Germany,Europe,5597,3734712,25,92884
2021-07-18,Germany,Europe,9113,3743825,30,92914
2021-07-25,Germany,Europe,12646,3756471,40,92954
2021-08-01,Germany,Europe,15522,3771993,72,93026
2021-08-08,Germany,Europe,20423,3792416,89,93115
2021-08-15,Germany,Europe,32077,3824493,144,93259
2021-08-22,Germany,Europe,49652,3874145,224,93483
2021-08-29,Germany,Europe,66371,3940516,351,93834
2021-09-05,Germany,Europe,74737,4015253,432,94266
2021-09-12,Germany,Europe,71656,4086909,449,94715
2021-09-19,Germany,Europe,61471,4148380,385,95100
2021-09-26,Germany,Europe,53623,4202003,354,95454
2021-10-03,Germany,Europe,56481,4258484,423,95877
2021-10-10,Germany,Europe,58025,4316509,489,96366
2021-10-17,Germany,Europe,65359,4381868,581,96947
2021-10-24,Germany,Europe,97723,4479591,1051,97998
2021-10-31,Germany,Europe,137011,4616602,1274,99272
2021-11-07,Germany,Europe,177868,4794470,1672,100944
2021-11-14,Germany,Europe,271174,5065644,2286,103230
2021-11-21,Germany,Europe,351654,5417298,2710,105940
2021-11-28,Germany,Europe,403348,5820646,3093,109033
2021-12-05,Germany,Europe,388054,6208700,2865,111898
2021-12-12,Germany,Europe,338008,6546708,2513,114411
2021-12-19,Germany,Europe,273503,6820211,1994,116405
2021-12-26,Germany,Europe,193832,7014043,1287,117692
2022-01-02,Germany,Europe,208696,7222739,1029,118721
2022-01-09,Germany,Europe,337882,7560621,870,119591
2022-01-16,Germany,Europe,486124,8046745,693,120284
2022-01-23,Germany,Europe,796815,8843560,867,121151
2022-01-30,Germany,Europe,1114352,9957912,1117,122268
2022-02-06,Germany,Europe,1292740,11250652,1504,123772
2022-02-13,Germany,Europe,1309845,12560497,1705,125477
2022-02-20,Germany,Europe,1193271,13753768,1786,127263
2022-02-27,Germany,Europe,1093093,14846861,1645,128908
2022-03-06,Germany,Europe,1134009,15980870,1606,130514
2022-03-13,Germany,Europe,1413846,17394716,1778,132292
2022-03-20,Germany,Europe,1582504,18977220,1934,134226
2022-03-27,Germany,Europe,1588891,20566111,1881,136107
2022-04-03,Germany,Europe,1295125,21861236,1536,137643
2022-04-10,Germany,Europe,984600,22845836,1292,138935
2022-04-17,Germany,Europe,778948,23624784,985,139920
2022-04-24,Germany,Europe,731499,24356283,808,140728
2022-05-01,Germany,Europe,596917,24953200,678,141406
2022-05-08,Germany,Europe,471440,25424640,541,141947
2022-05-15,Germany,Europe,408745,25833385,418,142365
2022-05-22,Germany,Europe,292505,26125890,330,142695
2022-05-29,Germany,Europe,187159,26313049,213,142908
2022-06-05,Germany,Europe,245141,26558190,223,143131
2022-06-12,Germany,Europe,331434,26889624,285,143416
2022-06-19,Germany,Europe,413791,27303415,402,143818
2022-06-26,Germany,Europe,574225,27877640,566,144384
2022-07-03,Germany,Europe,622776,28500416,610,144994
2022-07-10,Germany,Europe,629349,29129765,702,145696
2022-07-17,Germany,Europe,675130,29804895,960,146656
2022-07-24,Germany,Europe,627179,30432074,1129,147785
2022-07-31,Germany,Europe,495729,30927803,1038,148823
2022-08-07,Germany,Europe,362936,31290739,791,149614
2022-08-14,Germany,Europe,298292,31589031,623,150237
2022-08-21,Germany,Europe,263329,31852360,593,150830
2022-08-28,Germany,Europe,227979,32080339,397,151227
2022-09-04,Germany,Europe,201757,32282096,351,151578
2022-09-11,Germany,Europe,204084,32486180,317,151895
2022-09-18,Germany,Europe,228913,32715093,354,152249
2022-09-25,Germany,Europe,286535,33001628,520,152769
2022-10-02,Germany,Europe,458852,33460480,880,153649
2022-10-09,Germany,Europe,594073,34054553,1284,154933
2022-10-16,Germany,Europe,644986,34699539,1560,156493
2022-10-23,Germany,Europe,544616,35244155,1477,157970
2022-10-30,Germany,Europe,373903,35618058,1049,159019
2022-11-06,Germany,Europe,243578,35861636,698,159717
2022-11-13,Germany,Europe,202015,36063651,640,160357
2022-11-20,Germany,Europe,169667,36233318,553,160910
2022-11-27,Germany,Europe,170589,36403907,640,161550
2022-12-04,Germany,Europe,184825,36588732,800,162350
2022-12-11,Germany,Europe,199505,36788237,961,163311
2022-12-18,Germany,Europe,222953,37011190,1139,164450
2022-12-25,Germany,Europe,230746,37241936,1288,165738
2023-01-01,Germany,Europe,151567,37393503,970,166708
2023-01-08,Germany,Europe,130316,37523819,829,167537
2023-01-15,Germany,Europe,89089,37612908,517,168054
2023-01-22,Germany,Europe,62867,37675775,338,168392
2023-01-29,Germany,Europe,73298,37749073,331,168723
2023-02-05,Germany,Europe,84243,37833316,344,169067
2023-02-12,Germany,Europe,86595,37919911,455,169522
2023-02-19,Germany,Europe,97850,38017761,601,170123
2023-02-26,Germany,Europe,113434,38131195,599,170722
2023-03-05,Germany,Europe,86321,38217516,535,171257
2023-03-12,Germany,Europe,43758,38261274,572,171829
2023-03-19,Germany,Europe,40307,38301581,626,172455
2023-03-26,Germany,Europe,32639,38334220,545,173000
2023-04-02,Germany,Europe,22652,38356872,431,173431
2023-04-09,Germany,Europe,14679,38371551,278,173709
2023-04-16,Germany,Europe,13045,38384596,304,174013
2023-04-23,Germany,Europe,11468,38396064,231,174244
2023-04-30,Germany,Europe,9193,38405257,162,174406
2023-05-07,Germany,Europe,7360,38412617,167,174573
2023-05-14,Germany,Europe,6708,38419325,109,174682
2023-05-21,Germany,Europe,4359,38423684,85,174767
2023-05-28,Germany,Europe,4272,38427956,72,174839
2023-06-04,Germany,Europe,2767,38430723,55,174894
2023-06-11,Germany,Europe,2392,38433115,32,174926
2023-06-18,Germany,Europe,2014,38435129,30,174956
2023-06-25,Germany,Europe,1528,38436657,15,174971
2023-07-02,Germany,Europe,1099,38437756,8,174979
2023-07-09,Germany,Europe,0,38437756,0,174979
2023-07-16,Germany,Europe,0,38437756,0,174979
2023-07-23,Germany,Europe,0,38437756,0,174979
2023-07-30,Germany,Europe,0,38437756,0,174979
2023-08-06,Germany,Europe,0,38437756,0,174979
2023-08-13,Germany,Europe,0,38437756,0,174979
2023-08-20,Germany,Europe,0,38437756,0,174979
2023-08-27,Germany,Europe,0,38437756,0,174979
2023-09-03,Germany,Europe,0,38437756,0,174979
2023-09-10,Germany,Europe,0,38437756,0,174979
2023-09-17,Germany,Europe,0,38437756,0,174979
2023-09-24,Germany,Europe,0,38437756,0,174979
2023-10-01,Germany,Europe,0,38437756,0,174979
2023-10-08,Germany,Europe,0,38437756,0,174979
2023-10-15,Germany,Europe,0,38437756,0,174979
2023-10-22,Germany,Europe,0,38437756,0,174979
2023-10-29,Germany,Europe,0,38437756,0,174979
2023-11-05,Germany,Europe,0,38437756,0,174979
2023-11-12,Germany,Europe,0,38437756,0,174979
2023-11-19,Germany,Europe,0,38437756,0,174979
2023-11-26,Germany,Europe,0,38437756,0,174979
2023-12-03,Germany,Europe,0,38437756,0,174979
2023-12-10,Germany,Europe,0,38437756,0,174979
2023-12-17,Germany,Europe,0,38437756,0,174979
2023-12-24,Germany,Europe,0,38437756,0,174979
2023-12-31,Germany,Europe,0,38437756,0,174979
2024-01-07,Germany,Europe,0,38437756,0,174979
2024-01-14,Germany,Europe,0,38437756,0,174979
2024-01-21,Germany,Europe,0,38437756,0,174979
2024-01-28,Germany,Europe,0,38437756,0,174979
2024-02-04,Germany,Europe,0,38437756,0,174979
2024-02-11,Germany,Europe,0,38437756,0,174979
2024-02-18,Germany,Europe,0,38437756,0,174979
2024-02-25,Germany,Europe,0,38437756,0,174979
2024-03-03,Germany,Europe,0,38437756,0,174979
2024-03-10,Germany,Europe,0,38437756,0,174979
2024-03-17,Germany,Europe,0,38437756,0,174979
2024-03-24,Germany,Europe,0,38437756,0,174979
2024-03-31,Germany,Europe,0,38437756,0,174979
2024-04-07,Germany,Europe,0,38437756,0,174979
2024-04-14,Germany,Europe,0,38437756,0,174979
2024-04-21,Germany,Europe,0,38437756,0,174979
2024-04-28,Germany,Europe,0,38437756,0,174979
2024-05-05,Germany,Europe,0,38437756,0,174979
2024-05-12,Germany,Europe,0,38437756,0,174979
2024-05-19,Germany,Europe,0,38437756,0,174979
2024-05-26,Germany,Europe,0,38437756,0,174979
2024-06-02,Germany,Europe,0,38437756,0,174979
2024-06-09,Germany,Europe,0,38437756,0,174979
2024-06-16,Germany,Europe,0,38437756,0,174979
2024-06-23,Germany,Europe,0,38437756,0,174979
2024-06-30,Germany,Europe,0,38437756,0,174979
2024-07-07,Germany,Europe,0,38437756,0,174979
2024-07-14,Germany,Europe,0,38437756,0,174979
2024-07-21,Germany,Europe,0,38437756,0,174979
2024-07-28,Germany,Europe,0,38437756,0,174979
2024-08-04,Germany,Europe,0,38437756,0,174979
2024-08-11,Germany,Europe,0,38437756,0,174979
2024-08-18,Germany,Europe,0,38437756,0,174979
2024-08-25,Germany,Europe,0,38437756,0,174979
2024-09-01,Germany,Europe,0,38437756,0,174979
2020-01-05,Ghana,Africa,0,0,0,0
2020-01-12,Ghana,Africa,0,0,0,0
2020-01-19,Ghana,Africa,0,0,0,0
2020-01-26,Ghana,Africa,0,0,0,0
2020-02-02,Ghana,Africa,0,0,0,0
2020-02-09,Ghana,Africa,0,0,0,0
2020-02-16,Ghana,Africa,0,0,0,0
2020-02-23,Ghana,Africa,0,0,0,0
2020-03-01,Ghana,Africa,0,0,0,0
2020-03-08,Ghana,Africa,0,0,0,0
2020-03-15,Ghana,Africa,8,8,0,0
2020-03-22,Ghana,Africa,23,31,0,0
2020-03-29,Ghana,Africa,110,141,0,0
2020-04-05,Ghana,Africa,73,214,0,0
2020-04-12,Ghana,Africa,352,566,0,0
2020-04-19,Ghana,Africa,268,834,0,0
2020-04-26,Ghana,Africa,445,1279,0,0
2020-05-03,Ghana,Africa,890,2169,0,0
2020-05-10,Ghana,Africa,2094,4263,0,0
2020-05-17,Ghana,Africa,1472,5735,0,0
2020-05-24,Ghana,Africa,882,6617,0,0
2020-05-31,Ghana,Africa,1151,7768,0,0
2020-06-07,Ghana,Africa,1694,9462,0,0
2020-06-14,Ghana,Africa,2502,11964,0,0
2020-06-21,Ghana,Africa,2190,14154,0,0
2020-06-28,Ghana,Africa,3197,17351,0,0
2020-07-05,Ghana,Africa,4617,21968,0,0
2020-07-12,Ghana,Africa,3284,25252,0,0
2020-07-19,Ghana,Africa,3737,28989,0,0
2020-07-26,Ghana,Africa,4635,33624,0,0
2020-08-02,Ghana,Africa,4877,38501,0,0
2020-08-09,Ghana,Africa,2903,41404,0,0
2020-08-16,Ghana,Africa,1249,42653,0,0
2020-08-23,Ghana,Africa,1064,43717,0,0
2020-08-30,Ghana,Africa,743,44460,0,0
2020-09-06,Ghana,Africa,728,45188,0,0
2020-09-13,Ghana,Africa,467,45655,0,0
2020-09-20,Ghana,Africa,461,46116,0,0
2020-09-27,Ghana,Africa,510,46626,301,301
2020-10-04,Ghana,Africa,203,46829,2,303
2020-10-11,Ghana,Africa,297,47126,7,310
2020-10-18,Ghana,Africa,335,47461,2,312
2020-10-25,Ghana,Africa,314,47775,4,316
2020-11-01,Ghana,Africa,736,48511,4,320
2020-11-08,Ghana,Africa,791,49302,0,320
2020-11-15,Ghana,Africa,1155,50457,3,323
2020-11-22,Ghana,Africa,727,51184,0,323
2020-11-29,Ghana,Africa,606,51790,0,323
2020-12-06,Ghana,Africa,832,52622,3,326
2020-12-13,Ghana,Africa,764,53386,1,327
2020-12-20,Ghana,Africa,657,54043,6,333
2020-12-27,Ghana,Africa,638,54681,2,335
2021-01-03,Ghana,Africa,487,55168,0,335
2021-01-10,Ghana,Africa,1253,56421,3,338
2021-01-17,Ghana,Africa,2010,58431,20,358
2021-01-24,Ghana,Africa,4320,62751,19,377
2021-01-31,Ghana,Africa,5031,67782,47,424
2021-02-07,Ghana,Africa,5221,73003,58,482
2021-02-14,Ghana,Africa,4745,77748,79,561
2021-02-21,Ghana,Africa,3497,81245,23,584
2021-02-28,Ghana,Africa,3104,84349,27,611
2021-03-07,Ghana,Africa,2624,86973,51,662
2021-03-14,Ghana,Africa,1448,88421,43,705
2021-03-21,Ghana,Africa,1472,89893,29,734
2021-03-28,Ghana,Africa,659,90552,8,742
2021-04-04,Ghana,Africa,457,91009,10,752
2021-04-11,Ghana,Africa,468,91477,11,763
2021-04-18,Ghana,Africa,306,91783,9,772
2021-04-25,Ghana,Africa,681,92464,7,779
2021-05-02,Ghana,Africa,276,92740,1,780
2021-05-09,Ghana,Africa,271,93011,3,783
2021-05-16,Ghana,Africa,445,93456,0,783
2021-05-23,Ghana,Africa,255,93711,0,783
2021-05-30,Ghana,Africa,300,94011,2,785
2021-06-06,Ghana,Africa,358,94369,4,789
2021-06-13,Ghana,Africa,455,94824,1,790
2021-06-20,Ghana,Africa,412,95236,4,794
2021-06-27,Ghana,Africa,678,95914,2,796
2021-07-04,Ghana,Africa,794,96708,1,797
2021-07-11,Ghana,Africa,1020,97728,5,802
2021-07-18,Ghana,Africa,2006,99734,15,817
2021-07-25,Ghana,Africa,2835,102569,6,823
2021-08-01,Ghana,Africa,450,103019,0,823
2021-08-08,Ghana,Africa,5658,108677,57,880
2021-08-15,Ghana,Africa,3701,112378,65,945
2021-08-22,Ghana,Africa,3147,115525,37,982
2021-08-29,Ghana,Africa,3911,119436,54,1036
2021-09-05,Ghana,Africa,2721,122157,47,1083
2021-09-12,Ghana,Africa,1717,123874,15,1098
2021-09-19,Ghana,Africa,1956,125830,32,1130
2021-09-26,Ghana,Africa,1186,127016,20,1150
2021-10-03,Ghana,Africa,1143,128159,7,1157
2021-10-10,Ghana,Africa,933,129092,7,1164
2021-10-17,Ghana,Africa,559,129651,5,1169
2021-10-24,Ghana,Africa,390,130041,5,1174
2021-10-31,Ghana,Africa,350,130391,14,1188
2021-11-07,Ghana,Africa,217,130608,15,1203
2021-11-14,Ghana,Africa,136,130744,5,1208
2021-11-21,Ghana,Africa,176,130920,1,1209
2021-11-28,Ghana,Africa,217,131137,15,1224
2021-12-05,Ghana,Africa,215,131352,11,1235
2021-12-12,Ghana,Africa,488,131840,18,1253
2021-12-19,Ghana,Africa,2194,134034,14,1267
2021-12-26,Ghana,Africa,7261,141295,20,1287
2022-01-02,Ghana,Africa,6784,148079,26,1313
2022-01-09,Ghana,Africa,4650,152729,23,1336
2022-01-16,Ghana,Africa,2162,154891,21,1357
2022-01-23,Ghana,Africa,1501,156392,27,1384
2022-01-30,Ghana,Africa,828,157220,20,1404
2022-02-06,Ghana,Africa,697,157917,22,1426
2022-02-13,Ghana,Africa,517,158434,12,1438
2022-02-20,Ghana,Africa,690,159124,4,1442
2022-02-27,Ghana,Africa,904,160028,0,1442
2022-03-06,Ghana,Africa,612,160640,0,1442
2022-03-13,Ghana,Africa,121,160761,3,1445
2022-03-20,Ghana,Africa,109,160870,0,1445
2022-03-27,Ghana,Africa,55,160925,0,1445
2022-04-03,Ghana,Africa,109,161034,0,1445
2022-04-10,Ghana,Africa,52,161086,0,1445
2022-04-17,Ghana,Africa,31,161117,0,1445
2022-04-24,Ghana,Africa,55,161172,0,1445
2022-05-01,Ghana,Africa,44,161216,0,1445
2022-05-08,Ghana,Africa,55,161271,0,1445
2022-05-15,Ghana,Africa,54,161325,0,1445
2022-05-22,Ghana,Africa,45,161370,0,1445
2022-05-29,Ghana,Africa,111,161481,0,1445
2022-06-05,Ghana,Africa,360,161841,0,1445
2022-06-12,Ghana,Africa,805,162646,0,1445
2022-06-19,Ghana,Africa,1895,164541,3,1448
2022-06-26,Ghana,Africa,1208,165749,1,1449
2022-07-03,Ghana,Africa,1067,166816,4,1453
2022-07-10,Ghana,Africa,399,167215,3,1456
2022-07-17,Ghana,Africa,0,167215,0,1456
2022-07-24,Ghana,Africa,792,168007,1,1457
2022-07-31,Ghana,Africa,120,168127,0,1457
2022-08-07,Ghana,Africa,236,168363,1,1458
2022-08-14,Ghana,Africa,94,168457,1,1459
2022-08-21,Ghana,Africa,0,168457,0,1459
2022-08-28,Ghana,Africa,123,168580,0,1459
2022-09-04,Ghana,Africa,36,168616,0,1459
2022-09-11,Ghana,Africa,0,168616,0,1459
2022-09-18,Ghana,Africa,197,168813,0,1459
2022-09-25,Ghana,Africa,287,169100,0,1459
2022-10-02,Ghana,Africa,585,169685,0,1459
2022-10-09,Ghana,Africa,418,170103,0,1459
2022-10-16,Ghana,Africa,318,170421,1,1460
2022-10-23,Ghana,Africa,152,170573,0,1460
2022-10-30,Ghana,Africa,134,170707,0,1460
2022-11-06,Ghana,Africa,187,170894,0,1460
2022-11-13,Ghana,Africa,78,170972,1,1461
2022-11-20,Ghana,Africa,24,170996,0,1461
2022-11-27,Ghana,Africa,13,171009,0,1461
2022-12-04,Ghana,Africa,14,171023,0,1461
2022-12-11,Ghana,Africa,8,171031,0,1461
2022-12-18,Ghana,Africa,7,171038,0,1461
2022-12-25,Ghana,Africa,0,171038,0,1461
2023-01-01,Ghana,Africa,27,171065,0,1461
2023-01-08,Ghana,Africa,5,171070,0,1461
2023-01-15,Ghana,Africa,18,171088,1,1462
2023-01-22,Ghana,Africa,14,171102,0,1462
2023-01-29,Ghana,Africa,10,171112,0,1462
2023-02-05,Ghana,Africa,28,171140,0,1462
2023-02-12,Ghana,Africa,12,171152,0,1462
2023-02-19,Ghana,Africa,8,171160,0,1462
2023-02-26,Ghana,Africa,12,171172,0,1462
2023-03-05,Ghana,Africa,57,171229,0,1462
2023-03-12,Ghana,Africa,52,171281,0,1462
2023-03-19,Ghana,Africa,7,171288,0,1462
2023-03-26,Ghana,Africa,124,171412,0,1462
2023-04-02,Ghana,Africa,115,171527,0,1462
2023-04-09,Ghana,Africa,0,171527,0,1462
2023-04-16,Ghana,Africa,92,171619,0,1462
2023-04-23,Ghana,Africa,0,171619,0,1462
2023-04-30,Ghana,Africa,34,171653,0,1462
2023-05-07,Ghana,Africa,0,171653,0,1462
2023-05-14,Ghana,Africa,0,171653,0,1462
2023-05-21,Ghana,Africa,0,171653,0,1462
2023-05-28,Ghana,Africa,0,171653,0,1462
2023-06-04,Ghana,Africa,0,171653,0,1462
2023-06-11,Ghana,Africa,0,171653,0,1462
2023-06-18,Ghana,Africa,0,171653,0,1462
2023-06-25,Ghana,Africa,0,171653,0,1462
2023-07-02,Ghana,Africa,0,171653,0,1462
2023-07-09,Ghana,Africa,0,171653,0,1462
2023-07-16,Ghana,Africa,0,171653,0,1462
2023-07-23,Ghana,Africa,0,171653,0,1462
2023-07-30,Ghana,Africa,0,171653,0,1462
2023-08-06,Ghana,Africa,0,171653,0,1462
2023-08-13,Ghana,Africa,0,171653,0,1462
2023-08-20,Ghana,Africa,0,171653,0,1462
2023-08-27,Ghana,Africa,0,171653,0,1462
2023-09-03,Ghana,Africa,0,171653,0,1462
2023-09-10,Ghana,Africa,0,171653,0,1462
2023-09-17,Ghana,Africa,0,171653,0,1462
2023-09-24,Ghana,Africa,0,171653,0,1462
2023-10-01,Ghana,Africa,0,171653,0,1462
2023-10-08,Ghana,Africa,30,171683,0,1462
2023-10-15,Ghana,Africa,20,171703,0,1462
2023-10-22,Ghana,Africa,23,171726,0,1462
2023-10-29,Ghana,Africa,27,171753,0,1462
2023-11-05,Ghana,Africa,31,171784,0,1462
2023-11-12,Ghana,Africa,24,171808,0,1462
2023-11-19,Ghana,Africa,10,171818,0,1462
2023-11-26,Ghana,Africa,9,171827,0,1462
2023-12-03,Ghana,Africa,7,171834,0,1462
2023-12-10,Ghana,Africa,0,171834,0,1462
2023-12-17,Ghana,Africa,0,171834,0,1462
2023-12-24,Ghana,Africa,0,171834,0,1462
2023-12-31,Ghana,Africa,0,171834,0,1462
2024-01-07,Ghana,Africa,3,171837,0,1462
2024-01-14,Ghana,Africa,0,171837,0,1462
2024-01-21,Ghana,Africa,0,171837,0,1462
2024-01-28,Ghana,Africa,0,171837,0,1462
2024-02-04,Ghana,Africa,0,171837,0,1462
2024-02-11,Ghana,Africa,0,171837,0,1462
2024-02-18,Ghana,Africa,0,171837,0,1462
2024-02-25,Ghana,Africa,0,171837,0,1462
2024-03-03,Ghana,Africa,0,171837,0,1462
2024-03-10,Ghana,Africa,0,171837,0,1462
2024-03-17,Ghana,Africa,5,171842,0,1462
2024-03-24,Ghana,Africa,15,171857,0,1462
2024-03-31,Ghana,Africa,21,171878,0,1462
2024-04-07,Ghana,Africa,32,171910,0,1462
2024-04-14,Ghana,Africa,25,171935,0,1462
2024-04-21,Ghana,Africa,34,171969,0,1462
2024-04-28,Ghana,Africa,24,171993,0,1462
2024-05-05,Ghana,Africa,13,172006,0,1462
2024-05-12,Ghana,Africa,7,172013,0,1462
2024-05-19,Ghana,Africa,13,172026,0,1462
2024-05-26,Ghana,Africa,6,172032,0,1462
2024-06-02,Ghana,Africa,7,172039,0,1462
2024-06-09,Ghana,Africa,1,172040,0,1462
2024-06-16,Ghana,Africa,7,172047,0,1462
2024-06-23,Ghana,Africa,2,172049,0,1462
2024-06-30,Ghana,Africa,3,172052,0,1462
2024-07-07,Ghana,Africa,3,172055,0,1462
2024-07-14,Ghana,Africa,2,172057,0,1462
2024-07-21,Ghana,Africa,0,172057,0,1462
2024-07-28,Ghana,Africa,4,172061,0,1462
2024-08-04,Ghana,Africa,1,172062,0,1462
2024-08-11,Ghana,Africa,5,172067,0,1462
2024-08-18,Ghana,Africa,2,172069,0,1462
2024-08-25,Ghana,Africa,2,172071,0,1462
2024-09-01,Ghana,Africa,6,172077,0,1462
2020-01-05,Gibraltar,Africa,0,0,0,0
2020-01-12,Gibraltar,Africa,0,0,0,0
2020-01-19,Gibraltar,Africa,0,0,0,0
2020-01-26,Gibraltar,Africa,0,0,0,0
2020-02-02,Gibraltar,Africa,0,0,0,0
2020-02-09,Gibraltar,Africa,0,0,0,0
2020-02-16,Gibraltar,Africa,0,0,0,0
2020-02-23,Gibraltar,Africa,0,0,0,0
2020-03-01,Gibraltar,Africa,0,0,0,0
2020-03-08,Gibraltar,Africa,1,1,0,0
2020-03-15,Gibraltar,Africa,0,1,0,0
2020-03-22,Gibraltar,Africa,9,10,0,0
2020-03-29,Gibraltar,Africa,38,48,0,0
2020-04-05,Gibraltar,Africa,42,90,0,0
2020-04-12,Gibraltar,Africa,15,105,0,0
2020-04-19,Gibraltar,Africa,20,125,0,0
2020-04-26,Gibraltar,Africa,3,128,0,0
2020-05-03,Gibraltar,Africa,8,136,0,0
2020-05-10,Gibraltar,Africa,2,138,0,0
2020-05-17,Gibraltar,Africa,1,139,0,0
2020-05-24,Gibraltar,Africa,4,143,0,0
2020-05-31,Gibraltar,Africa,10,153,0,0
2020-06-07,Gibraltar,Africa,13,166,0,0
2020-06-14,Gibraltar,Africa,2,168,0,0
2020-06-21,Gibraltar,Africa,0,168,0,0
2020-06-28,Gibraltar,Africa,0,168,0,0
2020-07-05,Gibraltar,Africa,2,170,0,0
2020-07-12,Gibraltar,Africa,2,172,0,0
2020-07-19,Gibraltar,Africa,0,172,0,0
2020-07-26,Gibraltar,Africa,5,177,0,0
2020-08-02,Gibraltar,Africa,2,179,0,0
2020-08-09,Gibraltar,Africa,6,185,0,0
2020-08-16,Gibraltar,Africa,13,198,0,0
2020-08-23,Gibraltar,Africa,23,221,0,0
2020-08-30,Gibraltar,Africa,45,266,0,0
2020-09-06,Gibraltar,Africa,31,297,0,0
2020-09-13,Gibraltar,Africa,18,315,0,0
2020-09-20,Gibraltar,Africa,23,338,0,0
2020-09-27,Gibraltar,Africa,18,356,0,0
2020-10-04,Gibraltar,Africa,52,408,0,0
2020-10-11,Gibraltar,Africa,52,460,0,0
2020-10-18,Gibraltar,Africa,76,536,0,0
2020-10-25,Gibraltar,Africa,97,633,0,0
2020-11-01,Gibraltar,Africa,52,685,0,0
2020-11-08,Gibraltar,Africa,77,762,0,0
2020-11-15,Gibraltar,Africa,106,868,1,1
2020-11-22,Gibraltar,Africa,67,935,2,3
2020-11-29,Gibraltar,Africa,56,991,2,5
2020-12-06,Gibraltar,Africa,43,1034,0,5
2020-12-13,Gibraltar,Africa,28,1062,0,5
2020-12-20,Gibraltar,Africa,114,1176,1,6
2020-12-27,Gibraltar,Africa,350,1526,0,6
2021-01-03,Gibraltar,Africa,678,2204,1,7
2021-01-10,Gibraltar,Africa,809,3013,5,12
2021-01-17,Gibraltar,Africa,554,3567,18,30
2021-01-24,Gibraltar,Africa,330,3897,29,59
2021-01-31,Gibraltar,Africa,191,4088,14,73
2021-02-07,Gibraltar,Africa,74,4162,7,80
2021-02-14,Gibraltar,Africa,42,4204,4,84
2021-02-21,Gibraltar,Africa,16,4220,4,88
2021-02-28,Gibraltar,Africa,8,4228,4,92
2021-03-07,Gibraltar,Africa,8,4236,1,93
2021-03-14,Gibraltar,Africa,19,4255,0,93
2021-03-21,Gibraltar,Africa,7,4262,1,94
2021-03-28,Gibraltar,Africa,3,4265,0,94
2021-04-04,Gibraltar,Africa,2,4267,0,94
2021-04-11,Gibraltar,Africa,2,4269,0,94
2021-04-18,Gibraltar,Africa,14,4283,0,94
2021-04-25,Gibraltar,Africa,0,4283,0,94
2021-05-02,Gibraltar,Africa,0,4283,0,94
2021-05-09,Gibraltar,Africa,3,4286,0,94
2021-05-16,Gibraltar,Africa,0,4286,0,94
2021-05-23,Gibraltar,Africa,0,4286,0,94
2021-05-30,Gibraltar,Africa,7,4293,0,94
2021-06-06,Gibraltar,Africa,7,4300,0,94
2021-06-13,Gibraltar,Africa,8,4308,0,94
2021-06-20,Gibraltar,Africa,10,4318,0,94
2021-06-27,Gibraltar,Africa,20,4338,0,94
2021-07-04,Gibraltar,Africa,19,4357,0,94
2021-07-11,Gibraltar,Africa,46,4403,0,94
2021-07-18,Gibraltar,Africa,152,4555,0,94
2021-07-25,Gibraltar,Africa,198,4753,0,94
2021-08-01,Gibraltar,Africa,194,4947,0,94
2021-08-08,Gibraltar,Africa,154,5101,1,95
2021-08-15,Gibraltar,Africa,104,5205,0,95
2021-08-22,Gibraltar,Africa,64,5269,1,96
2021-08-29,Gibraltar,Africa,54,5323,1,97
2021-09-05,Gibraltar,Africa,63,5386,0,97
2021-09-12,Gibraltar,Africa,33,5419,0,97
2021-09-19,Gibraltar,Africa,50,5469,0,97
2021-09-26,Gibraltar,Africa,33,5502,0,97
2021-10-03,Gibraltar,Africa,53,5555,0,97
2021-10-10,Gibraltar,Africa,58,5613,0,97
2021-10-17,Gibraltar,Africa,127,5740,1,98
2021-10-24,Gibraltar,Africa,102,5842,0,98
2021-10-31,Gibraltar,Africa,132,5974,0,98
2021-11-07,Gibraltar,Africa,164,6138,0,98
2021-11-14,Gibraltar,Africa,326,6464,0,98
2021-11-21,Gibraltar,Africa,427,6891,0,98
2021-11-28,Gibraltar,Africa,271,7162,0,98
2021-12-05,Gibraltar,Africa,198,7360,1,99
2021-12-12,Gibraltar,Africa,148,7508,1,100
2021-12-19,Gibraltar,Africa,270,7778,0,100
2021-12-26,Gibraltar,Africa,364,8142,0,100
2022-01-02,Gibraltar,Africa,652,8794,0,100
2022-01-09,Gibraltar,Africa,924,9718,0,100
2022-01-16,Gibraltar,Africa,1007,10725,0,100
2022-01-23,Gibraltar,Africa,977,11702,0,100
2022-01-30,Gibraltar,Africa,1050,12752,0,100
2022-02-06,Gibraltar,Africa,825,13577,1,101
2022-02-13,Gibraltar,Africa,768,14345,0,101
2022-02-20,Gibraltar,Africa,528,14873,0,101
2022-02-27,Gibraltar,Africa,440,15313,0,101
2022-03-06,Gibraltar,Africa,296,15609,0,101
2022-03-13,Gibraltar,Africa,231,15840,0,101
2022-03-20,Gibraltar,Africa,326,16166,0,101
2022-03-27,Gibraltar,Africa,434,16600,0,101
2022-04-03,Gibraltar,Africa,379,16979,0,101
2022-04-10,Gibraltar,Africa,331,17310,0,101
2022-04-17,Gibraltar,Africa,0,17310,0,101
2022-04-24,Gibraltar,Africa,447,17757,0,101
2022-05-01,Gibraltar,Africa,129,17886,1,102
2022-05-08,Gibraltar,Africa,121,18007,0,102
2022-05-15,Gibraltar,Africa,133,18140,0,102
2022-05-22,Gibraltar,Africa,144,18284,0,102
2022-05-29,Gibraltar,Africa,143,18427,0,102
2022-06-05,Gibraltar,Africa,164,18591,0,102
2022-06-12,Gibraltar,Africa,215,18806,0,102
2022-06-19,Gibraltar,Africa,204,19010,0,102
2022-06-26,Gibraltar,Africa,296,19306,2,104
2022-07-03,Gibraltar,Africa,327,19633,0,104
2022-07-10,Gibraltar,Africa,163,19796,1,105
2022-07-17,Gibraltar,Africa,66,19862,0,105
2022-07-24,Gibraltar,Africa,40,19902,0,105
2022-07-31,Gibraltar,Africa,0,19902,0,105
2022-08-07,Gibraltar,Africa,97,19999,1,106
2022-08-14,Gibraltar,Africa,35,20034,0,106
2022-08-21,Gibraltar,Africa,15,20049,1,107
2022-08-28,Gibraltar,Africa,0,20049,0,107
2022-09-04,Gibraltar,Africa,20,20069,1,108
2022-09-11,Gibraltar,Africa,0,20069,0,108
2022-09-18,Gibraltar,Africa,0,20069,0,108
2022-09-25,Gibraltar,Africa,23,20092,0,108
2022-10-02,Gibraltar,Africa,3,20095,0,108
2022-10-09,Gibraltar,Africa,0,20095,0,108
2022-10-16,Gibraltar,Africa,26,20121,0,108
2022-10-23,Gibraltar,Africa,0,20121,0,108
2022-10-30,Gibraltar,Africa,0,20121,0,108
2022-11-06,Gibraltar,Africa,0,20121,0,108
2022-11-13,Gibraltar,Africa,45,20166,2,110
2022-11-20,Gibraltar,Africa,18,20184,0,110
2022-11-27,Gibraltar,Africa,9,20193,0,110
2022-12-04,Gibraltar,Africa,14,20207,0,110
2022-12-11,Gibraltar,Africa,16,20223,0,110
2022-12-18,Gibraltar,Africa,29,20252,0,110
2022-12-25,Gibraltar,Africa,23,20275,0,110
2023-01-01,Gibraltar,Africa,30,20305,0,110
2023-01-08,Gibraltar,Africa,37,20342,1,111
2023-01-15,Gibraltar,Africa,37,20379,0,111
2023-01-22,Gibraltar,Africa,13,20392,0,111
2023-01-29,Gibraltar,Africa,7,20399,0,111
2023-02-05,Gibraltar,Africa,0,20399,0,111
2023-02-12,Gibraltar,Africa,0,20399,0,111
2023-02-19,Gibraltar,Africa,15,20414,0,111
2023-02-26,Gibraltar,Africa,9,20423,0,111
2023-03-05,Gibraltar,Africa,10,20433,0,111
2023-03-12,Gibraltar,Africa,29,20462,0,111
2023-03-19,Gibraltar,Africa,0,20462,0,111
2023-03-26,Gibraltar,Africa,0,20462,0,111
2023-04-02,Gibraltar,Africa,0,20462,0,111
2023-04-09,Gibraltar,Africa,88,20550,2,113
2023-04-16,Gibraltar,Africa,0,20550,0,113
2023-04-23,Gibraltar,Africa,0,20550,0,113
2023-04-30,Gibraltar,Africa,0,20550,0,113
2023-05-07,Gibraltar,Africa,0,20550,0,113
2023-05-14,Gibraltar,Africa,0,20550,0,113
2023-05-21,Gibraltar,Africa,0,20550,0,113
2023-05-28,Gibraltar,Africa,0,20550,0,113
2023-06-04,Gibraltar,Africa,0,20550,0,113
2023-06-11,Gibraltar,Africa,0,20550,0,113
2023-06-18,Gibraltar,Africa,0,20550,0,113
2023-06-25,Gibraltar,Africa,0,20550,0,113
2023-07-02,Gibraltar,Africa,0,20550,0,113
2023-07-09,Gibraltar,Africa,0,20550,0,113
2023-07-16,Gibraltar,Africa,0,20550,0,113
2023-07-23,Gibraltar,Africa,0,20550,0,113
2023-07-30,Gibraltar,Africa,0,20550,0,113
2023-08-06,Gibraltar,Africa,0,20550,0,113
2023-08-13,Gibraltar,Africa,0,20550,0,113
2023-08-20,Gibraltar,Africa,0,20550,0,113
2023-08-27,Gibraltar,Africa,0,20550,0,113
2023-09-03,Gibraltar,Africa,0,20550,0,113
2023-09-10,Gibraltar,Africa,0,20550,0,113
2023-09-17,Gibraltar,Africa,0,20550,0,113
2023-09-24,Gibraltar,Africa,0,20550,0,113
2023-10-01,Gibraltar,Africa,0,20550,0,113
2023-10-08,Gibraltar,Africa,0,20550,0,113
2023-10-15,Gibraltar,Africa,0,20550,0,113
2023-10-22,Gibraltar,Africa,0,20550,0,113
2023-10-29,Gibraltar,Africa,0,20550,0,113
2023-11-05,Gibraltar,Africa,0,20550,0,113
2023-11-12,Gibraltar,Africa,0,20550,0,113
2023-11-19,Gibraltar,Africa,0,20550,0,113
2023-11-26,Gibraltar,Africa,0,20550,0,113
2023-12-03,Gibraltar,Africa,0,20550,0,113
2023-12-10,Gibraltar,Africa,0,20550,0,113
2023-12-17,Gibraltar,Africa,0,20550,0,113
2023-12-24,Gibraltar,Africa,0,20550,0,113
2023-12-31,Gibraltar,Africa,0,20550,0,113
2024-01-07,Gibraltar,Africa,0,20550,0,113
2024-01-14,Gibraltar,Africa,0,20550,0,113
2024-01-21,Gibraltar,Africa,0,20550,0,113
2024-01-28,Gibraltar,Africa,0,20550,0,113
2024-02-04,Gibraltar,Africa,0,20550,0,113
2024-02-11,Gibraltar,Africa,0,20550,0,113
2024-02-18,Gibraltar,Africa,0,20550,0,113
2024-02-25,Gibraltar,Africa,0,20550,0,113
2024-03-03,Gibraltar,Africa,0,20550,0,113
2024-03-10,Gibraltar,Africa,0,20550,0,113
2024-03-17,Gibraltar,Africa,0,20550,0,113
2024-03-24,Gibraltar,Africa,0,20550,0,113
2024-03-31,Gibraltar,Africa,0,20550,0,113
2024-04-07,Gibraltar,Africa,0,20550,0,113
2024-04-14,Gibraltar,Africa,0,20550,0,113
2024-04-21,Gibraltar,Africa,0,20550,0,113
2024-04-28,Gibraltar,Africa,0,20550,0,113
2024-05-05,Gibraltar,Africa,0,20550,0,113
2024-05-12,Gibraltar,Africa,0,20550,0,113
2024-05-19,Gibraltar,Africa,0,20550,0,113
2024-05-26,Gibraltar,Africa,0,20550,0,113
2024-06-02,Gibraltar,Africa,0,20550,0,113
2024-06-09,Gibraltar,Africa,0,20550,0,113
2024-06-16,Gibraltar,Africa,0,20550,0,113
2024-06-23,Gibraltar,Africa,0,20550,0,113
2024-06-30,Gibraltar,Africa,0,20550,0,113
2024-07-07,Gibraltar,Africa,0,20550,0,113
2024-07-14,Gibraltar,Africa,0,20550,0,113
2024-07-21,Gibraltar,Africa,0,20550,0,113
2024-07-28,Gibraltar,Africa,0,20550,0,113
2024-08-04,Gibraltar,Africa,0,20550,0,113
2024-08-11,Gibraltar,Africa,0,20550,0,113
2024-08-18,Gibraltar,Africa,0,20550,0,113
2024-08-25,Gibraltar,Africa,0,20550,0,113
2024-09-01,Gibraltar,Africa,0,20550,0,113
2020-01-05,Greece,Europe,0,0,0,0
2020-01-12,Greece,Europe,0,0,0,0
2020-01-19,Greece,Europe,0,0,0,0
2020-01-26,Greece,Europe,0,0,0,0
2020-02-02,Greece,Europe,0,0,0,0
2020-02-09,Greece,Europe,0,0,0,0
2020-02-16,Greece,Europe,0,0,0,0
2020-02-23,Greece,Europe,0,0,0,0
2020-03-01,Greece,Europe,6,6,0,0
2020-03-08,Greece,Europe,80,86,0,0
2020-03-15,Greece,Europe,327,413,4,4
2020-03-22,Greece,Europe,381,794,13,17
2020-03-29,Greece,Europe,538,1332,25,42
2020-04-05,Greece,Europe,534,1866,35,77
2020-04-12,Greece,Europe,289,2155,22,99
2020-04-19,Greece,Europe,118,2273,14,113
2020-04-26,Greece,Europe,303,2576,21,134
2020-05-03,Greece,Europe,104,2680,10,144
2020-05-10,Greece,Europe,100,2780,9,153
2020-05-17,Greece,Europe,104,2884,13,166
2020-05-24,Greece,Europe,47,2931,7,173
2020-05-31,Greece,Europe,47,2978,6,179
2020-06-07,Greece,Europe,135,3113,3,182
2020-06-14,Greece,Europe,120,3233,2,184
2020-06-21,Greece,Europe,114,3347,6,190
2020-06-28,Greece,Europe,119,3466,1,191
2020-07-05,Greece,Europe,204,3670,1,192
2020-07-12,Greece,Europe,257,3927,2,194
2020-07-19,Greece,Europe,176,4103,1,195
2020-07-26,Greece,Europe,247,4350,7,202
2020-08-02,Greece,Europe,560,4910,6,208
2020-08-09,Greece,Europe,1081,5991,6,214
2020-08-16,Greece,Europe,1597,7588,17,231
2020-08-23,Greece,Europe,1664,9252,14,245
2020-08-30,Greece,Europe,1446,10698,20,265
2020-09-06,Greece,Europe,1345,12043,26,291
2020-09-13,Greece,Europe,1764,13807,20,311
2020-09-20,Greece,Europe,2242,16049,37,348
2020-09-27,Greece,Europe,2194,18243,39,387
2020-10-04,Greece,Europe,2391,20634,27,414
2020-10-11,Greece,Europe,2491,23125,43,457
2020-10-18,Greece,Europe,3349,26474,62,519
2020-10-25,Greece,Europe,6312,32786,65,584
2020-11-01,Greece,Europe,11329,44115,65,649
2020-11-08,Greece,Europe,17509,61624,182,831
2020-11-15,Greece,Europe,18971,80595,342,1173
2020-11-22,Greece,Europe,17037,97632,590,1763
2020-11-29,Greece,Europe,12862,110494,684,2447
2020-12-06,Greece,Europe,10606,121100,702,3149
2020-12-13,Greece,Europe,8293,129393,605,3754
2020-12-20,Greece,Europe,6012,135405,525,4279
2020-12-27,Greece,Europe,4287,139692,403,4682
2021-01-03,Greece,Europe,4508,144200,320,5002
2021-01-10,Greece,Europe,4622,148822,280,5282
2021-01-17,Greece,Europe,3578,152400,199,5481
2021-01-24,Greece,Europe,3372,155772,177,5658
2021-01-31,Greece,Europe,5467,161239,167,5825
2021-02-07,Greece,Europe,7433,168672,171,5996
2021-02-14,Greece,Europe,8500,177172,154,6150
2021-02-21,Greece,Europe,8138,185310,183,6333
2021-02-28,Greece,Europe,11852,197162,219,6552
2021-03-07,Greece,Europe,14547,211709,271,6823
2021-03-14,Greece,Europe,16805,228514,361,7184
2021-03-21,Greece,Europe,16561,245075,392,7576
2021-03-28,Greece,Europe,17841,262916,435,8011
2021-04-04,Greece,Europe,22224,285140,515,8526
2021-04-11,Greece,Europe,20983,306123,517,9043
2021-04-18,Greece,Europe,19754,325877,560,9603
2021-04-25,Greece,Europe,18135,344012,520,10123
2021-05-02,Greece,Europe,14749,358761,507,10630
2021-05-09,Greece,Europe,15261,374022,512,11142
2021-05-16,Greece,Europe,15062,389084,348,11490
2021-05-23,Greece,Europe,12433,401517,342,11832
2021-05-30,Greece,Europe,11019,412536,269,12101
2021-06-06,Greece,Europe,7484,420020,219,12320
2021-06-13,Greece,Europe,4939,424959,137,12457
2021-06-20,Greece,Europe,3095,428054,129,12586
2021-06-27,Greece,Europe,2575,430629,104,12690
2021-07-04,Greece,Europe,5176,435805,63,12753
2021-07-11,Greece,Europe,13647,449452,56,12809
2021-07-18,Greece,Europe,17965,467417,66,12875
2021-07-25,Greece,Europe,18090,485507,44,12919
2021-08-01,Greece,Europe,18513,504020,87,13006
2021-08-08,Greece,Europe,19592,523612,115,13121
2021-08-15,Greece,Europe,22567,546179,146,13267
2021-08-22,Greece,Europe,22377,568556,208,13475
2021-08-29,Greece,Europe,21722,590278,236,13711
2021-09-05,Greece,Europe,17537,607815,251,13962
2021-09-12,Greece,Europe,14666,622481,278,14240
2021-09-19,Greece,Europe,15318,637799,269,14509
2021-09-26,Greece,Europe,14143,651942,218,14727
2021-10-03,Greece,Europe,14985,666927,242,14969
2021-10-10,Greece,Europe,15378,682305,212,15181
2021-10-17,Greece,Europe,17510,699815,252,15433
2021-10-24,Greece,Europe,22650,722465,254,15687
2021-10-31,Greece,Europe,26713,749178,326,16013
2021-11-07,Greece,Europe,43383,792561,348,16361
2021-11-14,Greece,Europe,46451,839012,470,16831
2021-11-21,Greece,Europe,46907,885919,583,17414
2021-11-28,Greece,Europe,45124,931043,632,18046
2021-12-05,Greece,Europe,41132,972175,638,18684
2021-12-12,Greece,Europe,35783,1007958,668,19352
2021-12-19,Greece,Europe,30829,1038787,623,19975
2021-12-26,Greece,Europe,46300,1085087,530,20505
2022-01-02,Greece,Europe,201474,1286561,503,21008
2022-01-09,Greece,Europe,241321,1527882,496,21504
2022-01-16,Greece,Europe,145818,1673700,615,22119
2022-01-23,Greece,Europe,132225,1805925,675,22794
2022-01-30,Greece,Europe,127646,1933571,732,23526
2022-02-06,Greece,Europe,124694,2058265,714,24240
2022-02-13,Greece,Europe,125161,2183426,605,24845
2022-02-20,Greece,Europe,123794,2307220,572,25417
2022-02-27,Greece,Europe,104776,2411996,452,25869
2022-03-06,Greece,Europe,103664,2515660,402,26271
2022-03-13,Greece,Europe,129982,2645642,390,26661
2022-03-20,Greece,Europe,152111,2797753,367,27028
2022-03-27,Greece,Europe,143814,2941567,366,27394
2022-04-03,Greece,Europe,143843,3085410,416,27810
2022-04-10,Greece,Europe,98897,3184307,456,28266
2022-04-17,Greece,Europe,62234,3246541,419,28685
2022-04-24,Greece,Europe,44022,3290563,319,29004
2022-05-01,Greece,Europe,45138,3335701,269,29273
2022-05-08,Greece,Europe,32496,3368197,189,29462
2022-05-15,Greece,Europe,30781,3398978,153,29615
2022-05-22,Greece,Europe,26875,3425853,132,29747
2022-05-29,Greece,Europe,25494,3451347,102,29849
2022-06-05,Greece,Europe,25086,3476433,93,29942
2022-06-12,Greece,Europe,30745,3507178,99,30041
2022-06-19,Greece,Europe,46178,3553356,71,30112
2022-06-26,Greece,Europe,74364,3627720,96,30208
2022-07-03,Greece,Europe,104747,3732467,129,30337
2022-07-10,Greece,Europe,123806,3856273,180,30517
2022-07-17,Greece,Europe,122642,3978915,223,30740
2022-07-24,Greece,Europe,111500,4090415,307,31047
2022-07-31,Greece,Europe,98860,4189275,395,31442
2022-08-07,Greece,Europe,80050,4269325,363,31805
2022-08-14,Greece,Europe,58577,4327902,295,32100
2022-08-21,Greece,Europe,43917,4371819,269,32369
2022-08-28,Greece,Europe,39307,4411126,223,32592
2022-09-04,Greece,Europe,31034,4442160,188,32780
2022-09-11,Greece,Europe,26254,4468414,129,32909
2022-09-18,Greece,Europe,27374,4495788,115,33024
2022-09-25,Greece,Europe,33079,4528867,101,33125
2022-10-02,Greece,Europe,41207,4570074,91,33216
2022-10-09,Greece,Europe,39791,4609865,118,33334
2022-10-16,Greece,Europe,43578,4653443,114,33448
2022-10-23,Greece,Europe,41373,4694816,151,33599
2022-10-30,Greece,Europe,41133,4735949,170,33769
2022-11-06,Greece,Europe,46212,4782161,152,33921
2022-11-13,Greece,Europe,41738,4823899,126,34047
2022-11-20,Greece,Europe,39464,4863363,166,34213
2022-11-27,Greece,Europe,31609,4894972,132,34345
2022-12-04,Greece,Europe,31490,4926462,159,34504
2022-12-11,Greece,Europe,36508,4962970,144,34648
2022-12-18,Greece,Europe,33272,4996242,158,34806
2022-12-25,Greece,Europe,26921,5023163,170,34976
2023-01-01,Greece,Europe,34711,5057874,154,35130
2023-01-08,Greece,Europe,39318,5097192,169,35299
2023-01-15,Greece,Europe,34620,5131812,206,35505
2023-01-22,Greece,Europe,24354,5156166,183,35688
2023-01-29,Greece,Europe,15380,5171546,179,35867
2023-02-05,Greece,Europe,12032,5183578,120,35987
2023-02-12,Greece,Europe,11224,5194802,113,36100
2023-02-19,Greece,Europe,13029,5207831,101,36201
2023-02-26,Greece,Europe,14969,5222800,93,36294
2023-03-05,Greece,Europe,13365,5236165,96,36390
2023-03-12,Greece,Europe,10361,5246526,76,36466
2023-03-19,Greece,Europe,7500,5254026,77,36543
2023-03-26,Greece,Europe,7318,5261344,66,36609
2023-04-02,Greece,Europe,7142,5268486,50,36659
2023-04-09,Greece,Europe,6466,5274952,48,36707
2023-04-16,Greece,Europe,6149,5281101,46,36753
2023-04-23,Greece,Europe,8656,5289757,47,36800
2023-04-30,Greece,Europe,7292,5297049,61,36861
2023-05-07,Greece,Europe,6621,5303670,55,36916
2023-05-14,Greece,Europe,7212,5310882,56,36972
2023-05-21,Greece,Europe,7592,5318474,56,37028
2023-05-28,Greece,Europe,6130,5324604,49,37077
2023-06-04,Greece,Europe,4259,5328863,44,37121
2023-06-11,Greece,Europe,3145,5332008,39,37160
2023-06-18,Greece,Europe,2467,5334475,20,37180
2023-06-25,Greece,Europe,2367,5336842,20,37200
2023-07-02,Greece,Europe,1850,5338692,18,37218
2023-07-09,Greece,Europe,1873,5340565,16,37234
2023-07-16,Greece,Europe,1989,5342554,17,37251
2023-07-23,Greece,Europe,2598,5345152,17,37268
2023-07-30,Greece,Europe,3375,5348527,26,37294
2023-08-06,Greece,Europe,4424,5352951,27,37321
2023-08-13,Greece,Europe,5477,5358428,21,37342
2023-08-20,Greece,Europe,5781,5364209,37,37379
2023-08-27,Greece,Europe,6876,5371085,43,37422
2023-09-03,Greece,Europe,7378,5378463,39,37461
2023-09-10,Greece,Europe,7542,5386005,39,37500
2023-09-17,Greece,Europe,8636,5394641,44,37544
2023-09-24,Greece,Europe,11333,5405974,44,37588
2023-10-01,Greece,Europe,11478,5417452,56,37644
2023-10-08,Greece,Europe,12532,5429984,55,37699
2023-10-15,Greece,Europe,13137,5443121,55,37754
2023-10-22,Greece,Europe,11849,5454970,52,37806
2023-10-29,Greece,Europe,9555,5464525,63,37869
2023-11-05,Greece,Europe,9282,5473807,62,37931
2023-11-12,Greece,Europe,7757,5481564,57,37988
2023-11-19,Greece,Europe,7801,5489365,30,38018
2023-11-26,Greece,Europe,8348,5497713,47,38065
2023-12-03,Greece,Europe,9898,5507611,46,38111
2023-12-10,Greece,Europe,11906,5519517,59,38170
2023-12-17,Greece,Europe,14576,5534093,74,38244
2023-12-24,Greece,Europe,16943,5551036,83,38327
2023-12-31,Greece,Europe,19325,5570361,94,38421
2024-01-07,Greece,Europe,17912,5588273,111,38532
2024-01-14,Greece,Europe,12166,5600439,121,38653
2024-01-21,Greece,Europe,7118,5607557,91,38744
2024-01-28,Greece,Europe,4361,5611918,70,38814
2024-02-04,Greece,Europe,3497,5615415,35,38849
2024-02-11,Greece,Europe,3407,5618822,43,38892
2024-02-18,Greece,Europe,2381,5621203,23,38915
2024-02-25,Greece,Europe,1958,5623161,19,38934
2024-03-03,Greece,Europe,1423,5624584,14,38948
2024-03-10,Greece,Europe,1086,5625670,14,38962
2024-03-17,Greece,Europe,1266,5626936,9,38971
2024-03-24,Greece,Europe,694,5627630,7,38978
2024-03-31,Greece,Europe,917,5628547,9,38987
2024-04-07,Greece,Europe,1003,5629550,6,38993
2024-04-14,Greece,Europe,1184,5630734,4,38997
2024-04-21,Greece,Europe,1333,5632067,6,39003
2024-04-28,Greece,Europe,1005,5633072,2,39005
2024-05-05,Greece,Europe,330,5633402,2,39007
2024-05-12,Greece,Europe,547,5633949,4,39011
2024-05-19,Greece,Europe,916,5634865,2,39013
2024-05-26,Greece,Europe,1044,5635909,6,39019
2024-06-02,Greece,Europe,1296,5637205,3,39022
2024-06-09,Greece,Europe,1931,5639136,8,39030
2024-06-16,Greece,Europe,2127,5641263,6,39036
2024-06-23,Greece,Europe,3096,5644359,19,39055
2024-06-30,Greece,Europe,3302,5647661,24,39079
2024-07-07,Greece,Europe,4134,5651795,22,39101
2024-07-14,Greece,Europe,4535,5656330,28,39129
2024-07-21,Greece,Europe,5426,5661756,42,39171
2024-07-28,Greece,Europe,6112,5667868,47,39218
2024-08-04,Greece,Europe,5824,5673692,41,39259
2024-08-11,Greece,Europe,5540,5679232,40,39299
2024-08-18,Greece,Europe,4437,5683669,37,39336
2024-08-25,Greece,Europe,5166,5688835,46,39382
2024-09-01,Greece,Europe,4631,5693466,40,39422
2020-01-05,Greenland,North America,0,0,0,0
2020-01-12,Greenland,North America,0,0,0,0
2020-01-19,Greenland,North America,0,0,0,0
2020-01-26,Greenland,North America,0,0,0,0
2020-02-02,Greenland,North America,0,0,0,0
2020-02-09,Greenland,North America,0,0,0,0
2020-02-16,Greenland,North America,0,0,0,0
2020-02-23,Greenland,North America,0,0,0,0
2020-03-01,Greenland,North America,0,0,0,0
2020-03-08,Greenland,North America,0,0,0,0
2020-03-15,Greenland,North America,0,0,0,0
2020-03-22,Greenland,North America,2,2,0,0
2020-03-29,Greenland,North America,8,10,0,0
2020-04-05,Greenland,North America,0,10,0,0
2020-04-12,Greenland,North America,1,11,0,0
2020-04-19,Greenland,North America,0,11,0,0
2020-04-26,Greenland,North America,0,11,0,0
2020-05-03,Greenland,North America,0,11,0,0
2020-05-10,Greenland,North America,0,11,0,0
2020-05-17,Greenland,North America,0,11,0,0
2020-05-24,Greenland,North America,0,11,0,0
2020-05-31,Greenland,North America,2,13,0,0
2020-06-07,Greenland,North America,0,13,0,0
2020-06-14,Greenland,North America,0,13,0,0
2020-06-21,Greenland,North America,0,13,0,0
2020-06-28,Greenland,North America,0,13,0,0
2020-07-05,Greenland,North America,0,13,0,0
2020-07-12,Greenland,North America,0,13,0,0
2020-07-19,Greenland,North America,0,13,0,0
2020-07-26,Greenland,North America,0,13,0,0
2020-08-02,Greenland,North America,1,14,0,0
2020-08-09,Greenland,North America,0,14,0,0
2020-08-16,Greenland,North America,0,14,0,0
2020-08-23,Greenland,North America,0,14,0,0
2020-08-30,Greenland,North America,0,14,0,0
2020-09-06,Greenland,North America,0,14,0,0
2020-09-13,Greenland,North America,0,14,0,0
2020-09-20,Greenland,North America,0,14,0,0
2020-09-27,Greenland,North America,0,14,0,0
2020-10-04,Greenland,North America,0,14,0,0
2020-10-11,Greenland,North America,2,16,0,0
2020-10-18,Greenland,North America,0,16,0,0
2020-10-25,Greenland,North America,1,17,0,0
2020-11-01,Greenland,North America,0,17,0,0
2020-11-08,Greenland,North America,0,17,0,0
2020-11-15,Greenland,North America,0,17,0,0
2020-11-22,Greenland,North America,1,18,0,0
2020-11-29,Greenland,North America,0,18,0,0
2020-12-06,Greenland,North America,0,18,0,0
2020-12-13,Greenland,North America,1,19,0,0
2020-12-20,Greenland,North America,0,19,0,0
2020-12-27,Greenland,North America,7,26,0,0
2021-01-03,Greenland,North America,1,27,0,0
2021-01-10,Greenland,North America,2,29,0,0
2021-01-17,Greenland,North America,1,30,0,0
2021-01-24,Greenland,North America,0,30,0,0
2021-01-31,Greenland,North America,0,30,0,0
2021-02-07,Greenland,North America,0,30,0,0
2021-02-14,Greenland,North America,0,30,0,0
2021-02-21,Greenland,North America,0,30,0,0
2021-02-28,Greenland,North America,0,30,0,0
2021-03-07,Greenland,North America,1,31,0,0
2021-03-14,Greenland,North America,0,31,0,0
2021-03-21,Greenland,North America,0,31,0,0
2021-03-28,Greenland,North America,0,31,0,0
2021-04-04,Greenland,North America,0,31,0,0
2021-04-11,Greenland,North America,0,31,0,0
2021-04-18,Greenland,North America,0,31,0,0
2021-04-25,Greenland,North America,0,31,0,0
2021-05-02,Greenland,North America,0,31,0,0
2021-05-09,Greenland,North America,0,31,0,0
2021-05-16,Greenland,North America,0,31,0,0
2021-05-23,Greenland,North America,3,34,0,0
2021-05-30,Greenland,North America,6,40,0,0
2021-06-06,Greenland,North America,3,43,0,0
2021-06-13,Greenland,North America,1,44,0,0
2021-06-20,Greenland,North America,5,49,0,0
2021-06-27,Greenland,North America,1,50,0,0
2021-07-04,Greenland,North America,0,50,0,0
2021-07-11,Greenland,North America,2,52,0,0
2021-07-18,Greenland,North America,20,72,0,0
2021-07-25,Greenland,North America,20,92,0,0
2021-08-01,Greenland,North America,27,119,0,0
2021-08-08,Greenland,North America,49,168,0,0
2021-08-15,Greenland,North America,77,245,0,0
2021-08-22,Greenland,North America,53,298,0,0
2021-08-29,Greenland,North America,31,329,0,0
2021-09-05,Greenland,North America,20,349,0,0
2021-09-12,Greenland,North America,41,390,0,0
2021-09-19,Greenland,North America,74,464,0,0
2021-09-26,Greenland,North America,89,553,0,0
2021-10-03,Greenland,North America,31,584,0,0
2021-10-10,Greenland,North America,39,623,0,0
2021-10-17,Greenland,North America,31,654,0,0
2021-10-24,Greenland,North America,77,731,0,0
2021-10-31,Greenland,North America,68,799,0,0
2021-11-07,Greenland,North America,60,859,0,0
2021-11-14,Greenland,North America,131,990,0,0
2021-11-21,Greenland,North America,139,1129,0,0
2021-11-28,Greenland,North America,129,1258,0,0
2021-12-05,Greenland,North America,250,1508,0,0
2021-12-12,Greenland,North America,233,1741,0,0
2021-12-19,Greenland,North America,170,1911,0,0
2021-12-26,Greenland,North America,230,2141,1,1
2022-01-02,Greenland,North America,475,2616,0,1
2022-01-09,Greenland,North America,1883,4499,0,1
2022-01-16,Greenland,North America,3047,7546,1,2
2022-01-23,Greenland,North America,1939,9485,2,4
2022-01-30,Greenland,North America,1142,10627,1,5
2022-02-06,Greenland,North America,450,11077,1,6
2022-02-13,Greenland,North America,352,11429,1,7
2022-02-20,Greenland,North America,186,11615,5,12
2022-02-27,Greenland,North America,110,11725,6,18
2022-03-06,Greenland,North America,85,11810,2,20
2022-03-13,Greenland,North America,69,11879,0,20
2022-03-20,Greenland,North America,57,11936,0,20
2022-03-27,Greenland,North America,35,11971,1,21
2022-04-03,Greenland,North America,0,11971,0,21
2022-04-10,Greenland,North America,0,11971,0,21
2022-04-17,Greenland,North America,0,11971,0,21
2022-04-24,Greenland,North America,0,11971,0,21
2022-05-01,Greenland,North America,0,11971,0,21
2022-05-08,Greenland,North America,0,11971,0,21
2022-05-15,Greenland,North America,0,11971,0,21
2022-05-22,Greenland,North America,0,11971,0,21
2022-05-29,Greenland,North America,0,11971,0,21
2022-06-05,Greenland,North America,0,11971,0,21
2022-06-12,Greenland,North America,0,11971,0,21
2022-06-19,Greenland,North America,0,11971,0,21
2022-06-26,Greenland,North America,0,11971,0,21
2022-07-03,Greenland,North America,0,11971,0,21
2022-07-10,Greenland,North America,0,11971,0,21
2022-07-17,Greenland,North America,0,11971,0,21
2022-07-24,Greenland,North America,0,11971,0,21
2022-07-31,Greenland,North America,0,11971,0,21
2022-08-07,Greenland,North America,0,11971,0,21
2022-08-14,Greenland,North America,0,11971,0,21
2022-08-21,Greenland,North America,0,11971,0,21
2022-08-28,Greenland,North America,0,11971,0,21
2022-09-04,Greenland,North America,0,11971,0,21
2022-09-11,Greenland,North America,0,11971,0,21
2022-09-18,Greenland,North America,0,11971,0,21
2022-09-25,Greenland,North America,0,11971,0,21
2022-10-02,Greenland,North America,0,11971,0,21
2022-10-09,Greenland,North America,0,11971,0,21
2022-10-16,Greenland,North America,0,11971,0,21
2022-10-23,Greenland,North America,0,11971,0,21
2022-10-30,Greenland,North America,0,11971,0,21
2022-11-06,Greenland,North America,0,11971,0,21
2022-11-13,Greenland,North America,0,11971,0,21
2022-11-20,Greenland,North America,0,11971,0,21
2022-11-27,Greenland,North America,0,11971,0,21
2022-12-04,Greenland,North America,0,11971,0,21
2022-12-11,Greenland,North America,0,11971,0,21
2022-12-18,Greenland,North America,0,11971,0,21
2022-12-25,Greenland,North America,0,11971,0,21
2023-01-01,Greenland,North America,0,11971,0,21
2023-01-08,Greenland,North America,0,11971,0,21
2023-01-15,Greenland,North America,0,11971,0,21
2023-01-22,Greenland,North America,0,11971,0,21
2023-01-29,Greenland,North America,0,11971,0,21
2023-02-05,Greenland,North America,0,11971,0,21
2023-02-12,Greenland,North America,0,11971,0,21
2023-02-19,Greenland,North America,0,11971,0,21
2023-02-26,Greenland,North America,0,11971,0,21
2023-03-05,Greenland,North America,0,11971,0,21
2023-03-12,Greenland,North America,0,11971,0,21
2023-03-19,Greenland,North America,0,11971,0,21
2023-03-26,Greenland,North America,0,11971,0,21
2023-04-02,Greenland,North America,0,11971,0,21
2023-04-09,Greenland,North America,0,11971,0,21
2023-04-16,Greenland,North America,0,11971,0,21
2023-04-23,Greenland,North America,0,11971,0,21
2023-04-30,Greenland,North America,0,11971,0,21
2023-05-07,Greenland,North America,0,11971,0,21
2023-05-14,Greenland,North America,0,11971,0,21
2023-05-21,Greenland,North America,0,11971,0,21
2023-05-28,Greenland,North America,0,11971,0,21
2023-06-04,Greenland,North America,0,11971,0,21
2023-06-11,Greenland,North America,0,11971,0,21
2023-06-18,Greenland,North America,0,11971,0,21
2023-06-25,Greenland,North America,0,11971,0,21
2023-07-02,Greenland,North America,0,11971,0,21
2023-07-09,Greenland,North America,0,11971,0,21
2023-07-16,Greenland,North America,0,11971,0,21
2023-07-23,Greenland,North America,0,11971,0,21
2023-07-30,Greenland,North America,0,11971,0,21
2023-08-06,Greenland,North America,0,11971,0,21
2023-08-13,Greenland,North America,0,11971,0,21
2023-08-20,Greenland,North America,0,11971,0,21
2023-08-27,Greenland,North America,0,11971,0,21
2023-09-03,Greenland,North America,0,11971,0,21
2023-09-10,Greenland,North America,0,11971,0,21
2023-09-17,Greenland,North America,0,11971,0,21
2023-09-24,Greenland,North America,0,11971,0,21
2023-10-01,Greenland,North America,0,11971,0,21
2023-10-08,Greenland,North America,0,11971,0,21
2023-10-15,Greenland,North America,0,11971,0,21
2023-10-22,Greenland,North America,0,11971,0,21
2023-10-29,Greenland,North America,0,11971,0,21
2023-11-05,Greenland,North America,0,11971,0,21
2023-11-12,Greenland,North America,0,11971,0,21
2023-11-19,Greenland,North America,0,11971,0,21
2023-11-26,Greenland,North America,0,11971,0,21
2023-12-03,Greenland,North America,0,11971,0,21
2023-12-10,Greenland,North America,0,11971,0,21
2023-12-17,Greenland,North America,0,11971,0,21
2023-12-24,Greenland,North America,0,11971,0,21
2023-12-31,Greenland,North America,0,11971,0,21
2024-01-07,Greenland,North America,0,11971,0,21
2024-01-14,Greenland,North America,0,11971,0,21
2024-01-21,Greenland,North America,0,11971,0,21
2024-01-28,Greenland,North America,0,11971,0,21
2024-02-04,Greenland,North America,0,11971,0,21
2024-02-11,Greenland,North America,0,11971,0,21
2024-02-18,Greenland,North America,0,11971,0,21
2024-02-25,Greenland,North America,0,11971,0,21
2024-03-03,Greenland,North America,0,11971,0,21
2024-03-10,Greenland,North America,0,11971,0,21
2024-03-17,Greenland,North America,0,11971,0,21
2024-03-24,Greenland,North America,0,11971,0,21
2024-03-31,Greenland,North America,0,11971,0,21
2024-04-07,Greenland,North America,0,11971,0,21
2024-04-14,Greenland,North America,0,11971,0,21
2024-04-21,Greenland,North America,0,11971,0,21
2024-04-28,Greenland,North America,0,11971,0,21
2024-05-05,Greenland,North America,0,11971,0,21
2024-05-12,Greenland,North America,0,11971,0,21
2024-05-19,Greenland,North America,0,11971,0,21
2024-05-26,Greenland,North America,0,11971,0,21
2024-06-02,Greenland,North America,0,11971,0,21
2024-06-09,Greenland,North America,0,11971,0,21
2024-06-16,Greenland,North America,0,11971,0,21
2024-06-23,Greenland,North America,0,11971,0,21
2024-06-30,Greenland,North America,0,11971,0,21
2024-07-07,Greenland,North America,0,11971,0,21
2024-07-14,Greenland,North America,0,11971,0,21
2024-07-21,Greenland,North America,0,11971,0,21
2024-07-28,Greenland,North America,0,11971,0,21
2024-08-04,Greenland,North America,0,11971,0,21
2024-08-11,Greenland,North America,0,11971,0,21
2024-08-18,Greenland,North America,0,11971,0,21
2024-08-25,Greenland,North America,0,11971,0,21
2024-09-01,Greenland,North America,0,11971,0,21
2020-01-05,Grenada,North America,0,0,0,0
2020-01-12,Grenada,North America,0,0,0,0
2020-01-19,Grenada,North America,0,0,0,0
2020-01-26,Grenada,North America,0,0,0,0
2020-02-02,Grenada,North America,0,0,0,0
2020-02-09,Grenada,North America,0,0,0,0
2020-02-16,Grenada,North America,0,0,0,0
2020-02-23,Grenada,North America,0,0,0,0
2020-03-01,Grenada,North America,0,0,0,0
2020-03-08,Grenada,North America,0,0,0,0
2020-03-15,Grenada,North America,0,0,0,0
2020-03-22,Grenada,North America,0,0,0,0
2020-03-29,Grenada,North America,7,7,0,0
2020-04-05,Grenada,North America,5,12,0,0
2020-04-12,Grenada,North America,1,13,0,0
2020-04-19,Grenada,North America,0,13,0,0
2020-04-26,Grenada,North America,2,15,0,0
2020-05-03,Grenada,North America,5,20,0,0
2020-05-10,Grenada,North America,1,21,0,0
2020-05-17,Grenada,North America,1,22,0,0
2020-05-24,Grenada,North America,0,22,0,0
2020-05-31,Grenada,North America,1,23,0,0
2020-06-07,Grenada,North America,0,23,0,0
2020-06-14,Grenada,North America,0,23,0,0
2020-06-21,Grenada,North America,0,23,0,0
2020-06-28,Grenada,North America,0,23,0,0
2020-07-05,Grenada,North America,0,23,0,0
2020-07-12,Grenada,North America,0,23,0,0
2020-07-19,Grenada,North America,0,23,0,0
2020-07-26,Grenada,North America,0,23,0,0
2020-08-02,Grenada,North America,1,24,0,0
2020-08-09,Grenada,North America,0,24,0,0
2020-08-16,Grenada,North America,0,24,0,0
2020-08-23,Grenada,North America,0,24,0,0
2020-08-30,Grenada,North America,0,24,0,0
2020-09-06,Grenada,North America,0,24,0,0
2020-09-13,Grenada,North America,0,24,0,0
2020-09-20,Grenada,North America,0,24,0,0
2020-09-27,Grenada,North America,0,24,0,0
2020-10-04,Grenada,North America,0,24,0,0
2020-10-11,Grenada,North America,0,24,0,0
2020-10-18,Grenada,North America,3,27,0,0
2020-10-25,Grenada,North America,1,28,0,0
2020-11-01,Grenada,North America,0,28,0,0
2020-11-08,Grenada,North America,2,30,0,0
2020-11-15,Grenada,North America,2,32,0,0
2020-11-22,Grenada,North America,9,41,0,0
2020-11-29,Grenada,North America,0,41,0,0
2020-12-06,Grenada,North America,0,41,0,0
2020-12-13,Grenada,North America,2,43,0,0
2020-12-20,Grenada,North America,51,94,0,0
2020-12-27,Grenada,North America,22,116,0,0
2021-01-03,Grenada,North America,13,129,0,0
2021-01-10,Grenada,North America,6,135,1,1
2021-01-17,Grenada,North America,4,139,0,1
2021-01-24,Grenada,North America,8,147,0,1
2021-01-31,Grenada,North America,1,148,0,1
2021-02-07,Grenada,North America,0,148,0,1
2021-02-14,Grenada,North America,0,148,0,1
2021-02-21,Grenada,North America,0,148,0,1
2021-02-28,Grenada,North America,0,148,0,1
2021-03-07,Grenada,North America,3,151,0,1
2021-03-14,Grenada,North America,0,151,0,1
2021-03-21,Grenada,North America,3,154,0,1
2021-03-28,Grenada,North America,1,155,0,1
2021-04-04,Grenada,North America,0,155,0,1
2021-04-11,Grenada,North America,2,157,0,1
2021-04-18,Grenada,North America,2,159,0,1
2021-04-25,Grenada,North America,0,159,0,1
2021-05-02,Grenada,North America,2,161,0,1
2021-05-09,Grenada,North America,0,161,0,1
2021-05-16,Grenada,North America,0,161,0,1
2021-05-23,Grenada,North America,0,161,0,1
2021-05-30,Grenada,North America,0,161,0,1
2021-06-06,Grenada,North America,0,161,0,1
2021-06-13,Grenada,North America,0,161,0,1
2021-06-20,Grenada,North America,0,161,0,1
2021-06-27,Grenada,North America,1,162,0,1
2021-07-04,Grenada,North America,0,162,0,1
2021-07-11,Grenada,North America,0,162,0,1
2021-07-18,Grenada,North America,1,163,0,1
2021-07-25,Grenada,North America,2,165,0,1
2021-08-01,Grenada,North America,4,169,0,1
2021-08-08,Grenada,North America,3,172,0,1
2021-08-15,Grenada,North America,13,185,0,1
2021-08-22,Grenada,North America,27,212,0,1
2021-08-29,Grenada,North America,84,296,0,1
2021-09-05,Grenada,North America,802,1098,4,5
2021-09-12,Grenada,North America,1065,2163,17,22
2021-09-19,Grenada,North America,1327,3490,26,48
2021-09-26,Grenada,North America,1276,4766,57,105
2021-10-03,Grenada,North America,470,5236,45,150
2021-10-10,Grenada,North America,355,5591,23,173
2021-10-17,Grenada,North America,130,5721,19,192
2021-10-24,Grenada,North America,88,5809,4,196
2021-10-31,Grenada,North America,30,5839,2,198
2021-11-07,Grenada,North America,18,5857,0,198
2021-11-14,Grenada,North America,6,5863,2,200
2021-11-21,Grenada,North America,3,5866,0,200
2021-11-28,Grenada,North America,22,5888,0,200
2021-12-05,Grenada,North America,19,5907,0,200
2021-12-12,Grenada,North America,6,5913,0,200
2021-12-19,Grenada,North America,6,5919,0,200
2021-12-26,Grenada,North America,37,5956,0,200
2022-01-02,Grenada,North America,343,6299,0,200
2022-01-09,Grenada,North America,1370,7669,0,200
2022-01-16,Grenada,North America,1866,9535,3,203
2022-01-23,Grenada,North America,1655,11190,2,205
2022-01-30,Grenada,North America,1056,12246,5,210
2022-02-06,Grenada,North America,588,12834,1,211
2022-02-13,Grenada,North America,408,13242,2,213
2022-02-20,Grenada,North America,283,13525,1,214
2022-02-27,Grenada,North America,154,13679,2,216
2022-03-06,Grenada,North America,11,13690,0,216
2022-03-13,Grenada,North America,0,13690,0,216
2022-03-20,Grenada,North America,246,13936,1,217
2022-03-27,Grenada,North America,46,13982,1,218
2022-04-03,Grenada,North America,42,14024,0,218
2022-04-10,Grenada,North America,0,14024,0,218
2022-04-17,Grenada,North America,141,14165,1,219
2022-04-24,Grenada,North America,263,14428,1,220
2022-05-01,Grenada,North America,315,14743,0,220
2022-05-08,Grenada,North America,740,15483,0,220
2022-05-15,Grenada,North America,1029,16512,1,221
2022-05-22,Grenada,North America,722,17234,2,223
2022-05-29,Grenada,North America,428,17662,3,226
2022-06-05,Grenada,North America,204,17866,4,230
2022-06-12,Grenada,North America,169,18035,1,231
2022-06-19,Grenada,North America,80,18115,0,231
2022-06-26,Grenada,North America,155,18270,1,232
2022-07-03,Grenada,North America,106,18376,0,232
2022-07-10,Grenada,North America,184,18560,1,233
2022-07-17,Grenada,North America,95,18655,0,233
2022-07-24,Grenada,North America,65,18720,0,233
2022-07-31,Grenada,North America,66,18786,1,234
2022-08-07,Grenada,North America,36,18822,0,234
2022-08-14,Grenada,North America,73,18895,0,234
2022-08-21,Grenada,North America,266,19161,0,234
2022-08-28,Grenada,North America,128,19289,2,236
2022-09-04,Grenada,North America,57,19346,0,236
2022-09-11,Grenada,North America,57,19403,0,236
2022-09-18,Grenada,North America,70,19473,0,236
2022-09-25,Grenada,North America,63,19536,1,237
2022-10-02,Grenada,North America,0,19536,0,237
2022-10-09,Grenada,North America,0,19536,0,237
2022-10-16,Grenada,North America,38,19574,0,237
2022-10-23,Grenada,North America,17,19591,0,237
2022-10-30,Grenada,North America,0,19591,0,237
2022-11-06,Grenada,North America,13,19604,0,237
2022-11-13,Grenada,North America,9,19613,0,237
2022-11-20,Grenada,North America,3,19616,0,237
2022-11-27,Grenada,North America,0,19616,0,237
2022-12-04,Grenada,North America,20,19636,0,237
2022-12-11,Grenada,North America,8,19644,1,238
2022-12-18,Grenada,North America,0,19644,0,238
2022-12-25,Grenada,North America,16,19660,0,238
2023-01-01,Grenada,North America,11,19671,0,238
2023-01-08,Grenada,North America,9,19680,0,238
2023-01-15,Grenada,North America,0,19680,0,238
2023-01-22,Grenada,North America,0,19680,0,238
2023-01-29,Grenada,North America,0,19680,0,238
2023-02-05,Grenada,North America,0,19680,0,238
2023-02-12,Grenada,North America,0,19680,0,238
2023-02-19,Grenada,North America,0,19680,0,238
2023-02-26,Grenada,North America,0,19680,0,238
2023-03-05,Grenada,North America,0,19680,0,238
2023-03-12,Grenada,North America,0,19680,0,238
2023-03-19,Grenada,North America,0,19680,0,238
2023-03-26,Grenada,North America,0,19680,0,238
2023-04-02,Grenada,North America,3,19683,0,238
2023-04-09,Grenada,North America,0,19683,0,238
2023-04-16,Grenada,North America,0,19683,0,238
2023-04-23,Grenada,North America,10,19693,0,238
2023-04-30,Grenada,North America,0,19693,0,238
2023-05-07,Grenada,North America,0,19693,0,238
2023-05-14,Grenada,North America,0,19693,0,238
2023-05-21,Grenada,North America,0,19693,0,238
2023-05-28,Grenada,North America,0,19693,0,238
2023-06-04,Grenada,North America,0,19693,0,238
2023-06-11,Grenada,North America,0,19693,0,238
2023-06-18,Grenada,North America,0,19693,0,238
2023-06-25,Grenada,North America,0,19693,0,238
2023-07-02,Grenada,North America,0,19693,0,238
2023-07-09,Grenada,North America,0,19693,0,238
2023-07-16,Grenada,North America,0,19693,0,238
2023-07-23,Grenada,North America,0,19693,0,238
2023-07-30,Grenada,North America,0,19693,0,238
2023-08-06,Grenada,North America,0,19693,0,238
2023-08-13,Grenada,North America,0,19693,0,238
2023-08-20,Grenada,North America,0,19693,0,238
2023-08-27,Grenada,North America,0,19693,0,238
2023-09-03,Grenada,North America,0,19693,0,238
2023-09-10,Grenada,North America,0,19693,0,238
2023-09-17,Grenada,North America,0,19693,0,238
2023-09-24,Grenada,North America,0,19693,0,238
2023-10-01,Grenada,North America,0,19693,0,238
2023-10-08,Grenada,North America,0,19693,0,238
2023-10-15,Grenada,North America,0,19693,0,238
2023-10-22,Grenada,North America,0,19693,0,238
2023-10-29,Grenada,North America,0,19693,0,238
2023-11-05,Grenada,North America,0,19693,0,238
2023-11-12,Grenada,North America,0,19693,0,238
2023-11-19,Grenada,North America,0,19693,0,238
2023-11-26,Grenada,North America,0,19693,0,238
2023-12-03,Grenada,North America,0,19693,0,238
2023-12-10,Grenada,North America,0,19693,0,238
2023-12-17,Grenada,North America,0,19693,0,238
2023-12-24,Grenada,North America,0,19693,0,238
2023-12-31,Grenada,North America,0,19693,0,238
2024-01-07,Grenada,North America,0,19693,0,238
2024-01-14,Grenada,North America,0,19693,0,238
2024-01-21,Grenada,North America,0,19693,0,238
2024-01-28,Grenada,North America,0,19693,0,238
2024-02-04,Grenada,North America,0,19693,0,238
2024-02-11,Grenada,North America,0,19693,0,238
2024-02-18,Grenada,North America,0,19693,0,238
2024-02-25,Grenada,North America,0,19693,0,238
2024-03-03,Grenada,North America,0,19693,0,238
2024-03-10,Grenada,North America,0,19693,0,238
2024-03-17,Grenada,North America,0,19693,0,238
2024-03-24,Grenada,North America,0,19693,0,238
2024-03-31,Grenada,North America,0,19693,0,238
2024-04-07,Grenada,North America,0,19693,0,238
2024-04-14,Grenada,North America,0,19693,0,238
2024-04-21,Grenada,North America,0,19693,0,238
2024-04-28,Grenada,North America,0,19693,0,238
2024-05-05,Grenada,North America,0,19693,0,238
2024-05-12,Grenada,North America,0,19693,0,238
2024-05-19,Grenada,North America,0,19693,0,238
2024-05-26,Grenada,North America,0,19693,0,238
2024-06-02,Grenada,North America,0,19693,0,238
2024-06-09,Grenada,North America,0,19693,0,238
2024-06-16,Grenada,North America,0,19693,0,238
2024-06-23,Grenada,North America,0,19693,0,238
2024-06-30,Grenada,North America,0,19693,0,238
2024-07-07,Grenada,North America,0,19693,0,238
2024-07-14,Grenada,North America,0,19693,0,238
2024-07-21,Grenada,North America,0,19693,0,238
2024-07-28,Grenada,North America,0,19693,0,238
2024-08-04,Grenada,North America,0,19693,0,238
2024-08-11,Grenada,North America,0,19693,0,238
2024-08-18,Grenada,North America,0,19693,0,238
2024-08-25,Grenada,North America,0,19693,0,238
2024-09-01,Grenada,North America,0,19693,0,238
2020-01-05,Guadeloupe,North America,0,0,0,0
2020-01-12,Guadeloupe,North America,0,0,0,0
2020-01-19,Guadeloupe,North America,0,0,0,0
2020-01-26,Guadeloupe,North America,0,0,0,0
2020-02-02,Guadeloupe,North America,0,0,0,0
2020-02-09,Guadeloupe,North America,0,0,0,0
2020-02-16,Guadeloupe,North America,0,0,0,0
2020-02-23,Guadeloupe,North America,0,0,0,0
2020-03-01,Guadeloupe,North America,0,0,0,0
2020-03-08,Guadeloupe,North America,0,0,0,0
2020-03-15,Guadeloupe,North America,1,1,0,0
2020-03-22,Guadeloupe,North America,50,51,0,0
2020-03-29,Guadeloupe,North America,45,96,2,2
2020-04-05,Guadeloupe,North America,34,130,5,7
2020-04-12,Guadeloupe,North America,13,143,1,8
2020-04-19,Guadeloupe,North America,2,145,3,11
2020-04-26,Guadeloupe,North America,4,149,1,12
2020-05-03,Guadeloupe,North America,3,152,0,12
2020-05-10,Guadeloupe,North America,2,154,1,13
2020-05-17,Guadeloupe,North America,1,155,0,13
2020-05-24,Guadeloupe,North America,1,156,0,13
2020-05-31,Guadeloupe,North America,6,162,1,14
2020-06-07,Guadeloupe,North America,2,164,0,14
2020-06-14,Guadeloupe,North America,7,171,0,14
2020-06-21,Guadeloupe,North America,3,174,0,14
2020-06-28,Guadeloupe,North America,8,182,0,14
2020-07-05,Guadeloupe,North America,2,184,0,14
2020-07-12,Guadeloupe,North America,6,190,0,14
2020-07-19,Guadeloupe,North America,5,195,0,14
2020-07-26,Guadeloupe,North America,8,203,0,14
2020-08-02,Guadeloupe,North America,62,265,0,14
2020-08-09,Guadeloupe,North America,25,290,0,14
2020-08-16,Guadeloupe,North America,156,446,0,14
2020-08-23,Guadeloupe,North America,325,771,1,15
2020-08-30,Guadeloupe,North America,164,935,0,15
2020-09-06,Guadeloupe,North America,428,1363,5,20
2020-09-13,Guadeloupe,North America,1717,3080,4,24
2020-09-20,Guadeloupe,North America,346,3426,2,26
2020-09-27,Guadeloupe,North America,1528,4954,16,42
2020-10-04,Guadeloupe,North America,949,5903,33,75
2020-10-11,Guadeloupe,North America,580,6483,20,95
2020-10-18,Guadeloupe,North America,639,7122,16,111
2020-10-25,Guadeloupe,North America,352,7474,16,127
2020-11-01,Guadeloupe,North America,268,7742,-1,126
2020-11-08,Guadeloupe,North America,161,7903,7,133
2020-11-15,Guadeloupe,North America,195,8098,6,139
2020-11-22,Guadeloupe,North America,127,8225,5,144
2020-11-29,Guadeloupe,North America,119,8344,5,149
2020-12-06,Guadeloupe,North America,83,8427,0,149
2020-12-13,Guadeloupe,North America,24,8451,3,152
2020-12-20,Guadeloupe,North America,106,8557,3,155
2020-12-27,Guadeloupe,North America,63,8620,0,155
2021-01-03,Guadeloupe,North America,0,8620,0,155
2021-01-10,Guadeloupe,North America,82,8702,0,155
2021-01-17,Guadeloupe,North America,132,8834,1,156
2021-01-24,Guadeloupe,North America,222,9056,1,157
2021-01-31,Guadeloupe,North America,100,9156,0,157
2021-02-07,Guadeloupe,North America,0,9156,1,158
2021-02-14,Guadeloupe,North America,299,9455,2,160
2021-02-21,Guadeloupe,North America,0,9455,0,160
2021-02-28,Guadeloupe,North America,513,9968,4,164
2021-03-07,Guadeloupe,North America,490,10458,4,168
2021-03-14,Guadeloupe,North America,267,10725,0,168
2021-03-21,Guadeloupe,North America,370,11095,1,169
2021-03-28,Guadeloupe,North America,417,11512,9,178
2021-04-04,Guadeloupe,North America,378,11890,5,183
2021-04-11,Guadeloupe,North America,414,12304,6,189
2021-04-18,Guadeloupe,North America,623,12927,5,194
2021-04-25,Guadeloupe,North America,843,13770,17,211
2021-05-02,Guadeloupe,North America,864,14634,17,228
2021-05-09,Guadeloupe,North America,795,15429,8,236
2021-05-16,Guadeloupe,North America,650,16079,9,245
2021-05-23,Guadeloupe,North America,438,16517,10,255
2021-05-30,Guadeloupe,North America,357,16874,0,255
2021-06-06,Guadeloupe,North America,234,17108,5,260
2021-06-13,Guadeloupe,North America,180,17288,5,265
2021-06-20,Guadeloupe,North America,139,17427,1,266
2021-06-27,Guadeloupe,North America,112,17539,1,267
2021-07-04,Guadeloupe,North America,145,17684,3,270
2021-07-11,Guadeloupe,North America,125,17809,4,274
2021-07-18,Guadeloupe,North America,173,17982,4,278
2021-07-25,Guadeloupe,North America,331,18313,2,280
2021-08-01,Guadeloupe,North America,1093,19406,3,283
2021-08-08,Guadeloupe,North America,3220,22626,8,291
2021-08-15,Guadeloupe,North America,7134,29760,44,335
2021-08-22,Guadeloupe,North America,8195,37955,54,389
2021-08-29,Guadeloupe,North America,7438,45393,114,503
2021-09-05,Guadeloupe,North America,4122,49515,103,606
2021-09-12,Guadeloupe,North America,1970,51485,89,695
2021-09-19,Guadeloupe,North America,978,52463,52,747
2021-09-26,Guadeloupe,North America,643,53106,20,767
2021-10-03,Guadeloupe,North America,438,53544,18,785
2021-10-10,Guadeloupe,North America,292,53836,15,800
2021-10-17,Guadeloupe,North America,259,54095,9,809
2021-10-24,Guadeloupe,North America,193,54288,6,815
2021-10-31,Guadeloupe,North America,186,54474,5,820
2021-11-07,Guadeloupe,North America,198,54672,2,822
2021-11-14,Guadeloupe,North America,182,54854,0,822
2021-11-21,Guadeloupe,North America,226,55080,1,823
2021-11-28,Guadeloupe,North America,0,55080,0,823
2021-12-05,Guadeloupe,North America,138,55218,2,825
2021-12-12,Guadeloupe,North America,157,55375,3,828
2021-12-19,Guadeloupe,North America,189,55564,2,830
2021-12-26,Guadeloupe,North America,231,55795,1,831
2022-01-02,Guadeloupe,North America,720,56515,1,832
2022-01-09,Guadeloupe,North America,4138,60653,1,833
2022-01-16,Guadeloupe,North America,13007,73660,2,835
2022-01-23,Guadeloupe,North America,17089,90749,9,844
2022-01-30,Guadeloupe,North America,13430,104179,11,855
2022-02-06,Guadeloupe,North America,8489,112668,18,873
2022-02-13,Guadeloupe,North America,5509,118177,16,889
2022-02-20,Guadeloupe,North America,4034,122211,20,909
2022-02-27,Guadeloupe,North America,2317,124528,9,918
2022-03-06,Guadeloupe,North America,1728,126256,1,919
2022-03-13,Guadeloupe,North America,2097,128353,5,924
2022-03-20,Guadeloupe,North America,4006,132359,4,928
2022-03-27,Guadeloupe,North America,3622,135981,3,931
2022-04-03,Guadeloupe,North America,3535,139516,7,938
2022-04-10,Guadeloupe,North America,3057,142573,2,940
2022-04-17,Guadeloupe,North America,2655,145228,1,941
2022-04-24,Guadeloupe,North America,2379,147607,1,942
2022-05-01,Guadeloupe,North America,2348,149955,2,944
2022-05-08,Guadeloupe,North America,2561,152516,1,945
2022-05-15,Guadeloupe,North America,2576,155092,0,945
2022-05-22,Guadeloupe,North America,2773,157865,2,947
2022-05-29,Guadeloupe,North America,2498,160363,1,948
2022-06-05,Guadeloupe,North America,1827,162190,1,949
2022-06-12,Guadeloupe,North America,2135,164325,1,950
2022-06-19,Guadeloupe,North America,2099,166424,0,950
2022-06-26,Guadeloupe,North America,2290,168714,5,955
2022-07-03,Guadeloupe,North America,2717,171431,2,957
2022-07-10,Guadeloupe,North America,3917,175348,1,958
2022-07-17,Guadeloupe,North America,3937,179285,2,960
2022-07-24,Guadeloupe,North America,3733,183018,5,965
2022-07-31,Guadeloupe,North America,3362,186380,6,971
2022-08-07,Guadeloupe,North America,2236,188616,4,975
2022-08-14,Guadeloupe,North America,1438,190054,3,978
2022-08-21,Guadeloupe,North America,1063,191117,4,982
2022-08-28,Guadeloupe,North America,880,191997,4,986
2022-09-04,Guadeloupe,North America,767,192764,0,986
2022-09-11,Guadeloupe,North America,729,193493,1,987
2022-09-18,Guadeloupe,North America,653,194146,2,989
2022-09-25,Guadeloupe,North America,563,194709,1,990
2022-10-02,Guadeloupe,North America,505,195214,0,990
2022-10-09,Guadeloupe,North America,379,195593,0,990
2022-10-16,Guadeloupe,North America,361,195954,1,991
2022-10-23,Guadeloupe,North America,316,196270,2,993
2022-10-30,Guadeloupe,North America,0,196270,0,993
2022-11-06,Guadeloupe,North America,455,196725,0,993
2022-11-13,Guadeloupe,North America,380,197105,0,993
2022-11-20,Guadeloupe,North America,389,197494,2,995
2022-11-27,Guadeloupe,North America,0,197494,0,995
2022-12-04,Guadeloupe,North America,824,198318,0,995
2022-12-11,Guadeloupe,North America,290,198608,2,997
2022-12-18,Guadeloupe,North America,716,199324,2,999
2022-12-25,Guadeloupe,North America,664,199988,0,999
2023-01-01,Guadeloupe,North America,545,200533,1,1000
2023-01-08,Guadeloupe,North America,432,200965,3,1003
2023-01-15,Guadeloupe,North America,277,201242,3,1006
2023-01-22,Guadeloupe,North America,152,201394,1,1007
2023-01-29,Guadeloupe,North America,169,201563,2,1009
2023-02-05,Guadeloupe,North America,141,201704,1,1010
2023-02-12,Guadeloupe,North America,92,201796,0,1010
2023-02-19,Guadeloupe,North America,56,201852,0,1010
2023-02-26,Guadeloupe,North America,15,201867,0,1010
2023-03-05,Guadeloupe,North America,19,201886,0,1010
2023-03-12,Guadeloupe,North America,52,201938,0,1010
2023-03-19,Guadeloupe,North America,121,202059,0,1010
2023-03-26,Guadeloupe,North America,104,202163,2,1012
2023-04-02,Guadeloupe,North America,0,202163,0,1012
2023-04-09,Guadeloupe,North America,0,202163,0,1012
2023-04-16,Guadeloupe,North America,201,202364,3,1015
2023-04-23,Guadeloupe,North America,118,202482,2,1017
2023-04-30,Guadeloupe,North America,171,202653,0,1017
2023-05-07,Guadeloupe,North America,0,202653,0,1017
2023-05-14,Guadeloupe,North America,0,202653,0,1017
2023-05-21,Guadeloupe,North America,183,202836,0,1017
2023-05-28,Guadeloupe,North America,0,202836,0,1017
2023-06-04,Guadeloupe,North America,0,202836,0,1017
2023-06-11,Guadeloupe,North America,0,202836,0,1017
2023-06-18,Guadeloupe,North America,0,202836,0,1017
2023-06-25,Guadeloupe,North America,399,203235,4,1021
2023-07-02,Guadeloupe,North America,0,203235,0,1021
2023-07-09,Guadeloupe,North America,0,203235,0,1021
2023-07-16,Guadeloupe,North America,0,203235,0,1021
2023-07-23,Guadeloupe,North America,0,203235,0,1021
2023-07-30,Guadeloupe,North America,0,203235,0,1021
2023-08-06,Guadeloupe,North America,0,203235,0,1021
2023-08-13,Guadeloupe,North America,0,203235,0,1021
2023-08-20,Guadeloupe,North America,0,203235,0,1021
2023-08-27,Guadeloupe,North America,0,203235,0,1021
2023-09-03,Guadeloupe,North America,0,203235,0,1021
2023-09-10,Guadeloupe,North America,0,203235,0,1021
2023-09-17,Guadeloupe,North America,0,203235,0,1021
2023-09-24,Guadeloupe,North America,0,203235,0,1021
2023-10-01,Guadeloupe,North America,0,203235,0,1021
2023-10-08,Guadeloupe,North America,0,203235,0,1021
2023-10-15,Guadeloupe,North America,0,203235,0,1021
2023-10-22,Guadeloupe,North America,0,203235,0,1021
2023-10-29,Guadeloupe,North America,0,203235,0,1021
2023-11-05,Guadeloupe,North America,0,203235,0,1021
2023-11-12,Guadeloupe,North America,0,203235,0,1021
2023-11-19,Guadeloupe,North America,0,203235,0,1021
2023-11-26,Guadeloupe,North America,0,203235,0,1021
2023-12-03,Guadeloupe,North America,0,203235,0,1021
2023-12-10,Guadeloupe,North America,0,203235,0,1021
2023-12-17,Guadeloupe,North America,0,203235,0,1021
2023-12-24,Guadeloupe,North America,0,203235,0,1021
2023-12-31,Guadeloupe,North America,0,203235,0,1021
2024-01-07,Guadeloupe,North America,0,203235,0,1021
2024-01-14,Guadeloupe,North America,0,203235,0,1021
2024-01-21,Guadeloupe,North America,0,203235,0,1021
2024-01-28,Guadeloupe,North America,0,203235,0,1021
2024-02-04,Guadeloupe,North America,0,203235,0,1021
2024-02-11,Guadeloupe,North America,0,203235,0,1021
2024-02-18,Guadeloupe,North America,0,203235,0,1021
2024-02-25,Guadeloupe,North America,0,203235,0,1021
2024-03-03,Guadeloupe,North America,0,203235,0,1021
2024-03-10,Guadeloupe,North America,0,203235,0,1021
2024-03-17,Guadeloupe,North America,0,203235,0,1021
2024-03-24,Guadeloupe,North America,0,203235,0,1021
2024-03-31,Guadeloupe,North America,0,203235,0,1021
2024-04-07,Guadeloupe,North America,0,203235,0,1021
2024-04-14,Guadeloupe,North America,0,203235,0,1021
2024-04-21,Guadeloupe,North America,0,203235,0,1021
2024-04-28,Guadeloupe,North America,0,203235,0,1021
2024-05-05,Guadeloupe,North America,0,203235,0,1021
2024-05-12,Guadeloupe,North America,0,203235,0,1021
2024-05-19,Guadeloupe,North America,0,203235,0,1021
2024-05-26,Guadeloupe,North America,0,203235,0,1021
2024-06-02,Guadeloupe,North America,0,203235,0,1021
2024-06-09,Guadeloupe,North America,0,203235,0,1021
2024-06-16,Guadeloupe,North America,0,203235,0,1021
2024-06-23,Guadeloupe,North America,0,203235,0,1021
2024-06-30,Guadeloupe,North America,0,203235,0,1021
2024-07-07,Guadeloupe,North America,0,203235,0,1021
2024-07-14,Guadeloupe,North America,0,203235,0,1021
2024-07-21,Guadeloupe,North America,0,203235,0,1021
2024-07-28,Guadeloupe,North America,0,203235,0,1021
2024-08-04,Guadeloupe,North America,0,203235,0,1021
2024-08-11,Guadeloupe,North America,0,203235,0,1021
2024-08-18,Guadeloupe,North America,0,203235,0,1021
2024-08-25,Guadeloupe,North America,0,203235,0,1021
2024-09-01,Guadeloupe,North America,0,203235,0,1021
2020-01-05,Guam,Oceania,0,0,0,0
2020-01-12,Guam,Oceania,0,0,0,0
2020-01-19,Guam,Oceania,0,0,0,0
2020-01-26,Guam,Oceania,0,0,0,0
2020-02-02,Guam,Oceania,0,0,0,0
2020-02-09,Guam,Oceania,0,0,0,0
2020-02-16,Guam,Oceania,0,0,0,0
2020-02-23,Guam,Oceania,0,0,0,0
2020-03-01,Guam,Oceania,0,0,0,0
2020-03-08,Guam,Oceania,0,0,0,0
2020-03-15,Guam,Oceania,0,0,0,0
2020-03-22,Guam,Oceania,15,15,0,0
2020-03-29,Guam,Oceania,40,55,1,1
2020-04-05,Guam,Oceania,38,93,3,4
2020-04-12,Guam,Oceania,40,133,1,5
2020-04-19,Guam,Oceania,0,133,0,5
2020-04-26,Guam,Oceania,4,137,0,5
2020-05-03,Guam,Oceania,7,144,0,5
2020-05-10,Guam,Oceania,3,147,0,5
2020-05-17,Guam,Oceania,2,149,0,5
2020-05-24,Guam,Oceania,12,161,0,5
2020-05-31,Guam,Oceania,5,166,0,5
2020-06-07,Guam,Oceania,5,171,0,5
2020-06-14,Guam,Oceania,6,177,0,5
2020-06-21,Guam,Oceania,37,214,0,5
2020-06-28,Guam,Oceania,26,240,0,5
2020-07-05,Guam,Oceania,40,280,0,5
2020-07-12,Guam,Oceania,24,304,0,5
2020-07-19,Guam,Oceania,3,307,0,5
2020-07-26,Guam,Oceania,22,329,0,5
2020-08-02,Guam,Oceania,22,351,0,5
2020-08-09,Guam,Oceania,53,404,0,5
2020-08-16,Guam,Oceania,104,508,0,5
2020-08-23,Guam,Oceania,304,812,2,7
2020-08-30,Guam,Oceania,527,1339,3,10
2020-09-06,Guam,Oceania,332,1671,6,16
2020-09-13,Guam,Oceania,220,1891,9,25
2020-09-20,Guam,Oceania,226,2117,9,34
2020-09-27,Guam,Oceania,237,2354,9,43
2020-10-04,Guam,Oceania,343,2697,8,51
2020-10-11,Guam,Oceania,352,3049,8,59
2020-10-18,Guam,Oceania,557,3606,7,66
2020-10-25,Guam,Oceania,549,4155,5,71
2020-11-01,Guam,Oceania,477,4632,8,79
2020-11-08,Guam,Oceania,402,5034,10,89
2020-11-15,Guam,Oceania,820,5854,4,93
2020-11-22,Guam,Oceania,501,6355,11,104
2020-11-29,Guam,Oceania,300,6655,8,112
2020-12-06,Guam,Oceania,190,6845,1,113
2020-12-13,Guam,Oceania,108,6953,4,117
2020-12-20,Guam,Oceania,78,7031,2,119
2020-12-27,Guam,Oceania,63,7094,2,121
2021-01-03,Guam,Oceania,55,7149,2,123
2021-01-10,Guam,Oceania,77,7226,1,124
2021-01-17,Guam,Oceania,60,7286,2,126
2021-01-24,Guam,Oceania,54,7340,2,128
2021-01-31,Guam,Oceania,40,7380,1,129
2021-02-07,Guam,Oceania,62,7442,0,129
2021-02-14,Guam,Oceania,45,7487,1,130
2021-02-21,Guam,Oceania,24,7511,0,130
2021-02-28,Guam,Oceania,16,7527,1,131
2021-03-07,Guam,Oceania,13,7540,2,133
2021-03-14,Guam,Oceania,18,7558,0,133
2021-03-21,Guam,Oceania,12,7570,1,134
2021-03-28,Guam,Oceania,20,7590,0,134
2021-04-04,Guam,Oceania,16,7606,2,136
2021-04-11,Guam,Oceania,21,7627,0,136
2021-04-18,Guam,Oceania,31,7658,0,136
2021-04-25,Guam,Oceania,39,7697,0,136
2021-05-02,Guam,Oceania,66,7763,0,136
2021-05-09,Guam,Oceania,52,7815,3,139
2021-05-16,Guam,Oceania,41,7856,0,139
2021-05-23,Guam,Oceania,42,7898,0,139
2021-05-30,Guam,Oceania,20,7918,0,139
2021-06-06,Guam,Oceania,39,7957,0,139
2021-06-13,Guam,Oceania,27,7984,0,139
2021-06-20,Guam,Oceania,30,8014,0,139
2021-06-27,Guam,Oceania,58,8072,0,139
2021-07-04,Guam,Oceania,35,8107,1,140
2021-07-11,Guam,Oceania,57,8164,1,141
2021-07-18,Guam,Oceania,45,8209,1,142
2021-07-25,Guam,Oceania,23,8232,1,143
2021-08-01,Guam,Oceania,39,8271,0,143
2021-08-08,Guam,Oceania,118,8389,0,143
2021-08-15,Guam,Oceania,195,8584,0,143
2021-08-22,Guam,Oceania,371,8955,1,144
2021-08-29,Guam,Oceania,721,9676,1,145
2021-09-05,Guam,Oceania,890,10566,6,151
2021-09-12,Guam,Oceania,1049,11615,17,168
2021-09-19,Guam,Oceania,616,12231,11,179
2021-09-26,Guam,Oceania,329,12560,5,184
2021-10-03,Guam,Oceania,597,13157,14,198
2021-10-10,Guam,Oceania,524,13681,14,212
2021-10-17,Guam,Oceania,349,14030,10,222
2021-10-24,Guam,Oceania,315,14345,5,227
2021-10-31,Guam,Oceania,369,14714,11,238
2021-11-07,Guam,Oceania,193,14907,10,248
2021-11-14,Guam,Oceania,72,14979,10,258
2021-11-21,Guam,Oceania,83,15062,4,262
2021-11-28,Guam,Oceania,59,15121,1,263
2021-12-05,Guam,Oceania,57,15178,3,266
2021-12-12,Guam,Oceania,17,15195,1,267
2021-12-19,Guam,Oceania,45,15240,3,270
2021-12-26,Guam,Oceania,20,15260,0,270
2022-01-02,Guam,Oceania,146,15406,0,270
2022-01-09,Guam,Oceania,612,16018,4,274
2022-01-16,Guam,Oceania,1949,17967,0,274
2022-01-23,Guam,Oceania,2600,20567,2,276
2022-01-30,Guam,Oceania,5050,25617,9,285
2022-02-06,Guam,Oceania,2620,28237,11,296
2022-02-13,Guam,Oceania,5903,34140,10,306
2022-02-20,Guam,Oceania,2078,36218,10,316
2022-02-27,Guam,Oceania,1082,37300,6,322
2022-03-06,Guam,Oceania,1062,38362,9,331
2022-03-13,Guam,Oceania,653,39015,6,337
2022-03-20,Guam,Oceania,356,39371,3,340
2022-03-27,Guam,Oceania,273,39644,0,340
2022-04-03,Guam,Oceania,266,39910,9,349
2022-04-10,Guam,Oceania,143,40053,3,352
2022-04-17,Guam,Oceania,0,40053,0,352
2022-04-24,Guam,Oceania,318,40371,1,353
2022-05-01,Guam,Oceania,186,40557,0,353
2022-05-08,Guam,Oceania,166,40723,2,355
2022-05-15,Guam,Oceania,151,40874,6,361
2022-05-22,Guam,Oceania,153,41027,0,361
2022-05-29,Guam,Oceania,240,41267,2,363
2022-06-05,Guam,Oceania,283,41550,2,365
2022-06-12,Guam,Oceania,479,42029,4,369
2022-06-19,Guam,Oceania,534,42563,2,371
2022-06-26,Guam,Oceania,510,43073,0,371
2022-07-03,Guam,Oceania,656,43729,0,371
2022-07-10,Guam,Oceania,603,44332,2,373
2022-07-17,Guam,Oceania,582,44914,3,376
2022-07-24,Guam,Oceania,448,45362,1,377
2022-07-31,Guam,Oceania,819,46181,3,380
2022-08-07,Guam,Oceania,618,46799,3,383
2022-08-14,Guam,Oceania,572,47371,3,386
2022-08-21,Guam,Oceania,448,47819,3,389
2022-08-28,Guam,Oceania,367,48186,0,389
2022-09-04,Guam,Oceania,202,48388,1,390
2022-09-11,Guam,Oceania,236,48624,4,394
2022-09-18,Guam,Oceania,218,48842,7,401
2022-09-25,Guam,Oceania,28,48870,0,401
2022-10-02,Guam,Oceania,85,48955,0,401
2022-10-09,Guam,Oceania,54,49009,0,401
2022-10-16,Guam,Oceania,0,49009,0,401
2022-10-23,Guam,Oceania,8,49017,0,401
2022-10-30,Guam,Oceania,110,49127,2,403
2022-11-06,Guam,Oceania,47,49174,1,404
2022-11-13,Guam,Oceania,61,49235,2,406
2022-11-20,Guam,Oceania,128,49363,1,407
2022-11-27,Guam,Oceania,214,49577,2,409
2022-12-04,Guam,Oceania,0,49577,1,410
2022-12-11,Guam,Oceania,123,49700,0,410
2022-12-18,Guam,Oceania,107,49807,1,411
2022-12-25,Guam,Oceania,131,49938,0,411
2023-01-01,Guam,Oceania,64,50002,0,411
2023-01-08,Guam,Oceania,0,50002,0,411
2023-01-15,Guam,Oceania,403,50405,0,411
2023-01-22,Guam,Oceania,37,50442,0,411
2023-01-29,Guam,Oceania,193,50635,0,411
2023-02-05,Guam,Oceania,90,50725,2,413
2023-02-12,Guam,Oceania,59,50784,0,413
2023-02-19,Guam,Oceania,33,50817,0,413
2023-02-26,Guam,Oceania,23,50840,0,413
2023-03-05,Guam,Oceania,29,50869,0,413
2023-03-12,Guam,Oceania,45,50914,0,413
2023-03-19,Guam,Oceania,41,50955,0,413
2023-03-26,Guam,Oceania,19,50974,0,413
2023-04-02,Guam,Oceania,31,51005,0,413
2023-04-09,Guam,Oceania,12,51017,0,413
2023-04-16,Guam,Oceania,45,51062,0,413
2023-04-23,Guam,Oceania,48,51110,0,413
2023-04-30,Guam,Oceania,69,51179,0,413
2023-05-07,Guam,Oceania,61,51240,0,413
2023-05-14,Guam,Oceania,105,51345,0,413
2023-05-21,Guam,Oceania,95,51440,0,413
2023-05-28,Guam,Oceania,0,51440,0,413
2023-06-04,Guam,Oceania,53,51493,0,413
2023-06-11,Guam,Oceania,24,51517,0,413
2023-06-18,Guam,Oceania,32,51549,0,413
2023-06-25,Guam,Oceania,74,51623,0,413
2023-07-02,Guam,Oceania,52,51675,0,413
2023-07-09,Guam,Oceania,56,51731,2,415
2023-07-16,Guam,Oceania,7,51738,0,415
2023-07-23,Guam,Oceania,31,51769,0,415
2023-07-30,Guam,Oceania,17,51786,0,415
2023-08-06,Guam,Oceania,0,51786,0,415
2023-08-13,Guam,Oceania,42,51828,1,416
2023-08-20,Guam,Oceania,17,51845,0,416
2023-08-27,Guam,Oceania,0,51845,0,416
2023-09-03,Guam,Oceania,88,51933,0,416
2023-09-10,Guam,Oceania,26,51959,0,416
2023-09-17,Guam,Oceania,0,51959,0,416
2023-09-24,Guam,Oceania,41,52000,0,416
2023-10-01,Guam,Oceania,17,52017,0,416
2023-10-08,Guam,Oceania,15,52032,1,417
2023-10-15,Guam,Oceania,0,52032,0,417
2023-10-22,Guam,Oceania,18,52050,0,417
2023-10-29,Guam,Oceania,10,52060,0,417
2023-11-05,Guam,Oceania,15,52075,0,417
2023-11-12,Guam,Oceania,4,52079,0,417
2023-11-19,Guam,Oceania,102,52181,0,417
2023-11-26,Guam,Oceania,6,52187,0,417
2023-12-03,Guam,Oceania,0,52187,0,417
2023-12-10,Guam,Oceania,0,52187,0,417
2023-12-17,Guam,Oceania,0,52187,0,417
2023-12-24,Guam,Oceania,60,52247,2,419
2023-12-31,Guam,Oceania,40,52287,0,419
2024-01-07,Guam,Oceania,0,52287,0,419
2024-01-14,Guam,Oceania,0,52287,0,419
2024-01-21,Guam,Oceania,0,52287,0,419
2024-01-28,Guam,Oceania,0,52287,0,419
2024-02-04,Guam,Oceania,0,52287,0,419
2024-02-11,Guam,Oceania,0,52287,0,419
2024-02-18,Guam,Oceania,0,52287,0,419
2024-02-25,Guam,Oceania,0,52287,0,419
2024-03-03,Guam,Oceania,0,52287,0,419
2024-03-10,Guam,Oceania,0,52287,0,419
2024-03-17,Guam,Oceania,0,52287,0,419
2024-03-24,Guam,Oceania,0,52287,0,419
2024-03-31,Guam,Oceania,0,52287,0,419
2024-04-07,Guam,Oceania,0,52287,0,419
2024-04-14,Guam,Oceania,0,52287,0,419
2024-04-21,Guam,Oceania,0,52287,0,419
2024-04-28,Guam,Oceania,0,52287,0,419
2024-05-05,Guam,Oceania,0,52287,0,419
2024-05-12,Guam,Oceania,0,52287,0,419
2024-05-19,Guam,Oceania,0,52287,0,419
2024-05-26,Guam,Oceania,0,52287,0,419
2024-06-02,Guam,Oceania,0,52287,0,419
2024-06-09,Guam,Oceania,0,52287,0,419
2024-06-16,Guam,Oceania,0,52287,0,419
2024-06-23,Guam,Oceania,0,52287,0,419
2024-06-30,Guam,Oceania,0,52287,0,419
2024-07-07,Guam,Oceania,0,52287,0,419
2024-07-14,Guam,Oceania,0,52287,0,419
2024-07-21,Guam,Oceania,0,52287,0,419
2024-07-28,Guam,Oceania,0,52287,0,419
2024-08-04,Guam,Oceania,0,52287,0,419
2024-08-11,Guam,Oceania,0,52287,0,419
2024-08-18,Guam,Oceania,0,52287,0,419
2024-08-25,Guam,Oceania,0,52287,0,419
2024-09-01,Guam,Oceania,0,52287,0,419
2020-01-05,Guatemala,North America,0,0,0,0
2020-01-12,Guatemala,North America,0,0,0,0
2020-01-19,Guatemala,North America,0,0,0,0
2020-01-26,Guatemala,North America,0,0,0,0
2020-02-02,Guatemala,North America,0,0,0,0
2020-02-09,Guatemala,North America,0,0,0,0
2020-02-16,Guatemala,North America,0,0,0,0
2020-02-23,Guatemala,North America,0,0,0,0
2020-03-01,Guatemala,North America,0,0,0,0
2020-03-08,Guatemala,North America,0,0,0,0
2020-03-15,Guatemala,North America,1,1,0,0
2020-03-22,Guatemala,North America,11,12,1,1
2020-03-29,Guatemala,North America,65,77,0,1
2020-04-05,Guatemala,North America,-27,50,0,1
2020-04-12,Guatemala,North America,87,137,2,3
2020-04-19,Guatemala,North America,98,235,4,7
2020-04-26,Guatemala,North America,195,430,6,13
2020-05-03,Guatemala,North America,214,644,5,18
2020-05-10,Guatemala,North America,256,900,6,24
2020-05-17,Guatemala,North America,743,1643,6,30
2020-05-24,Guatemala,North America,1100,2743,23,53
2020-05-31,Guatemala,North America,1864,4607,37,90
2020-06-07,Guatemala,North America,1878,6485,126,216
2020-06-14,Guatemala,North America,2497,8982,135,351
2020-06-21,Guatemala,North America,3527,12509,132,483
2020-06-28,Guatemala,North America,3319,15828,189,672
2020-07-05,Guatemala,North America,5465,21293,208,880
2020-07-12,Guatemala,North America,6326,27619,259,1139
2020-07-19,Guatemala,North America,6190,33809,304,1443
2020-07-26,Guatemala,North America,10683,44492,256,1699
2020-08-02,Guatemala,North America,6487,50979,258,1957
2020-08-09,Guatemala,North America,5210,56189,240,2197
2020-08-16,Guatemala,North America,6124,62313,158,2355
2020-08-23,Guatemala,North America,5543,67856,225,2580
2020-08-30,Guatemala,North America,5823,73679,148,2728
2020-09-06,Guatemala,North America,3802,77481,117,2845
2020-09-13,Guatemala,North America,4177,81658,104,2949
2020-09-20,Guatemala,North America,3494,85152,156,3105
2020-09-27,Guatemala,North America,4550,89702,108,3213
2020-10-04,Guatemala,North America,4046,93748,72,3285
2020-10-11,Guatemala,North America,3796,97544,80,3365
2020-10-18,Guatemala,North America,3484,101028,150,3515
2020-10-25,Guatemala,North America,3604,104632,94,3609
2020-11-01,Guatemala,North America,3307,107939,120,3729
2020-11-08,Guatemala,North America,3111,111050,82,3811
2020-11-15,Guatemala,North America,3669,114719,109,3920
2020-11-22,Guatemala,North America,3698,118417,154,4074
2020-11-29,Guatemala,North America,3381,121798,87,4161
2020-12-06,Guatemala,North America,3554,125352,78,4239
2020-12-13,Guatemala,North America,3747,129099,166,4405
2020-12-20,Guatemala,North America,3496,132595,219,4624
2020-12-27,Guatemala,North America,2576,135171,139,4763
2021-01-03,Guatemala,North America,3145,138316,64,4827
2021-01-10,Guatemala,North America,4811,143127,172,4999
2021-01-17,Guatemala,North America,5471,148598,221,5220
2021-01-24,Guatemala,North America,5292,153890,236,5456
2021-01-31,Guatemala,North America,5228,159118,162,5618
2021-02-07,Guatemala,North America,3819,162937,236,5854
2021-02-14,Guatemala,North America,4134,167071,240,6094
2021-02-21,Guatemala,North America,3860,170931,155,6249
2021-02-28,Guatemala,North America,3404,174335,125,6374
2021-03-07,Guatemala,North America,4002,178337,93,6467
2021-03-14,Guatemala,North America,4342,182679,96,6563
2021-03-21,Guatemala,North America,4980,187659,122,6685
2021-03-28,Guatemala,North America,5391,193050,109,6794
2021-04-04,Guatemala,North America,2189,195239,90,6884
2021-04-11,Guatemala,North America,7401,202640,117,7001
2021-04-18,Guatemala,North America,9667,212307,189,7190
2021-04-25,Guatemala,North America,9000,221307,205,7395
2021-05-02,Guatemala,North America,7170,228477,148,7543
2021-05-09,Guatemala,North America,6406,234883,174,7717
2021-05-16,Guatemala,North America,6234,241117,155,7872
2021-05-23,Guatemala,North America,5989,247106,124,7996
2021-05-30,Guatemala,North America,6731,253837,125,8121
2021-06-06,Guatemala,North America,7555,261392,159,8280
2021-06-13,Guatemala,North America,9739,271131,159,8439
2021-06-20,Guatemala,North America,8816,279947,206,8645
2021-06-27,Guatemala,North America,10905,290852,363,9008
2021-07-04,Guatemala,North America,10337,301189,411,9419
2021-07-11,Guatemala,North America,16122,317311,269,9688
2021-07-18,Guatemala,North America,15815,333126,210,9898
2021-07-25,Guatemala,North America,17690,350816,195,10093
2021-08-01,Guatemala,North America,17668,368484,246,10339
2021-08-08,Guatemala,North America,21026,389510,375,10714
2021-08-15,Guatemala,North America,22221,411731,371,11085
2021-08-22,Guatemala,North America,26188,437919,365,11450
2021-08-29,Guatemala,North America,25834,463753,368,11818
2021-09-05,Guatemala,North America,23066,486819,385,12203
2021-09-12,Guatemala,North America,22835,509654,462,12665
2021-09-19,Guatemala,North America,19768,529422,375,13040
2021-09-26,Guatemala,North America,19182,548604,291,13331
2021-10-03,Guatemala,North America,16962,565566,369,13700
2021-10-10,Guatemala,North America,13243,578809,286,13986
2021-10-17,Guatemala,North America,8878,587687,280,14266
2021-10-24,Guatemala,North America,5772,593459,349,14615
2021-10-31,Guatemala,North America,7943,601402,405,15020
2021-11-07,Guatemala,North America,4013,605415,369,15389
2021-11-14,Guatemala,North America,3721,609136,286,15675
2021-11-21,Guatemala,North America,4577,613713,162,15837
2021-11-28,Guatemala,North America,3782,617495,80,15917
2021-12-05,Guatemala,North America,1545,619040,55,15972
2021-12-12,Guatemala,North America,2804,621844,57,16029
2021-12-19,Guatemala,North America,1605,623449,36,16065
2021-12-26,Guatemala,North America,1580,625029,30,16095
2022-01-02,Guatemala,North America,3330,628359,12,16107
2022-01-09,Guatemala,North America,7254,635613,11,16118
2022-01-16,Guatemala,North America,13334,648947,42,16160
2022-01-23,Guatemala,North America,17070,666017,85,16245
2022-01-30,Guatemala,North America,19525,685542,98,16343
2022-02-06,Guatemala,North America,20072,705614,127,16470
2022-02-13,Guatemala,North America,24363,729977,141,16611
2022-02-20,Guatemala,North America,23304,753281,133,16744
2022-02-27,Guatemala,North America,20294,773575,195,16939
2022-03-06,Guatemala,North America,15779,789354,106,17045
2022-03-13,Guatemala,North America,13390,802744,94,17139
2022-03-20,Guatemala,North America,11367,814111,67,17206
2022-03-27,Guatemala,North America,9034,823145,68,17274
2022-04-03,Guatemala,North America,6736,829881,44,17318
2022-04-10,Guatemala,North America,4600,834481,49,17367
2022-04-17,Guatemala,North America,2896,837377,55,17422
2022-04-24,Guatemala,North America,3964,841341,74,17496
2022-05-01,Guatemala,North America,4527,845868,70,17566
2022-05-08,Guatemala,North America,2939,848807,117,17683
2022-05-15,Guatemala,North America,3070,851877,109,17792
2022-05-22,Guatemala,North America,3925,855802,131,17923
2022-05-29,Guatemala,North America,3509,859311,161,18084
2022-06-05,Guatemala,North America,4284,863595,112,18196
2022-06-12,Guatemala,North America,6050,869645,74,18270
2022-06-19,Guatemala,North America,8756,878401,101,18371
2022-06-26,Guatemala,North America,14670,893071,98,18469
2022-07-03,Guatemala,North America,22250,915321,103,18572
2022-07-10,Guatemala,North America,23979,939300,106,18678
2022-07-17,Guatemala,North America,38239,977539,104,18782
2022-07-24,Guatemala,North America,26772,1004311,99,18881
2022-07-31,Guatemala,North America,33440,1037751,124,19005
2022-08-07,Guatemala,North America,16376,1054127,91,19096
2022-08-14,Guatemala,North America,16199,1070326,109,19205
2022-08-21,Guatemala,North America,14792,1085118,134,19339
2022-08-28,Guatemala,North America,11412,1096530,112,19451
2022-09-04,Guatemala,North America,8006,1104536,116,19567
2022-09-11,Guatemala,North America,6437,1110973,98,19665
2022-09-18,Guatemala,North America,3830,1114803,37,19702
2022-09-25,Guatemala,North America,4474,1119277,46,19748
2022-10-02,Guatemala,North America,5190,1124467,47,19795
2022-10-09,Guatemala,North America,4248,1128715,29,19824
2022-10-16,Guatemala,North America,3977,1132692,24,19848
2022-10-23,Guatemala,North America,2998,1135690,14,19862
2022-10-30,Guatemala,North America,4155,1139845,20,19882
2022-11-06,Guatemala,North America,2093,1141938,19,19901
2022-11-13,Guatemala,North America,2833,1144771,15,19916
2022-11-20,Guatemala,North America,2928,1147699,20,19936
2022-11-27,Guatemala,North America,5099,1152798,8,19944
2022-12-04,Guatemala,North America,5700,1158498,9,19953
2022-12-11,Guatemala,North America,10137,1168635,8,19961
2022-12-18,Guatemala,North America,13657,1182292,16,19977
2022-12-25,Guatemala,North America,13352,1195644,13,19990
2023-01-01,Guatemala,North America,7736,1203380,10,20000
2023-01-08,Guatemala,North America,4534,1207914,7,20007
2023-01-15,Guatemala,North America,9525,1217439,38,20045
2023-01-22,Guatemala,North America,4570,1222009,24,20069
2023-01-29,Guatemala,North America,4520,1226529,23,20092
2023-02-05,Guatemala,North America,2644,1229173,28,20120
2023-02-12,Guatemala,North America,2334,1231507,22,20142
2023-02-19,Guatemala,North America,2072,1233579,13,20155
2023-02-26,Guatemala,North America,1868,1235447,10,20165
2023-03-05,Guatemala,North America,1888,1237335,12,20177
2023-03-12,Guatemala,North America,1254,1238589,5,20182
2023-03-19,Guatemala,North America,1791,1240380,1,20183
2023-03-26,Guatemala,North America,1882,1242262,1,20184
2023-04-02,Guatemala,North America,2550,1244812,3,20187
2023-04-09,Guatemala,North America,0,1244812,0,20187
2023-04-16,Guatemala,North America,1918,1246730,2,20189
2023-04-23,Guatemala,North America,691,1247421,0,20189
2023-04-30,Guatemala,North America,750,1248171,0,20189
2023-05-07,Guatemala,North America,652,1248823,7,20196
2023-05-14,Guatemala,North America,1445,1250268,3,20199
2023-05-21,Guatemala,North America,2,1250270,0,20199
2023-05-28,Guatemala,North America,2,1250272,0,20199
2023-06-04,Guatemala,North America,2,1250274,0,20199
2023-06-11,Guatemala,North America,3,1250277,0,20199
2023-06-18,Guatemala,North America,1,1250278,0,20199
2023-06-25,Guatemala,North America,0,1250278,0,20199
2023-07-02,Guatemala,North America,2,1250280,1,20200
2023-07-09,Guatemala,North America,2,1250282,0,20200
2023-07-16,Guatemala,North America,3,1250285,0,20200
2023-07-23,Guatemala,North America,3,1250288,0,20200
2023-07-30,Guatemala,North America,2,1250290,0,20200
2023-08-06,Guatemala,North America,3,1250293,1,20201
2023-08-13,Guatemala,North America,1,1250294,0,20201
2023-08-20,Guatemala,North America,4,1250298,0,20201
2023-08-27,Guatemala,North America,1,1250299,0,20201
2023-09-03,Guatemala,North America,2,1250301,0,20201
2023-09-10,Guatemala,North America,1,1250302,0,20201
2023-09-17,Guatemala,North America,0,1250302,0,20201
2023-09-24,Guatemala,North America,1,1250303,0,20201
2023-10-01,Guatemala,North America,0,1250303,0,20201
2023-10-08,Guatemala,North America,0,1250303,0,20201
2023-10-15,Guatemala,North America,0,1250303,0,20201
2023-10-22,Guatemala,North America,0,1250303,0,20201
2023-10-29,Guatemala,North America,0,1250303,0,20201
2023-11-05,Guatemala,North America,0,1250303,0,20201
2023-11-12,Guatemala,North America,1,1250304,0,20201
2023-11-19,Guatemala,North America,0,1250304,0,20201
2023-11-26,Guatemala,North America,0,1250304,0,20201
2023-12-03,Guatemala,North America,2,1250306,0,20201
2023-12-10,Guatemala,North America,0,1250306,0,20201
2023-12-17,Guatemala,North America,0,1250306,0,20201
2023-12-24,Guatemala,North America,0,1250306,0,20201
2023-12-31,Guatemala,North America,1,1250307,0,20201
2024-01-07,Guatemala,North America,1,1250308,0,20201
2024-01-14,Guatemala,North America,2,1250310,0,20201
2024-01-21,Guatemala,North America,6,1250316,0,20201
2024-01-28,Guatemala,North America,5,1250321,0,20201
2024-02-04,Guatemala,North America,1,1250322,0,20201
2024-02-11,Guatemala,North America,2,1250324,0,20201
2024-02-18,Guatemala,North America,6,1250330,0,20201
2024-02-25,Guatemala,North America,5,1250335,0,20201
2024-03-03,Guatemala,North America,1,1250336,0,20201
2024-03-10,Guatemala,North America,0,1250336,0,20201
2024-03-17,Guatemala,North America,6,1250342,1,20202
2024-03-24,Guatemala,North America,2,1250344,0,20202
2024-03-31,Guatemala,North America,3,1250347,0,20202
2024-04-07,Guatemala,North America,1,1250348,0,20202
2024-04-14,Guatemala,North America,3,1250351,0,20202
2024-04-21,Guatemala,North America,4,1250355,0,20202
2024-04-28,Guatemala,North America,1,1250356,0,20202
2024-05-05,Guatemala,North America,0,1250356,0,20202
2024-05-12,Guatemala,North America,2,1250358,0,20202
2024-05-19,Guatemala,North America,0,1250358,0,20202
2024-05-26,Guatemala,North America,1,1250359,1,20203
2024-06-02,Guatemala,North America,4,1250363,0,20203
2024-06-09,Guatemala,North America,0,1250363,0,20203
2024-06-16,Guatemala,North America,0,1250363,0,20203
2024-06-23,Guatemala,North America,0,1250363,0,20203
2024-06-30,Guatemala,North America,1,1250364,0,20203
2024-07-07,Guatemala,North America,0,1250364,0,20203
2024-07-14,Guatemala,North America,3,1250367,0,20203
2024-07-21,Guatemala,North America,2,1250369,0,20203
2024-07-28,Guatemala,North America,1,1250370,0,20203
2024-08-04,Guatemala,North America,1,1250371,0,20203
2024-08-11,Guatemala,North America,2,1250373,0,20203
2024-08-18,Guatemala,North America,3,1250376,0,20203
2024-08-25,Guatemala,North America,8,1250384,0,20203
2024-09-01,Guatemala,North America,1,1250385,0,20203
2020-01-05,Guernsey,Europe,0,0,0,0
2020-01-12,Guernsey,Europe,0,0,0,0
2020-01-19,Guernsey,Europe,0,0,0,0
2020-01-26,Guernsey,Europe,0,0,0,0
2020-02-02,Guernsey,Europe,0,0,0,0
2020-02-09,Guernsey,Europe,0,0,0,0
2020-02-16,Guernsey,Europe,0,0,0,0
2020-02-23,Guernsey,Europe,0,0,0,0
2020-03-01,Guernsey,Europe,0,0,0,0
2020-03-08,Guernsey,Europe,1,1,0,0
2020-03-15,Guernsey,Europe,0,1,0,0
2020-03-22,Guernsey,Europe,22,23,0,0
2020-03-29,Guernsey,Europe,23,46,0,0
2020-04-05,Guernsey,Europe,81,127,4,4
2020-04-12,Guernsey,Europe,82,209,5,9
2020-04-19,Guernsey,Europe,30,239,4,13
2020-04-26,Guernsey,Europe,6,245,3,16
2020-05-03,Guernsey,Europe,7,252,0,16
2020-05-10,Guernsey,Europe,0,252,0,16
2020-05-17,Guernsey,Europe,0,252,0,16
2020-05-24,Guernsey,Europe,0,252,0,16
2020-05-31,Guernsey,Europe,0,252,0,16
2020-06-07,Guernsey,Europe,0,252,0,16
2020-06-14,Guernsey,Europe,0,252,0,16
2020-06-21,Guernsey,Europe,0,252,0,16
2020-06-28,Guernsey,Europe,0,252,0,16
2020-07-05,Guernsey,Europe,0,252,0,16
2020-07-12,Guernsey,Europe,0,252,0,16
2020-07-19,Guernsey,Europe,0,252,0,16
2020-07-26,Guernsey,Europe,0,252,0,16
2020-08-02,Guernsey,Europe,0,252,0,16
2020-08-09,Guernsey,Europe,0,252,0,16
2020-08-16,Guernsey,Europe,0,252,0,16
2020-08-23,Guernsey,Europe,0,252,0,16
2020-08-30,Guernsey,Europe,0,252,0,16
2020-09-06,Guernsey,Europe,1,253,0,16
2020-09-13,Guernsey,Europe,1,254,0,16
2020-09-20,Guernsey,Europe,1,255,0,16
2020-09-27,Guernsey,Europe,2,257,0,16
2020-10-04,Guernsey,Europe,0,257,0,16
2020-10-11,Guernsey,Europe,1,258,0,16
2020-10-18,Guernsey,Europe,0,258,0,16
2020-10-25,Guernsey,Europe,7,265,0,16
2020-11-01,Guernsey,Europe,3,268,0,16
2020-11-08,Guernsey,Europe,11,279,0,16
2020-11-15,Guernsey,Europe,3,282,0,16
2020-11-22,Guernsey,Europe,1,283,0,16
2020-11-29,Guernsey,Europe,3,286,0,16
2020-12-06,Guernsey,Europe,2,288,0,16
2020-12-13,Guernsey,Europe,1,289,0,16
2020-12-20,Guernsey,Europe,3,292,0,16
2020-12-27,Guernsey,Europe,5,297,0,16
2021-01-03,Guernsey,Europe,2,299,0,16
2021-01-10,Guernsey,Europe,5,304,0,16
2021-01-17,Guernsey,Europe,5,309,0,16
2021-01-24,Guernsey,Europe,5,314,0,16
2021-01-31,Guernsey,Europe,179,493,0,16
2021-02-07,Guernsey,Europe,218,711,0,16
2021-02-14,Guernsey,Europe,78,789,1,17
2021-02-21,Guernsey,Europe,23,812,0,17
2021-02-28,Guernsey,Europe,9,821,0,17
2021-03-07,Guernsey,Europe,0,821,0,17
2021-03-14,Guernsey,Europe,0,821,0,17
2021-03-21,Guernsey,Europe,0,821,0,17
2021-03-28,Guernsey,Europe,0,821,0,17
2021-04-04,Guernsey,Europe,0,821,0,17
2021-04-11,Guernsey,Europe,0,821,0,17
2021-04-18,Guernsey,Europe,1,822,0,17
2021-04-25,Guernsey,Europe,0,822,0,17
2021-05-02,Guernsey,Europe,0,822,0,17
2021-05-09,Guernsey,Europe,0,822,0,17
2021-05-16,Guernsey,Europe,0,822,0,17
2021-05-23,Guernsey,Europe,0,822,0,17
2021-05-30,Guernsey,Europe,0,822,0,17
2021-06-06,Guernsey,Europe,1,823,0,17
2021-06-13,Guernsey,Europe,0,823,0,17
2021-06-20,Guernsey,Europe,3,826,0,17
2021-06-27,Guernsey,Europe,8,834,0,17
2021-07-04,Guernsey,Europe,13,847,0,17
2021-07-11,Guernsey,Europe,8,855,0,17
2021-07-18,Guernsey,Europe,27,882,0,17
2021-07-25,Guernsey,Europe,43,925,0,17
2021-08-01,Guernsey,Europe,29,954,0,17
2021-08-08,Guernsey,Europe,46,1000,1,18
2021-08-15,Guernsey,Europe,71,1071,0,18
2021-08-22,Guernsey,Europe,90,1161,0,18
2021-08-29,Guernsey,Europe,89,1250,0,18
2021-09-05,Guernsey,Europe,93,1343,0,18
2021-09-12,Guernsey,Europe,86,1429,0,18
2021-09-19,Guernsey,Europe,80,1509,3,21
2021-09-26,Guernsey,Europe,53,1562,0,21
2021-10-03,Guernsey,Europe,69,1631,0,21
2021-10-10,Guernsey,Europe,59,1690,0,21
2021-10-17,Guernsey,Europe,145,1835,0,21
2021-10-24,Guernsey,Europe,166,2001,1,22
2021-10-31,Guernsey,Europe,133,2134,1,23
2021-11-07,Guernsey,Europe,203,2337,0,23
2021-11-14,Guernsey,Europe,341,2678,0,23
2021-11-21,Guernsey,Europe,423,3101,0,23
2021-11-28,Guernsey,Europe,646,3747,0,23
2021-12-05,Guernsey,Europe,777,4524,0,23
2021-12-12,Guernsey,Europe,560,5084,0,23
2021-12-19,Guernsey,Europe,578,5662,0,23
2021-12-26,Guernsey,Europe,984,6646,0,23
2022-01-02,Guernsey,Europe,1683,8329,1,24
2022-01-09,Guernsey,Europe,1363,9692,4,28
2022-01-16,Guernsey,Europe,679,10371,2,30
2022-01-23,Guernsey,Europe,318,10689,0,30
2022-01-30,Guernsey,Europe,447,11136,0,30
2022-02-06,Guernsey,Europe,641,11777,1,31
2022-02-13,Guernsey,Europe,757,12534,0,31
2022-02-20,Guernsey,Europe,686,13220,3,34
2022-02-27,Guernsey,Europe,508,13728,1,35
2022-03-06,Guernsey,Europe,931,14659,0,35
2022-03-13,Guernsey,Europe,1196,15855,0,35
2022-03-20,Guernsey,Europe,2077,17932,1,36
2022-03-27,Guernsey,Europe,2936,20868,0,36
2022-04-03,Guernsey,Europe,1389,22257,0,36
2022-04-10,Guernsey,Europe,767,23024,3,39
2022-04-17,Guernsey,Europe,660,23684,0,39
2022-04-24,Guernsey,Europe,517,24201,0,39
2022-05-01,Guernsey,Europe,372,24573,0,39
2022-05-08,Guernsey,Europe,259,24832,2,41
2022-05-15,Guernsey,Europe,283,25115,1,42
2022-05-22,Guernsey,Europe,258,25373,1,43
2022-05-29,Guernsey,Europe,251,25624,0,43
2022-06-05,Guernsey,Europe,124,25748,0,43
2022-06-12,Guernsey,Europe,171,25919,0,43
2022-06-19,Guernsey,Europe,257,26176,0,43
2022-06-26,Guernsey,Europe,365,26541,0,43
2022-07-03,Guernsey,Europe,560,27101,1,44
2022-07-10,Guernsey,Europe,997,28098,1,45
2022-07-17,Guernsey,Europe,947,29045,1,46
2022-07-24,Guernsey,Europe,556,29601,4,50
2022-07-31,Guernsey,Europe,323,29924,0,50
2022-08-07,Guernsey,Europe,274,30198,3,53
2022-08-14,Guernsey,Europe,167,30365,2,55
2022-08-21,Guernsey,Europe,154,30519,0,55
2022-08-28,Guernsey,Europe,132,30651,0,55
2022-09-04,Guernsey,Europe,116,30767,0,55
2022-09-11,Guernsey,Europe,116,30883,0,55
2022-09-18,Guernsey,Europe,109,30992,0,55
2022-09-25,Guernsey,Europe,107,31099,0,55
2022-10-02,Guernsey,Europe,210,31309,1,56
2022-10-09,Guernsey,Europe,236,31545,0,56
2022-10-16,Guernsey,Europe,291,31836,0,56
2022-10-23,Guernsey,Europe,282,32118,0,56
2022-10-30,Guernsey,Europe,206,32324,1,57
2022-11-06,Guernsey,Europe,142,32466,0,57
2022-11-13,Guernsey,Europe,96,32562,1,58
2022-11-20,Guernsey,Europe,104,32666,0,58
2022-11-27,Guernsey,Europe,100,32766,0,58
2022-12-04,Guernsey,Europe,134,32900,0,58
2022-12-11,Guernsey,Europe,180,33080,1,59
2022-12-18,Guernsey,Europe,369,33449,0,59
2022-12-25,Guernsey,Europe,345,33794,1,60
2023-01-01,Guernsey,Europe,323,34117,1,61
2023-01-08,Guernsey,Europe,280,34397,1,62
2023-01-15,Guernsey,Europe,167,34564,0,62
2023-01-22,Guernsey,Europe,108,34672,4,66
2023-01-29,Guernsey,Europe,43,34715,0,66
2023-02-05,Guernsey,Europe,54,34769,0,66
2023-02-12,Guernsey,Europe,45,34814,0,66
2023-02-19,Guernsey,Europe,53,34867,0,66
2023-02-26,Guernsey,Europe,62,34929,0,66
2023-03-05,Guernsey,Europe,62,34991,0,66
2023-03-12,Guernsey,Europe,67,35058,0,66
2023-03-19,Guernsey,Europe,81,35139,1,67
2023-03-26,Guernsey,Europe,96,35235,0,67
2023-04-02,Guernsey,Europe,0,35235,0,67
2023-04-09,Guernsey,Europe,0,35235,0,67
2023-04-16,Guernsey,Europe,91,35326,0,67
2023-04-23,Guernsey,Europe,0,35326,0,67
2023-04-30,Guernsey,Europe,0,35326,0,67
2023-05-07,Guernsey,Europe,0,35326,0,67
2023-05-14,Guernsey,Europe,0,35326,0,67
2023-05-21,Guernsey,Europe,0,35326,0,67
2023-05-28,Guernsey,Europe,0,35326,0,67
2023-06-04,Guernsey,Europe,0,35326,0,67
2023-06-11,Guernsey,Europe,0,35326,0,67
2023-06-18,Guernsey,Europe,0,35326,0,67
2023-06-25,Guernsey,Europe,0,35326,0,67
2023-07-02,Guernsey,Europe,0,35326,0,67
2023-07-09,Guernsey,Europe,0,35326,0,67
2023-07-16,Guernsey,Europe,0,35326,0,67
2023-07-23,Guernsey,Europe,0,35326,0,67
2023-07-30,Guernsey,Europe,0,35326,0,67
2023-08-06,Guernsey,Europe,0,35326,0,67
2023-08-13,Guernsey,Europe,0,35326,0,67
2023-08-20,Guernsey,Europe,0,35326,0,67
2023-08-27,Guernsey,Europe,0,35326,0,67
2023-09-03,Guernsey,Europe,0,35326,0,67
2023-09-10,Guernsey,Europe,0,35326,0,67
2023-09-17,Guernsey,Europe,0,35326,0,67
2023-09-24,Guernsey,Europe,0,35326,0,67
2023-10-01,Guernsey,Europe,0,35326,0,67
2023-10-08,Guernsey,Europe,0,35326,0,67
2023-10-15,Guernsey,Europe,0,35326,0,67
2023-10-22,Guernsey,Europe,0,35326,0,67
2023-10-29,Guernsey,Europe,0,35326,0,67
2023-11-05,Guernsey,Europe,0,35326,0,67
2023-11-12,Guernsey,Europe,0,35326,0,67
2023-11-19,Guernsey,Europe,0,35326,0,67
2023-11-26,Guernsey,Europe,0,35326,0,67
2023-12-03,Guernsey,Europe,0,35326,0,67
2023-12-10,Guernsey,Europe,0,35326,0,67
2023-12-17,Guernsey,Europe,0,35326,0,67
2023-12-24,Guernsey,Europe,0,35326,0,67
2023-12-31,Guernsey,Europe,0,35326,0,67
2024-01-07,Guernsey,Europe,0,35326,0,67
2024-01-14,Guernsey,Europe,0,35326,0,67
2024-01-21,Guernsey,Europe,0,35326,0,67
2024-01-28,Guernsey,Europe,0,35326,0,67
2024-02-04,Guernsey,Europe,0,35326,0,67
2024-02-11,Guernsey,Europe,0,35326,0,67
2024-02-18,Guernsey,Europe,0,35326,0,67
2024-02-25,Guernsey,Europe,0,35326,0,67
2024-03-03,Guernsey,Europe,0,35326,0,67
2024-03-10,Guernsey,Europe,0,35326,0,67
2024-03-17,Guernsey,Europe,0,35326,0,67
2024-03-24,Guernsey,Europe,0,35326,0,67
2024-03-31,Guernsey,Europe,0,35326,0,67
2024-04-07,Guernsey,Europe,0,35326,0,67
2024-04-14,Guernsey,Europe,0,35326,0,67
2024-04-21,Guernsey,Europe,0,35326,0,67
2024-04-28,Guernsey,Europe,0,35326,0,67
2024-05-05,Guernsey,Europe,0,35326,0,67
2024-05-12,Guernsey,Europe,0,35326,0,67
2024-05-19,Guernsey,Europe,0,35326,0,67
2024-05-26,Guernsey,Europe,0,35326,0,67
2024-06-02,Guernsey,Europe,0,35326,0,67
2024-06-09,Guernsey,Europe,0,35326,0,67
2024-06-16,Guernsey,Europe,0,35326,0,67
2024-06-23,Guernsey,Europe,0,35326,0,67
2024-06-30,Guernsey,Europe,0,35326,0,67
2024-07-07,Guernsey,Europe,0,35326,0,67
2024-07-14,Guernsey,Europe,0,35326,0,67
2024-07-21,Guernsey,Europe,0,35326,0,67
2024-07-28,Guernsey,Europe,0,35326,0,67
2024-08-04,Guernsey,Europe,0,35326,0,67
2024-08-11,Guernsey,Europe,0,35326,0,67
2024-08-18,Guernsey,Europe,0,35326,0,67
2024-08-25,Guernsey,Europe,0,35326,0,67
2024-09-01,Guernsey,Europe,0,35326,0,67
2020-01-05,Guinea,Africa,0,0,0,0
2020-01-12,Guinea,Africa,0,0,0,0
2020-01-19,Guinea,Africa,0,0,0,0
2020-01-26,Guinea,Africa,0,0,0,0
2020-02-02,Guinea,Africa,0,0,0,0
2020-02-09,Guinea,Africa,0,0,0,0
2020-02-16,Guinea,Africa,0,0,0,0
2020-02-23,Guinea,Africa,0,0,0,0
2020-03-01,Guinea,Africa,0,0,0,0
2020-03-08,Guinea,Africa,0,0,0,0
2020-03-15,Guinea,Africa,1,1,0,0
2020-03-22,Guinea,Africa,3,4,0,0
2020-03-29,Guinea,Africa,5,9,0,0
2020-04-05,Guinea,Africa,112,121,0,0
2020-04-12,Guinea,Africa,129,250,0,0
2020-04-19,Guinea,Africa,227,477,4,4
2020-04-26,Guinea,Africa,617,1094,4,8
2020-05-03,Guinea,Africa,492,1586,0,8
2020-05-10,Guinea,Africa,456,2042,4,12
2020-05-17,Guinea,Africa,621,2663,4,16
2020-05-24,Guinea,Africa,513,3176,4,20
2020-05-31,Guinea,Africa,530,3706,3,23
2020-06-07,Guinea,Africa,411,4117,0,23
2020-06-14,Guinea,Africa,367,4484,2,25
2020-06-21,Guinea,Africa,476,4960,2,27
2020-06-28,Guinea,Africa,331,5291,3,30
2020-07-05,Guinea,Africa,279,5570,4,34
2020-07-12,Guinea,Africa,571,6141,3,37
2020-07-19,Guinea,Africa,350,6491,2,39
2020-07-26,Guinea,Africa,436,6927,3,42
2020-08-02,Guinea,Africa,381,7308,4,46
2020-08-09,Guinea,Africa,567,7875,4,50
2020-08-16,Guinea,Africa,468,8343,0,50
2020-08-23,Guinea,Africa,624,8967,3,53
2020-08-30,Guinea,Africa,284,9251,6,59
2020-09-06,Guinea,Africa,471,9722,2,61
2020-09-13,Guinea,Africa,298,10020,2,63
2020-09-20,Guinea,Africa,266,10286,0,63
2020-09-27,Guinea,Africa,262,10548,3,66
2020-10-04,Guinea,Africa,206,10754,0,66
2020-10-11,Guinea,Africa,268,11022,3,69
2020-10-18,Guinea,Africa,456,11478,1,70
2020-10-25,Guinea,Africa,191,11669,1,71
2020-11-01,Guinea,Africa,403,12072,1,72
2020-11-08,Guinea,Africa,342,12414,2,74
2020-11-15,Guinea,Africa,197,12611,1,75
2020-11-22,Guinea,Africa,215,12826,0,75
2020-11-29,Guinea,Africa,213,13039,1,76
2020-12-06,Guinea,Africa,194,13233,0,76
2020-12-13,Guinea,Africa,187,13420,3,79
2020-12-20,Guinea,Africa,125,13545,1,80
2020-12-27,Guinea,Africa,129,13674,0,80
2021-01-03,Guinea,Africa,110,13784,1,81
2021-01-10,Guinea,Africa,158,13942,0,81
2021-01-17,Guinea,Africa,172,14114,0,81
2021-01-24,Guinea,Africa,205,14319,0,81
2021-01-31,Guinea,Africa,213,14532,1,82
2021-02-07,Guinea,Africa,155,14687,2,84
2021-02-14,Guinea,Africa,259,14946,0,84
2021-02-21,Guinea,Africa,449,15395,2,86
2021-02-28,Guinea,Africa,597,15992,3,89
2021-03-07,Guinea,Africa,833,16825,2,91
2021-03-14,Guinea,Africa,767,17592,9,100
2021-03-21,Guinea,Africa,1125,18717,10,110
2021-03-28,Guinea,Africa,953,19670,10,120
2021-04-04,Guinea,Africa,735,20405,10,130
2021-04-11,Guinea,Africa,544,20949,4,134
2021-04-18,Guinea,Africa,511,21460,4,138
2021-04-25,Guinea,Africa,493,21953,2,140
2021-05-02,Guinea,Africa,351,22304,5,145
2021-05-09,Guinea,Africa,329,22633,5,150
2021-05-16,Guinea,Africa,113,22746,1,151
2021-05-23,Guinea,Africa,242,22988,7,158
2021-05-30,Guinea,Africa,184,23172,3,161
2021-06-06,Guinea,Africa,83,23255,1,162
2021-06-13,Guinea,Africa,134,23389,5,167
2021-06-20,Guinea,Africa,61,23450,0,167
2021-06-27,Guinea,Africa,242,23692,1,168
2021-07-04,Guinea,Africa,179,23871,5,173
2021-07-11,Guinea,Africa,263,24134,6,179
2021-07-18,Guinea,Africa,577,24711,11,190
2021-07-25,Guinea,Africa,282,24993,8,198
2021-08-01,Guinea,Africa,921,25914,34,232
2021-08-08,Guinea,Africa,1055,26969,28,260
2021-08-15,Guinea,Africa,1149,28118,32,292
2021-08-22,Guinea,Africa,684,28802,22,314
2021-08-29,Guinea,Africa,598,29400,21,335
2021-09-05,Guinea,Africa,464,29864,20,355
2021-09-12,Guinea,Africa,183,30047,13,368
2021-09-19,Guinea,Africa,89,30136,2,370
2021-09-26,Guinea,Africa,228,30364,8,378
2021-10-03,Guinea,Africa,81,30445,3,381
2021-10-10,Guinea,Africa,34,30479,2,383
2021-10-17,Guinea,Africa,93,30572,2,385
2021-10-24,Guinea,Africa,54,30626,0,385
2021-10-31,Guinea,Africa,27,30653,0,385
2021-11-07,Guinea,Africa,28,30681,0,385
2021-11-14,Guinea,Africa,34,30715,2,387
2021-11-21,Guinea,Africa,0,30715,0,387
2021-11-28,Guinea,Africa,48,30763,0,387
2021-12-05,Guinea,Africa,35,30798,1,388
2021-12-12,Guinea,Africa,15,30813,0,388
2021-12-19,Guinea,Africa,1,30814,0,388
2021-12-26,Guinea,Africa,316,31130,1,389
2022-01-02,Guinea,Africa,1737,32867,2,391
2022-01-09,Guinea,Africa,1806,34673,9,400
2022-01-16,Guinea,Africa,929,35602,8,408
2022-01-23,Guinea,Africa,306,35908,8,416
2022-01-30,Guinea,Africa,105,36013,0,416
2022-02-06,Guinea,Africa,257,36270,16,432
2022-02-13,Guinea,Africa,59,36329,4,436
2022-02-20,Guinea,Africa,25,36354,2,438
2022-02-27,Guinea,Africa,39,36393,2,440
2022-03-06,Guinea,Africa,4,36397,0,440
2022-03-13,Guinea,Africa,30,36427,0,440
2022-03-20,Guinea,Africa,28,36455,0,440
2022-03-27,Guinea,Africa,4,36459,0,440
2022-04-03,Guinea,Africa,43,36502,0,440
2022-04-10,Guinea,Africa,0,36502,0,440
2022-04-17,Guinea,Africa,38,36540,1,441
2022-04-24,Guinea,Africa,9,36549,1,442
2022-05-01,Guinea,Africa,0,36549,0,442
2022-05-08,Guinea,Africa,48,36597,0,442
2022-05-15,Guinea,Africa,64,36661,0,442
2022-05-22,Guinea,Africa,38,36699,0,442
2022-05-29,Guinea,Africa,65,36764,0,442
2022-06-05,Guinea,Africa,53,36817,0,442
2022-06-12,Guinea,Africa,56,36873,0,442
2022-06-19,Guinea,Africa,151,37024,0,442
2022-06-26,Guinea,Africa,99,37123,1,443
2022-07-03,Guinea,Africa,150,37273,0,443
2022-07-10,Guinea,Africa,78,37351,2,445
2022-07-17,Guinea,Africa,18,37369,0,445
2022-07-24,Guinea,Africa,39,37408,0,445
2022-07-31,Guinea,Africa,21,37429,0,445
2022-08-07,Guinea,Africa,41,37470,2,447
2022-08-14,Guinea,Africa,0,37470,0,447
2022-08-21,Guinea,Africa,0,37470,0,447
2022-08-28,Guinea,Africa,97,37567,1,448
2022-09-04,Guinea,Africa,85,37652,1,449
2022-09-11,Guinea,Africa,78,37730,0,449
2022-09-18,Guinea,Africa,99,37829,1,450
2022-09-25,Guinea,Africa,80,37909,3,453
2022-10-02,Guinea,Africa,41,37950,2,455
2022-10-09,Guinea,Africa,49,37999,1,456
2022-10-16,Guinea,Africa,48,38047,0,456
2022-10-23,Guinea,Africa,43,38090,2,458
2022-10-30,Guinea,Africa,32,38122,0,458
2022-11-06,Guinea,Africa,0,38122,0,458
2022-11-13,Guinea,Africa,31,38153,6,464
2022-11-20,Guinea,Africa,9,38162,1,465
2022-11-27,Guinea,Africa,14,38176,0,465
2022-12-04,Guinea,Africa,15,38191,0,465
2022-12-11,Guinea,Africa,10,38201,0,465
2022-12-18,Guinea,Africa,9,38210,1,466
2022-12-25,Guinea,Africa,1,38211,0,466
2023-01-01,Guinea,Africa,13,38224,1,467
2023-01-08,Guinea,Africa,1,38225,0,467
2023-01-15,Guinea,Africa,15,38240,0,467
2023-01-22,Guinea,Africa,10,38250,0,467
2023-01-29,Guinea,Africa,5,38255,0,467
2023-02-05,Guinea,Africa,12,38267,0,467
2023-02-12,Guinea,Africa,0,38267,0,467
2023-02-19,Guinea,Africa,13,38280,0,467
2023-02-26,Guinea,Africa,0,38280,0,467
2023-03-05,Guinea,Africa,0,38280,0,467
2023-03-12,Guinea,Africa,0,38280,0,467
2023-03-19,Guinea,Africa,102,38382,0,467
2023-03-26,Guinea,Africa,18,38400,0,467
2023-04-02,Guinea,Africa,30,38430,0,467
2023-04-09,Guinea,Africa,32,38462,0,467
2023-04-16,Guinea,Africa,57,38519,1,468
2023-04-23,Guinea,Africa,28,38547,0,468
2023-04-30,Guinea,Africa,16,38563,0,468
2023-05-07,Guinea,Africa,0,38563,0,468
2023-05-14,Guinea,Africa,0,38563,0,468
2023-05-21,Guinea,Africa,0,38563,0,468
2023-05-28,Guinea,Africa,0,38563,0,468
2023-06-04,Guinea,Africa,0,38563,0,468
2023-06-11,Guinea,Africa,0,38563,0,468
2023-06-18,Guinea,Africa,0,38563,0,468
2023-06-25,Guinea,Africa,0,38563,0,468
2023-07-02,Guinea,Africa,0,38563,0,468
2023-07-09,Guinea,Africa,0,38563,0,468
2023-07-16,Guinea,Africa,0,38563,0,468
2023-07-23,Guinea,Africa,0,38563,0,468
2023-07-30,Guinea,Africa,0,38563,0,468
2023-08-06,Guinea,Africa,0,38563,0,468
2023-08-13,Guinea,Africa,0,38563,0,468
2023-08-20,Guinea,Africa,0,38563,0,468
2023-08-27,Guinea,Africa,0,38563,0,468
2023-09-03,Guinea,Africa,0,38563,0,468
2023-09-10,Guinea,Africa,0,38563,0,468
2023-09-17,Guinea,Africa,0,38563,0,468
2023-09-24,Guinea,Africa,0,38563,0,468
2023-10-01,Guinea,Africa,0,38563,0,468
2023-10-08,Guinea,Africa,0,38563,0,468
2023-10-15,Guinea,Africa,3,38566,0,468
2023-10-22,Guinea,Africa,1,38567,0,468
2023-10-29,Guinea,Africa,1,38568,0,468
2023-11-05,Guinea,Africa,4,38572,0,468
2023-11-12,Guinea,Africa,0,38572,0,468
2023-11-19,Guinea,Africa,0,38572,0,468
2023-11-26,Guinea,Africa,0,38572,0,468
2023-12-03,Guinea,Africa,0,38572,0,468
2023-12-10,Guinea,Africa,0,38572,0,468
2023-12-17,Guinea,Africa,0,38572,0,468
2023-12-24,Guinea,Africa,0,38572,0,468
2023-12-31,Guinea,Africa,0,38572,0,468
2024-01-07,Guinea,Africa,0,38572,0,468
2024-01-14,Guinea,Africa,0,38572,0,468
2024-01-21,Guinea,Africa,0,38572,0,468
2024-01-28,Guinea,Africa,0,38572,0,468
2024-02-04,Guinea,Africa,0,38572,0,468
2024-02-11,Guinea,Africa,0,38572,0,468
2024-02-18,Guinea,Africa,0,38572,0,468
2024-02-25,Guinea,Africa,0,38572,0,468
2024-03-03,Guinea,Africa,0,38572,0,468
2024-03-10,Guinea,Africa,0,38572,0,468
2024-03-17,Guinea,Africa,0,38572,0,468
2024-03-24,Guinea,Africa,0,38572,0,468
2024-03-31,Guinea,Africa,0,38572,0,468
2024-04-07,Guinea,Africa,0,38572,0,468
2024-04-14,Guinea,Africa,0,38572,0,468
2024-04-21,Guinea,Africa,0,38572,0,468
2024-04-28,Guinea,Africa,0,38572,0,468
2024-05-05,Guinea,Africa,0,38572,0,468
2024-05-12,Guinea,Africa,0,38572,0,468
2024-05-19,Guinea,Africa,0,38572,0,468
2024-05-26,Guinea,Africa,0,38572,0,468
2024-06-02,Guinea,Africa,0,38572,0,468
2024-06-09,Guinea,Africa,0,38572,0,468
2024-06-16,Guinea,Africa,0,38572,0,468
2024-06-23,Guinea,Africa,0,38572,0,468
2024-06-30,Guinea,Africa,0,38572,0,468
2024-07-07,Guinea,Africa,0,38572,0,468
2024-07-14,Guinea,Africa,0,38572,0,468
2024-07-21,Guinea,Africa,0,38572,0,468
2024-07-28,Guinea,Africa,0,38572,0,468
2024-08-04,Guinea,Africa,0,38572,0,468
2024-08-11,Guinea,Africa,0,38572,0,468
2024-08-18,Guinea,Africa,0,38572,0,468
2024-08-25,Guinea,Africa,1,38573,0,468
2024-09-01,Guinea,Africa,0,38573,0,468
2020-01-05,Guinea-Bissau,Africa,0,0,0,0
2020-01-12,Guinea-Bissau,Africa,0,0,0,0
2020-01-19,Guinea-Bissau,Africa,0,0,0,0
2020-01-26,Guinea-Bissau,Africa,0,0,0,0
2020-02-02,Guinea-Bissau,Africa,0,0,0,0
2020-02-09,Guinea-Bissau,Africa,0,0,0,0
2020-02-16,Guinea-Bissau,Africa,0,0,0,0
2020-02-23,Guinea-Bissau,Africa,0,0,0,0
2020-03-01,Guinea-Bissau,Africa,0,0,0,0
2020-03-08,Guinea-Bissau,Africa,0,0,0,0
2020-03-15,Guinea-Bissau,Africa,0,0,0,0
2020-03-22,Guinea-Bissau,Africa,0,0,0,0
2020-03-29,Guinea-Bissau,Africa,2,2,0,0
2020-04-05,Guinea-Bissau,Africa,16,18,0,0
2020-04-12,Guinea-Bissau,Africa,21,39,0,0
2020-04-19,Guinea-Bissau,Africa,11,50,0,0
2020-04-26,Guinea-Bissau,Africa,2,52,0,0
2020-05-03,Guinea-Bissau,Africa,208,260,2,2
2020-05-10,Guinea-Bissau,Africa,382,642,1,3
2020-05-17,Guinea-Bissau,Africa,271,913,0,3
2020-05-24,Guinea-Bissau,Africa,201,1114,3,6
2020-05-31,Guinea-Bissau,Africa,142,1256,2,8
2020-06-07,Guinea-Bissau,Africa,112,1368,4,12
2020-06-14,Guinea-Bissau,Africa,115,1483,3,15
2020-06-21,Guinea-Bissau,Africa,58,1541,2,17
2020-06-28,Guinea-Bissau,Africa,73,1614,4,21
2020-07-05,Guinea-Bissau,Africa,176,1790,4,25
2020-07-12,Guinea-Bissau,Africa,52,1842,0,25
2020-07-19,Guinea-Bissau,Africa,108,1950,1,26
2020-07-26,Guinea-Bissau,Africa,4,1954,0,26
2020-08-02,Guinea-Bissau,Africa,27,1981,1,27
2020-08-09,Guinea-Bissau,Africa,71,2052,2,29
2020-08-16,Guinea-Bissau,Africa,65,2117,4,33
2020-08-23,Guinea-Bissau,Africa,32,2149,0,33
2020-08-30,Guinea-Bissau,Africa,0,2149,0,33
2020-09-06,Guinea-Bissau,Africa,96,2245,5,38
2020-09-13,Guinea-Bissau,Africa,30,2275,1,39
2020-09-20,Guinea-Bissau,Africa,28,2303,0,39
2020-09-27,Guinea-Bissau,Africa,21,2324,0,39
2020-10-04,Guinea-Bissau,Africa,38,2362,0,39
2020-10-11,Guinea-Bissau,Africa,23,2385,1,40
2020-10-18,Guinea-Bissau,Africa,18,2403,1,41
2020-10-25,Guinea-Bissau,Africa,0,2403,0,41
2020-11-01,Guinea-Bissau,Africa,10,2413,0,41
2020-11-08,Guinea-Bissau,Africa,1,2414,1,42
2020-11-15,Guinea-Bissau,Africa,5,2419,1,43
2020-11-22,Guinea-Bissau,Africa,2,2421,0,43
2020-11-29,Guinea-Bissau,Africa,1,2422,0,43
2020-12-06,Guinea-Bissau,Africa,19,2441,1,44
2020-12-13,Guinea-Bissau,Africa,3,2444,0,44
2020-12-20,Guinea-Bissau,Africa,3,2447,0,44
2020-12-27,Guinea-Bissau,Africa,0,2447,1,45
2021-01-03,Guinea-Bissau,Africa,8,2455,0,45
2021-01-10,Guinea-Bissau,Africa,23,2478,0,45
2021-01-17,Guinea-Bissau,Africa,0,2478,0,45
2021-01-24,Guinea-Bissau,Africa,55,2533,0,45
2021-01-31,Guinea-Bissau,Africa,102,2635,0,45
2021-02-07,Guinea-Bissau,Africa,145,2780,1,46
2021-02-14,Guinea-Bissau,Africa,144,2924,0,46
2021-02-21,Guinea-Bissau,Africa,191,3115,1,47
2021-02-28,Guinea-Bissau,Africa,147,3262,1,48
2021-03-07,Guinea-Bissau,Africa,50,3312,1,49
2021-03-14,Guinea-Bissau,Africa,135,3447,3,52
2021-03-21,Guinea-Bissau,Africa,121,3568,3,55
2021-03-28,Guinea-Bissau,Africa,66,3634,6,61
2021-04-04,Guinea-Bissau,Africa,28,3662,5,66
2021-04-11,Guinea-Bissau,Africa,18,3680,0,66
2021-04-18,Guinea-Bissau,Africa,32,3712,0,66
2021-04-25,Guinea-Bissau,Africa,14,3726,1,67
2021-05-02,Guinea-Bissau,Africa,10,3736,0,67
2021-05-09,Guinea-Bissau,Africa,5,3741,0,67
2021-05-16,Guinea-Bissau,Africa,5,3746,0,67
2021-05-23,Guinea-Bissau,Africa,5,3751,1,68
2021-05-30,Guinea-Bissau,Africa,15,3766,0,68
2021-06-06,Guinea-Bissau,Africa,21,3787,0,68
2021-06-13,Guinea-Bissau,Africa,16,3803,1,69
2021-06-20,Guinea-Bissau,Africa,22,3825,0,69
2021-06-27,Guinea-Bissau,Africa,21,3846,0,69
2021-07-04,Guinea-Bissau,Africa,35,3881,0,69
2021-07-11,Guinea-Bissau,Africa,66,3947,1,70
2021-07-18,Guinea-Bissau,Africa,105,4052,3,73
2021-07-25,Guinea-Bissau,Africa,161,4213,1,74
2021-08-01,Guinea-Bissau,Africa,285,4498,2,76
2021-08-08,Guinea-Bissau,Africa,290,4788,3,79
2021-08-15,Guinea-Bissau,Africa,335,5123,11,90
2021-08-22,Guinea-Bissau,Africa,395,5518,13,103
2021-08-29,Guinea-Bissau,Africa,248,5766,14,117
2021-09-05,Guinea-Bissau,Africa,136,5902,4,121
2021-09-12,Guinea-Bissau,Africa,119,6021,4,125
2021-09-19,Guinea-Bissau,Africa,57,6078,5,130
2021-09-26,Guinea-Bissau,Africa,25,6103,5,135
2021-10-03,Guinea-Bissau,Africa,9,6112,0,135
2021-10-10,Guinea-Bissau,Africa,7,6119,6,141
2021-10-17,Guinea-Bissau,Africa,11,6130,0,141
2021-10-24,Guinea-Bissau,Africa,1,6131,0,141
2021-10-31,Guinea-Bissau,Africa,3,6134,0,141
2021-11-07,Guinea-Bissau,Africa,16,6150,2,143
2021-11-14,Guinea-Bissau,Africa,252,6402,1,144
2021-11-21,Guinea-Bissau,Africa,32,6434,2,146
2021-11-28,Guinea-Bissau,Africa,6,6440,2,148
2021-12-05,Guinea-Bissau,Africa,4,6444,1,149
2021-12-12,Guinea-Bissau,Africa,4,6448,0,149
2021-12-19,Guinea-Bissau,Africa,8,6456,0,149
2021-12-26,Guinea-Bissau,Africa,10,6466,0,149
2022-01-02,Guinea-Bissau,Africa,33,6499,0,149
2022-01-09,Guinea-Bissau,Africa,195,6694,0,149
2022-01-16,Guinea-Bissau,Africa,340,7034,3,152
2022-01-23,Guinea-Bissau,Africa,430,7464,2,154
2022-01-30,Guinea-Bissau,Africa,122,7586,2,156
2022-02-06,Guinea-Bissau,Africa,186,7772,2,158
2022-02-13,Guinea-Bissau,Africa,77,7849,6,164
2022-02-20,Guinea-Bissau,Africa,96,7945,2,166
2022-02-27,Guinea-Bissau,Africa,56,8001,1,167
2022-03-06,Guinea-Bissau,Africa,32,8033,0,167
2022-03-13,Guinea-Bissau,Africa,38,8071,2,169
2022-03-20,Guinea-Bissau,Africa,42,8113,0,169
2022-03-27,Guinea-Bissau,Africa,18,8131,0,169
2022-04-03,Guinea-Bissau,Africa,20,8151,1,170
2022-04-10,Guinea-Bissau,Africa,22,8173,0,170
2022-04-17,Guinea-Bissau,Africa,9,8182,1,171
2022-04-24,Guinea-Bissau,Africa,4,8186,0,171
2022-05-01,Guinea-Bissau,Africa,16,8202,0,171
2022-05-08,Guinea-Bissau,Africa,13,8215,0,171
2022-05-15,Guinea-Bissau,Africa,7,8222,0,171
2022-05-22,Guinea-Bissau,Africa,24,8246,0,171
2022-05-29,Guinea-Bissau,Africa,23,8269,0,171
2022-06-05,Guinea-Bissau,Africa,21,8290,0,171
2022-06-12,Guinea-Bissau,Africa,17,8307,0,171
2022-06-19,Guinea-Bissau,Africa,0,8307,0,171
2022-06-26,Guinea-Bissau,Africa,41,8348,0,171
2022-07-03,Guinea-Bissau,Africa,43,8391,0,171
2022-07-10,Guinea-Bissau,Africa,9,8400,0,171
2022-07-17,Guinea-Bissau,Africa,2,8402,1,172
2022-07-24,Guinea-Bissau,Africa,10,8412,0,172
2022-07-31,Guinea-Bissau,Africa,28,8440,2,174
2022-08-07,Guinea-Bissau,Africa,12,8452,0,174
2022-08-14,Guinea-Bissau,Africa,30,8482,0,174
2022-08-21,Guinea-Bissau,Africa,0,8482,0,174
2022-08-28,Guinea-Bissau,Africa,9,8491,1,175
2022-09-04,Guinea-Bissau,Africa,305,8796,0,175
2022-09-11,Guinea-Bissau,Africa,0,8796,0,175
2022-09-18,Guinea-Bissau,Africa,0,8796,0,175
2022-09-25,Guinea-Bissau,Africa,18,8814,1,176
2022-10-02,Guinea-Bissau,Africa,17,8831,0,176
2022-10-09,Guinea-Bissau,Africa,17,8848,0,176
2022-10-16,Guinea-Bissau,Africa,0,8848,0,176
2022-10-23,Guinea-Bissau,Africa,0,8848,0,176
2022-10-30,Guinea-Bissau,Africa,0,8848,0,176
2022-11-06,Guinea-Bissau,Africa,0,8848,0,176
2022-11-13,Guinea-Bissau,Africa,0,8848,0,176
2022-11-20,Guinea-Bissau,Africa,0,8848,0,176
2022-11-27,Guinea-Bissau,Africa,0,8848,0,176
2022-12-04,Guinea-Bissau,Africa,93,8941,0,176
2022-12-11,Guinea-Bissau,Africa,4,8945,0,176
2022-12-18,Guinea-Bissau,Africa,0,8945,0,176
2022-12-25,Guinea-Bissau,Africa,2,8947,0,176
2023-01-01,Guinea-Bissau,Africa,0,8947,0,176
2023-01-08,Guinea-Bissau,Africa,6,8953,0,176
2023-01-15,Guinea-Bissau,Africa,0,8953,0,176
2023-01-22,Guinea-Bissau,Africa,0,8953,0,176
2023-01-29,Guinea-Bissau,Africa,0,8953,0,176
2023-02-05,Guinea-Bissau,Africa,0,8953,0,176
2023-02-12,Guinea-Bissau,Africa,0,8953,0,176
2023-02-19,Guinea-Bissau,Africa,1,8954,0,176
2023-02-26,Guinea-Bissau,Africa,6,8960,0,176
2023-03-05,Guinea-Bissau,Africa,0,8960,0,176
2023-03-12,Guinea-Bissau,Africa,174,9134,0,176
2023-03-19,Guinea-Bissau,Africa,96,9230,0,176
2023-03-26,Guinea-Bissau,Africa,120,9350,0,176
2023-04-02,Guinea-Bissau,Africa,0,9350,0,176
2023-04-09,Guinea-Bissau,Africa,0,9350,0,176
2023-04-16,Guinea-Bissau,Africa,264,9614,1,177
2023-04-23,Guinea-Bissau,Africa,0,9614,0,177
2023-04-30,Guinea-Bissau,Africa,0,9614,0,177
2023-05-07,Guinea-Bissau,Africa,0,9614,0,177
2023-05-14,Guinea-Bissau,Africa,0,9614,0,177
2023-05-21,Guinea-Bissau,Africa,0,9614,0,177
2023-05-28,Guinea-Bissau,Africa,0,9614,0,177
2023-06-04,Guinea-Bissau,Africa,0,9614,0,177
2023-06-11,Guinea-Bissau,Africa,0,9614,0,177
2023-06-18,Guinea-Bissau,Africa,0,9614,0,177
2023-06-25,Guinea-Bissau,Africa,0,9614,0,177
2023-07-02,Guinea-Bissau,Africa,0,9614,0,177
2023-07-09,Guinea-Bissau,Africa,0,9614,0,177
2023-07-16,Guinea-Bissau,Africa,0,9614,0,177
2023-07-23,Guinea-Bissau,Africa,0,9614,0,177
2023-07-30,Guinea-Bissau,Africa,0,9614,0,177
2023-08-06,Guinea-Bissau,Africa,0,9614,0,177
2023-08-13,Guinea-Bissau,Africa,0,9614,0,177
2023-08-20,Guinea-Bissau,Africa,0,9614,0,177
2023-08-27,Guinea-Bissau,Africa,0,9614,0,177
2023-09-03,Guinea-Bissau,Africa,0,9614,0,177
2023-09-10,Guinea-Bissau,Africa,0,9614,0,177
2023-09-17,Guinea-Bissau,Africa,0,9614,0,177
2023-09-24,Guinea-Bissau,Africa,0,9614,0,177
2023-10-01,Guinea-Bissau,Africa,0,9614,0,177
2023-10-08,Guinea-Bissau,Africa,0,9614,0,177
2023-10-15,Guinea-Bissau,Africa,0,9614,0,177
2023-10-22,Guinea-Bissau,Africa,0,9614,0,177
2023-10-29,Guinea-Bissau,Africa,0,9614,0,177
2023-11-05,Guinea-Bissau,Africa,0,9614,0,177
2023-11-12,Guinea-Bissau,Africa,0,9614,0,177
2023-11-19,Guinea-Bissau,Africa,0,9614,0,177
2023-11-26,Guinea-Bissau,Africa,0,9614,0,177
2023-12-03,Guinea-Bissau,Africa,0,9614,0,177
2023-12-10,Guinea-Bissau,Africa,0,9614,0,177
2023-12-17,Guinea-Bissau,Africa,0,9614,0,177
2023-12-24,Guinea-Bissau,Africa,0,9614,0,177
2023-12-31,Guinea-Bissau,Africa,0,9614,0,177
2024-01-07,Guinea-Bissau,Africa,0,9614,0,177
2024-01-14,Guinea-Bissau,Africa,0,9614,0,177
2024-01-21,Guinea-Bissau,Africa,0,9614,0,177
2024-01-28,Guinea-Bissau,Africa,0,9614,0,177
2024-02-04,Guinea-Bissau,Africa,0,9614,0,177
2024-02-11,Guinea-Bissau,Africa,0,9614,0,177
2024-02-18,Guinea-Bissau,Africa,0,9614,0,177
2024-02-25,Guinea-Bissau,Africa,0,9614,0,177
2024-03-03,Guinea-Bissau,Africa,0,9614,0,177
2024-03-10,Guinea-Bissau,Africa,0,9614,0,177
2024-03-17,Guinea-Bissau,Africa,0,9614,0,177
2024-03-24,Guinea-Bissau,Africa,0,9614,0,177
2024-03-31,Guinea-Bissau,Africa,0,9614,0,177
2024-04-07,Guinea-Bissau,Africa,0,9614,0,177
2024-04-14,Guinea-Bissau,Africa,0,9614,0,177
2024-04-21,Guinea-Bissau,Africa,0,9614,0,177
2024-04-28,Guinea-Bissau,Africa,0,9614,0,177
2024-05-05,Guinea-Bissau,Africa,0,9614,0,177
2024-05-12,Guinea-Bissau,Africa,0,9614,0,177
2024-05-19,Guinea-Bissau,Africa,0,9614,0,177
2024-05-26,Guinea-Bissau,Africa,0,9614,0,177
2024-06-02,Guinea-Bissau,Africa,0,9614,0,177
2024-06-09,Guinea-Bissau,Africa,0,9614,0,177
2024-06-16,Guinea-Bissau,Africa,0,9614,0,177
2024-06-23,Guinea-Bissau,Africa,0,9614,0,177
2024-06-30,Guinea-Bissau,Africa,0,9614,0,177
2024-07-07,Guinea-Bissau,Africa,0,9614,0,177
2024-07-14,Guinea-Bissau,Africa,0,9614,0,177
2024-07-21,Guinea-Bissau,Africa,0,9614,0,177
2024-07-28,Guinea-Bissau,Africa,0,9614,0,177
2024-08-04,Guinea-Bissau,Africa,0,9614,0,177
2024-08-11,Guinea-Bissau,Africa,0,9614,0,177
2024-08-18,Guinea-Bissau,Africa,0,9614,0,177
2024-08-25,Guinea-Bissau,Africa,0,9614,0,177
2024-09-01,Guinea-Bissau,Africa,0,9614,0,177
2020-01-05,Guyana,South America,0,0,0,0
2020-01-12,Guyana,South America,0,0,0,0
2020-01-19,Guyana,South America,0,0,0,0
2020-01-26,Guyana,South America,0,0,0,0
2020-02-02,Guyana,South America,0,0,0,0
2020-02-09,Guyana,South America,0,0,0,0
2020-02-16,Guyana,South America,0,0,0,0
2020-02-23,Guyana,South America,0,0,0,0
2020-03-01,Guyana,South America,0,0,0,0
2020-03-08,Guyana,South America,0,0,0,0
2020-03-15,Guyana,South America,1,1,1,1
2020-03-22,Guyana,South America,4,5,0,1
2020-03-29,Guyana,South America,0,5,0,1
2020-04-05,Guyana,South America,18,23,3,4
2020-04-12,Guyana,South America,14,37,2,6
2020-04-19,Guyana,South America,26,63,0,6
2020-04-26,Guyana,South America,10,73,1,7
2020-05-03,Guyana,South America,9,82,2,9
2020-05-10,Guyana,South America,11,93,1,10
2020-05-17,Guyana,South America,23,116,0,10
2020-05-24,Guyana,South America,11,127,0,10
2020-05-31,Guyana,South America,23,150,1,11
2020-06-07,Guyana,South America,3,153,1,12
2020-06-14,Guyana,South America,6,159,0,12
2020-06-21,Guyana,South America,24,183,0,12
2020-06-28,Guyana,South America,47,230,0,12
2020-07-05,Guyana,South America,26,256,2,14
2020-07-12,Guyana,South America,34,290,2,16
2020-07-19,Guyana,South America,30,320,3,19
2020-07-26,Guyana,South America,32,352,1,20
2020-08-02,Guyana,South America,61,413,0,20
2020-08-09,Guyana,South America,125,538,2,22
2020-08-16,Guyana,South America,111,649,0,22
2020-08-23,Guyana,South America,232,881,8,30
2020-08-30,Guyana,South America,299,1180,5,35
2020-09-06,Guyana,South America,236,1416,9,44
2020-09-13,Guyana,South America,347,1763,8,52
2020-09-20,Guyana,South America,339,2102,10,62
2020-09-27,Guyana,South America,607,2709,11,73
2020-10-04,Guyana,South America,259,2968,12,85
2020-10-11,Guyana,South America,390,3358,15,100
2020-10-18,Guyana,South America,314,3672,7,107
2020-10-25,Guyana,South America,288,3960,10,117
2020-11-01,Guyana,South America,183,4143,7,124
2020-11-08,Guyana,South America,314,4457,9,133
2020-11-15,Guyana,South America,267,4724,5,138
2020-11-22,Guyana,South America,281,5005,5,143
2020-11-29,Guyana,South America,305,5310,6,149
2020-12-06,Guyana,South America,291,5601,2,151
2020-12-13,Guyana,South America,238,5839,3,154
2020-12-20,Guyana,South America,237,6076,5,159
2020-12-27,Guyana,South America,213,6289,3,162
2021-01-03,Guyana,South America,62,6351,2,164
2021-01-10,Guyana,South America,118,6469,3,167
2021-01-17,Guyana,South America,336,6805,3,170
2021-01-24,Guyana,South America,338,7143,0,170
2021-01-31,Guyana,South America,385,7528,5,175
2021-02-07,Guyana,South America,359,7887,4,179
2021-02-14,Guyana,South America,294,8181,7,186
2021-02-21,Guyana,South America,176,8357,3,189
2021-02-28,Guyana,South America,156,8513,6,195
2021-03-07,Guyana,South America,216,8729,5,200
2021-03-14,Guyana,South America,340,9069,6,206
2021-03-21,Guyana,South America,417,9486,6,212
2021-03-28,Guyana,South America,521,10007,13,225
2021-04-04,Guyana,South America,439,10446,10,235
2021-04-11,Guyana,South America,512,10958,17,252
2021-04-18,Guyana,South America,684,11642,15,267
2021-04-25,Guyana,South America,806,12448,10,277
2021-05-02,Guyana,South America,835,13283,19,296
2021-05-09,Guyana,South America,754,14037,18,314
2021-05-16,Guyana,South America,951,14988,21,335
2021-05-23,Guyana,South America,755,15743,14,349
2021-05-30,Guyana,South America,981,16724,31,380
2021-06-06,Guyana,South America,735,17459,23,403
2021-06-13,Guyana,South America,629,18088,16,419
2021-06-20,Guyana,South America,749,18837,23,442
2021-06-27,Guyana,South America,837,19674,17,459
2021-07-04,Guyana,South America,631,20305,19,478
2021-07-11,Guyana,South America,529,20834,11,489
2021-07-18,Guyana,South America,517,21351,18,507
2021-07-25,Guyana,South America,499,21850,11,518
2021-08-01,Guyana,South America,608,22458,17,535
2021-08-08,Guyana,South America,385,22843,19,554
2021-08-15,Guyana,South America,501,23344,16,570
2021-08-22,Guyana,South America,703,24047,21,591
2021-08-29,Guyana,South America,920,24967,18,609
2021-09-05,Guyana,South America,1145,26112,27,636
2021-09-12,Guyana,South America,1407,27519,33,669
2021-09-19,Guyana,South America,1553,29072,37,706
2021-09-26,Guyana,South America,1624,30696,43,749
2021-10-03,Guyana,South America,1359,32055,43,792
2021-10-10,Guyana,South America,1511,33566,43,835
2021-10-17,Guyana,South America,674,34240,27,862
2021-10-24,Guyana,South America,637,34877,31,893
2021-10-31,Guyana,South America,567,35444,17,910
2021-11-07,Guyana,South America,485,35929,20,930
2021-11-14,Guyana,South America,723,36652,25,955
2021-11-21,Guyana,South America,532,37184,16,971
2021-11-28,Guyana,South America,479,37663,14,985
2021-12-05,Guyana,South America,405,38068,16,1001
2021-12-12,Guyana,South America,385,38453,15,1016
2021-12-19,Guyana,South America,298,38751,12,1028
2021-12-26,Guyana,South America,291,39042,14,1042
2022-01-02,Guyana,South America,531,39573,12,1054
2022-01-09,Guyana,South America,3656,43229,12,1066
2022-01-16,Guyana,South America,5827,49056,15,1081
2022-01-23,Guyana,South America,6572,55628,41,1122
2022-01-30,Guyana,South America,3351,58979,38,1160
2022-02-06,Guyana,South America,2129,61108,19,1179
2022-02-13,Guyana,South America,1048,62156,11,1190
2022-02-20,Guyana,South America,429,62585,18,1208
2022-02-27,Guyana,South America,271,62856,8,1216
2022-03-06,Guyana,South America,168,63024,7,1223
2022-03-13,Guyana,South America,103,63127,1,1224
2022-03-20,Guyana,South America,54,63181,2,1226
2022-03-27,Guyana,South America,42,63223,0,1226
2022-04-03,Guyana,South America,35,63258,0,1226
2022-04-10,Guyana,South America,52,63310,0,1226
2022-04-17,Guyana,South America,54,63364,2,1228
2022-04-24,Guyana,South America,43,63407,0,1228
2022-05-01,Guyana,South America,50,63457,0,1228
2022-05-08,Guyana,South America,82,63539,0,1228
2022-05-15,Guyana,South America,233,63772,0,1228
2022-05-22,Guyana,South America,402,64174,3,1231
2022-05-29,Guyana,South America,347,64521,1,1232
2022-06-05,Guyana,South America,627,65148,5,1237
2022-06-12,Guyana,South America,651,65799,2,1239
2022-06-19,Guyana,South America,586,66385,6,1245
2022-06-26,Guyana,South America,562,66947,4,1249
2022-07-03,Guyana,South America,525,67472,6,1255
2022-07-10,Guyana,South America,548,68020,4,1259
2022-07-17,Guyana,South America,710,68730,5,1264
2022-07-24,Guyana,South America,602,69332,4,1268
2022-07-31,Guyana,South America,413,69745,3,1271
2022-08-07,Guyana,South America,338,70083,0,1271
2022-08-14,Guyana,South America,315,70398,4,1275
2022-08-21,Guyana,South America,390,70788,3,1278
2022-08-28,Guyana,South America,155,70943,0,1278
2022-09-04,Guyana,South America,133,71076,1,1279
2022-09-11,Guyana,South America,110,71186,0,1279
2022-09-18,Guyana,South America,57,71243,2,1281
2022-09-25,Guyana,South America,68,71311,0,1281
2022-10-02,Guyana,South America,29,71340,0,1281
2022-10-09,Guyana,South America,21,71361,0,1281
2022-10-16,Guyana,South America,38,71399,0,1281
2022-10-23,Guyana,South America,20,71419,0,1281
2022-10-30,Guyana,South America,17,71436,0,1281
2022-11-06,Guyana,South America,6,71442,0,1281
2022-11-13,Guyana,South America,19,71461,0,1281
2022-11-20,Guyana,South America,61,71522,0,1281
2022-11-27,Guyana,South America,43,71565,3,1284
2022-12-04,Guyana,South America,62,71627,1,1285
2022-12-11,Guyana,South America,101,71728,0,1285
2022-12-18,Guyana,South America,29,71757,0,1285
2022-12-25,Guyana,South America,247,72004,1,1286
2023-01-01,Guyana,South America,159,72163,0,1286
2023-01-08,Guyana,South America,234,72397,4,1290
2023-01-15,Guyana,South America,241,72638,3,1293
2023-01-22,Guyana,South America,177,72815,0,1293
2023-01-29,Guyana,South America,107,72922,1,1294
2023-02-05,Guyana,South America,62,72984,1,1295
2023-02-12,Guyana,South America,48,73032,2,1297
2023-02-19,Guyana,South America,25,73057,1,1298
2023-02-26,Guyana,South America,9,73066,0,1298
2023-03-05,Guyana,South America,9,73075,0,1298
2023-03-12,Guyana,South America,6,73081,0,1298
2023-03-19,Guyana,South America,24,73105,0,1298
2023-03-26,Guyana,South America,9,73114,0,1298
2023-04-02,Guyana,South America,5,73119,0,1298
2023-04-09,Guyana,South America,0,73119,0,1298
2023-04-16,Guyana,South America,2,73121,0,1298
2023-04-23,Guyana,South America,12,73133,0,1298
2023-04-30,Guyana,South America,29,73162,0,1298
2023-05-07,Guyana,South America,6,73168,0,1298
2023-05-14,Guyana,South America,39,73207,0,1298
2023-05-21,Guyana,South America,19,73226,0,1298
2023-05-28,Guyana,South America,9,73235,0,1298
2023-06-04,Guyana,South America,15,73250,0,1298
2023-06-11,Guyana,South America,28,73278,0,1298
2023-06-18,Guyana,South America,32,73310,0,1298
2023-06-25,Guyana,South America,44,73354,0,1298
2023-07-02,Guyana,South America,44,73398,1,1299
2023-07-09,Guyana,South America,62,73460,0,1299
2023-07-16,Guyana,South America,41,73501,0,1299
2023-07-23,Guyana,South America,37,73538,0,1299
2023-07-30,Guyana,South America,30,73568,0,1299
2023-08-06,Guyana,South America,13,73581,0,1299
2023-08-13,Guyana,South America,15,73596,0,1299
2023-08-20,Guyana,South America,16,73612,0,1299
2023-08-27,Guyana,South America,10,73622,0,1299
2023-09-03,Guyana,South America,2,73624,0,1299
2023-09-10,Guyana,South America,8,73632,0,1299
2023-09-17,Guyana,South America,14,73646,0,1299
2023-09-24,Guyana,South America,7,73653,0,1299
2023-10-01,Guyana,South America,7,73660,0,1299
2023-10-08,Guyana,South America,5,73665,0,1299
2023-10-15,Guyana,South America,4,73669,0,1299
2023-10-22,Guyana,South America,1,73670,0,1299
2023-10-29,Guyana,South America,0,73670,0,1299
2023-11-05,Guyana,South America,2,73672,0,1299
2023-11-12,Guyana,South America,1,73673,0,1299
2023-11-19,Guyana,South America,1,73674,0,1299
2023-11-26,Guyana,South America,0,73674,0,1299
2023-12-03,Guyana,South America,2,73676,0,1299
2023-12-10,Guyana,South America,0,73676,0,1299
2023-12-17,Guyana,South America,2,73678,0,1299
2023-12-24,Guyana,South America,3,73681,0,1299
2023-12-31,Guyana,South America,2,73683,0,1299
2024-01-07,Guyana,South America,2,73685,0,1299
2024-01-14,Guyana,South America,6,73691,0,1299
2024-01-21,Guyana,South America,9,73700,0,1299
2024-01-28,Guyana,South America,18,73718,0,1299
2024-02-04,Guyana,South America,52,73770,0,1299
2024-02-11,Guyana,South America,60,73830,1,1300
2024-02-18,Guyana,South America,88,73918,0,1300
2024-02-25,Guyana,South America,44,73962,0,1300
2024-03-03,Guyana,South America,56,74018,0,1300
2024-03-10,Guyana,South America,32,74050,1,1301
2024-03-17,Guyana,South America,37,74087,0,1301
2024-03-24,Guyana,South America,13,74100,0,1301
2024-03-31,Guyana,South America,4,74104,0,1301
2024-04-07,Guyana,South America,4,74108,0,1301
2024-04-14,Guyana,South America,1,74109,0,1301
2024-04-21,Guyana,South America,5,74114,0,1301
2024-04-28,Guyana,South America,7,74121,0,1301
2024-05-05,Guyana,South America,7,74128,0,1301
2024-05-12,Guyana,South America,3,74131,0,1301
2024-05-19,Guyana,South America,2,74133,0,1301
2024-05-26,Guyana,South America,15,74148,0,1301
2024-06-02,Guyana,South America,19,74167,0,1301
2024-06-09,Guyana,South America,11,74178,0,1301
2024-06-16,Guyana,South America,25,74203,1,1302
2024-06-23,Guyana,South America,59,74262,0,1302
2024-06-30,Guyana,South America,50,74312,0,1302
2024-07-07,Guyana,South America,49,74361,0,1302
2024-07-14,Guyana,South America,37,74398,0,1302
2024-07-21,Guyana,South America,25,74423,0,1302
2024-07-28,Guyana,South America,24,74447,0,1302
2024-08-04,Guyana,South America,7,74454,0,1302
2024-08-11,Guyana,South America,10,74464,0,1302
2024-08-18,Guyana,South America,5,74469,0,1302
2024-08-25,Guyana,South America,11,74480,0,1302
2024-09-01,Guyana,South America,4,74484,0,1302
2020-01-05,Haiti,North America,0,0,0,0
2020-01-12,Haiti,North America,0,0,0,0
2020-01-19,Haiti,North America,0,0,0,0
2020-01-26,Haiti,North America,0,0,0,0
2020-02-02,Haiti,North America,0,0,0,0
2020-02-09,Haiti,North America,0,0,0,0
2020-02-16,Haiti,North America,0,0,0,0
2020-02-23,Haiti,North America,0,0,0,0
2020-03-01,Haiti,North America,0,0,0,0
2020-03-08,Haiti,North America,0,0,0,0
2020-03-15,Haiti,North America,0,0,0,0
2020-03-22,Haiti,North America,2,2,0,0
2020-03-29,Haiti,North America,6,8,0,0
2020-04-05,Haiti,North America,10,18,0,0
2020-04-12,Haiti,North America,13,31,2,2
2020-04-19,Haiti,North America,13,44,1,3
2020-04-26,Haiti,North America,28,72,3,6
2020-05-03,Haiti,North America,13,85,2,8
2020-05-10,Haiti,North America,61,146,4,12
2020-05-17,Haiti,North America,164,310,8,20
2020-05-24,Haiti,North America,502,812,5,25
2020-05-31,Haiti,North America,772,1584,10,35
2020-06-07,Haiti,North America,1340,2924,15,50
2020-06-14,Haiti,North America,1017,3941,14,64
2020-06-21,Haiti,North America,1039,4980,23,87
2020-06-28,Haiti,North America,742,5722,11,98
2020-07-05,Haiti,North America,508,6230,12,110
2020-07-12,Haiti,North America,387,6617,25,135
2020-07-19,Haiti,North America,358,6975,11,146
2020-07-26,Haiti,North America,285,7260,10,156
2020-08-02,Haiti,North America,164,7424,5,161
2020-08-09,Haiti,North America,175,7599,16,177
2020-08-16,Haiti,North America,232,7831,19,196
2020-08-23,Haiti,North America,219,8050,0,196
2020-08-30,Haiti,North America,124,8174,5,201
2020-09-06,Haiti,North America,152,8326,11,212
2020-09-13,Haiti,North America,131,8457,4,216
2020-09-20,Haiti,North America,143,8600,5,221
2020-09-27,Haiti,North America,84,8684,6,227
2020-10-04,Haiti,North America,108,8792,2,229
2020-10-11,Haiti,North America,68,8860,1,230
2020-10-18,Haiti,North America,65,8925,1,231
2020-10-25,Haiti,North America,90,9015,0,231
2020-11-01,Haiti,North America,39,9054,1,232
2020-11-08,Haiti,North America,73,9127,0,232
2020-11-15,Haiti,North America,41,9168,0,232
2020-11-22,Haiti,North America,46,9214,0,232
2020-11-29,Haiti,North America,50,9264,0,232
2020-12-06,Haiti,North America,106,9370,1,233
2020-12-13,Haiti,North America,121,9491,0,233
2020-12-20,Haiti,North America,183,9674,1,234
2020-12-27,Haiti,North America,172,9846,1,235
2021-01-03,Haiti,North America,231,10077,1,236
2021-01-10,Haiti,North America,164,10241,1,237
2021-01-17,Haiti,North America,540,10781,3,240
2021-01-24,Haiti,North America,318,11099,3,243
2021-01-31,Haiti,North America,573,11672,2,245
2021-02-07,Haiti,North America,297,11969,1,246
2021-02-14,Haiti,North America,237,12206,1,247
2021-02-21,Haiti,North America,146,12352,0,247
2021-02-28,Haiti,North America,179,12531,3,250
2021-03-07,Haiti,North America,101,12632,0,250
2021-03-14,Haiti,North America,66,12698,1,251
2021-03-21,Haiti,North America,60,12758,0,251
2021-03-28,Haiti,North America,45,12803,0,251
2021-04-04,Haiti,North America,54,12857,0,251
2021-04-11,Haiti,North America,63,12920,0,251
2021-04-18,Haiti,North America,85,13005,2,253
2021-04-25,Haiti,North America,89,13094,1,254
2021-05-02,Haiti,North America,76,13170,10,264
2021-05-09,Haiti,North America,97,13267,5,269
2021-05-16,Haiti,North America,331,13598,7,276
2021-05-23,Haiti,North America,530,14128,26,302
2021-05-30,Haiti,North America,917,15045,19,321
2021-06-06,Haiti,North America,956,16001,21,342
2021-06-13,Haiti,North America,858,16859,19,361
2021-06-20,Haiti,North America,1043,17902,37,398
2021-06-27,Haiti,North America,756,18658,39,437
2021-07-04,Haiti,North America,514,19172,30,467
2021-07-11,Haiti,North America,375,19547,41,508
2021-07-18,Haiti,North America,264,19811,18,526
2021-07-25,Haiti,North America,305,20116,26,552
2021-08-01,Haiti,North America,229,20345,14,566
2021-08-08,Haiti,North America,211,20556,10,576
2021-08-15,Haiti,North America,163,20719,7,583
2021-08-22,Haiti,North America,131,20850,1,584
2021-08-29,Haiti,North America,127,20977,2,586
2021-09-05,Haiti,North America,185,21162,2,588
2021-09-12,Haiti,North America,156,21318,8,596
2021-09-19,Haiti,North America,190,21508,11,607
2021-09-26,Haiti,North America,408,21916,4,611
2021-10-03,Haiti,North America,466,22382,25,636
2021-10-10,Haiti,North America,529,22911,18,654
2021-10-17,Haiti,North America,535,23446,4,658
2021-10-24,Haiti,North America,463,23909,8,666
2021-10-31,Haiti,North America,182,24091,20,686
2021-11-07,Haiti,North America,292,24383,19,705
2021-11-14,Haiti,North America,385,24768,6,711
2021-11-21,Haiti,North America,248,25016,14,725
2021-11-28,Haiti,North America,249,25265,13,738
2021-12-05,Haiti,North America,409,25674,12,750
2021-12-12,Haiti,North America,191,25865,12,762
2021-12-19,Haiti,North America,69,25934,3,765
2021-12-26,Haiti,North America,40,25974,1,766
2022-01-02,Haiti,North America,281,26255,7,773
2022-01-09,Haiti,North America,552,26807,7,780
2022-01-16,Haiti,North America,1166,27973,0,780
2022-01-23,Haiti,North America,736,28709,3,783
2022-01-30,Haiti,North America,735,29444,16,799
2022-02-06,Haiti,North America,404,29848,5,804
2022-02-13,Haiti,North America,207,30055,5,809
2022-02-20,Haiti,North America,218,30273,10,819
2022-02-27,Haiti,North America,69,30342,1,820
2022-03-06,Haiti,North America,88,30430,7,827
2022-03-13,Haiti,North America,43,30473,0,827
2022-03-20,Haiti,North America,36,30509,0,827
2022-03-27,Haiti,North America,19,30528,6,833
2022-04-03,Haiti,North America,47,30575,0,833
2022-04-10,Haiti,North America,11,30586,2,835
2022-04-17,Haiti,North America,54,30640,0,835
2022-04-24,Haiti,North America,19,30659,0,835
2022-05-01,Haiti,North America,45,30704,0,835
2022-05-08,Haiti,North America,9,30713,0,835
2022-05-15,Haiti,North America,33,30746,0,835
2022-05-22,Haiti,North America,43,30789,0,835
2022-05-29,Haiti,North America,29,30818,0,835
2022-06-05,Haiti,North America,145,30963,0,835
2022-06-12,Haiti,North America,112,31075,2,837
2022-06-19,Haiti,North America,151,31226,0,837
2022-06-26,Haiti,North America,244,31470,0,837
2022-07-03,Haiti,North America,325,31795,0,837
2022-07-10,Haiti,North America,185,31980,0,837
2022-07-17,Haiti,North America,198,32178,1,838
2022-07-24,Haiti,North America,85,32263,0,838
2022-07-31,Haiti,North America,142,32405,0,838
2022-08-07,Haiti,North America,298,32703,0,838
2022-08-14,Haiti,North America,239,32942,2,840
2022-08-21,Haiti,North America,247,33189,1,841
2022-08-28,Haiti,North America,253,33442,0,841
2022-09-04,Haiti,North America,177,33619,5,846
2022-09-11,Haiti,North America,88,33707,11,857
2022-09-18,Haiti,North America,39,33746,0,857
2022-09-25,Haiti,North America,15,33761,0,857
2022-10-02,Haiti,North America,0,33761,0,857
2022-10-09,Haiti,North America,30,33791,0,857
2022-10-16,Haiti,North America,20,33811,0,857
2022-10-23,Haiti,North America,0,33811,0,857
2022-10-30,Haiti,North America,17,33828,3,860
2022-11-06,Haiti,North America,4,33832,0,860
2022-11-13,Haiti,North America,5,33837,0,860
2022-11-20,Haiti,North America,25,33862,0,860
2022-11-27,Haiti,North America,0,33862,0,860
2022-12-04,Haiti,North America,14,33876,0,860
2022-12-11,Haiti,North America,0,33876,0,860
2022-12-18,Haiti,North America,28,33904,0,860
2022-12-25,Haiti,North America,8,33912,0,860
2023-01-01,Haiti,North America,57,33969,0,860
2023-01-08,Haiti,North America,39,34008,0,860
2023-01-15,Haiti,North America,0,34008,0,860
2023-01-22,Haiti,North America,68,34076,0,860
2023-01-29,Haiti,North America,0,34076,0,860
2023-02-05,Haiti,North America,67,34143,0,860
2023-02-12,Haiti,North America,12,34155,0,860
2023-02-19,Haiti,North America,0,34155,0,860
2023-02-26,Haiti,North America,47,34202,0,860
2023-03-05,Haiti,North America,0,34202,0,860
2023-03-12,Haiti,North America,0,34202,0,860
2023-03-19,Haiti,North America,0,34202,0,860
2023-03-26,Haiti,North America,0,34202,0,860
2023-04-02,Haiti,North America,0,34202,0,860
2023-04-09,Haiti,North America,0,34202,0,860
2023-04-16,Haiti,North America,12,34214,0,860
2023-04-23,Haiti,North America,12,34226,0,860
2023-04-30,Haiti,North America,2,34228,0,860
2023-05-07,Haiti,North America,0,34228,0,860
2023-05-14,Haiti,North America,0,34228,0,860
2023-05-21,Haiti,North America,0,34228,0,860
2023-05-28,Haiti,North America,0,34228,0,860
2023-06-04,Haiti,North America,0,34228,0,860
2023-06-11,Haiti,North America,0,34228,0,860
2023-06-18,Haiti,North America,0,34228,0,860
2023-06-25,Haiti,North America,0,34228,0,860
2023-07-02,Haiti,North America,0,34228,0,860
2023-07-09,Haiti,North America,0,34228,0,860
2023-07-16,Haiti,North America,0,34228,0,860
2023-07-23,Haiti,North America,0,34228,0,860
2023-07-30,Haiti,North America,0,34228,0,860
2023-08-06,Haiti,North America,0,34228,0,860
2023-08-13,Haiti,North America,0,34228,0,860
2023-08-20,Haiti,North America,0,34228,0,860
2023-08-27,Haiti,North America,0,34228,0,860
2023-09-03,Haiti,North America,0,34228,0,860
2023-09-10,Haiti,North America,0,34228,0,860
2023-09-17,Haiti,North America,0,34228,0,860
2023-09-24,Haiti,North America,0,34228,0,860
2023-10-01,Haiti,North America,0,34228,0,860
2023-10-08,Haiti,North America,0,34228,0,860
2023-10-15,Haiti,North America,0,34228,0,860
2023-10-22,Haiti,North America,0,34228,0,860
2023-10-29,Haiti,North America,0,34228,0,860
2023-11-05,Haiti,North America,0,34228,0,860
2023-11-12,Haiti,North America,0,34228,0,860
2023-11-19,Haiti,North America,0,34228,0,860
2023-11-26,Haiti,North America,0,34228,0,860
2023-12-03,Haiti,North America,0,34228,0,860
2023-12-10,Haiti,North America,0,34228,0,860
2023-12-17,Haiti,North America,0,34228,0,860
2023-12-24,Haiti,North America,0,34228,0,860
2023-12-31,Haiti,North America,0,34228,0,860
2024-01-07,Haiti,North America,5,34233,0,860
2024-01-14,Haiti,North America,18,34251,0,860
2024-01-21,Haiti,North America,26,34277,0,860
2024-01-28,Haiti,North America,38,34315,0,860
2024-02-04,Haiti,North America,16,34331,0,860
2024-02-11,Haiti,North America,7,34338,0,860
2024-02-18,Haiti,North America,6,34344,0,860
2024-02-25,Haiti,North America,18,34362,0,860
2024-03-03,Haiti,North America,11,34373,0,860
2024-03-10,Haiti,North America,0,34373,0,860
2024-03-17,Haiti,North America,3,34376,0,860
2024-03-24,Haiti,North America,7,34383,0,860
2024-03-31,Haiti,North America,0,34383,0,860
2024-04-07,Haiti,North America,1,34384,0,860
2024-04-14,Haiti,North America,1,34385,0,860
2024-04-21,Haiti,North America,2,34387,0,860
2024-04-28,Haiti,North America,7,34394,0,860
2024-05-05,Haiti,North America,8,34402,0,860
2024-05-12,Haiti,North America,6,34408,0,860
2024-05-19,Haiti,North America,14,34422,0,860
2024-05-26,Haiti,North America,4,34426,0,860
2024-06-02,Haiti,North America,4,34430,0,860
2024-06-09,Haiti,North America,10,34440,0,860
2024-06-16,Haiti,North America,8,34448,0,860
2024-06-23,Haiti,North America,2,34450,0,860
2024-06-30,Haiti,North America,9,34459,0,860
2024-07-07,Haiti,North America,5,34464,0,860
2024-07-14,Haiti,North America,3,34467,0,860
2024-07-21,Haiti,North America,2,34469,0,860
2024-07-28,Haiti,North America,2,34471,0,860
2024-08-04,Haiti,North America,7,34478,0,860
2024-08-11,Haiti,North America,2,34480,0,860
2024-08-18,Haiti,North America,6,34486,0,860
2024-08-25,Haiti,North America,3,34489,0,860
2024-09-01,Haiti,North America,0,34489,0,860
2020-01-05,Holy See,Europe,0,0,0,0
2020-01-12,Holy See,Europe,0,0,0,0
2020-01-19,Holy See,Europe,0,0,0,0
2020-01-26,Holy See,Europe,0,0,0,0
2020-02-02,Holy See,Europe,0,0,0,0
2020-02-09,Holy See,Europe,0,0,0,0
2020-02-16,Holy See,Europe,0,0,0,0
2020-02-23,Holy See,Europe,0,0,0,0
2020-03-01,Holy See,Europe,0,0,0,0
2020-03-08,Holy See,Europe,1,1,0,0
2020-03-15,Holy See,Europe,0,1,0,0
2020-03-22,Holy See,Europe,0,1,0,0
2020-03-29,Holy See,Europe,3,4,0,0
2020-04-05,Holy See,Europe,3,7,0,0
2020-04-12,Holy See,Europe,1,8,0,0
2020-04-19,Holy See,Europe,0,8,0,0
2020-04-26,Holy See,Europe,1,9,0,0
2020-05-03,Holy See,Europe,2,11,0,0
2020-05-10,Holy See,Europe,1,12,0,0
2020-05-17,Holy See,Europe,0,12,0,0
2020-05-24,Holy See,Europe,0,12,0,0
2020-05-31,Holy See,Europe,0,12,0,0
2020-06-07,Holy See,Europe,0,12,0,0
2020-06-14,Holy See,Europe,0,12,0,0
2020-06-21,Holy See,Europe,0,12,0,0
2020-06-28,Holy See,Europe,0,12,0,0
2020-07-05,Holy See,Europe,0,12,0,0
2020-07-12,Holy See,Europe,0,12,0,0
2020-07-19,Holy See,Europe,0,12,0,0
2020-07-26,Holy See,Europe,0,12,0,0
2020-08-02,Holy See,Europe,0,12,0,0
2020-08-09,Holy See,Europe,0,12,0,0
2020-08-16,Holy See,Europe,0,12,0,0
2020-08-23,Holy See,Europe,0,12,0,0
2020-08-30,Holy See,Europe,0,12,0,0
2020-09-06,Holy See,Europe,0,12,0,0
2020-09-13,Holy See,Europe,0,12,0,0
2020-09-20,Holy See,Europe,0,12,0,0
2020-09-27,Holy See,Europe,0,12,0,0
2020-10-04,Holy See,Europe,0,12,0,0
2020-10-11,Holy See,Europe,0,12,0,0
2020-10-18,Holy See,Europe,14,26,0,0
2020-10-25,Holy See,Europe,0,26,0,0
2020-11-01,Holy See,Europe,0,26,0,0
2020-11-08,Holy See,Europe,0,26,0,0
2020-11-15,Holy See,Europe,0,26,0,0
2020-11-22,Holy See,Europe,0,26,0,0
2020-11-29,Holy See,Europe,0,26,0,0
2020-12-06,Holy See,Europe,0,26,0,0
2020-12-13,Holy See,Europe,0,26,0,0
2020-12-20,Holy See,Europe,0,26,0,0
2020-12-27,Holy See,Europe,0,26,0,0
2021-01-03,Holy See,Europe,0,26,0,0
2021-01-10,Holy See,Europe,0,26,0,0
2021-01-17,Holy See,Europe,0,26,0,0
2021-01-24,Holy See,Europe,0,26,0,0
2021-01-31,Holy See,Europe,0,26,0,0
2021-02-07,Holy See,Europe,0,26,0,0
2021-02-14,Holy See,Europe,0,26,0,0
2021-02-21,Holy See,Europe,0,26,0,0
2021-02-28,Holy See,Europe,0,26,0,0
2021-03-07,Holy See,Europe,0,26,0,0
2021-03-14,Holy See,Europe,0,26,0,0
2021-03-21,Holy See,Europe,0,26,0,0
2021-03-28,Holy See,Europe,0,26,0,0
2021-04-04,Holy See,Europe,0,26,0,0
2021-04-11,Holy See,Europe,0,26,0,0
2021-04-18,Holy See,Europe,0,26,0,0
2021-04-25,Holy See,Europe,0,26,0,0
2021-05-02,Holy See,Europe,0,26,0,0
2021-05-09,Holy See,Europe,0,26,0,0
2021-05-16,Holy See,Europe,0,26,0,0
2021-05-23,Holy See,Europe,0,26,0,0
2021-05-30,Holy See,Europe,0,26,0,0
2021-06-06,Holy See,Europe,0,26,0,0
2021-06-13,Holy See,Europe,0,26,0,0
2021-06-20,Holy See,Europe,0,26,0,0
2021-06-27,Holy See,Europe,0,26,0,0
2021-07-04,Holy See,Europe,0,26,0,0
2021-07-11,Holy See,Europe,0,26,0,0
2021-07-18,Holy See,Europe,0,26,0,0
2021-07-25,Holy See,Europe,0,26,0,0
2021-08-01,Holy See,Europe,0,26,0,0
2021-08-08,Holy See,Europe,0,26,0,0
2021-08-15,Holy See,Europe,0,26,0,0
2021-08-22,Holy See,Europe,0,26,0,0
2021-08-29,Holy See,Europe,0,26,0,0
2021-09-05,Holy See,Europe,0,26,0,0
2021-09-12,Holy See,Europe,0,26,0,0
2021-09-19,Holy See,Europe,0,26,0,0
2021-09-26,Holy See,Europe,0,26,0,0
2021-10-03,Holy See,Europe,0,26,0,0
2021-10-10,Holy See,Europe,0,26,0,0
2021-10-17,Holy See,Europe,0,26,0,0
2021-10-24,Holy See,Europe,0,26,0,0
2021-10-31,Holy See,Europe,0,26,0,0
2021-11-07,Holy See,Europe,0,26,0,0
2021-11-14,Holy See,Europe,0,26,0,0
2021-11-21,Holy See,Europe,0,26,0,0
2021-11-28,Holy See,Europe,0,26,0,0
2021-12-05,Holy See,Europe,0,26,0,0
2021-12-12,Holy See,Europe,0,26,0,0
2021-12-19,Holy See,Europe,0,26,0,0
2021-12-26,Holy See,Europe,0,26,0,0
2022-01-02,Holy See,Europe,0,26,0,0
2022-01-09,Holy See,Europe,0,26,0,0
2022-01-16,Holy See,Europe,0,26,0,0
2022-01-23,Holy See,Europe,0,26,0,0
2022-01-30,Holy See,Europe,0,26,0,0
2022-02-06,Holy See,Europe,0,26,0,0
2022-02-13,Holy See,Europe,0,26,0,0
2022-02-20,Holy See,Europe,0,26,0,0
2022-02-27,Holy See,Europe,0,26,0,0
2022-03-06,Holy See,Europe,0,26,0,0
2022-03-13,Holy See,Europe,0,26,0,0
2022-03-20,Holy See,Europe,0,26,0,0
2022-03-27,Holy See,Europe,0,26,0,0
2022-04-03,Holy See,Europe,0,26,0,0
2022-04-10,Holy See,Europe,0,26,0,0
2022-04-17,Holy See,Europe,0,26,0,0
2022-04-24,Holy See,Europe,0,26,0,0
2022-05-01,Holy See,Europe,0,26,0,0
2022-05-08,Holy See,Europe,0,26,0,0
2022-05-15,Holy See,Europe,0,26,0,0
2022-05-22,Holy See,Europe,0,26,0,0
2022-05-29,Holy See,Europe,0,26,0,0
2022-06-05,Holy See,Europe,0,26,0,0
2022-06-12,Holy See,Europe,0,26,0,0
2022-06-19,Holy See,Europe,0,26,0,0
2022-06-26,Holy See,Europe,0,26,0,0
2022-07-03,Holy See,Europe,0,26,0,0
2022-07-10,Holy See,Europe,0,26,0,0
2022-07-17,Holy See,Europe,0,26,0,0
2022-07-24,Holy See,Europe,0,26,0,0
2022-07-31,Holy See,Europe,0,26,0,0
2022-08-07,Holy See,Europe,0,26,0,0
2022-08-14,Holy See,Europe,0,26,0,0
2022-08-21,Holy See,Europe,0,26,0,0
2022-08-28,Holy See,Europe,0,26,0,0
2022-09-04,Holy See,Europe,0,26,0,0
2022-09-11,Holy See,Europe,0,26,0,0
2022-09-18,Holy See,Europe,0,26,0,0
2022-09-25,Holy See,Europe,0,26,0,0
2022-10-02,Holy See,Europe,0,26,0,0
2022-10-09,Holy See,Europe,0,26,0,0
2022-10-16,Holy See,Europe,0,26,0,0
2022-10-23,Holy See,Europe,0,26,0,0
2022-10-30,Holy See,Europe,0,26,0,0
2022-11-06,Holy See,Europe,0,26,0,0
2022-11-13,Holy See,Europe,0,26,0,0
2022-11-20,Holy See,Europe,0,26,0,0
2022-11-27,Holy See,Europe,0,26,0,0
2022-12-04,Holy See,Europe,0,26,0,0
2022-12-11,Holy See,Europe,0,26,0,0
2022-12-18,Holy See,Europe,0,26,0,0
2022-12-25,Holy See,Europe,0,26,0,0
2023-01-01,Holy See,Europe,0,26,0,0
2023-01-08,Holy See,Europe,0,26,0,0
2023-01-15,Holy See,Europe,0,26,0,0
2023-01-22,Holy See,Europe,0,26,0,0
2023-01-29,Holy See,Europe,0,26,0,0
2023-02-05,Holy See,Europe,0,26,0,0
2023-02-12,Holy See,Europe,0,26,0,0
2023-02-19,Holy See,Europe,0,26,0,0
2023-02-26,Holy See,Europe,0,26,0,0
2023-03-05,Holy See,Europe,0,26,0,0
2023-03-12,Holy See,Europe,0,26,0,0
2023-03-19,Holy See,Europe,0,26,0,0
2023-03-26,Holy See,Europe,0,26,0,0
2023-04-02,Holy See,Europe,0,26,0,0
2023-04-09,Holy See,Europe,0,26,0,0
2023-04-16,Holy See,Europe,0,26,0,0
2023-04-23,Holy See,Europe,0,26,0,0
2023-04-30,Holy See,Europe,0,26,0,0
2023-05-07,Holy See,Europe,0,26,0,0
2023-05-14,Holy See,Europe,0,26,0,0
2023-05-21,Holy See,Europe,0,26,0,0
2023-05-28,Holy See,Europe,0,26,0,0
2023-06-04,Holy See,Europe,0,26,0,0
2023-06-11,Holy See,Europe,0,26,0,0
2023-06-18,Holy See,Europe,0,26,0,0
2023-06-25,Holy See,Europe,0,26,0,0
2023-07-02,Holy See,Europe,0,26,0,0
2023-07-09,Holy See,Europe,0,26,0,0
2023-07-16,Holy See,Europe,0,26,0,0
2023-07-23,Holy See,Europe,0,26,0,0
2023-07-30,Holy See,Europe,0,26,0,0
2023-08-06,Holy See,Europe,0,26,0,0
2023-08-13,Holy See,Europe,0,26,0,0
2023-08-20,Holy See,Europe,0,26,0,0
2023-08-27,Holy See,Europe,0,26,0,0
2023-09-03,Holy See,Europe,0,26,0,0
2023-09-10,Holy See,Europe,0,26,0,0
2023-09-17,Holy See,Europe,0,26,0,0
2023-09-24,Holy See,Europe,0,26,0,0
2023-10-01,Holy See,Europe,0,26,0,0
2023-10-08,Holy See,Europe,0,26,0,0
2023-10-15,Holy See,Europe,0,26,0,0
2023-10-22,Holy See,Europe,0,26,0,0
2023-10-29,Holy See,Europe,0,26,0,0
2023-11-05,Holy See,Europe,0,26,0,0
2023-11-12,Holy See,Europe,0,26,0,0
2023-11-19,Holy See,Europe,0,26,0,0
2023-11-26,Holy See,Europe,0,26,0,0
2023-12-03,Holy See,Europe,0,26,0,0
2023-12-10,Holy See,Europe,0,26,0,0
2023-12-17,Holy See,Europe,0,26,0,0
2023-12-24,Holy See,Europe,0,26,0,0
2023-12-31,Holy See,Europe,0,26,0,0
2024-01-07,Holy See,Europe,0,26,0,0
2024-01-14,Holy See,Europe,0,26,0,0
2024-01-21,Holy See,Europe,0,26,0,0
2024-01-28,Holy See,Europe,0,26,0,0
2024-02-04,Holy See,Europe,0,26,0,0
2024-02-11,Holy See,Europe,0,26,0,0
2024-02-18,Holy See,Europe,0,26,0,0
2024-02-25,Holy See,Europe,0,26,0,0
2024-03-03,Holy See,Europe,0,26,0,0
2024-03-10,Holy See,Europe,0,26,0,0
2024-03-17,Holy See,Europe,0,26,0,0
2024-03-24,Holy See,Europe,0,26,0,0
2024-03-31,Holy See,Europe,0,26,0,0
2024-04-07,Holy See,Europe,0,26,0,0
2024-04-14,Holy See,Europe,0,26,0,0
2024-04-21,Holy See,Europe,0,26,0,0
2024-04-28,Holy See,Europe,0,26,0,0
2024-05-05,Holy See,Europe,0,26,0,0
2024-05-12,Holy See,Europe,0,26,0,0
2024-05-19,Holy See,Europe,0,26,0,0
2024-05-26,Holy See,Europe,0,26,0,0
2024-06-02,Holy See,Europe,0,26,0,0
2024-06-09,Holy See,Europe,0,26,0,0
2024-06-16,Holy See,Europe,0,26,0,0
2024-06-23,Holy See,Europe,0,26,0,0
2024-06-30,Holy See,Europe,0,26,0,0
2024-07-07,Holy See,Europe,0,26,0,0
2024-07-14,Holy See,Europe,0,26,0,0
2024-07-21,Holy See,Europe,0,26,0,0
2024-07-28,Holy See,Europe,0,26,0,0
2024-08-04,Holy See,Europe,0,26,0,0
2024-08-11,Holy See,Europe,0,26,0,0
2024-08-18,Holy See,Europe,0,26,0,0
2024-08-25,Holy See,Europe,0,26,0,0
2024-09-01,Holy See,Europe,0,26,0,0
2020-01-05,Honduras,North America,0,0,0,0
2020-01-12,Honduras,North America,0,0,0,0
2020-01-19,Honduras,North America,0,0,0,0
2020-01-26,Honduras,North America,0,0,0,0
2020-02-02,Honduras,North America,0,0,0,0
2020-02-09,Honduras,North America,0,0,0,0
2020-02-16,Honduras,North America,0,0,0,0
2020-02-23,Honduras,North America,0,0,0,0
2020-03-01,Honduras,North America,0,0,0,0
2020-03-08,Honduras,North America,0,0,0,0
2020-03-15,Honduras,North America,3,3,0,0
2020-03-22,Honduras,North America,21,24,0,0
2020-03-29,Honduras,North America,43,67,1,1
2020-04-05,Honduras,North America,197,264,14,15
2020-04-12,Honduras,North America,128,392,9,24
2020-04-19,Honduras,North America,65,457,22,46
2020-04-26,Honduras,North America,134,591,9,55
2020-05-03,Honduras,North America,308,899,20,75
2020-05-10,Honduras,North America,872,1771,32,107
2020-05-17,Honduras,North America,689,2460,27,134
2020-05-24,Honduras,North America,1017,3477,33,167
2020-05-31,Honduras,North America,1409,4886,32,199
2020-06-07,Honduras,North America,1085,5971,49,248
2020-06-14,Honduras,North America,2161,8132,58,306
2020-06-21,Honduras,North America,3126,11258,43,349
2020-06-28,Honduras,North America,4736,15994,122,471
2020-07-05,Honduras,North America,6122,22116,134,605
2020-07-12,Honduras,North America,4937,27053,145,750
2020-07-19,Honduras,North America,4692,31745,107,857
2020-07-26,Honduras,North America,5814,37559,204,1061
2020-08-02,Honduras,North America,4455,42014,276,1337
2020-08-09,Honduras,North America,4621,46635,128,1465
2020-08-16,Honduras,North America,2832,49467,83,1548
2020-08-23,Honduras,North America,3914,53381,84,1632
2020-08-30,Honduras,North America,5429,58810,195,1827
2020-09-06,Honduras,North America,4988,63798,157,1984
2020-09-13,Honduras,North America,2251,66049,74,2058
2020-09-20,Honduras,North America,4562,70611,88,2146
2020-09-27,Honduras,North America,3229,73840,125,2271
2020-10-04,Honduras,North America,4429,78269,115,2386
2020-10-11,Honduras,North America,4283,82552,106,2492
2020-10-18,Honduras,North America,4139,86691,64,2556
2020-10-25,Honduras,North America,5191,91882,56,2612
2020-11-01,Honduras,North America,5006,96888,57,2669
2020-11-08,Honduras,North America,2688,99576,72,2741
2020-11-15,Honduras,North America,2503,102079,79,2820
2020-11-22,Honduras,North America,2100,104179,35,2855
2020-11-29,Honduras,North America,2955,107134,44,2899
2020-12-06,Honduras,North America,2826,109960,42,2941
2020-12-13,Honduras,North America,3748,113708,30,2971
2020-12-20,Honduras,North America,2504,116212,52,3023
2020-12-27,Honduras,North America,2447,118659,38,3061
2021-01-03,Honduras,North America,4315,122974,99,3160
2021-01-10,Honduras,North America,3422,126396,106,3266
2021-01-17,Honduras,North America,6016,132412,78,3344
2021-01-24,Honduras,North America,6770,139182,95,3439
2021-01-31,Honduras,North America,6928,146110,136,3575
2021-02-07,Honduras,North America,7143,153253,119,3694
2021-02-14,Honduras,North America,5771,159024,154,3848
2021-02-21,Honduras,North America,5053,164077,127,3975
2021-02-28,Honduras,North America,4834,168911,142,4117
2021-03-07,Honduras,North America,4109,173020,130,4247
2021-03-14,Honduras,North America,4148,177168,78,4325
2021-03-21,Honduras,North America,4189,181357,97,4422
2021-03-28,Honduras,North America,4980,186337,114,4536
2021-04-04,Honduras,North America,3389,189726,86,4622
2021-04-11,Honduras,North America,4822,194548,144,4766
2021-04-18,Honduras,North America,5134,199682,168,4934
2021-04-25,Honduras,North America,6014,205696,161,5095
2021-05-02,Honduras,North America,6637,212333,186,5281
2021-05-09,Honduras,North America,5997,218330,304,5585
2021-05-16,Honduras,North America,6926,225256,352,5937
2021-05-23,Honduras,North America,6304,231560,196,6133
2021-05-30,Honduras,North America,4891,236451,151,6284
2021-06-06,Honduras,North America,4588,241039,170,6454
2021-06-13,Honduras,North America,4656,245695,145,6599
2021-06-20,Honduras,North America,6271,251966,149,6748
2021-06-27,Honduras,North America,6383,258349,154,6902
2021-07-04,Honduras,North America,6825,265174,157,7059
2021-07-11,Honduras,North America,7556,272730,162,7221
2021-07-18,Honduras,North America,6527,279257,206,7427
2021-07-25,Honduras,North America,7378,286635,167,7594
2021-08-01,Honduras,North America,10476,297111,240,7834
2021-08-08,Honduras,North America,8825,305936,286,8120
2021-08-15,Honduras,North America,10299,316235,253,8373
2021-08-22,Honduras,North America,10595,326830,221,8594
2021-08-29,Honduras,North America,8568,335398,238,8832
2021-09-05,Honduras,North America,8409,343807,191,9023
2021-09-12,Honduras,North America,7072,350879,296,9319
2021-09-19,Honduras,North America,6775,357654,172,9491
2021-09-26,Honduras,North America,5363,363017,188,9679
2021-10-03,Honduras,North America,4258,367275,176,9855
2021-10-10,Honduras,North America,1755,369030,94,9949
2021-10-17,Honduras,North America,3149,372179,148,10097
2021-10-24,Honduras,North America,1969,374148,95,10192
2021-10-31,Honduras,North America,1233,375381,48,10240
2021-11-07,Honduras,North America,900,376281,69,10309
2021-11-14,Honduras,North America,686,376967,44,10353
2021-11-21,Honduras,North America,453,377420,35,10388
2021-11-28,Honduras,North America,468,377888,15,10403
2021-12-05,Honduras,North America,225,378113,10,10413
2021-12-12,Honduras,North America,448,378561,8,10421
2021-12-19,Honduras,North America,243,378804,7,10428
2021-12-26,Honduras,North America,269,379073,1,10429
2022-01-02,Honduras,North America,469,379542,5,10434
2022-01-09,Honduras,North America,1712,381254,10,10444
2022-01-16,Honduras,North America,2823,384077,10,10454
2022-01-23,Honduras,North America,4359,388436,15,10469
2022-01-30,Honduras,North America,3438,391874,35,10504
2022-02-06,Honduras,North America,7026,398900,47,10551
2022-02-13,Honduras,North America,5864,404764,57,10608
2022-02-20,Honduras,North America,3692,408456,63,10671
2022-02-27,Honduras,North America,3717,412173,104,10775
2022-03-06,Honduras,North America,2138,414311,24,10799
2022-03-13,Honduras,North America,2418,416729,35,10834
2022-03-20,Honduras,North America,1571,418300,23,10857
2022-03-27,Honduras,North America,2321,420621,14,10871
2022-04-03,Honduras,North America,549,421170,14,10885
2022-04-10,Honduras,North America,489,421659,6,10891
2022-04-17,Honduras,North America,0,421659,0,10891
2022-04-24,Honduras,North America,886,422545,2,10893
2022-05-01,Honduras,North America,634,423179,0,10893
2022-05-08,Honduras,North America,700,423879,2,10895
2022-05-15,Honduras,North America,568,424447,1,10896
2022-05-22,Honduras,North America,412,424859,0,10896
2022-05-29,Honduras,North America,254,425113,3,10899
2022-06-05,Honduras,North America,358,425471,1,10900
2022-06-12,Honduras,North America,184,425655,2,10902
2022-06-19,Honduras,North America,275,425930,1,10903
2022-06-26,Honduras,North America,949,426879,2,10905
2022-07-03,Honduras,North America,839,427718,1,10906
2022-07-10,Honduras,North America,2130,429848,6,10912
2022-07-17,Honduras,North America,2291,432139,7,10919
2022-07-24,Honduras,North America,2657,434796,11,10930
2022-07-31,Honduras,North America,5105,439901,2,10932
2022-08-07,Honduras,North America,5370,445271,13,10945
2022-08-14,Honduras,North America,2094,447365,9,10954
2022-08-21,Honduras,North America,3028,450393,11,10965
2022-08-28,Honduras,North America,3600,453993,8,10973
2022-09-04,Honduras,North America,786,454779,16,10989
2022-09-11,Honduras,North America,232,455011,0,10989
2022-09-18,Honduras,North America,825,455836,3,10992
2022-09-25,Honduras,North America,500,456336,0,10992
2022-10-02,Honduras,North America,55,456391,1,10993
2022-10-09,Honduras,North America,273,456664,3,10996
2022-10-16,Honduras,North America,222,456886,11,11007
2022-10-23,Honduras,North America,138,457024,30,11037
2022-10-30,Honduras,North America,110,457134,2,11039
2022-11-06,Honduras,North America,128,457262,1,11040
2022-11-13,Honduras,North America,144,457406,1,11041
2022-11-20,Honduras,North America,102,457508,2,11043
2022-11-27,Honduras,North America,515,458023,0,11043
2022-12-04,Honduras,North America,898,458921,8,11051
2022-12-11,Honduras,North America,1793,460714,3,11054
2022-12-18,Honduras,North America,2028,462742,6,11060
2022-12-25,Honduras,North America,943,463685,3,11063
2023-01-01,Honduras,North America,2230,465915,8,11071
2023-01-08,Honduras,North America,2429,468344,23,11094
2023-01-15,Honduras,North America,886,469230,1,11095
2023-01-22,Honduras,North America,960,470190,7,11102
2023-01-29,Honduras,North America,366,470556,2,11104
2023-02-05,Honduras,North America,384,470940,0,11104
2023-02-12,Honduras,North America,477,471417,5,11109
2023-02-19,Honduras,North America,347,471764,0,11109
2023-02-26,Honduras,North America,352,472116,2,11111
2023-03-05,Honduras,North America,134,472250,0,11111
2023-03-12,Honduras,North America,58,472308,0,11111
2023-03-19,Honduras,North America,32,472340,0,11111
2023-03-26,Honduras,North America,103,472443,0,11111
2023-04-02,Honduras,North America,24,472467,0,11111
2023-04-09,Honduras,North America,0,472467,0,11111
2023-04-16,Honduras,North America,18,472485,0,11111
2023-04-23,Honduras,North America,48,472533,1,11112
2023-04-30,Honduras,North America,0,472533,0,11112
2023-05-07,Honduras,North America,0,472533,0,11112
2023-05-14,Honduras,North America,61,472594,2,11114
2023-05-21,Honduras,North America,0,472594,0,11114
2023-05-28,Honduras,North America,0,472594,0,11114
2023-06-04,Honduras,North America,4,472598,0,11114
2023-06-11,Honduras,North America,2,472600,0,11114
2023-06-18,Honduras,North America,2,472602,0,11114
2023-06-25,Honduras,North America,3,472605,0,11114
2023-07-02,Honduras,North America,15,472620,0,11114
2023-07-09,Honduras,North America,8,472628,0,11114
2023-07-16,Honduras,North America,29,472657,0,11114
2023-07-23,Honduras,North America,28,472685,0,11114
2023-07-30,Honduras,North America,31,472716,0,11114
2023-08-06,Honduras,North America,3,472719,0,11114
2023-08-13,Honduras,North America,9,472728,0,11114
2023-08-20,Honduras,North America,5,472733,0,11114
2023-08-27,Honduras,North America,1,472734,0,11114
2023-09-03,Honduras,North America,3,472737,0,11114
2023-09-10,Honduras,North America,2,472739,0,11114
2023-09-17,Honduras,North America,0,472739,0,11114
2023-09-24,Honduras,North America,1,472740,0,11114
2023-10-01,Honduras,North America,2,472742,0,11114
2023-10-08,Honduras,North America,0,472742,0,11114
2023-10-15,Honduras,North America,0,472742,0,11114
2023-10-22,Honduras,North America,0,472742,0,11114
2023-10-29,Honduras,North America,1,472743,0,11114
2023-11-05,Honduras,North America,0,472743,0,11114
2023-11-12,Honduras,North America,0,472743,0,11114
2023-11-19,Honduras,North America,0,472743,0,11114
2023-11-26,Honduras,North America,0,472743,0,11114
2023-12-03,Honduras,North America,0,472743,0,11114
2023-12-10,Honduras,North America,0,472743,0,11114
2023-12-17,Honduras,North America,1,472744,0,11114
2023-12-24,Honduras,North America,0,472744,0,11114
2023-12-31,Honduras,North America,3,472747,0,11114
2024-01-07,Honduras,North America,11,472758,0,11114
2024-01-14,Honduras,North America,28,472786,0,11114
2024-01-21,Honduras,North America,28,472814,0,11114
2024-01-28,Honduras,North America,7,472821,0,11114
2024-02-04,Honduras,North America,6,472827,0,11114
2024-02-11,Honduras,North America,4,472831,0,11114
2024-02-18,Honduras,North America,2,472833,0,11114
2024-02-25,Honduras,North America,1,472834,0,11114
2024-03-03,Honduras,North America,0,472834,0,11114
2024-03-10,Honduras,North America,4,472838,0,11114
2024-03-17,Honduras,North America,1,472839,0,11114
2024-03-24,Honduras,North America,0,472839,0,11114
2024-03-31,Honduras,North America,0,472839,0,11114
2024-04-07,Honduras,North America,1,472840,0,11114
2024-04-14,Honduras,North America,1,472841,0,11114
2024-04-21,Honduras,North America,1,472842,0,11114
2024-04-28,Honduras,North America,2,472844,0,11114
2024-05-05,Honduras,North America,1,472845,0,11114
2024-05-12,Honduras,North America,0,472845,0,11114
2024-05-19,Honduras,North America,0,472845,0,11114
2024-05-26,Honduras,North America,2,472847,0,11114
2024-06-02,Honduras,North America,6,472853,0,11114
2024-06-09,Honduras,North America,3,472856,0,11114
2024-06-16,Honduras,North America,4,472860,0,11114
2024-06-23,Honduras,North America,3,472863,0,11114
2024-06-30,Honduras,North America,9,472872,0,11114
2024-07-07,Honduras,North America,14,472886,0,11114
2024-07-14,Honduras,North America,1,472887,0,11114
2024-07-21,Honduras,North America,4,472891,0,11114
2024-07-28,Honduras,North America,4,472895,0,11114
2024-08-04,Honduras,North America,4,472899,0,11114
2024-08-11,Honduras,North America,1,472900,0,11114
2024-08-18,Honduras,North America,2,472902,0,11114
2024-08-25,Honduras,North America,2,472904,0,11114
2024-09-01,Honduras,North America,0,472904,0,11114
2020-01-05,Hungary,Europe,0,0,0,0
2020-01-12,Hungary,Europe,0,0,0,0
2020-01-19,Hungary,Europe,0,0,0,0
2020-01-26,Hungary,Europe,0,0,0,0
2020-02-02,Hungary,Europe,0,0,0,0
2020-02-09,Hungary,Europe,0,0,0,0
2020-02-16,Hungary,Europe,0,0,0,0
2020-02-23,Hungary,Europe,0,0,0,0
2020-03-01,Hungary,Europe,0,0,0,0
2020-03-08,Hungary,Europe,7,7,0,0
2020-03-15,Hungary,Europe,24,31,0,0
2020-03-22,Hungary,Europe,100,131,4,4
2020-03-29,Hungary,Europe,277,408,9,13
2020-04-05,Hungary,Europe,325,733,21,34
2020-04-12,Hungary,Europe,677,1410,65,99
2020-04-19,Hungary,Europe,506,1916,90,189
2020-04-26,Hungary,Europe,584,2500,83,272
2020-05-03,Hungary,Europe,498,2998,68,340
2020-05-10,Hungary,Europe,265,3263,73,413
2020-05-17,Hungary,Europe,246,3509,38,451
2020-05-24,Hungary,Europe,232,3741,35,486
2020-05-31,Hungary,Europe,126,3867,38,524
2020-06-07,Hungary,Europe,103,3970,18,542
2020-06-14,Hungary,Europe,94,4064,17,559
2020-06-21,Hungary,Europe,30,4094,11,570
2020-06-28,Hungary,Europe,44,4138,8,578
2020-07-05,Hungary,Europe,45,4183,11,589
2020-07-12,Hungary,Europe,46,4229,6,595
2020-07-19,Hungary,Europe,86,4315,1,596
2020-07-26,Hungary,Europe,120,4435,0,596
2020-08-02,Hungary,Europe,91,4526,1,597
2020-08-09,Hungary,Europe,127,4653,5,602
2020-08-16,Hungary,Europe,224,4877,5,607
2020-08-23,Hungary,Europe,256,5133,4,611
2020-08-30,Hungary,Europe,536,5669,3,614
2020-09-06,Hungary,Europe,2223,7892,10,624
2020-09-13,Hungary,Europe,3933,11825,9,633
2020-09-20,Hungary,Europe,6165,17990,50,683
2020-09-27,Hungary,Europe,6024,24014,53,736
2020-10-04,Hungary,Europe,6561,30575,86,822
2020-10-11,Hungary,Europe,7089,37664,132,954
2020-10-18,Hungary,Europe,8626,46290,188,1142
2020-10-25,Hungary,Europe,12957,59247,283,1425
2020-11-01,Hungary,Europe,19952,79199,394,1819
2020-11-08,Hungary,Europe,30417,109616,619,2438
2020-11-15,Hungary,Europe,31345,140961,659,3097
2020-11-22,Hungary,Europe,33657,174618,703,3800
2020-11-29,Hungary,Europe,36909,211527,872,4672
2020-12-06,Hungary,Europe,38751,250278,1196,5868
2020-12-13,Hungary,Europe,30122,280400,1097,6965
2020-12-20,Hungary,Europe,22589,302989,1134,8099
2020-12-27,Hungary,Europe,13071,316060,948,9047
2021-01-03,Hungary,Europe,11935,327995,837,9884
2021-01-10,Hungary,Europe,14242,342237,764,10648
2021-01-17,Hungary,Europe,9591,351828,693,11341
2021-01-24,Hungary,Europe,7746,359574,627,11968
2021-01-31,Hungary,Europe,8012,367586,556,12524
2021-02-07,Hungary,Europe,8909,376495,566,13090
2021-02-14,Hungary,Europe,10967,387462,616,13706
2021-02-21,Hungary,Europe,15561,403023,593,14299
2021-02-28,Hungary,Europe,25576,428599,675,14974
2021-03-07,Hungary,Europe,37418,466017,899,15873
2021-03-14,Hungary,Europe,50473,516490,1079,16952
2021-03-21,Hungary,Europe,55106,571596,1310,18262
2021-03-28,Hungary,Europe,62265,633861,1710,19972
2021-04-04,Hungary,Europe,52118,685979,1743,21715
2021-04-11,Hungary,Europe,34185,720164,1702,23417
2021-04-18,Hungary,Europe,30344,750508,1767,25184
2021-04-25,Hungary,Europe,19010,769518,1441,26625
2021-05-02,Hungary,Europe,13374,782892,1177,27802
2021-05-09,Hungary,Europe,8817,791709,800,28602
2021-05-16,Hungary,Europe,6438,798147,573,29175
2021-05-23,Hungary,Europe,3941,802088,344,29519
2021-05-30,Hungary,Europe,1944,804032,190,29709
2021-06-06,Hungary,Europe,1976,806008,146,29855
2021-06-13,Hungary,Europe,782,806790,50,29905
2021-06-20,Hungary,Europe,638,807428,46,29951
2021-06-27,Hungary,Europe,482,807910,30,29981
2021-07-04,Hungary,Europe,287,808197,11,29992
2021-07-11,Hungary,Europe,240,808437,12,30004
2021-07-18,Hungary,Europe,288,808725,11,30015
2021-07-25,Hungary,Europe,376,809101,5,30020
2021-08-01,Hungary,Europe,390,809491,6,30026
2021-08-08,Hungary,Europe,364,809855,7,30033
2021-08-15,Hungary,Europe,461,810316,5,30038
2021-08-22,Hungary,Europe,465,810781,8,30046
2021-08-29,Hungary,Europe,925,811706,11,30057
2021-09-05,Hungary,Europe,1334,813040,4,30061
2021-09-12,Hungary,Europe,1692,814732,25,30086
2021-09-19,Hungary,Europe,2427,817159,37,30123
2021-09-26,Hungary,Europe,2919,820078,28,30151
2021-10-03,Hungary,Europe,3306,823384,48,30199
2021-10-10,Hungary,Europe,4026,827410,76,30275
2021-10-17,Hungary,Europe,5705,833115,76,30351
2021-10-24,Hungary,Europe,10710,843825,141,30492
2021-10-31,Hungary,Europe,19594,863419,237,30729
2021-11-07,Hungary,Europe,28745,892164,455,31184
2021-11-14,Hungary,Europe,47620,939784,683,31867
2021-11-21,Hungary,Europe,58704,998488,913,32780
2021-11-28,Hungary,Europe,70400,1068888,1086,33866
2021-12-05,Hungary,Europe,65981,1134869,1256,35122
2021-12-12,Hungary,Europe,48053,1182922,1307,36429
2021-12-19,Hungary,Europe,35373,1218295,1101,37530
2021-12-26,Hungary,Europe,19035,1237330,777,38307
2022-01-02,Hungary,Europe,19085,1256415,879,39186
2022-01-09,Hungary,Europe,26542,1282957,594,39780
2022-01-16,Hungary,Europe,44057,1327014,457,40237
2022-01-23,Hungary,Europe,74443,1401457,585,40822
2022-01-30,Hungary,Europe,106901,1508358,407,41229
2022-02-06,Hungary,Europe,108488,1616846,512,41741
2022-02-13,Hungary,Europe,79145,1695991,619,42360
2022-02-20,Hungary,Europe,50433,1746424,706,43066
2022-02-27,Hungary,Europe,32750,1779174,686,43752
2022-03-06,Hungary,Europe,20872,1800046,534,44286
2022-03-13,Hungary,Europe,14316,1814362,367,44653
2022-03-20,Hungary,Europe,9727,1824089,308,44961
2022-03-27,Hungary,Europe,15269,1839358,297,45258
2022-04-03,Hungary,Europe,14840,1854198,252,45510
2022-04-10,Hungary,Europe,13809,1868007,211,45721
2022-04-17,Hungary,Europe,11473,1879480,144,45865
2022-04-24,Hungary,Europe,11473,1890953,183,46048
2022-05-01,Hungary,Europe,10064,1901017,153,46201
2022-05-08,Hungary,Europe,2183,1903200,65,46266
2022-05-15,Hungary,Europe,6748,1909948,77,46343
2022-05-22,Hungary,Europe,4749,1914697,103,46446
2022-05-29,Hungary,Europe,3080,1917777,61,46507
2022-06-05,Hungary,Europe,2063,1919840,40,46547
2022-06-12,Hungary,Europe,1646,1921486,24,46571
2022-06-19,Hungary,Europe,1636,1923122,23,46594
2022-06-26,Hungary,Europe,1961,1925083,32,46626
2022-07-03,Hungary,Europe,3042,1928125,21,46647
2022-07-10,Hungary,Europe,4663,1932788,14,46661
2022-07-17,Hungary,Europe,8036,1940824,35,46696
2022-07-24,Hungary,Europe,10255,1951079,40,46736
2022-07-31,Hungary,Europe,14402,1965481,54,46790
2022-08-07,Hungary,Europe,21840,1987321,96,46886
2022-08-14,Hungary,Europe,18078,2005399,80,46966
2022-08-21,Hungary,Europe,16249,2021648,117,47083
2022-08-28,Hungary,Europe,14742,2036390,108,47191
2022-09-04,Hungary,Europe,12157,2048547,100,47291
2022-09-11,Hungary,Europe,10300,2058847,76,47367
2022-09-18,Hungary,Europe,11596,2070443,42,47409
2022-09-25,Hungary,Europe,12307,2082750,48,47457
2022-10-02,Hungary,Europe,11392,2094142,46,47503
2022-10-09,Hungary,Europe,13765,2107907,73,47576
2022-10-16,Hungary,Europe,12636,2120543,104,47680
2022-10-23,Hungary,Europe,11947,2132490,118,47798
2022-10-30,Hungary,Europe,9023,2141513,140,47938
2022-11-06,Hungary,Europe,7495,2149008,81,48019
2022-11-13,Hungary,Europe,4556,2153564,92,48111
2022-11-20,Hungary,Europe,4431,2157995,73,48184
2022-11-27,Hungary,Europe,4098,2162093,61,48245
2022-12-04,Hungary,Europe,4259,2166352,42,48287
2022-12-11,Hungary,Europe,4704,2171056,50,48337
2022-12-18,Hungary,Europe,5193,2176249,43,48380
2022-12-25,Hungary,Europe,5170,2181419,59,48439
2023-01-01,Hungary,Europe,4397,2185816,56,48495
2023-01-08,Hungary,Europe,2921,2188737,65,48560
2023-01-15,Hungary,Europe,1596,2190333,44,48604
2023-01-22,Hungary,Europe,866,2191199,17,48621
2023-01-29,Hungary,Europe,627,2191826,17,48638
2023-02-05,Hungary,Europe,621,2192447,9,48647
2023-02-12,Hungary,Europe,825,2193272,8,48655
2023-02-19,Hungary,Europe,830,2194102,9,48664
2023-02-26,Hungary,Europe,867,2194969,6,48670
2023-03-05,Hungary,Europe,957,2195926,11,48681
2023-03-12,Hungary,Europe,878,2196804,12,48693
2023-03-19,Hungary,Europe,1016,2197820,16,48709
2023-03-26,Hungary,Europe,641,2198461,11,48720
2023-04-02,Hungary,Europe,685,2199146,10,48730
2023-04-09,Hungary,Europe,618,2199764,15,48745
2023-04-16,Hungary,Europe,447,2200211,8,48753
2023-04-23,Hungary,Europe,528,2200739,11,48764
2023-04-30,Hungary,Europe,616,2201355,6,48770
2023-05-07,Hungary,Europe,469,2201824,8,48778
2023-05-14,Hungary,Europe,355,2202179,4,48782
2023-05-21,Hungary,Europe,312,2202491,4,48786
2023-05-28,Hungary,Europe,225,2202716,5,48791
2023-06-04,Hungary,Europe,171,2202887,3,48794
2023-06-11,Hungary,Europe,103,2202990,1,48795
2023-06-18,Hungary,Europe,92,2203082,2,48797
2023-06-25,Hungary,Europe,47,2203129,0,48797
2023-07-02,Hungary,Europe,42,2203171,1,48798
2023-07-09,Hungary,Europe,29,2203200,1,48799
2023-07-16,Hungary,Europe,22,2203222,0,48799
2023-07-23,Hungary,Europe,40,2203262,0,48799
2023-07-30,Hungary,Europe,27,2203289,1,48800
2023-08-06,Hungary,Europe,26,2203315,1,48801
2023-08-13,Hungary,Europe,41,2203356,1,48802
2023-08-20,Hungary,Europe,85,2203441,0,48802
2023-08-27,Hungary,Europe,123,2203564,1,48803
2023-09-03,Hungary,Europe,197,2203761,0,48803
2023-09-10,Hungary,Europe,329,2204090,0,48803
2023-09-17,Hungary,Europe,398,2204488,3,48806
2023-09-24,Hungary,Europe,834,2205322,1,48807
2023-10-01,Hungary,Europe,989,2206311,5,48812
2023-10-08,Hungary,Europe,869,2207180,3,48815
2023-10-15,Hungary,Europe,789,2207969,4,48819
2023-10-22,Hungary,Europe,981,2208950,3,48822
2023-10-29,Hungary,Europe,1022,2209972,9,48831
2023-11-05,Hungary,Europe,874,2210846,10,48841
2023-11-12,Hungary,Europe,984,2211830,13,48854
2023-11-19,Hungary,Europe,1216,2213046,15,48869
2023-11-26,Hungary,Europe,1675,2214721,17,48886
2023-12-03,Hungary,Europe,2463,2217184,16,48902
2023-12-10,Hungary,Europe,3036,2220220,20,48922
2023-12-17,Hungary,Europe,3611,2223831,24,48946
2023-12-24,Hungary,Europe,2254,2226085,21,48967
2023-12-31,Hungary,Europe,1074,2227159,24,48991
2024-01-07,Hungary,Europe,1047,2228206,15,49006
2024-01-14,Hungary,Europe,622,2228828,10,49016
2024-01-21,Hungary,Europe,439,2229267,10,49026
2024-01-28,Hungary,Europe,271,2229538,5,49031
2024-02-04,Hungary,Europe,266,2229804,9,49040
2024-02-11,Hungary,Europe,183,2229987,3,49043
2024-02-18,Hungary,Europe,107,2230094,3,49046
2024-02-25,Hungary,Europe,65,2230159,1,49047
2024-03-03,Hungary,Europe,43,2230202,1,49048
2024-03-10,Hungary,Europe,30,2230232,0,49048
2024-03-17,Hungary,Europe,17,2230249,0,49048
2024-03-24,Hungary,Europe,25,2230274,0,49048
2024-03-31,Hungary,Europe,19,2230293,1,49049
2024-04-07,Hungary,Europe,19,2230312,2,49051
2024-04-14,Hungary,Europe,13,2230325,0,49051
2024-04-21,Hungary,Europe,26,2230351,0,49051
2024-04-28,Hungary,Europe,20,2230371,0,49051
2024-05-05,Hungary,Europe,10,2230381,0,49051
2024-05-12,Hungary,Europe,15,2230396,0,49051
2024-05-19,Hungary,Europe,23,2230419,0,49051
2024-05-26,Hungary,Europe,4,2230423,0,49051
2024-06-02,Hungary,Europe,15,2230438,0,49051
2024-06-09,Hungary,Europe,6,2230444,0,49051
2024-06-16,Hungary,Europe,9,2230453,0,49051
2024-06-23,Hungary,Europe,19,2230472,0,49051
2024-06-30,Hungary,Europe,13,2230485,0,49051
2024-07-07,Hungary,Europe,19,2230504,0,49051
2024-07-14,Hungary,Europe,44,2230548,0,49051
2024-07-21,Hungary,Europe,43,2230591,2,49053
2024-07-28,Hungary,Europe,66,2230657,0,49053
2024-08-04,Hungary,Europe,143,2230800,0,49053
2024-08-11,Hungary,Europe,125,2230925,1,49054
2024-08-18,Hungary,Europe,149,2231074,1,49055
2024-08-25,Hungary,Europe,133,2231207,1,49056
2024-09-01,Hungary,Europe,198,2231405,1,49057
2020-01-05,Iceland,Europe,0,0,0,0
2020-01-12,Iceland,Europe,0,0,0,0
2020-01-19,Iceland,Europe,0,0,0,0
2020-01-26,Iceland,Europe,0,0,0,0
2020-02-02,Iceland,Europe,0,0,0,0
2020-02-09,Iceland,Europe,15,15,0,0
2020-02-16,Iceland,Europe,0,15,0,0
2020-02-23,Iceland,Europe,0,15,0,0
2020-03-01,Iceland,Europe,7,22,0,0
2020-03-08,Iceland,Europe,53,75,0,0
2020-03-15,Iceland,Europe,117,192,0,0
2020-03-22,Iceland,Europe,461,653,1,1
2020-03-29,Iceland,Europe,509,1162,1,2
2020-04-05,Iceland,Europe,440,1602,4,6
2020-04-12,Iceland,Europe,135,1737,2,8
2020-04-19,Iceland,Europe,53,1790,1,9
2020-04-26,Iceland,Europe,16,1806,1,10
2020-05-03,Iceland,Europe,7,1813,0,10
2020-05-10,Iceland,Europe,2,1815,0,10
2020-05-17,Iceland,Europe,1,1816,0,10
2020-05-24,Iceland,Europe,2,1818,0,10
2020-05-31,Iceland,Europe,2,1820,0,10
2020-06-07,Iceland,Europe,1,1821,0,10
2020-06-14,Iceland,Europe,2,1823,0,10
2020-06-21,Iceland,Europe,5,1828,0,10
2020-06-28,Iceland,Europe,6,1834,0,10
2020-07-05,Iceland,Europe,9,1843,0,10
2020-07-12,Iceland,Europe,3,1846,0,10
2020-07-19,Iceland,Europe,6,1852,0,10
2020-07-26,Iceland,Europe,16,1868,0,10
2020-08-02,Iceland,Europe,59,1927,0,10
2020-08-09,Iceland,Europe,47,1974,0,10
2020-08-16,Iceland,Europe,54,2028,0,10
2020-08-23,Iceland,Europe,55,2083,0,10
2020-08-30,Iceland,Europe,41,2124,0,10
2020-09-06,Iceland,Europe,32,2156,0,10
2020-09-13,Iceland,Europe,25,2181,0,10
2020-09-20,Iceland,Europe,212,2393,0,10
2020-09-27,Iceland,Europe,280,2673,0,10
2020-10-04,Iceland,Europe,321,2994,0,10
2020-10-11,Iceland,Europe,603,3597,1,11
2020-10-18,Iceland,Europe,532,4129,1,12
2020-10-25,Iceland,Europe,397,4526,0,12
2020-11-01,Iceland,Europe,408,4934,5,17
2020-11-08,Iceland,Europe,174,5108,7,24
2020-11-15,Iceland,Europe,108,5216,1,25
2020-11-22,Iceland,Europe,80,5296,1,26
2020-11-29,Iceland,Europe,107,5403,0,26
2020-12-06,Iceland,Europe,105,5508,1,27
2020-12-13,Iceland,Europe,64,5572,1,28
2020-12-20,Iceland,Europe,89,5661,0,28
2020-12-27,Iceland,Europe,82,5743,0,28
2021-01-03,Iceland,Europe,73,5816,1,29
2021-01-10,Iceland,Europe,102,5918,0,29
2021-01-17,Iceland,Europe,70,5988,0,29
2021-01-24,Iceland,Europe,19,6007,0,29
2021-01-31,Iceland,Europe,22,6029,0,29
2021-02-07,Iceland,Europe,12,6041,0,29
2021-02-14,Iceland,Europe,15,6056,0,29
2021-02-21,Iceland,Europe,10,6066,0,29
2021-02-28,Iceland,Europe,10,6076,0,29
2021-03-07,Iceland,Europe,11,6087,0,29
2021-03-14,Iceland,Europe,19,6106,0,29
2021-03-21,Iceland,Europe,38,6144,0,29
2021-03-28,Iceland,Europe,61,6205,0,29
2021-04-04,Iceland,Europe,50,6255,0,29
2021-04-11,Iceland,Europe,34,6289,0,29
2021-04-18,Iceland,Europe,62,6351,0,29
2021-04-25,Iceland,Europe,65,6416,0,29
2021-05-02,Iceland,Europe,54,6470,0,29
2021-05-09,Iceland,Europe,35,6505,0,29
2021-05-16,Iceland,Europe,30,6535,0,29
2021-05-23,Iceland,Europe,7,6542,1,30
2021-05-30,Iceland,Europe,30,6572,0,30
2021-06-06,Iceland,Europe,28,6600,0,30
2021-06-13,Iceland,Europe,11,6611,0,30
2021-06-20,Iceland,Europe,10,6621,0,30
2021-06-27,Iceland,Europe,17,6638,0,30
2021-07-04,Iceland,Europe,16,6654,0,30
2021-07-11,Iceland,Europe,25,6679,0,30
2021-07-18,Iceland,Europe,99,6778,0,30
2021-07-25,Iceland,Europe,519,7297,0,30
2021-08-01,Iceland,Europe,815,8112,0,30
2021-08-08,Iceland,Europe,776,8888,0,30
2021-08-15,Iceland,Europe,680,9568,0,30
2021-08-22,Iceland,Europe,605,10173,0,30
2021-08-29,Iceland,Europe,525,10698,3,33
2021-09-05,Iceland,Europe,355,11053,0,33
2021-09-12,Iceland,Europe,219,11272,0,33
2021-09-19,Iceland,Europe,189,11461,0,33
2021-09-26,Iceland,Europe,251,11712,0,33
2021-10-03,Iceland,Europe,235,11947,0,33
2021-10-10,Iceland,Europe,285,12232,0,33
2021-10-17,Iceland,Europe,373,12605,0,33
2021-10-24,Iceland,Europe,525,13130,0,33
2021-10-31,Iceland,Europe,601,13731,1,34
2021-11-07,Iceland,Europe,827,14558,0,34
2021-11-14,Iceland,Europe,1175,15733,0,34
2021-11-21,Iceland,Europe,1058,16791,0,34
2021-11-28,Iceland,Europe,975,17766,1,35
2021-12-05,Iceland,Europe,868,18634,0,35
2021-12-12,Iceland,Europe,901,19535,1,36
2021-12-19,Iceland,Europe,1352,20887,1,37
2021-12-26,Iceland,Europe,3319,24206,0,37
2022-01-02,Iceland,Europe,6853,31059,1,38
2022-01-09,Iceland,Europe,8921,39980,3,41
2022-01-16,Iceland,Europe,131,40111,0,41
2022-01-23,Iceland,Europe,9874,49985,0,41
2022-01-30,Iceland,Europe,9188,59173,2,43
2022-02-06,Iceland,Europe,10475,69648,3,46
2022-02-13,Iceland,Europe,13792,83440,5,51
2022-02-20,Iceland,Europe,17366,100806,5,56
2022-02-27,Iceland,Europe,13322,114128,3,59
2022-03-06,Iceland,Europe,16895,131023,8,67
2022-03-13,Iceland,Europe,19640,150663,6,73
2022-03-20,Iceland,Europe,13313,163976,10,83
2022-03-27,Iceland,Europe,7342,171318,4,87
2022-04-03,Iceland,Europe,3024,174342,8,95
2022-04-10,Iceland,Europe,1622,175964,9,104
2022-04-17,Iceland,Europe,875,176839,1,105
2022-04-24,Iceland,Europe,866,177705,5,110
2022-05-01,Iceland,Europe,551,178256,0,110
2022-05-08,Iceland,Europe,451,178707,1,111
2022-05-15,Iceland,Europe,778,179485,0,111
2022-05-22,Iceland,Europe,863,180348,0,111
2022-05-29,Iceland,Europe,809,181157,0,111
2022-06-05,Iceland,Europe,1159,182316,0,111
2022-06-12,Iceland,Europe,1412,183728,0,111
2022-06-19,Iceland,Europe,1535,185263,2,113
2022-06-26,Iceland,Europe,2409,187672,2,115
2022-07-03,Iceland,Europe,3196,190868,2,117
2022-07-10,Iceland,Europe,3196,194064,0,117
2022-07-17,Iceland,Europe,2338,196402,0,117
2022-07-24,Iceland,Europe,1695,198097,0,117
2022-07-31,Iceland,Europe,1337,199434,0,117
2022-08-07,Iceland,Europe,803,200237,0,117
2022-08-14,Iceland,Europe,860,201097,0,117
2022-08-21,Iceland,Europe,717,201814,0,117
2022-08-28,Iceland,Europe,547,202361,0,117
2022-09-04,Iceland,Europe,424,202785,0,117
2022-09-11,Iceland,Europe,357,203142,0,117
2022-09-18,Iceland,Europe,250,203392,0,117
2022-09-25,Iceland,Europe,239,203631,0,117
2022-10-02,Iceland,Europe,240,203871,0,117
2022-10-09,Iceland,Europe,188,204059,0,117
2022-10-16,Iceland,Europe,217,204276,0,117
2022-10-23,Iceland,Europe,324,204600,0,117
2022-10-30,Iceland,Europe,295,204895,0,117
2022-11-06,Iceland,Europe,305,205200,0,117
2022-11-13,Iceland,Europe,310,205510,69,186
2022-11-20,Iceland,Europe,276,205786,0,186
2022-11-27,Iceland,Europe,274,206060,0,186
2022-12-04,Iceland,Europe,207,206267,0,186
2022-12-11,Iceland,Europe,207,206474,0,186
2022-12-18,Iceland,Europe,384,206858,0,186
2022-12-25,Iceland,Europe,355,207213,0,186
2023-01-01,Iceland,Europe,223,207436,0,186
2023-01-08,Iceland,Europe,192,207628,0,186
2023-01-15,Iceland,Europe,0,207628,0,186
2023-01-22,Iceland,Europe,76,207704,0,186
2023-01-29,Iceland,Europe,105,207809,0,186
2023-02-05,Iceland,Europe,190,207999,0,186
2023-02-12,Iceland,Europe,115,208114,0,186
2023-02-19,Iceland,Europe,101,208215,0,186
2023-02-26,Iceland,Europe,117,208332,0,186
2023-03-05,Iceland,Europe,75,208407,0,186
2023-03-12,Iceland,Europe,32,208439,0,186
2023-03-19,Iceland,Europe,44,208483,0,186
2023-03-26,Iceland,Europe,28,208511,0,186
2023-04-02,Iceland,Europe,37,208548,0,186
2023-04-09,Iceland,Europe,28,208576,0,186
2023-04-16,Iceland,Europe,16,208592,0,186
2023-04-23,Iceland,Europe,8,208600,0,186
2023-04-30,Iceland,Europe,10,208610,0,186
2023-05-07,Iceland,Europe,10,208620,0,186
2023-05-14,Iceland,Europe,10,208630,0,186
2023-05-21,Iceland,Europe,16,208646,0,186
2023-05-28,Iceland,Europe,19,208665,0,186
2023-06-04,Iceland,Europe,23,208688,0,186
2023-06-11,Iceland,Europe,19,208707,0,186
2023-06-18,Iceland,Europe,21,208728,0,186
2023-06-25,Iceland,Europe,7,208735,0,186
2023-07-02,Iceland,Europe,8,208743,0,186
2023-07-09,Iceland,Europe,8,208751,0,186
2023-07-16,Iceland,Europe,6,208757,0,186
2023-07-23,Iceland,Europe,35,208792,0,186
2023-07-30,Iceland,Europe,22,208814,0,186
2023-08-06,Iceland,Europe,31,208845,0,186
2023-08-13,Iceland,Europe,38,208883,0,186
2023-08-20,Iceland,Europe,32,208915,0,186
2023-08-27,Iceland,Europe,42,208957,0,186
2023-09-03,Iceland,Europe,41,208998,0,186
2023-09-10,Iceland,Europe,44,209042,0,186
2023-09-17,Iceland,Europe,43,209085,0,186
2023-09-24,Iceland,Europe,57,209142,0,186
2023-10-01,Iceland,Europe,54,209196,0,186
2023-10-08,Iceland,Europe,47,209243,0,186
2023-10-15,Iceland,Europe,43,209286,0,186
2023-10-22,Iceland,Europe,42,209328,0,186
2023-10-29,Iceland,Europe,0,209328,0,186
2023-11-05,Iceland,Europe,42,209370,0,186
2023-11-12,Iceland,Europe,43,209413,0,186
2023-11-19,Iceland,Europe,62,209475,0,186
2023-11-26,Iceland,Europe,59,209534,0,186
2023-12-03,Iceland,Europe,52,209586,0,186
2023-12-10,Iceland,Europe,64,209650,0,186
2023-12-17,Iceland,Europe,56,209706,0,186
2023-12-24,Iceland,Europe,48,209754,0,186
2023-12-31,Iceland,Europe,37,209791,0,186
2024-01-07,Iceland,Europe,41,209832,0,186
2024-01-14,Iceland,Europe,26,209858,0,186
2024-01-21,Iceland,Europe,12,209870,0,186
2024-01-28,Iceland,Europe,8,209878,0,186
2024-02-04,Iceland,Europe,6,209884,0,186
2024-02-11,Iceland,Europe,5,209889,0,186
2024-02-18,Iceland,Europe,6,209895,0,186
2024-02-25,Iceland,Europe,4,209899,0,186
2024-03-03,Iceland,Europe,4,209903,0,186
2024-03-10,Iceland,Europe,3,209906,0,186
2024-03-17,Iceland,Europe,7,209913,0,186
2024-03-24,Iceland,Europe,1,209914,0,186
2024-03-31,Iceland,Europe,1,209915,0,186
2024-04-07,Iceland,Europe,0,209915,0,186
2024-04-14,Iceland,Europe,5,209920,0,186
2024-04-21,Iceland,Europe,8,209928,0,186
2024-04-28,Iceland,Europe,4,209932,0,186
2024-05-05,Iceland,Europe,6,209938,0,186
2024-05-12,Iceland,Europe,7,209945,0,186
2024-05-19,Iceland,Europe,19,209964,0,186
2024-05-26,Iceland,Europe,15,209979,0,186
2024-06-02,Iceland,Europe,15,209994,0,186
2024-06-09,Iceland,Europe,19,210013,0,186
2024-06-16,Iceland,Europe,35,210048,0,186
2024-06-23,Iceland,Europe,32,210080,0,186
2024-06-30,Iceland,Europe,56,210136,0,186
2024-07-07,Iceland,Europe,51,210187,0,186
2024-07-14,Iceland,Europe,70,210257,0,186
2024-07-21,Iceland,Europe,58,210315,0,186
2024-07-28,Iceland,Europe,32,210347,0,186
2024-08-04,Iceland,Europe,27,210374,0,186
2024-08-11,Iceland,Europe,24,210398,0,186
2024-08-18,Iceland,Europe,27,210425,0,186
2024-08-25,Iceland,Europe,28,210453,0,186
2024-09-01,Iceland,Europe,42,210495,0,186
2020-01-05,India,Asia,0,0,0,0
2020-01-12,India,Asia,0,0,0,0
2020-01-19,India,Asia,0,0,0,0
2020-01-26,India,Asia,0,0,0,0
2020-02-02,India,Asia,2,2,0,0
2020-02-09,India,Asia,5,7,0,0
2020-02-16,India,Asia,0,7,0,0
2020-02-23,India,Asia,0,7,0,0
2020-03-01,India,Asia,0,7,0,0
2020-03-08,India,Asia,32,39,0,0
2020-03-15,India,Asia,68,107,2,2
2020-03-22,India,Asia,253,360,5,7
2020-03-29,India,Asia,619,979,18,25
2020-04-05,India,Asia,2395,3374,52,77
2020-04-12,India,Asia,4982,8356,196,273
2020-04-19,India,Asia,7356,15712,234,507
2020-04-26,India,Asia,10784,26496,317,824
2020-05-03,India,Asia,13484,39980,477,1301
2020-05-10,India,Asia,22959,62939,808,2109
2020-05-17,India,Asia,27988,90927,763,2872
2020-05-24,India,Asia,40941,131868,995,3867
2020-05-31,India,Asia,50275,182143,1297,5164
2020-06-07,India,Asia,64485,246628,1765,6929
2020-06-14,India,Asia,74294,320922,2266,9195
2020-06-21,India,Asia,89539,410461,4059,13254
2020-06-28,India,Asia,118398,528859,2841,16095
2020-07-05,India,Asia,144306,673165,3173,19268
2020-07-12,India,Asia,176388,849553,3406,22674
2020-07-19,India,Asia,228065,1077618,4142,26816
2020-07-26,India,Asia,307904,1385522,5247,32063
2020-08-02,India,Asia,365201,1750723,5301,37364
2020-08-09,India,Asia,402287,2153010,6015,43379
2020-08-16,India,Asia,436672,2589682,6601,49980
2020-08-23,India,Asia,455258,3044940,6726,56706
2020-08-30,India,Asia,497793,3542733,6792,63498
2020-09-06,India,Asia,571078,4113811,7128,70626
2020-09-13,India,Asia,640545,4754356,7960,78586
2020-09-20,India,Asia,646263,5400619,8166,86752
2020-09-27,India,Asia,591913,5992532,7751,94503
2020-10-04,India,Asia,556841,6549373,7279,101782
2020-10-11,India,Asia,504433,7053806,6552,108334
2020-10-18,India,Asia,440745,7494551,5697,114031
2020-10-25,India,Asia,370260,7864811,4503,118534
2020-11-01,India,Asia,319271,8184082,3577,122111
2020-11-08,India,Asia,323672,8507754,4010,126121
2020-11-15,India,Asia,306825,8814579,3514,129635
2020-11-22,India,Asia,281227,9095806,3592,133227
2020-11-29,India,Asia,297113,9392919,3469,136696
2020-12-06,India,Asia,251303,9644222,3486,140182
2020-12-13,India,Asia,212807,9857029,2837,143019
2020-12-20,India,Asia,174194,10031223,2458,145477
2020-12-27,India,Asia,156627,10187850,2145,147622
2021-01-03,India,Asia,136115,10323965,1813,149435
2021-01-10,India,Asia,126319,10450284,1564,150999
2021-01-17,India,Asia,107701,10557985,1275,152274
2021-01-24,India,Asia,96548,10654533,1065,153339
2021-01-31,India,Asia,91650,10746183,935,154274
2021-02-07,India,Asia,80180,10826363,722,154996
2021-02-14,India,Asia,78577,10904940,646,155642
2021-02-21,India,Asia,86711,10991651,660,156302
2021-02-28,India,Asia,105080,11096731,749,157051
2021-03-07,India,Asia,114068,11210799,705,157756
2021-03-14,India,Asia,148249,11359048,851,158607
2021-03-21,India,Asia,240082,11599130,1148,159755
2021-03-28,India,Asia,372494,11971624,1797,161552
2021-04-04,India,Asia,513885,12485509,3071,164623
2021-04-11,India,Asia,873296,13358805,4652,169275
2021-04-18,India,Asia,1429304,14788109,7875,177150
2021-04-25,India,Asia,2172063,16960172,15161,192311
2021-05-02,India,Asia,2597285,19557457,23231,215542
2021-05-09,India,Asia,2738957,22296414,26820,242362
2021-05-16,India,Asia,2387663,24684077,27922,270284
2021-05-23,India,Asia,1846055,26530132,28982,299266
2021-05-30,India,Asia,1364668,27894800,26706,325972
2021-06-06,India,Asia,914539,28809339,20787,346759
2021-06-13,India,Asia,630650,29439989,23625,370384
2021-06-20,India,Asia,441976,29881965,16329,386713
2021-06-27,India,Asia,351218,30233183,9038,395751
2021-07-04,India,Asia,312250,30545433,6254,402005
2021-07-11,India,Asia,291789,30837222,6035,408040
2021-07-18,India,Asia,268843,31106065,5569,413609
2021-07-25,India,Asia,265836,31371901,6942,420551
2021-08-01,India,Asia,283923,31655824,3800,424351
2021-08-08,India,Asia,278631,31934455,3511,427862
2021-08-15,India,Asia,258121,32192576,3363,431225
2021-08-22,India,Asia,231658,32424234,3142,434367
2021-08-29,India,Asia,270796,32695030,3463,437830
2021-09-05,India,Asia,293643,32988673,2703,440533
2021-09-12,India,Asia,248248,33236921,2122,442655
2021-09-19,India,Asia,211242,33448163,2183,444838
2021-09-26,India,Asia,204582,33652745,2080,446918
2021-10-03,India,Asia,161158,33813903,1899,448817
2021-10-10,India,Asia,139572,33953475,1772,450589
2021-10-17,India,Asia,114244,34067719,1535,452124
2021-10-24,India,Asia,107749,34175468,2145,454269
2021-10-31,India,Asia,97832,34273300,3917,458186
2021-11-07,India,Asia,82236,34355536,2605,460791
2021-11-14,India,Asia,81771,34437307,2739,463530
2021-11-21,India,Asia,73106,34510413,2132,465662
2021-11-28,India,Asia,62110,34572523,2892,468554
2021-12-05,India,Asia,60732,34633255,4772,473326
2021-12-12,India,Asia,57255,34690510,2108,475434
2021-12-19,India,Asia,49765,34740275,1988,477422
2021-12-26,India,Asia,46527,34786802,2260,479682
2022-01-02,India,Asia,102330,34889132,2088,481770
2022-01-09,India,Asia,638872,35528004,2020,483790
2022-01-16,India,Asia,1594160,37122164,2276,486066
2022-01-23,India,Asia,2115100,39237264,3343,489409
2022-01-30,India,Asia,1855258,41092522,4682,494091
2022-02-06,India,Asia,1095616,42188138,7888,501979
2022-02-13,India,Asia,443283,42631421,6686,508665
2022-02-20,India,Asia,191052,42822473,3238,511903
2022-02-27,India,Asia,93644,42916117,1821,513724
2022-03-06,India,Asia,46836,42962953,1312,515036
2022-03-13,India,Asia,28038,42990991,814,515850
2022-03-20,India,Asia,16850,43007841,629,516479
2022-03-27,India,Asia,11612,43019453,4525,521004
2022-04-03,India,Asia,8678,43028131,341,521345
2022-04-10,India,Asia,7140,43035271,340,521685
2022-04-17,India,Asia,6826,43042097,66,521751
2022-04-24,India,Asia,15448,43057545,442,522193
2022-05-01,India,Asia,21643,43079188,1650,523843
2022-05-08,India,Asia,23006,43102194,221,524064
2022-05-15,India,Asia,19405,43121599,150,524214
2022-05-22,India,Asia,14772,43136371,199,524413
2022-05-29,India,Asia,16672,43153043,173,524586
2022-06-05,India,Asia,23774,43176817,106,524692
2022-06-12,India,Asia,45200,43222017,69,524761
2022-06-19,India,Asia,74675,43296692,94,524855
2022-06-26,India,Asia,93281,43389973,144,524999
2022-07-03,India,Asia,112456,43502429,200,525199
2022-07-10,India,Asia,120222,43622651,229,525428
2022-07-17,India,Asia,127948,43750599,281,525709
2022-07-24,India,Asia,138156,43888755,324,526033
2022-07-31,India,Asia,131056,44019811,324,526357
2022-08-07,India,Asia,125921,44145732,332,526689
2022-08-14,India,Asia,107732,44253464,348,527037
2022-08-21,India,Asia,85965,44339429,295,527332
2022-08-28,India,Asia,68703,44408132,422,527754
2022-09-04,India,Asia,48403,44456535,237,527991
2022-09-11,India,Asia,38824,44495359,159,528150
2022-09-18,India,Asia,38829,44534188,187,528337
2022-09-25,India,Asia,33926,44568114,173,528510
2022-10-02,India,Asia,26373,44594487,163,528673
2022-10-09,India,Asia,17526,44612013,126,528799
2022-10-16,India,Asia,16815,44628828,96,528895
2022-10-23,India,Asia,13914,44642742,66,528961
2022-10-30,India,Asia,9524,44652266,55,529016
2022-11-06,India,Asia,8313,44660579,1484,530500
2022-11-13,India,Asia,5798,44666377,31,530531
2022-11-20,India,Asia,2638,44669015,43,530574
2022-11-27,India,Asia,2547,44671562,38,530612
2022-12-04,India,Asia,1830,44673392,16,530628
2022-12-11,India,Asia,1430,44674822,30,530658
2022-12-18,India,Asia,1130,44675952,14,530672
2022-12-25,India,Asia,1154,44677106,21,530693
2023-01-01,India,Asia,1543,44678649,12,530705
2023-01-08,India,Asia,1275,44679924,15,530720
2023-01-15,India,Asia,1116,44681040,6,530726
2023-01-22,India,Asia,881,44681921,7,530733
2023-01-29,India,Asia,718,44682639,7,530740
2023-02-05,India,Asia,724,44683363,5,530745
2023-02-12,India,Asia,755,44684118,5,530750
2023-02-19,India,Asia,799,44684917,10,530760
2023-02-26,India,Asia,1100,44686017,9,530769
2023-03-05,India,Asia,1803,44687820,6,530775
2023-03-12,India,Asia,2672,44690492,6,530781
2023-03-19,India,Asia,4928,44695420,21,530802
2023-03-26,India,Asia,8727,44704147,29,530831
2023-04-02,India,Asia,18458,44722605,50,530881
2023-04-09,India,Asia,34011,44756616,84,530965
2023-04-16,India,Asia,61499,44818115,149,531114
2023-04-23,India,Asia,73874,44891989,215,531329
2023-04-30,India,Asia,53400,44945389,204,531533
2023-05-07,India,Asia,24241,44969630,147,531680
2023-05-14,India,Asia,11044,44980674,90,531770
2023-05-21,India,Asia,5787,44986461,62,531832
2023-05-28,India,Asia,3283,44989744,32,531864
2023-06-04,India,Asia,1838,44991582,16,531880
2023-06-11,India,Asia,1206,44992788,11,531891
2023-06-18,India,Asia,692,44993480,4,531895
2023-06-25,India,Asia,472,44993952,8,531903
2023-07-02,India,Asia,329,44994281,4,531907
2023-07-09,India,Asia,294,44994575,6,531913
2023-07-16,India,Asia,303,44994878,2,531915
2023-07-23,India,Asia,386,44995264,0,531915
2023-07-30,India,Asia,324,44995588,1,531916
2023-08-06,India,Asia,392,44995980,2,531918
2023-08-13,India,Asia,294,44996274,3,531921
2023-08-20,India,Asia,325,44996599,4,531925
2023-08-27,India,Asia,364,44996963,3,531928
2023-09-03,India,Asia,363,44997326,95,532023
2023-09-10,India,Asia,384,44997710,4,532027
2023-09-17,India,Asia,452,44998162,3,532030
2023-09-24,India,Asia,363,44998525,1,532031
2023-10-01,India,Asia,313,44998838,1,532032
2023-10-08,India,Asia,490,44999328,2,532034
2023-10-15,India,Asia,260,44999588,3,532037
2023-10-22,India,Asia,1464,45001052,1254,533291
2023-10-29,India,Asia,193,45001245,2,533293
2023-11-05,India,Asia,139,45001384,1,533294
2023-11-12,India,Asia,72,45001456,1,533295
2023-11-19,India,Asia,119,45001575,0,533295
2023-11-26,India,Asia,189,45001764,3,533298
2023-12-03,India,Asia,415,45002179,2,533300
2023-12-10,India,Asia,876,45003055,6,533306
2023-12-17,India,Asia,1761,45004816,10,533316
2023-12-24,India,Asia,3804,45008620,17,533333
2023-12-31,India,Asia,4552,45013172,28,533361
2024-01-07,India,Asia,4962,45018134,31,533392
2024-01-14,India,Asia,3624,45021758,22,533414
2024-01-21,India,Asia,1993,45023751,20,533434
2024-01-28,India,Asia,1325,45025076,11,533445
2024-02-04,India,Asia,1063,45026139,9,533454
2024-02-11,India,Asia,1012,45027151,8,533462
2024-02-18,India,Asia,902,45028053,10,533472
2024-02-25,India,Asia,982,45029035,6,533478
2024-03-03,India,Asia,1177,45030212,17,533495
2024-03-10,India,Asia,1202,45031414,15,533510
2024-03-17,India,Asia,1241,45032655,11,533521
2024-03-24,India,Asia,989,45033644,18,533539
2024-03-31,India,Asia,716,45034360,13,533552
2024-04-07,India,Asia,695,45035055,13,533565
2024-04-14,India,Asia,518,45035573,9,533574
2024-04-21,India,Asia,624,45036197,7,533581
2024-04-28,India,Asia,756,45036953,4,533585
2024-05-05,India,Asia,823,45037776,4,533589
2024-05-12,India,Asia,742,45038518,10,533599
2024-05-19,India,Asia,622,45039140,11,533610
2024-05-26,India,Asia,370,45039510,2,533612
2024-06-02,India,Asia,362,45039872,5,533617
2024-06-09,India,Asia,164,45040036,2,533619
2024-06-16,India,Asia,38,45040074,0,533619
2024-06-23,India,Asia,210,45040284,2,533621
2024-06-30,India,Asia,334,45040618,1,533622
2024-07-07,India,Asia,134,45040752,0,533622
2024-07-14,India,Asia,0,45040752,0,533622
2024-07-21,India,Asia,440,45041192,1,533623
2024-07-28,India,Asia,243,45041435,0,533623
2024-08-04,India,Asia,313,45041748,0,533623
2024-08-11,India,Asia,306,45042054,3,533626
2024-08-18,India,Asia,266,45042320,3,533629
2024-08-25,India,Asia,200,45042520,3,533632
2024-09-01,India,Asia,282,45042802,4,533636
2020-01-05,Indonesia,Asia,0,0,0,0
2020-01-12,Indonesia,Asia,0,0,0,0
2020-01-19,Indonesia,Asia,0,0,0,0
2020-01-26,Indonesia,Asia,0,0,0,0
2020-02-02,Indonesia,Asia,0,0,0,0
2020-02-09,Indonesia,Asia,0,0,0,0
2020-02-16,Indonesia,Asia,0,0,0,0
2020-02-23,Indonesia,Asia,0,0,0,0
2020-03-01,Indonesia,Asia,0,0,0,0
2020-03-08,Indonesia,Asia,10,10,0,0
2020-03-15,Indonesia,Asia,107,117,4,4
2020-03-22,Indonesia,Asia,397,514,44,48
2020-03-29,Indonesia,Asia,771,1285,66,114
2020-04-05,Indonesia,Asia,988,2273,84,198
2020-04-12,Indonesia,Asia,1968,4241,175,373
2020-04-19,Indonesia,Asia,2334,6575,209,582
2020-04-26,Indonesia,Asia,2307,8882,161,743
2020-05-03,Indonesia,Asia,2310,11192,102,845
2020-05-10,Indonesia,Asia,2840,14032,128,973
2020-05-17,Indonesia,Asia,3482,17514,175,1148
2020-05-24,Indonesia,Asia,4757,22271,224,1372
2020-05-31,Indonesia,Asia,4202,26473,241,1613
2020-06-07,Indonesia,Asia,4713,31186,238,1851
2020-06-14,Indonesia,Asia,7091,38277,283,2134
2020-06-21,Indonesia,Asia,7614,45891,331,2465
2020-06-28,Indonesia,Asia,8119,54010,289,2754
2020-07-05,Indonesia,Asia,9739,63749,417,3171
2020-07-12,Indonesia,Asia,11950,75699,435,3606
2020-07-19,Indonesia,Asia,10822,86521,537,4143
2020-07-26,Indonesia,Asia,12257,98778,638,4781
2020-08-02,Indonesia,Asia,12677,111455,455,5236
2020-08-09,Indonesia,Asia,13941,125396,487,5723
2020-08-16,Indonesia,Asia,14153,139549,427,6150
2020-08-23,Indonesia,Asia,13986,153535,530,6680
2020-08-30,Indonesia,Asia,18518,172053,663,7343
2020-09-06,Indonesia,Asia,22056,194109,682,8025
2020-09-13,Indonesia,Asia,24273,218382,698,8723
2020-09-20,Indonesia,Asia,26294,244676,830,9553
2020-09-27,Indonesia,Asia,30537,275213,833,10386
2020-10-04,Indonesia,Asia,28285,303498,765,11151
2020-10-11,Indonesia,Asia,29951,333449,693,11844
2020-10-18,Indonesia,Asia,28418,361867,667,12511
2020-10-25,Indonesia,Asia,27845,389712,788,13299
2020-11-01,Indonesia,Asia,23072,412784,644,13943
2020-11-08,Indonesia,Asia,24932,437716,671,14614
2020-11-15,Indonesia,Asia,29397,467113,597,15211
2020-11-22,Indonesia,Asia,30555,497668,673,15884
2020-11-29,Indonesia,Asia,36598,534266,931,16815
2020-12-06,Indonesia,Asia,41530,575796,925,17740
2020-12-13,Indonesia,Asia,42024,617820,1079,18819
2020-12-20,Indonesia,Asia,47110,664930,1061,19880
2020-12-27,Indonesia,Asia,48435,713365,1357,21237
2021-01-03,Indonesia,Asia,51985,765350,1497,22734
2021-01-10,Indonesia,Asia,62676,828026,1395,24129
2021-01-17,Indonesia,Asia,79903,907929,1858,25987
2021-01-24,Indonesia,Asia,81333,989262,1848,27835
2021-01-31,Indonesia,Asia,89052,1078314,2163,29998
2021-02-07,Indonesia,Asia,79523,1157837,1558,31556
2021-02-14,Indonesia,Asia,59631,1217468,1627,33183
2021-02-21,Indonesia,Asia,61185,1278653,1306,34489
2021-02-28,Indonesia,Asia,55981,1334634,1677,36166
2021-03-07,Indonesia,Asia,45028,1379662,1100,37266
2021-03-14,Indonesia,Asia,39793,1419455,1160,38426
2021-03-21,Indonesia,Asia,40729,1460184,1124,39550
2021-03-28,Indonesia,Asia,35901,1496085,899,40449
2021-04-04,Indonesia,Asia,38170,1534255,1220,41669
2021-04-11,Indonesia,Asia,32740,1566995,861,42530
2021-04-18,Indonesia,Asia,37353,1604348,894,43424
2021-04-25,Indonesia,Asia,36846,1641194,1170,44594
2021-05-02,Indonesia,Asia,36080,1677274,1202,45796
2021-05-09,Indonesia,Asia,36410,1713684,1216,47012
2021-05-16,Indonesia,Asia,26066,1739750,1081,48093
2021-05-23,Indonesia,Asia,35470,1775220,1235,49328
2021-05-30,Indonesia,Asia,40821,1816041,1076,50404
2021-06-06,Indonesia,Asia,39997,1856038,1208,51612
2021-06-13,Indonesia,Asia,55320,1911358,1267,52879
2021-06-20,Indonesia,Asia,78551,1989909,1783,54662
2021-06-27,Indonesia,Asia,125395,2115304,2476,57138
2021-07-04,Indonesia,Asia,168780,2284084,3444,60582
2021-07-11,Indonesia,Asia,243119,2527203,5882,66464
2021-07-18,Indonesia,Asia,350273,2877476,7118,73582
2021-07-25,Indonesia,Asia,289029,3166505,9697,83279
2021-08-01,Indonesia,Asia,273891,3440396,12444,95723
2021-08-08,Indonesia,Asia,225635,3666031,11373,107096
2021-08-15,Indonesia,Asia,188323,3854354,10492,117588
2021-08-22,Indonesia,Asia,125102,3979456,8784,126372
2021-08-29,Indonesia,Asia,94375,4073831,5551,131923
2021-09-05,Indonesia,Asia,55189,4129020,3938,135861
2021-09-12,Indonesia,Asia,38491,4167511,3028,138889
2021-09-19,Indonesia,Asia,23252,4190763,1579,140468
2021-09-26,Indonesia,Asia,17250,4208013,999,141467
2021-10-03,Indonesia,Asia,11271,4219284,706,142173
2021-10-10,Indonesia,Asia,8648,4227932,478,142651
2021-10-17,Indonesia,Asia,6826,4234758,301,142952
2021-10-24,Indonesia,Asia,5261,4240019,253,143205
2021-10-31,Indonesia,Asia,4339,4244358,200,143405
2021-11-07,Indonesia,Asia,3807,4248165,140,143545
2021-11-14,Indonesia,Asia,2690,4250855,114,143659
2021-11-21,Indonesia,Asia,2557,4253412,80,143739
2021-11-28,Indonesia,Asia,2524,4255936,69,143808
2021-12-05,Indonesia,Asia,1749,4257685,59,143867
2021-12-12,Indonesia,Asia,1458,4259143,69,143936
2021-12-19,Indonesia,Asia,1401,4260544,66,144002
2021-12-26,Indonesia,Asia,1215,4261759,53,144055
2022-01-02,Indonesia,Asia,1409,4263168,42,144097
2022-01-09,Indonesia,Asia,3027,4266195,32,144129
2022-01-16,Indonesia,Asia,5454,4271649,41,144170
2022-01-23,Indonesia,Asia,14729,4286378,50,144220
2022-01-30,Indonesia,Asia,56807,4343185,83,144303
2022-02-06,Indonesia,Asia,173295,4516480,251,144554
2022-02-13,Indonesia,Asia,291298,4807778,622,145176
2022-02-20,Indonesia,Asia,389727,5197505,1189,146365
2022-02-27,Indonesia,Asia,341889,5539394,1708,148073
2022-03-06,Indonesia,Asia,209331,5748725,2099,150172
2022-03-13,Indonesia,Asia,141770,5890495,1994,152166
2022-03-20,Indonesia,Asia,71988,5962483,1572,153738
2022-03-27,Indonesia,Asia,36470,5998953,932,154670
2022-04-03,Indonesia,Asia,21028,6019981,618,155288
2022-04-10,Indonesia,Asia,12726,6032707,338,155626
2022-04-17,Indonesia,Asia,7166,6039873,240,155866
2022-04-24,Indonesia,Asia,4277,6044150,234,156100
2022-05-01,Indonesia,Asia,2890,6047040,173,156273
2022-05-08,Indonesia,Asia,1391,6048431,108,156381
2022-05-15,Indonesia,Asia,2345,6050776,77,156458
2022-05-22,Indonesia,Asia,1814,6052590,64,156522
2022-05-29,Indonesia,Asia,1825,6054415,52,156574
2022-06-05,Indonesia,Asia,2385,6056800,41,156615
2022-06-12,Indonesia,Asia,3688,6060488,28,156643
2022-06-19,Indonesia,Asia,7587,6068075,44,156687
2022-06-26,Indonesia,Asia,12376,6080451,30,156717
2022-07-03,Indonesia,Asia,13466,6093917,32,156749
2022-07-10,Indonesia,Asia,17388,6111305,42,156791
2022-07-17,Indonesia,Asia,23648,6134953,58,156849
2022-07-24,Indonesia,Asia,33389,6168342,53,156902
2022-07-31,Indonesia,Asia,38756,6207098,91,156993
2022-08-07,Indonesia,Asia,37880,6244978,102,157095
2022-08-14,Indonesia,Asia,37796,6282774,131,157226
2022-08-21,Indonesia,Asia,32783,6315557,151,157377
2022-08-28,Indonesia,Asia,30747,6346304,123,157500
2022-09-04,Indonesia,Asia,26238,6372542,147,157647
2022-09-11,Indonesia,Asia,19950,6392492,123,157770
2022-09-18,Indonesia,Asia,16314,6408806,122,157892
2022-09-25,Indonesia,Asia,13723,6422529,122,158014
2022-10-02,Indonesia,Asia,12056,6434585,118,158132
2022-10-09,Indonesia,Asia,10363,6444948,73,158205
2022-10-16,Indonesia,Asia,11920,6456868,108,158313
2022-10-23,Indonesia,Asia,14093,6470961,116,158429
2022-10-30,Indonesia,Asia,19661,6490622,168,158597
2022-11-06,Indonesia,Asia,30670,6521292,232,158829
2022-11-13,Indonesia,Asia,40212,6561504,275,159104
2022-11-20,Indonesia,Asia,46863,6608367,275,159379
2022-11-27,Indonesia,Asia,41877,6650244,297,159676
2022-12-04,Indonesia,Asia,29959,6680203,302,159978
2022-12-11,Indonesia,Asia,18587,6698790,246,160224
2022-12-18,Indonesia,Asia,10807,6709597,174,160398
2022-12-25,Indonesia,Asia,6527,6716124,139,160537
2023-01-01,Indonesia,Asia,4057,6720181,82,160619
2023-01-08,Indonesia,Asia,3365,6723546,64,160683
2023-01-15,Indonesia,Asia,2540,6726086,44,160727
2023-01-22,Indonesia,Asia,1979,6728065,54,160781
2023-01-29,Indonesia,Asia,1508,6729573,22,160803
2023-02-05,Indonesia,Asia,1562,6731135,29,160832
2023-02-12,Indonesia,Asia,1664,6732799,32,160864
2023-02-19,Indonesia,Asia,1416,6734215,22,160886
2023-02-26,Indonesia,Asia,1413,6735628,22,160908
2023-03-05,Indonesia,Asia,1531,6737159,22,160930
2023-03-12,Indonesia,Asia,1908,6739067,18,160948
2023-03-19,Indonesia,Asia,2287,6741354,23,160971
2023-03-26,Indonesia,Asia,2679,6744033,23,160994
2023-04-02,Indonesia,Asia,3330,6747363,33,161027
2023-04-09,Indonesia,Asia,3805,6751168,25,161052
2023-04-16,Indonesia,Asia,6277,6757445,71,161123
2023-04-23,Indonesia,Asia,6495,6763940,54,161177
2023-04-30,Indonesia,Asia,10781,6774721,107,161284
2023-05-07,Indonesia,Asia,12633,6787354,175,161459
2023-05-14,Indonesia,Asia,9982,6797336,150,161609
2023-05-21,Indonesia,Asia,4754,6802090,65,161674
2023-05-28,Indonesia,Asia,4198,6806288,65,161739
2023-06-04,Indonesia,Asia,2249,6808537,50,161789
2023-06-11,Indonesia,Asia,1582,6810119,32,161821
2023-06-18,Indonesia,Asia,1009,6811128,23,161844
2023-06-25,Indonesia,Asia,652,6811780,21,161865
2023-07-02,Indonesia,Asia,307,6812087,13,161878
2023-07-09,Indonesia,Asia,302,6812389,6,161884
2023-07-16,Indonesia,Asia,281,6812670,11,161895
2023-07-23,Indonesia,Asia,148,6812818,8,161903
2023-07-30,Indonesia,Asia,148,6812966,11,161914
2023-08-06,Indonesia,Asia,129,6813095,2,161916
2023-08-13,Indonesia,Asia,72,6813167,0,161916
2023-08-20,Indonesia,Asia,66,6813233,0,161916
2023-08-27,Indonesia,Asia,68,6813301,2,161918
2023-09-03,Indonesia,Asia,66,6813367,0,161918
2023-09-10,Indonesia,Asia,11,6813378,0,161918
2023-09-17,Indonesia,Asia,51,6813429,0,161918
2023-09-24,Indonesia,Asia,0,6813429,0,161918
2023-10-01,Indonesia,Asia,0,6813429,0,161918
2023-10-08,Indonesia,Asia,0,6813429,0,161918
2023-10-15,Indonesia,Asia,0,6813429,0,161918
2023-10-22,Indonesia,Asia,0,6813429,0,161918
2023-10-29,Indonesia,Asia,0,6813429,0,161918
2023-11-05,Indonesia,Asia,0,6813429,0,161918
2023-11-12,Indonesia,Asia,0,6813429,0,161918
2023-11-19,Indonesia,Asia,0,6813429,0,161918
2023-11-26,Indonesia,Asia,0,6813429,0,161918
2023-12-03,Indonesia,Asia,0,6813429,0,161918
2023-12-10,Indonesia,Asia,1727,6815156,5,161923
2023-12-17,Indonesia,Asia,1998,6817154,7,161930
2023-12-24,Indonesia,Asia,2676,6819830,24,161954
2023-12-31,Indonesia,Asia,1940,6821770,18,161972
2024-01-07,Indonesia,Asia,1996,6823766,23,161995
2024-01-14,Indonesia,Asia,1772,6825538,20,162015
2024-01-21,Indonesia,Asia,1212,6826750,18,162033
2024-01-28,Indonesia,Asia,919,6827669,12,162045
2024-02-04,Indonesia,Asia,599,6828268,9,162054
2024-02-11,Indonesia,Asia,58,6828326,-4,162050
2024-02-18,Indonesia,Asia,0,6828326,0,162050
2024-02-25,Indonesia,Asia,41,6828367,0,162050
2024-03-03,Indonesia,Asia,441,6828808,5,162055
2024-03-10,Indonesia,Asia,48,6828856,1,162056
2024-03-17,Indonesia,Asia,28,6828884,0,162056
2024-03-24,Indonesia,Asia,35,6828919,0,162056
2024-03-31,Indonesia,Asia,23,6828942,0,162056
2024-04-07,Indonesia,Asia,15,6828957,0,162056
2024-04-14,Indonesia,Asia,6,6828963,2,162058
2024-04-21,Indonesia,Asia,6,6828969,0,162058
2024-04-28,Indonesia,Asia,0,6828969,0,162058
2024-05-05,Indonesia,Asia,24,6828993,0,162058
2024-05-12,Indonesia,Asia,17,6829010,0,162058
2024-05-19,Indonesia,Asia,19,6829029,0,162058
2024-05-26,Indonesia,Asia,0,6829029,0,162058
2024-06-02,Indonesia,Asia,28,6829057,0,162058
2024-06-09,Indonesia,Asia,63,6829120,0,162058
2024-06-16,Indonesia,Asia,0,6829120,0,162058
2024-06-23,Indonesia,Asia,0,6829120,0,162058
2024-06-30,Indonesia,Asia,99,6829219,0,162058
2024-07-07,Indonesia,Asia,41,6829260,0,162058
2024-07-14,Indonesia,Asia,45,6829305,1,162059
2024-07-21,Indonesia,Asia,48,6829353,0,162059
2024-07-28,Indonesia,Asia,0,6829353,0,162059
2024-08-04,Indonesia,Asia,46,6829399,0,162059
2024-08-11,Indonesia,Asia,92,6829491,0,162059
2024-08-18,Indonesia,Asia,24,6829515,0,162059
2024-08-25,Indonesia,Asia,13,6829528,0,162059
2024-09-01,Indonesia,Asia,21,6829549,0,162059
2020-01-05,International commercial vessel,Uncategorized,0,0,0,0
2020-01-12,International commercial vessel,Uncategorized,0,0,0,0
2020-01-19,International commercial vessel,Uncategorized,0,0,0,0
2020-01-26,International commercial vessel,Uncategorized,0,0,0,0
2020-02-02,International commercial vessel,Uncategorized,0,0,0,0
2020-02-09,International commercial vessel,Uncategorized,0,0,0,0
2020-02-16,International commercial vessel,Uncategorized,0,0,0,0
2020-02-23,International commercial vessel,Uncategorized,0,0,0,0
2020-03-01,International commercial vessel,Uncategorized,0,0,0,0
2020-03-08,International commercial vessel,Uncategorized,0,0,0,0
2020-03-15,International commercial vessel,Uncategorized,0,0,0,0
2020-03-22,International commercial vessel,Uncategorized,0,0,0,0
2020-03-29,International commercial vessel,Uncategorized,0,0,0,0
2020-04-05,International commercial vessel,Uncategorized,0,0,0,0
2020-04-12,International commercial vessel,Uncategorized,0,0,0,0
2020-04-19,International commercial vessel,Uncategorized,0,0,0,0
2020-04-26,International commercial vessel,Uncategorized,0,0,0,0
2020-05-03,International commercial vessel,Uncategorized,0,0,0,0
2020-05-10,International commercial vessel,Uncategorized,0,0,0,0
2020-05-17,International commercial vessel,Uncategorized,0,0,0,0
2020-05-24,International commercial vessel,Uncategorized,29,29,0,0
2020-05-31,International commercial vessel,Uncategorized,0,29,0,0
2020-06-07,International commercial vessel,Uncategorized,0,29,0,0
2020-06-14,International commercial vessel,Uncategorized,0,29,0,0
2020-06-21,International commercial vessel,Uncategorized,0,29,0,0
2020-06-28,International commercial vessel,Uncategorized,0,29,0,0
2020-07-05,International commercial vessel,Uncategorized,0,29,0,0
2020-07-12,International commercial vessel,Uncategorized,0,29,0,0
2020-07-19,International commercial vessel,Uncategorized,0,29,0,0
2020-07-26,International commercial vessel,Uncategorized,0,29,0,0
2020-08-02,International commercial vessel,Uncategorized,0,29,0,0
2020-08-09,International commercial vessel,Uncategorized,0,29,0,0
2020-08-16,International commercial vessel,Uncategorized,0,29,0,0
2020-08-23,International commercial vessel,Uncategorized,0,29,0,0
2020-08-30,International commercial vessel,Uncategorized,0,29,0,0
2020-09-06,International commercial vessel,Uncategorized,0,29,0,0
2020-09-13,International commercial vessel,Uncategorized,0,29,0,0
2020-09-20,International commercial vessel,Uncategorized,0,29,0,0
2020-09-27,International commercial vessel,Uncategorized,0,29,0,0
2020-10-04,International commercial vessel,Uncategorized,0,29,0,0
2020-10-11,International commercial vessel,Uncategorized,0,29,0,0
2020-10-18,International commercial vessel,Uncategorized,0,29,0,0
2020-10-25,International commercial vessel,Uncategorized,0,29,0,0
2020-11-01,International commercial vessel,Uncategorized,0,29,0,0
2020-11-08,International commercial vessel,Uncategorized,0,29,0,0
2020-11-15,International commercial vessel,Uncategorized,0,29,0,0
2020-11-22,International commercial vessel,Uncategorized,0,29,0,0
2020-11-29,International commercial vessel,Uncategorized,0,29,0,0
2020-12-06,International commercial vessel,Uncategorized,0,29,0,0
2020-12-13,International commercial vessel,Uncategorized,0,29,0,0
2020-12-20,International commercial vessel,Uncategorized,0,29,0,0
2020-12-27,International commercial vessel,Uncategorized,0,29,0,0
2021-01-03,International commercial vessel,Uncategorized,0,29,0,0
2021-01-10,International commercial vessel,Uncategorized,0,29,0,0
2021-01-17,International commercial vessel,Uncategorized,0,29,0,0
2021-01-24,International commercial vessel,Uncategorized,0,29,0,0
2021-01-31,International commercial vessel,Uncategorized,0,29,0,0
2021-02-07,International commercial vessel,Uncategorized,0,29,0,0
2021-02-14,International commercial vessel,Uncategorized,0,29,0,0
2021-02-21,International commercial vessel,Uncategorized,0,29,0,0
2021-02-28,International commercial vessel,Uncategorized,0,29,0,0
2021-03-07,International commercial vessel,Uncategorized,0,29,0,0
2021-03-14,International commercial vessel,Uncategorized,0,29,0,0
2021-03-21,International commercial vessel,Uncategorized,0,29,0,0
2021-03-28,International commercial vessel,Uncategorized,0,29,0,0
2021-04-04,International commercial vessel,Uncategorized,0,29,0,0
2021-04-11,International commercial vessel,Uncategorized,0,29,0,0
2021-04-18,International commercial vessel,Uncategorized,0,29,0,0
2021-04-25,International commercial vessel,Uncategorized,0,29,0,0
2021-05-02,International commercial vessel,Uncategorized,0,29,0,0
2021-05-09,International commercial vessel,Uncategorized,0,29,0,0
2021-05-16,International commercial vessel,Uncategorized,0,29,0,0
2021-05-23,International commercial vessel,Uncategorized,0,29,0,0
2021-05-30,International commercial vessel,Uncategorized,0,29,0,0
2021-06-06,International commercial vessel,Uncategorized,0,29,0,0
2021-06-13,International commercial vessel,Uncategorized,0,29,0,0
2021-06-20,International commercial vessel,Uncategorized,0,29,0,0
2021-06-27,International commercial vessel,Uncategorized,0,29,0,0
2021-07-04,International commercial vessel,Uncategorized,0,29,0,0
2021-07-11,International commercial vessel,Uncategorized,0,29,0,0
2021-07-18,International commercial vessel,Uncategorized,0,29,0,0
2021-07-25,International commercial vessel,Uncategorized,0,29,0,0
2021-08-01,International commercial vessel,Uncategorized,0,29,0,0
2021-08-08,International commercial vessel,Uncategorized,0,29,0,0
2021-08-15,International commercial vessel,Uncategorized,0,29,0,0
2021-08-22,International commercial vessel,Uncategorized,0,29,0,0
2021-08-29,International commercial vessel,Uncategorized,0,29,0,0
2021-09-05,International commercial vessel,Uncategorized,0,29,0,0
2021-09-12,International commercial vessel,Uncategorized,0,29,0,0
2021-09-19,International commercial vessel,Uncategorized,0,29,0,0
2021-09-26,International commercial vessel,Uncategorized,0,29,0,0
2021-10-03,International commercial vessel,Uncategorized,0,29,0,0
2021-10-10,International commercial vessel,Uncategorized,0,29,0,0
2021-10-17,International commercial vessel,Uncategorized,0,29,0,0
2021-10-24,International commercial vessel,Uncategorized,0,29,0,0
2021-10-31,International commercial vessel,Uncategorized,0,29,0,0
2021-11-07,International commercial vessel,Uncategorized,0,29,0,0
2021-11-14,International commercial vessel,Uncategorized,0,29,0,0
2021-11-21,International commercial vessel,Uncategorized,0,29,0,0
2021-11-28,International commercial vessel,Uncategorized,0,29,0,0
2021-12-05,International commercial vessel,Uncategorized,0,29,0,0
2021-12-12,International commercial vessel,Uncategorized,0,29,0,0
2021-12-19,International commercial vessel,Uncategorized,0,29,0,0
2021-12-26,International commercial vessel,Uncategorized,0,29,0,0
2022-01-02,International commercial vessel,Uncategorized,0,29,0,0
2022-01-09,International commercial vessel,Uncategorized,0,29,0,0
2022-01-16,International commercial vessel,Uncategorized,0,29,0,0
2022-01-23,International commercial vessel,Uncategorized,0,29,0,0
2022-01-30,International commercial vessel,Uncategorized,0,29,0,0
2022-02-06,International commercial vessel,Uncategorized,0,29,0,0
2022-02-13,International commercial vessel,Uncategorized,0,29,0,0
2022-02-20,International commercial vessel,Uncategorized,0,29,0,0
2022-02-27,International commercial vessel,Uncategorized,0,29,0,0
2022-03-06,International commercial vessel,Uncategorized,0,29,0,0
2022-03-13,International commercial vessel,Uncategorized,0,29,0,0
2022-03-20,International commercial vessel,Uncategorized,0,29,0,0
2022-03-27,International commercial vessel,Uncategorized,0,29,0,0
2022-04-03,International commercial vessel,Uncategorized,0,29,0,0
2022-04-10,International commercial vessel,Uncategorized,0,29,0,0
2022-04-17,International commercial vessel,Uncategorized,0,29,0,0
2022-04-24,International commercial vessel,Uncategorized,0,29,0,0
2022-05-01,International commercial vessel,Uncategorized,0,29,0,0
2022-05-08,International commercial vessel,Uncategorized,0,29,0,0
2022-05-15,International commercial vessel,Uncategorized,0,29,0,0
2022-05-22,International commercial vessel,Uncategorized,0,29,0,0
2022-05-29,International commercial vessel,Uncategorized,0,29,0,0
2022-06-05,International commercial vessel,Uncategorized,0,29,0,0
2022-06-12,International commercial vessel,Uncategorized,0,29,0,0
2022-06-19,International commercial vessel,Uncategorized,0,29,0,0
2022-06-26,International commercial vessel,Uncategorized,0,29,0,0
2022-07-03,International commercial vessel,Uncategorized,0,29,0,0
2022-07-10,International commercial vessel,Uncategorized,0,29,0,0
2022-07-17,International commercial vessel,Uncategorized,0,29,0,0
2022-07-24,International commercial vessel,Uncategorized,0,29,0,0
2022-07-31,International commercial vessel,Uncategorized,0,29,0,0
2022-08-07,International commercial vessel,Uncategorized,0,29,0,0
2022-08-14,International commercial vessel,Uncategorized,0,29,0,0
2022-08-21,International commercial vessel,Uncategorized,0,29,0,0
2022-08-28,International commercial vessel,Uncategorized,0,29,0,0
2022-09-04,International commercial vessel,Uncategorized,0,29,0,0
2022-09-11,International commercial vessel,Uncategorized,0,29,0,0
2022-09-18,International commercial vessel,Uncategorized,0,29,0,0
2022-09-25,International commercial vessel,Uncategorized,0,29,0,0
2022-10-02,International commercial vessel,Uncategorized,0,29,0,0
2022-10-09,International commercial vessel,Uncategorized,0,29,0,0
2022-10-16,International commercial vessel,Uncategorized,0,29,0,0
2022-10-23,International commercial vessel,Uncategorized,0,29,0,0
2022-10-30,International commercial vessel,Uncategorized,0,29,0,0
2022-11-06,International commercial vessel,Uncategorized,0,29,0,0
2022-11-13,International commercial vessel,Uncategorized,0,29,0,0
2022-11-20,International commercial vessel,Uncategorized,0,29,0,0
2022-11-27,International commercial vessel,Uncategorized,0,29,0,0
2022-12-04,International commercial vessel,Uncategorized,0,29,0,0
2022-12-11,International commercial vessel,Uncategorized,0,29,0,0
2022-12-18,International commercial vessel,Uncategorized,0,29,0,0
2022-12-25,International commercial vessel,Uncategorized,0,29,0,0
2023-01-01,International commercial vessel,Uncategorized,0,29,0,0
2023-01-08,International commercial vessel,Uncategorized,0,29,0,0
2023-01-15,International commercial vessel,Uncategorized,0,29,0,0
2023-01-22,International commercial vessel,Uncategorized,0,29,0,0
2023-01-29,International commercial vessel,Uncategorized,0,29,0,0
2023-02-05,International commercial vessel,Uncategorized,0,29,0,0
2023-02-12,International commercial vessel,Uncategorized,0,29,0,0
2023-02-19,International commercial vessel,Uncategorized,0,29,0,0
2023-02-26,International commercial vessel,Uncategorized,0,29,0,0
2023-03-05,International commercial vessel,Uncategorized,0,29,0,0
2023-03-12,International commercial vessel,Uncategorized,0,29,0,0
2023-03-19,International commercial vessel,Uncategorized,0,29,0,0
2023-03-26,International commercial vessel,Uncategorized,0,29,0,0
2023-04-02,International commercial vessel,Uncategorized,0,29,0,0
2023-04-09,International commercial vessel,Uncategorized,0,29,0,0
2023-04-16,International commercial vessel,Uncategorized,0,29,0,0
2023-04-23,International commercial vessel,Uncategorized,0,29,0,0
2023-04-30,International commercial vessel,Uncategorized,0,29,0,0
2023-05-07,International commercial vessel,Uncategorized,0,29,0,0
2023-05-14,International commercial vessel,Uncategorized,0,29,0,0
2023-05-21,International commercial vessel,Uncategorized,0,29,0,0
2023-05-28,International commercial vessel,Uncategorized,0,29,0,0
2023-06-04,International commercial vessel,Uncategorized,0,29,0,0
2023-06-11,International commercial vessel,Uncategorized,0,29,0,0
2023-06-18,International commercial vessel,Uncategorized,0,29,0,0
2023-06-25,International commercial vessel,Uncategorized,0,29,0,0
2023-07-02,International commercial vessel,Uncategorized,0,29,0,0
2023-07-09,International commercial vessel,Uncategorized,0,29,0,0
2023-07-16,International commercial vessel,Uncategorized,0,29,0,0
2023-07-23,International commercial vessel,Uncategorized,0,29,0,0
2023-07-30,International commercial vessel,Uncategorized,0,29,0,0
2023-08-06,International commercial vessel,Uncategorized,0,29,0,0
2023-08-13,International commercial vessel,Uncategorized,0,29,0,0
2023-08-20,International commercial vessel,Uncategorized,0,29,0,0
2023-08-27,International commercial vessel,Uncategorized,0,29,0,0
2023-09-03,International commercial vessel,Uncategorized,0,29,0,0
2023-09-10,International commercial vessel,Uncategorized,0,29,0,0
2023-09-17,International commercial vessel,Uncategorized,0,29,0,0
2023-09-24,International commercial vessel,Uncategorized,0,29,0,0
2023-10-01,International commercial vessel,Uncategorized,0,29,0,0
2023-10-08,International commercial vessel,Uncategorized,0,29,0,0
2023-10-15,International commercial vessel,Uncategorized,0,29,0,0
2023-10-22,International commercial vessel,Uncategorized,0,29,0,0
2023-10-29,International commercial vessel,Uncategorized,0,29,0,0
2023-11-05,International commercial vessel,Uncategorized,0,29,0,0
2023-11-12,International commercial vessel,Uncategorized,0,29,0,0
2023-11-19,International commercial vessel,Uncategorized,0,29,0,0
2023-11-26,International commercial vessel,Uncategorized,0,29,0,0
2023-12-03,International commercial vessel,Uncategorized,0,29,0,0
2023-12-10,International commercial vessel,Uncategorized,0,29,0,0
2023-12-17,International commercial vessel,Uncategorized,0,29,0,0
2023-12-24,International commercial vessel,Uncategorized,0,29,0,0
2023-12-31,International commercial vessel,Uncategorized,0,29,0,0
2024-01-07,International commercial vessel,Uncategorized,0,29,0,0
2024-01-14,International commercial vessel,Uncategorized,0,29,0,0
2024-01-21,International commercial vessel,Uncategorized,0,29,0,0
2024-01-28,International commercial vessel,Uncategorized,0,29,0,0
2024-02-04,International commercial vessel,Uncategorized,0,29,0,0
2024-02-11,International commercial vessel,Uncategorized,0,29,0,0
2024-02-18,International commercial vessel,Uncategorized,0,29,0,0
2024-02-25,International commercial vessel,Uncategorized,0,29,0,0
2024-03-03,International commercial vessel,Uncategorized,0,29,0,0
2024-03-10,International commercial vessel,Uncategorized,0,29,0,0
2024-03-17,International commercial vessel,Uncategorized,0,29,0,0
2024-03-24,International commercial vessel,Uncategorized,0,29,0,0
2024-03-31,International commercial vessel,Uncategorized,0,29,0,0
2024-04-07,International commercial vessel,Uncategorized,0,29,0,0
2024-04-14,International commercial vessel,Uncategorized,0,29,0,0
2024-04-21,International commercial vessel,Uncategorized,0,29,0,0
2024-04-28,International commercial vessel,Uncategorized,0,29,0,0
2024-05-05,International commercial vessel,Uncategorized,0,29,0,0
2024-05-12,International commercial vessel,Uncategorized,0,29,0,0
2024-05-19,International commercial vessel,Uncategorized,0,29,0,0
2024-05-26,International commercial vessel,Uncategorized,0,29,0,0
2024-06-02,International commercial vessel,Uncategorized,0,29,0,0
2024-06-09,International commercial vessel,Uncategorized,0,29,0,0
2024-06-16,International commercial vessel,Uncategorized,0,29,0,0
2024-06-23,International commercial vessel,Uncategorized,0,29,0,0
2024-06-30,International commercial vessel,Uncategorized,0,29,0,0
2024-07-07,International commercial vessel,Uncategorized,0,29,0,0
2024-07-14,International commercial vessel,Uncategorized,0,29,0,0
2024-07-21,International commercial vessel,Uncategorized,0,29,0,0
2024-07-28,International commercial vessel,Uncategorized,0,29,0,0
2024-08-04,International commercial vessel,Uncategorized,0,29,0,0
2024-08-11,International commercial vessel,Uncategorized,0,29,0,0
2024-08-18,International commercial vessel,Uncategorized,0,29,0,0
2024-08-25,International commercial vessel,Uncategorized,0,29,0,0
2024-09-01,International commercial vessel,Uncategorized,0,29,0,0
2020-01-05,International conveyance (American Samoa),Uncategorized,0,0,0,0
2020-01-12,International conveyance (American Samoa),Uncategorized,0,0,0,0
2020-01-19,International conveyance (American Samoa),Uncategorized,0,0,0,0
2020-01-26,International conveyance (American Samoa),Uncategorized,0,0,0,0
2020-02-02,International conveyance (American Samoa),Uncategorized,0,0,0,0
2020-02-09,International conveyance (American Samoa),Uncategorized,0,0,0,0
2020-02-16,International conveyance (American Samoa),Uncategorized,0,0,0,0
2020-02-23,International conveyance (American Samoa),Uncategorized,0,0,0,0
2020-03-01,International conveyance (American Samoa),Uncategorized,0,0,0,0
2020-03-08,International conveyance (American Samoa),Uncategorized,0,0,0,0
2020-03-15,International conveyance (American Samoa),Uncategorized,0,0,0,0
2020-03-22,International conveyance (American Samoa),Uncategorized,0,0,0,0
2020-03-29,International conveyance (American Samoa),Uncategorized,0,0,0,0
2020-04-05,International conveyance (American Samoa),Uncategorized,0,0,0,0
2020-04-12,International conveyance (American Samoa),Uncategorized,0,0,0,0
2020-04-19,International conveyance (American Samoa),Uncategorized,0,0,0,0
2020-04-26,International conveyance (American Samoa),Uncategorized,0,0,0,0
2020-05-03,International conveyance (American Samoa),Uncategorized,0,0,0,0
2020-05-10,International conveyance (American Samoa),Uncategorized,0,0,0,0
2020-05-17,International conveyance (American Samoa),Uncategorized,0,0,0,0
2020-05-24,International conveyance (American Samoa),Uncategorized,0,0,0,0
2020-05-31,International conveyance (American Samoa),Uncategorized,0,0,0,0
2020-06-07,International conveyance (American Samoa),Uncategorized,0,0,0,0
2020-06-14,International conveyance (American Samoa),Uncategorized,0,0,0,0
2020-06-21,International conveyance (American Samoa),Uncategorized,0,0,0,0
2020-06-28,International conveyance (American Samoa),Uncategorized,0,0,0,0
2020-07-05,International conveyance (American Samoa),Uncategorized,0,0,0,0
2020-07-12,International conveyance (American Samoa),Uncategorized,0,0,0,0
2020-07-19,International conveyance (American Samoa),Uncategorized,0,0,0,0
2020-07-26,International conveyance (American Samoa),Uncategorized,0,0,0,0
2020-08-02,International conveyance (American Samoa),Uncategorized,0,0,0,0
2020-08-09,International conveyance (American Samoa),Uncategorized,0,0,0,0
2020-08-16,International conveyance (American Samoa),Uncategorized,0,0,0,0
2020-08-23,International conveyance (American Samoa),Uncategorized,0,0,0,0
2020-08-30,International conveyance (American Samoa),Uncategorized,0,0,0,0
2020-09-06,International conveyance (American Samoa),Uncategorized,0,0,0,0
2020-09-13,International conveyance (American Samoa),Uncategorized,0,0,0,0
2020-09-20,International conveyance (American Samoa),Uncategorized,0,0,0,0
2020-09-27,International conveyance (American Samoa),Uncategorized,0,0,0,0
2020-10-04,International conveyance (American Samoa),Uncategorized,0,0,0,0
2020-10-11,International conveyance (American Samoa),Uncategorized,0,0,0,0
2020-10-18,International conveyance (American Samoa),Uncategorized,0,0,0,0
2020-10-25,International conveyance (American Samoa),Uncategorized,0,0,0,0
2020-11-01,International conveyance (American Samoa),Uncategorized,0,0,0,0
2020-11-08,International conveyance (American Samoa),Uncategorized,0,0,0,0
2020-11-15,International conveyance (American Samoa),Uncategorized,0,0,0,0
2020-11-22,International conveyance (American Samoa),Uncategorized,0,0,0,0
2020-11-29,International conveyance (American Samoa),Uncategorized,0,0,0,0
2020-12-06,International conveyance (American Samoa),Uncategorized,0,0,0,0
2020-12-13,International conveyance (American Samoa),Uncategorized,3,3,0,0
2020-12-20,International conveyance (American Samoa),Uncategorized,0,3,0,0
2020-12-27,International conveyance (American Samoa),Uncategorized,1,4,0,0
2021-01-03,International conveyance (American Samoa),Uncategorized,0,4,0,0
2021-01-10,International conveyance (American Samoa),Uncategorized,0,4,0,0
2021-01-17,International conveyance (American Samoa),Uncategorized,0,4,0,0
2021-01-24,International conveyance (American Samoa),Uncategorized,0,4,0,0
2021-01-31,International conveyance (American Samoa),Uncategorized,0,4,0,0
2021-02-07,International conveyance (American Samoa),Uncategorized,0,4,0,0
2021-02-14,International conveyance (American Samoa),Uncategorized,0,4,0,0
2021-02-21,International conveyance (American Samoa),Uncategorized,0,4,0,0
2021-02-28,International conveyance (American Samoa),Uncategorized,0,4,0,0
2021-03-07,International conveyance (American Samoa),Uncategorized,0,4,0,0
2021-03-14,International conveyance (American Samoa),Uncategorized,0,4,0,0
2021-03-21,International conveyance (American Samoa),Uncategorized,0,4,0,0
2021-03-28,International conveyance (American Samoa),Uncategorized,0,4,0,0
2021-04-04,International conveyance (American Samoa),Uncategorized,0,4,0,0
2021-04-11,International conveyance (American Samoa),Uncategorized,0,4,0,0
2021-04-18,International conveyance (American Samoa),Uncategorized,0,4,0,0
2021-04-25,International conveyance (American Samoa),Uncategorized,0,4,0,0
2021-05-02,International conveyance (American Samoa),Uncategorized,0,4,0,0
2021-05-09,International conveyance (American Samoa),Uncategorized,0,4,0,0
2021-05-16,International conveyance (American Samoa),Uncategorized,0,4,0,0
2021-05-23,International conveyance (American Samoa),Uncategorized,0,4,0,0
2021-05-30,International conveyance (American Samoa),Uncategorized,0,4,0,0
2021-06-06,International conveyance (American Samoa),Uncategorized,0,4,0,0
2021-06-13,International conveyance (American Samoa),Uncategorized,0,4,0,0
2021-06-20,International conveyance (American Samoa),Uncategorized,0,4,0,0
2021-06-27,International conveyance (American Samoa),Uncategorized,0,4,0,0
2021-07-04,International conveyance (American Samoa),Uncategorized,0,4,0,0
2021-07-11,International conveyance (American Samoa),Uncategorized,0,4,0,0
2021-07-18,International conveyance (American Samoa),Uncategorized,0,4,0,0
2021-07-25,International conveyance (American Samoa),Uncategorized,0,4,0,0
2021-08-01,International conveyance (American Samoa),Uncategorized,0,4,0,0
2021-08-08,International conveyance (American Samoa),Uncategorized,0,4,0,0
2021-08-15,International conveyance (American Samoa),Uncategorized,0,4,0,0
2021-08-22,International conveyance (American Samoa),Uncategorized,0,4,0,0
2021-08-29,International conveyance (American Samoa),Uncategorized,0,4,0,0
2021-09-05,International conveyance (American Samoa),Uncategorized,0,4,0,0
2021-09-12,International conveyance (American Samoa),Uncategorized,0,4,0,0
2021-09-19,International conveyance (American Samoa),Uncategorized,0,4,0,0
2021-09-26,International conveyance (American Samoa),Uncategorized,0,4,0,0
2021-10-03,International conveyance (American Samoa),Uncategorized,0,4,0,0
2021-10-10,International conveyance (American Samoa),Uncategorized,0,4,0,0
2021-10-17,International conveyance (American Samoa),Uncategorized,0,4,0,0
2021-10-24,International conveyance (American Samoa),Uncategorized,0,4,0,0
2021-10-31,International conveyance (American Samoa),Uncategorized,0,4,0,0
2021-11-07,International conveyance (American Samoa),Uncategorized,0,4,0,0
2021-11-14,International conveyance (American Samoa),Uncategorized,0,4,0,0
2021-11-21,International conveyance (American Samoa),Uncategorized,0,4,0,0
2021-11-28,International conveyance (American Samoa),Uncategorized,0,4,0,0
2021-12-05,International conveyance (American Samoa),Uncategorized,0,4,0,0
2021-12-12,International conveyance (American Samoa),Uncategorized,0,4,0,0
2021-12-19,International conveyance (American Samoa),Uncategorized,0,4,0,0
2021-12-26,International conveyance (American Samoa),Uncategorized,0,4,0,0
2022-01-02,International conveyance (American Samoa),Uncategorized,0,4,0,0
2022-01-09,International conveyance (American Samoa),Uncategorized,0,4,0,0
2022-01-16,International conveyance (American Samoa),Uncategorized,0,4,0,0
2022-01-23,International conveyance (American Samoa),Uncategorized,0,4,0,0
2022-01-30,International conveyance (American Samoa),Uncategorized,0,4,0,0
2022-02-06,International conveyance (American Samoa),Uncategorized,0,4,0,0
2022-02-13,International conveyance (American Samoa),Uncategorized,0,4,0,0
2022-02-20,International conveyance (American Samoa),Uncategorized,0,4,0,0
2022-02-27,International conveyance (American Samoa),Uncategorized,0,4,0,0
2022-03-06,International conveyance (American Samoa),Uncategorized,0,4,0,0
2022-03-13,International conveyance (American Samoa),Uncategorized,0,4,0,0
2022-03-20,International conveyance (American Samoa),Uncategorized,0,4,0,0
2022-03-27,International conveyance (American Samoa),Uncategorized,0,4,0,0
2022-04-03,International conveyance (American Samoa),Uncategorized,0,4,0,0
2022-04-10,International conveyance (American Samoa),Uncategorized,0,4,0,0
2022-04-17,International conveyance (American Samoa),Uncategorized,0,4,0,0
2022-04-24,International conveyance (American Samoa),Uncategorized,0,4,0,0
2022-05-01,International conveyance (American Samoa),Uncategorized,0,4,0,0
2022-05-08,International conveyance (American Samoa),Uncategorized,0,4,0,0
2022-05-15,International conveyance (American Samoa),Uncategorized,0,4,0,0
2022-05-22,International conveyance (American Samoa),Uncategorized,0,4,0,0
2022-05-29,International conveyance (American Samoa),Uncategorized,0,4,0,0
2022-06-05,International conveyance (American Samoa),Uncategorized,0,4,0,0
2022-06-12,International conveyance (American Samoa),Uncategorized,0,4,0,0
2022-06-19,International conveyance (American Samoa),Uncategorized,0,4,0,0
2022-06-26,International conveyance (American Samoa),Uncategorized,0,4,0,0
2022-07-03,International conveyance (American Samoa),Uncategorized,0,4,0,0
2022-07-10,International conveyance (American Samoa),Uncategorized,0,4,0,0
2022-07-17,International conveyance (American Samoa),Uncategorized,0,4,0,0
2022-07-24,International conveyance (American Samoa),Uncategorized,0,4,0,0
2022-07-31,International conveyance (American Samoa),Uncategorized,0,4,0,0
2022-08-07,International conveyance (American Samoa),Uncategorized,0,4,0,0
2022-08-14,International conveyance (American Samoa),Uncategorized,0,4,0,0
2022-08-21,International conveyance (American Samoa),Uncategorized,0,4,0,0
2022-08-28,International conveyance (American Samoa),Uncategorized,0,4,0,0
2022-09-04,International conveyance (American Samoa),Uncategorized,0,4,0,0
2022-09-11,International conveyance (American Samoa),Uncategorized,0,4,0,0
2022-09-18,International conveyance (American Samoa),Uncategorized,0,4,0,0
2022-09-25,International conveyance (American Samoa),Uncategorized,0,4,0,0
2022-10-02,International conveyance (American Samoa),Uncategorized,0,4,0,0
2022-10-09,International conveyance (American Samoa),Uncategorized,0,4,0,0
2022-10-16,International conveyance (American Samoa),Uncategorized,0,4,0,0
2022-10-23,International conveyance (American Samoa),Uncategorized,0,4,0,0
2022-10-30,International conveyance (American Samoa),Uncategorized,0,4,0,0
2022-11-06,International conveyance (American Samoa),Uncategorized,0,4,0,0
2022-11-13,International conveyance (American Samoa),Uncategorized,0,4,0,0
2022-11-20,International conveyance (American Samoa),Uncategorized,0,4,0,0
2022-11-27,International conveyance (American Samoa),Uncategorized,0,4,0,0
2022-12-04,International conveyance (American Samoa),Uncategorized,0,4,0,0
2022-12-11,International conveyance (American Samoa),Uncategorized,0,4,0,0
2022-12-18,International conveyance (American Samoa),Uncategorized,0,4,0,0
2022-12-25,International conveyance (American Samoa),Uncategorized,0,4,0,0
2023-01-01,International conveyance (American Samoa),Uncategorized,0,4,0,0
2023-01-08,International conveyance (American Samoa),Uncategorized,0,4,0,0
2023-01-15,International conveyance (American Samoa),Uncategorized,0,4,0,0
2023-01-22,International conveyance (American Samoa),Uncategorized,0,4,0,0
2023-01-29,International conveyance (American Samoa),Uncategorized,0,4,0,0
2023-02-05,International conveyance (American Samoa),Uncategorized,0,4,0,0
2023-02-12,International conveyance (American Samoa),Uncategorized,0,4,0,0
2023-02-19,International conveyance (American Samoa),Uncategorized,0,4,0,0
2023-02-26,International conveyance (American Samoa),Uncategorized,0,4,0,0
2023-03-05,International conveyance (American Samoa),Uncategorized,0,4,0,0
2023-03-12,International conveyance (American Samoa),Uncategorized,0,4,0,0
2023-03-19,International conveyance (American Samoa),Uncategorized,0,4,0,0
2023-03-26,International conveyance (American Samoa),Uncategorized,0,4,0,0
2023-04-02,International conveyance (American Samoa),Uncategorized,0,4,0,0
2023-04-09,International conveyance (American Samoa),Uncategorized,0,4,0,0
2023-04-16,International conveyance (American Samoa),Uncategorized,0,4,0,0
2023-04-23,International conveyance (American Samoa),Uncategorized,0,4,0,0
2023-04-30,International conveyance (American Samoa),Uncategorized,0,4,0,0
2023-05-07,International conveyance (American Samoa),Uncategorized,0,4,0,0
2023-05-14,International conveyance (American Samoa),Uncategorized,0,4,0,0
2023-05-21,International conveyance (American Samoa),Uncategorized,0,4,0,0
2023-05-28,International conveyance (American Samoa),Uncategorized,0,4,0,0
2023-06-04,International conveyance (American Samoa),Uncategorized,0,4,0,0
2023-06-11,International conveyance (American Samoa),Uncategorized,0,4,0,0
2023-06-18,International conveyance (American Samoa),Uncategorized,0,4,0,0
2023-06-25,International conveyance (American Samoa),Uncategorized,0,4,0,0
2023-07-02,International conveyance (American Samoa),Uncategorized,0,4,0,0
2023-07-09,International conveyance (American Samoa),Uncategorized,0,4,0,0
2023-07-16,International conveyance (American Samoa),Uncategorized,0,4,0,0
2023-07-23,International conveyance (American Samoa),Uncategorized,0,4,0,0
2023-07-30,International conveyance (American Samoa),Uncategorized,0,4,0,0
2023-08-06,International conveyance (American Samoa),Uncategorized,0,4,0,0
2023-08-13,International conveyance (American Samoa),Uncategorized,0,4,0,0
2023-08-20,International conveyance (American Samoa),Uncategorized,0,4,0,0
2023-08-27,International conveyance (American Samoa),Uncategorized,0,4,0,0
2023-09-03,International conveyance (American Samoa),Uncategorized,0,4,0,0
2023-09-10,International conveyance (American Samoa),Uncategorized,0,4,0,0
2023-09-17,International conveyance (American Samoa),Uncategorized,0,4,0,0
2023-09-24,International conveyance (American Samoa),Uncategorized,0,4,0,0
2023-10-01,International conveyance (American Samoa),Uncategorized,0,4,0,0
2023-10-08,International conveyance (American Samoa),Uncategorized,0,4,0,0
2023-10-15,International conveyance (American Samoa),Uncategorized,0,4,0,0
2023-10-22,International conveyance (American Samoa),Uncategorized,0,4,0,0
2023-10-29,International conveyance (American Samoa),Uncategorized,0,4,0,0
2023-11-05,International conveyance (American Samoa),Uncategorized,0,4,0,0
2023-11-12,International conveyance (American Samoa),Uncategorized,0,4,0,0
2023-11-19,International conveyance (American Samoa),Uncategorized,0,4,0,0
2023-11-26,International conveyance (American Samoa),Uncategorized,0,4,0,0
2023-12-03,International conveyance (American Samoa),Uncategorized,0,4,0,0
2023-12-10,International conveyance (American Samoa),Uncategorized,0,4,0,0
2023-12-17,International conveyance (American Samoa),Uncategorized,0,4,0,0
2023-12-24,International conveyance (American Samoa),Uncategorized,0,4,0,0
2023-12-31,International conveyance (American Samoa),Uncategorized,0,4,0,0
2024-01-07,International conveyance (American Samoa),Uncategorized,0,4,0,0
2024-01-14,International conveyance (American Samoa),Uncategorized,0,4,0,0
2024-01-21,International conveyance (American Samoa),Uncategorized,0,4,0,0
2024-01-28,International conveyance (American Samoa),Uncategorized,0,4,0,0
2024-02-04,International conveyance (American Samoa),Uncategorized,0,4,0,0
2024-02-11,International conveyance (American Samoa),Uncategorized,0,4,0,0
2024-02-18,International conveyance (American Samoa),Uncategorized,0,4,0,0
2024-02-25,International conveyance (American Samoa),Uncategorized,0,4,0,0
2024-03-03,International conveyance (American Samoa),Uncategorized,0,4,0,0
2024-03-10,International conveyance (American Samoa),Uncategorized,0,4,0,0
2024-03-17,International conveyance (American Samoa),Uncategorized,0,4,0,0
2024-03-24,International conveyance (American Samoa),Uncategorized,0,4,0,0
2024-03-31,International conveyance (American Samoa),Uncategorized,0,4,0,0
2024-04-07,International conveyance (American Samoa),Uncategorized,0,4,0,0
2024-04-14,International conveyance (American Samoa),Uncategorized,0,4,0,0
2024-04-21,International conveyance (American Samoa),Uncategorized,0,4,0,0
2024-04-28,International conveyance (American Samoa),Uncategorized,0,4,0,0
2024-05-05,International conveyance (American Samoa),Uncategorized,0,4,0,0
2024-05-12,International conveyance (American Samoa),Uncategorized,0,4,0,0
2024-05-19,International conveyance (American Samoa),Uncategorized,0,4,0,0
2024-05-26,International conveyance (American Samoa),Uncategorized,0,4,0,0
2024-06-02,International conveyance (American Samoa),Uncategorized,0,4,0,0
2024-06-09,International conveyance (American Samoa),Uncategorized,0,4,0,0
2024-06-16,International conveyance (American Samoa),Uncategorized,0,4,0,0
2024-06-23,International conveyance (American Samoa),Uncategorized,0,4,0,0
2024-06-30,International conveyance (American Samoa),Uncategorized,0,4,0,0
2024-07-07,International conveyance (American Samoa),Uncategorized,0,4,0,0
2024-07-14,International conveyance (American Samoa),Uncategorized,0,4,0,0
2024-07-21,International conveyance (American Samoa),Uncategorized,0,4,0,0
2024-07-28,International conveyance (American Samoa),Uncategorized,0,4,0,0
2024-08-04,International conveyance (American Samoa),Uncategorized,0,4,0,0
2024-08-11,International conveyance (American Samoa),Uncategorized,0,4,0,0
2024-08-18,International conveyance (American Samoa),Uncategorized,0,4,0,0
2024-08-25,International conveyance (American Samoa),Uncategorized,0,4,0,0
2024-09-01,International conveyance (American Samoa),Uncategorized,0,4,0,0
2020-01-05,International conveyance (Diamond Princess),Uncategorized,0,0,0,0
2020-01-12,International conveyance (Diamond Princess),Uncategorized,0,0,0,0
2020-01-19,International conveyance (Diamond Princess),Uncategorized,0,0,0,0
2020-01-26,International conveyance (Diamond Princess),Uncategorized,0,0,0,0
2020-02-02,International conveyance (Diamond Princess),Uncategorized,0,0,0,0
2020-02-09,International conveyance (Diamond Princess),Uncategorized,74,74,0,0
2020-02-16,International conveyance (Diamond Princess),Uncategorized,285,359,0,0
2020-02-23,International conveyance (Diamond Princess),Uncategorized,336,695,2,2
2020-03-01,International conveyance (Diamond Princess),Uncategorized,5,700,4,6
2020-03-08,International conveyance (Diamond Princess),Uncategorized,0,700,1,7
2020-03-15,International conveyance (Diamond Princess),Uncategorized,12,712,0,7
2020-03-22,International conveyance (Diamond Princess),Uncategorized,0,712,1,8
2020-03-29,International conveyance (Diamond Princess),Uncategorized,0,712,2,10
2020-04-05,International conveyance (Diamond Princess),Uncategorized,0,712,1,11
2020-04-12,International conveyance (Diamond Princess),Uncategorized,0,712,0,11
2020-04-19,International conveyance (Diamond Princess),Uncategorized,0,712,2,13
2020-04-26,International conveyance (Diamond Princess),Uncategorized,0,712,0,13
2020-05-03,International conveyance (Diamond Princess),Uncategorized,0,712,0,13
2020-05-10,International conveyance (Diamond Princess),Uncategorized,0,712,0,13
2020-05-17,International conveyance (Diamond Princess),Uncategorized,0,712,0,13
2020-05-24,International conveyance (Diamond Princess),Uncategorized,0,712,0,13
2020-05-31,International conveyance (Diamond Princess),Uncategorized,0,712,0,13
2020-06-07,International conveyance (Diamond Princess),Uncategorized,0,712,0,13
2020-06-14,International conveyance (Diamond Princess),Uncategorized,0,712,0,13
2020-06-21,International conveyance (Diamond Princess),Uncategorized,0,712,0,13
2020-06-28,International conveyance (Diamond Princess),Uncategorized,0,712,0,13
2020-07-05,International conveyance (Diamond Princess),Uncategorized,0,712,0,13
2020-07-12,International conveyance (Diamond Princess),Uncategorized,0,712,0,13
2020-07-19,International conveyance (Diamond Princess),Uncategorized,0,712,0,13
2020-07-26,International conveyance (Diamond Princess),Uncategorized,0,712,0,13
2020-08-02,International conveyance (Diamond Princess),Uncategorized,0,712,0,13
2020-08-09,International conveyance (Diamond Princess),Uncategorized,0,712,0,13
2020-08-16,International conveyance (Diamond Princess),Uncategorized,0,712,0,13
2020-08-23,International conveyance (Diamond Princess),Uncategorized,0,712,0,13
2020-08-30,International conveyance (Diamond Princess),Uncategorized,0,712,0,13
2020-09-06,International conveyance (Diamond Princess),Uncategorized,0,712,0,13
2020-09-13,International conveyance (Diamond Princess),Uncategorized,0,712,0,13
2020-09-20,International conveyance (Diamond Princess),Uncategorized,0,712,0,13
2020-09-27,International conveyance (Diamond Princess),Uncategorized,0,712,0,13
2020-10-04,International conveyance (Diamond Princess),Uncategorized,0,712,0,13
2020-10-11,International conveyance (Diamond Princess),Uncategorized,0,712,0,13
2020-10-18,International conveyance (Diamond Princess),Uncategorized,0,712,0,13
2020-10-25,International conveyance (Diamond Princess),Uncategorized,0,712,0,13
2020-11-01,International conveyance (Diamond Princess),Uncategorized,0,712,0,13
2020-11-08,International conveyance (Diamond Princess),Uncategorized,0,712,0,13
2020-11-15,International conveyance (Diamond Princess),Uncategorized,0,712,0,13
2020-11-22,International conveyance (Diamond Princess),Uncategorized,0,712,0,13
2020-11-29,International conveyance (Diamond Princess),Uncategorized,0,712,0,13
2020-12-06,International conveyance (Diamond Princess),Uncategorized,0,712,0,13
2020-12-13,International conveyance (Diamond Princess),Uncategorized,0,712,0,13
2020-12-20,International conveyance (Diamond Princess),Uncategorized,0,712,0,13
2020-12-27,International conveyance (Diamond Princess),Uncategorized,0,712,0,13
2021-01-03,International conveyance (Diamond Princess),Uncategorized,0,712,0,13
2021-01-10,International conveyance (Diamond Princess),Uncategorized,0,712,0,13
2021-01-17,International conveyance (Diamond Princess),Uncategorized,0,712,0,13
2021-01-24,International conveyance (Diamond Princess),Uncategorized,0,712,0,13
2021-01-31,International conveyance (Diamond Princess),Uncategorized,0,712,0,13
2021-02-07,International conveyance (Diamond Princess),Uncategorized,0,712,0,13
2021-02-14,International conveyance (Diamond Princess),Uncategorized,0,712,0,13
2021-02-21,International conveyance (Diamond Princess),Uncategorized,0,712,0,13
2021-02-28,International conveyance (Diamond Princess),Uncategorized,0,712,0,13
2021-03-07,International conveyance (Diamond Princess),Uncategorized,0,712,0,13
2021-03-14,International conveyance (Diamond Princess),Uncategorized,0,712,0,13
2021-03-21,International conveyance (Diamond Princess),Uncategorized,0,712,0,13
2021-03-28,International conveyance (Diamond Princess),Uncategorized,0,712,0,13
2021-04-04,International conveyance (Diamond Princess),Uncategorized,0,712,0,13
2021-04-11,International conveyance (Diamond Princess),Uncategorized,0,712,0,13
2021-04-18,International conveyance (Diamond Princess),Uncategorized,0,712,0,13
2021-04-25,International conveyance (Diamond Princess),Uncategorized,0,712,0,13
2021-05-02,International conveyance (Diamond Princess),Uncategorized,0,712,0,13
2021-05-09,International conveyance (Diamond Princess),Uncategorized,0,712,0,13
2021-05-16,International conveyance (Diamond Princess),Uncategorized,0,712,0,13
2021-05-23,International conveyance (Diamond Princess),Uncategorized,0,712,0,13
2021-05-30,International conveyance (Diamond Princess),Uncategorized,0,712,0,13
2021-06-06,International conveyance (Diamond Princess),Uncategorized,0,712,0,13
2021-06-13,International conveyance (Diamond Princess),Uncategorized,0,712,0,13
2021-06-20,International conveyance (Diamond Princess),Uncategorized,0,712,0,13
2021-06-27,International conveyance (Diamond Princess),Uncategorized,0,712,0,13
2021-07-04,International conveyance (Diamond Princess),Uncategorized,0,712,0,13
2021-07-11,International conveyance (Diamond Princess),Uncategorized,0,712,0,13
2021-07-18,International conveyance (Diamond Princess),Uncategorized,0,712,0,13
2021-07-25,International conveyance (Diamond Princess),Uncategorized,0,712,0,13
2021-08-01,International conveyance (Diamond Princess),Uncategorized,0,712,0,13
2021-08-08,International conveyance (Diamond Princess),Uncategorized,0,712,0,13
2021-08-15,International conveyance (Diamond Princess),Uncategorized,0,712,0,13
2021-08-22,International conveyance (Diamond Princess),Uncategorized,0,712,0,13
2021-08-29,International conveyance (Diamond Princess),Uncategorized,0,712,0,13
2021-09-05,International conveyance (Diamond Princess),Uncategorized,0,712,0,13
2021-09-12,International conveyance (Diamond Princess),Uncategorized,0,712,0,13
2021-09-19,International conveyance (Diamond Princess),Uncategorized,0,712,0,13
2021-09-26,International conveyance (Diamond Princess),Uncategorized,0,712,0,13
2021-10-03,International conveyance (Diamond Princess),Uncategorized,0,712,0,13
2021-10-10,International conveyance (Diamond Princess),Uncategorized,0,712,0,13
2021-10-17,International conveyance (Diamond Princess),Uncategorized,0,712,0,13
2021-10-24,International conveyance (Diamond Princess),Uncategorized,0,712,0,13
2021-10-31,International conveyance (Diamond Princess),Uncategorized,0,712,0,13
2021-11-07,International conveyance (Diamond Princess),Uncategorized,0,712,0,13
2021-11-14,International conveyance (Diamond Princess),Uncategorized,0,712,0,13
2021-11-21,International conveyance (Diamond Princess),Uncategorized,0,712,0,13
2021-11-28,International conveyance (Diamond Princess),Uncategorized,0,712,0,13
2021-12-05,International conveyance (Diamond Princess),Uncategorized,0,712,0,13
2021-12-12,International conveyance (Diamond Princess),Uncategorized,0,712,0,13
2021-12-19,International conveyance (Diamond Princess),Uncategorized,0,712,0,13
2021-12-26,International conveyance (Diamond Princess),Uncategorized,0,712,0,13
2022-01-02,International conveyance (Diamond Princess),Uncategorized,0,712,0,13
2022-01-09,International conveyance (Diamond Princess),Uncategorized,0,712,0,13
2022-01-16,International conveyance (Diamond Princess),Uncategorized,0,712,0,13
2022-01-23,International conveyance (Diamond Princess),Uncategorized,0,712,0,13
2022-01-30,International conveyance (Diamond Princess),Uncategorized,0,712,0,13
2022-02-06,International conveyance (Diamond Princess),Uncategorized,0,712,0,13
2022-02-13,International conveyance (Diamond Princess),Uncategorized,0,712,0,13
2022-02-20,International conveyance (Diamond Princess),Uncategorized,0,712,0,13
2022-02-27,International conveyance (Diamond Princess),Uncategorized,0,712,0,13
2022-03-06,International conveyance (Diamond Princess),Uncategorized,0,712,0,13
2022-03-13,International conveyance (Diamond Princess),Uncategorized,0,712,0,13
2022-03-20,International conveyance (Diamond Princess),Uncategorized,0,712,0,13
2022-03-27,International conveyance (Diamond Princess),Uncategorized,0,712,0,13
2022-04-03,International conveyance (Diamond Princess),Uncategorized,0,712,0,13
2022-04-10,International conveyance (Diamond Princess),Uncategorized,0,712,0,13
2022-04-17,International conveyance (Diamond Princess),Uncategorized,0,712,0,13
2022-04-24,International conveyance (Diamond Princess),Uncategorized,0,712,0,13
2022-05-01,International conveyance (Diamond Princess),Uncategorized,0,712,0,13
2022-05-08,International conveyance (Diamond Princess),Uncategorized,0,712,0,13
2022-05-15,International conveyance (Diamond Princess),Uncategorized,0,712,0,13
2022-05-22,International conveyance (Diamond Princess),Uncategorized,0,712,0,13
2022-05-29,International conveyance (Diamond Princess),Uncategorized,0,712,0,13
2022-06-05,International conveyance (Diamond Princess),Uncategorized,0,712,0,13
2022-06-12,International conveyance (Diamond Princess),Uncategorized,0,712,0,13
2022-06-19,International conveyance (Diamond Princess),Uncategorized,0,712,0,13
2022-06-26,International conveyance (Diamond Princess),Uncategorized,0,712,0,13
2022-07-03,International conveyance (Diamond Princess),Uncategorized,0,712,0,13
2022-07-10,International conveyance (Diamond Princess),Uncategorized,0,712,0,13
2022-07-17,International conveyance (Diamond Princess),Uncategorized,0,712,0,13
2022-07-24,International conveyance (Diamond Princess),Uncategorized,0,712,0,13
2022-07-31,International conveyance (Diamond Princess),Uncategorized,0,712,0,13
2022-08-07,International conveyance (Diamond Princess),Uncategorized,0,712,0,13
2022-08-14,International conveyance (Diamond Princess),Uncategorized,0,712,0,13
2022-08-21,International conveyance (Diamond Princess),Uncategorized,0,712,0,13
2022-08-28,International conveyance (Diamond Princess),Uncategorized,0,712,0,13
2022-09-04,International conveyance (Diamond Princess),Uncategorized,0,712,0,13
2022-09-11,International conveyance (Diamond Princess),Uncategorized,0,712,0,13
2022-09-18,International conveyance (Diamond Princess),Uncategorized,0,712,0,13
2022-09-25,International conveyance (Diamond Princess),Uncategorized,0,712,0,13
2022-10-02,International conveyance (Diamond Princess),Uncategorized,0,712,0,13
2022-10-09,International conveyance (Diamond Princess),Uncategorized,0,712,0,13
2022-10-16,International conveyance (Diamond Princess),Uncategorized,0,712,0,13
2022-10-23,International conveyance (Diamond Princess),Uncategorized,0,712,0,13
2022-10-30,International conveyance (Diamond Princess),Uncategorized,0,712,0,13
2022-11-06,International conveyance (Diamond Princess),Uncategorized,0,712,0,13
2022-11-13,International conveyance (Diamond Princess),Uncategorized,0,712,0,13
2022-11-20,International conveyance (Diamond Princess),Uncategorized,0,712,0,13
2022-11-27,International conveyance (Diamond Princess),Uncategorized,0,712,0,13
2022-12-04,International conveyance (Diamond Princess),Uncategorized,0,712,0,13
2022-12-11,International conveyance (Diamond Princess),Uncategorized,0,712,0,13
2022-12-18,International conveyance (Diamond Princess),Uncategorized,0,712,0,13
2022-12-25,International conveyance (Diamond Princess),Uncategorized,0,712,0,13
2023-01-01,International conveyance (Diamond Princess),Uncategorized,0,712,0,13
2023-01-08,International conveyance (Diamond Princess),Uncategorized,0,712,0,13
2023-01-15,International conveyance (Diamond Princess),Uncategorized,0,712,0,13
2023-01-22,International conveyance (Diamond Princess),Uncategorized,0,712,0,13
2023-01-29,International conveyance (Diamond Princess),Uncategorized,0,712,0,13
2023-02-05,International conveyance (Diamond Princess),Uncategorized,0,712,0,13
2023-02-12,International conveyance (Diamond Princess),Uncategorized,0,712,0,13
2023-02-19,International conveyance (Diamond Princess),Uncategorized,0,712,0,13
2023-02-26,International conveyance (Diamond Princess),Uncategorized,0,712,0,13
2023-03-05,International conveyance (Diamond Princess),Uncategorized,0,712,0,13
2023-03-12,International conveyance (Diamond Princess),Uncategorized,0,712,0,13
2023-03-19,International conveyance (Diamond Princess),Uncategorized,0,712,0,13
2023-03-26,International conveyance (Diamond Princess),Uncategorized,0,712,0,13
2023-04-02,International conveyance (Diamond Princess),Uncategorized,0,712,0,13
2023-04-09,International conveyance (Diamond Princess),Uncategorized,0,712,0,13
2023-04-16,International conveyance (Diamond Princess),Uncategorized,0,712,0,13
2023-04-23,International conveyance (Diamond Princess),Uncategorized,0,712,0,13
2023-04-30,International conveyance (Diamond Princess),Uncategorized,0,712,0,13
2023-05-07,International conveyance (Diamond Princess),Uncategorized,0,712,0,13
2023-05-14,International conveyance (Diamond Princess),Uncategorized,0,712,0,13
2023-05-21,International conveyance (Diamond Princess),Uncategorized,0,712,0,13
2023-05-28,International conveyance (Diamond Princess),Uncategorized,0,712,0,13
2023-06-04,International conveyance (Diamond Princess),Uncategorized,0,712,0,13
2023-06-11,International conveyance (Diamond Princess),Uncategorized,0,712,0,13
2023-06-18,International conveyance (Diamond Princess),Uncategorized,0,712,0,13
2023-06-25,International conveyance (Diamond Princess),Uncategorized,0,712,0,13
2023-07-02,International conveyance (Diamond Princess),Uncategorized,0,712,0,13
2023-07-09,International conveyance (Diamond Princess),Uncategorized,0,712,0,13
2023-07-16,International conveyance (Diamond Princess),Uncategorized,0,712,0,13
2023-07-23,International conveyance (Diamond Princess),Uncategorized,0,712,0,13
2023-07-30,International conveyance (Diamond Princess),Uncategorized,0,712,0,13
2023-08-06,International conveyance (Diamond Princess),Uncategorized,0,712,0,13
2023-08-13,International conveyance (Diamond Princess),Uncategorized,0,712,0,13
2023-08-20,International conveyance (Diamond Princess),Uncategorized,0,712,0,13
2023-08-27,International conveyance (Diamond Princess),Uncategorized,0,712,0,13
2023-09-03,International conveyance (Diamond Princess),Uncategorized,0,712,0,13
2023-09-10,International conveyance (Diamond Princess),Uncategorized,0,712,0,13
2023-09-17,International conveyance (Diamond Princess),Uncategorized,0,712,0,13
2023-09-24,International conveyance (Diamond Princess),Uncategorized,0,712,0,13
2023-10-01,International conveyance (Diamond Princess),Uncategorized,0,712,0,13
2023-10-08,International conveyance (Diamond Princess),Uncategorized,0,712,0,13
2023-10-15,International conveyance (Diamond Princess),Uncategorized,0,712,0,13
2023-10-22,International conveyance (Diamond Princess),Uncategorized,0,712,0,13
2023-10-29,International conveyance (Diamond Princess),Uncategorized,0,712,0,13
2023-11-05,International conveyance (Diamond Princess),Uncategorized,0,712,0,13
2023-11-12,International conveyance (Diamond Princess),Uncategorized,0,712,0,13
2023-11-19,International conveyance (Diamond Princess),Uncategorized,0,712,0,13
2023-11-26,International conveyance (Diamond Princess),Uncategorized,0,712,0,13
2023-12-03,International conveyance (Diamond Princess),Uncategorized,0,712,0,13
2023-12-10,International conveyance (Diamond Princess),Uncategorized,0,712,0,13
2023-12-17,International conveyance (Diamond Princess),Uncategorized,0,712,0,13
2023-12-24,International conveyance (Diamond Princess),Uncategorized,0,712,0,13
2023-12-31,International conveyance (Diamond Princess),Uncategorized,0,712,0,13
2024-01-07,International conveyance (Diamond Princess),Uncategorized,0,712,0,13
2024-01-14,International conveyance (Diamond Princess),Uncategorized,0,712,0,13
2024-01-21,International conveyance (Diamond Princess),Uncategorized,0,712,0,13
2024-01-28,International conveyance (Diamond Princess),Uncategorized,0,712,0,13
2024-02-04,International conveyance (Diamond Princess),Uncategorized,0,712,0,13
2024-02-11,International conveyance (Diamond Princess),Uncategorized,0,712,0,13
2024-02-18,International conveyance (Diamond Princess),Uncategorized,0,712,0,13
2024-02-25,International conveyance (Diamond Princess),Uncategorized,0,712,0,13
2024-03-03,International conveyance (Diamond Princess),Uncategorized,0,712,0,13
2024-03-10,International conveyance (Diamond Princess),Uncategorized,0,712,0,13
2024-03-17,International conveyance (Diamond Princess),Uncategorized,0,712,0,13
2024-03-24,International conveyance (Diamond Princess),Uncategorized,0,712,0,13
2024-03-31,International conveyance (Diamond Princess),Uncategorized,0,712,0,13
2024-04-07,International conveyance (Diamond Princess),Uncategorized,0,712,0,13
2024-04-14,International conveyance (Diamond Princess),Uncategorized,0,712,0,13
2024-04-21,International conveyance (Diamond Princess),Uncategorized,0,712,0,13
2024-04-28,International conveyance (Diamond Princess),Uncategorized,0,712,0,13
2024-05-05,International conveyance (Diamond Princess),Uncategorized,0,712,0,13
2024-05-12,International conveyance (Diamond Princess),Uncategorized,0,712,0,13
2024-05-19,International conveyance (Diamond Princess),Uncategorized,0,712,0,13
2024-05-26,International conveyance (Diamond Princess),Uncategorized,0,712,0,13
2024-06-02,International conveyance (Diamond Princess),Uncategorized,0,712,0,13
2024-06-09,International conveyance (Diamond Princess),Uncategorized,0,712,0,13
2024-06-16,International conveyance (Diamond Princess),Uncategorized,0,712,0,13
2024-06-23,International conveyance (Diamond Princess),Uncategorized,0,712,0,13
2024-06-30,International conveyance (Diamond Princess),Uncategorized,0,712,0,13
2024-07-07,International conveyance (Diamond Princess),Uncategorized,0,712,0,13
2024-07-14,International conveyance (Diamond Princess),Uncategorized,0,712,0,13
2024-07-21,International conveyance (Diamond Princess),Uncategorized,0,712,0,13
2024-07-28,International conveyance (Diamond Princess),Uncategorized,0,712,0,13
2024-08-04,International conveyance (Diamond Princess),Uncategorized,0,712,0,13
2024-08-11,International conveyance (Diamond Princess),Uncategorized,0,712,0,13
2024-08-18,International conveyance (Diamond Princess),Uncategorized,0,712,0,13
2024-08-25,International conveyance (Diamond Princess),Uncategorized,0,712,0,13
2024-09-01,International conveyance (Diamond Princess),Uncategorized,0,712,0,13
2020-01-05,International conveyance (Kiribati),Uncategorized,0,0,0,0
2020-01-12,International conveyance (Kiribati),Uncategorized,0,0,0,0
2020-01-19,International conveyance (Kiribati),Uncategorized,0,0,0,0
2020-01-26,International conveyance (Kiribati),Uncategorized,0,0,0,0
2020-02-02,International conveyance (Kiribati),Uncategorized,0,0,0,0
2020-02-09,International conveyance (Kiribati),Uncategorized,0,0,0,0
2020-02-16,International conveyance (Kiribati),Uncategorized,0,0,0,0
2020-02-23,International conveyance (Kiribati),Uncategorized,0,0,0,0
2020-03-01,International conveyance (Kiribati),Uncategorized,0,0,0,0
2020-03-08,International conveyance (Kiribati),Uncategorized,0,0,0,0
2020-03-15,International conveyance (Kiribati),Uncategorized,0,0,0,0
2020-03-22,International conveyance (Kiribati),Uncategorized,0,0,0,0
2020-03-29,International conveyance (Kiribati),Uncategorized,0,0,0,0
2020-04-05,International conveyance (Kiribati),Uncategorized,0,0,0,0
2020-04-12,International conveyance (Kiribati),Uncategorized,0,0,0,0
2020-04-19,International conveyance (Kiribati),Uncategorized,0,0,0,0
2020-04-26,International conveyance (Kiribati),Uncategorized,0,0,0,0
2020-05-03,International conveyance (Kiribati),Uncategorized,0,0,0,0
2020-05-10,International conveyance (Kiribati),Uncategorized,0,0,0,0
2020-05-17,International conveyance (Kiribati),Uncategorized,0,0,0,0
2020-05-24,International conveyance (Kiribati),Uncategorized,0,0,0,0
2020-05-31,International conveyance (Kiribati),Uncategorized,0,0,0,0
2020-06-07,International conveyance (Kiribati),Uncategorized,0,0,0,0
2020-06-14,International conveyance (Kiribati),Uncategorized,0,0,0,0
2020-06-21,International conveyance (Kiribati),Uncategorized,0,0,0,0
2020-06-28,International conveyance (Kiribati),Uncategorized,0,0,0,0
2020-07-05,International conveyance (Kiribati),Uncategorized,0,0,0,0
2020-07-12,International conveyance (Kiribati),Uncategorized,0,0,0,0
2020-07-19,International conveyance (Kiribati),Uncategorized,0,0,0,0
2020-07-26,International conveyance (Kiribati),Uncategorized,0,0,0,0
2020-08-02,International conveyance (Kiribati),Uncategorized,0,0,0,0
2020-08-09,International conveyance (Kiribati),Uncategorized,0,0,0,0
2020-08-16,International conveyance (Kiribati),Uncategorized,0,0,0,0
2020-08-23,International conveyance (Kiribati),Uncategorized,0,0,0,0
2020-08-30,International conveyance (Kiribati),Uncategorized,0,0,0,0
2020-09-06,International conveyance (Kiribati),Uncategorized,0,0,0,0
2020-09-13,International conveyance (Kiribati),Uncategorized,0,0,0,0
2020-09-20,International conveyance (Kiribati),Uncategorized,0,0,0,0
2020-09-27,International conveyance (Kiribati),Uncategorized,0,0,0,0
2020-10-04,International conveyance (Kiribati),Uncategorized,0,0,0,0
2020-10-11,International conveyance (Kiribati),Uncategorized,0,0,0,0
2020-10-18,International conveyance (Kiribati),Uncategorized,0,0,0,0
2020-10-25,International conveyance (Kiribati),Uncategorized,0,0,0,0
2020-11-01,International conveyance (Kiribati),Uncategorized,0,0,0,0
2020-11-08,International conveyance (Kiribati),Uncategorized,0,0,0,0
2020-11-15,International conveyance (Kiribati),Uncategorized,0,0,0,0
2020-11-22,International conveyance (Kiribati),Uncategorized,0,0,0,0
2020-11-29,International conveyance (Kiribati),Uncategorized,0,0,0,0
2020-12-06,International conveyance (Kiribati),Uncategorized,0,0,0,0
2020-12-13,International conveyance (Kiribati),Uncategorized,0,0,0,0
2020-12-20,International conveyance (Kiribati),Uncategorized,0,0,0,0
2020-12-27,International conveyance (Kiribati),Uncategorized,0,0,0,0
2021-01-03,International conveyance (Kiribati),Uncategorized,0,0,0,0
2021-01-10,International conveyance (Kiribati),Uncategorized,0,0,0,0
2021-01-17,International conveyance (Kiribati),Uncategorized,0,0,0,0
2021-01-24,International conveyance (Kiribati),Uncategorized,0,0,0,0
2021-01-31,International conveyance (Kiribati),Uncategorized,0,0,0,0
2021-02-07,International conveyance (Kiribati),Uncategorized,0,0,0,0
2021-02-14,International conveyance (Kiribati),Uncategorized,0,0,0,0
2021-02-21,International conveyance (Kiribati),Uncategorized,0,0,0,0
2021-02-28,International conveyance (Kiribati),Uncategorized,0,0,0,0
2021-03-07,International conveyance (Kiribati),Uncategorized,0,0,0,0
2021-03-14,International conveyance (Kiribati),Uncategorized,0,0,0,0
2021-03-21,International conveyance (Kiribati),Uncategorized,0,0,0,0
2021-03-28,International conveyance (Kiribati),Uncategorized,0,0,0,0
2021-04-04,International conveyance (Kiribati),Uncategorized,0,0,0,0
2021-04-11,International conveyance (Kiribati),Uncategorized,0,0,0,0
2021-04-18,International conveyance (Kiribati),Uncategorized,0,0,0,0
2021-04-25,International conveyance (Kiribati),Uncategorized,0,0,0,0
2021-05-02,International conveyance (Kiribati),Uncategorized,0,0,0,0
2021-05-09,International conveyance (Kiribati),Uncategorized,0,0,0,0
2021-05-16,International conveyance (Kiribati),Uncategorized,0,0,0,0
2021-05-23,International conveyance (Kiribati),Uncategorized,2,2,0,0
2021-05-30,International conveyance (Kiribati),Uncategorized,0,2,0,0
2021-06-06,International conveyance (Kiribati),Uncategorized,0,2,0,0
2021-06-13,International conveyance (Kiribati),Uncategorized,0,2,0,0
2021-06-20,International conveyance (Kiribati),Uncategorized,0,2,0,0
2021-06-27,International conveyance (Kiribati),Uncategorized,0,2,0,0
2021-07-04,International conveyance (Kiribati),Uncategorized,0,2,0,0
2021-07-11,International conveyance (Kiribati),Uncategorized,0,2,0,0
2021-07-18,International conveyance (Kiribati),Uncategorized,0,2,0,0
2021-07-25,International conveyance (Kiribati),Uncategorized,0,2,0,0
2021-08-01,International conveyance (Kiribati),Uncategorized,0,2,0,0
2021-08-08,International conveyance (Kiribati),Uncategorized,0,2,0,0
2021-08-15,International conveyance (Kiribati),Uncategorized,0,2,0,0
2021-08-22,International conveyance (Kiribati),Uncategorized,0,2,0,0
2021-08-29,International conveyance (Kiribati),Uncategorized,0,2,0,0
2021-09-05,International conveyance (Kiribati),Uncategorized,0,2,0,0
2021-09-12,International conveyance (Kiribati),Uncategorized,0,2,0,0
2021-09-19,International conveyance (Kiribati),Uncategorized,0,2,0,0
2021-09-26,International conveyance (Kiribati),Uncategorized,0,2,0,0
2021-10-03,International conveyance (Kiribati),Uncategorized,0,2,0,0
2021-10-10,International conveyance (Kiribati),Uncategorized,0,2,0,0
2021-10-17,International conveyance (Kiribati),Uncategorized,0,2,0,0
2021-10-24,International conveyance (Kiribati),Uncategorized,0,2,0,0
2021-10-31,International conveyance (Kiribati),Uncategorized,0,2,0,0
2021-11-07,International conveyance (Kiribati),Uncategorized,0,2,0,0
2021-11-14,International conveyance (Kiribati),Uncategorized,0,2,0,0
2021-11-21,International conveyance (Kiribati),Uncategorized,0,2,0,0
2021-11-28,International conveyance (Kiribati),Uncategorized,0,2,0,0
2021-12-05,International conveyance (Kiribati),Uncategorized,0,2,0,0
2021-12-12,International conveyance (Kiribati),Uncategorized,0,2,0,0
2021-12-19,International conveyance (Kiribati),Uncategorized,0,2,0,0
2021-12-26,International conveyance (Kiribati),Uncategorized,0,2,0,0
2022-01-02,International conveyance (Kiribati),Uncategorized,0,2,0,0
2022-01-09,International conveyance (Kiribati),Uncategorized,0,2,0,0
2022-01-16,International conveyance (Kiribati),Uncategorized,0,2,0,0
2022-01-23,International conveyance (Kiribati),Uncategorized,0,2,0,0
2022-01-30,International conveyance (Kiribati),Uncategorized,0,2,0,0
2022-02-06,International conveyance (Kiribati),Uncategorized,0,2,0,0
2022-02-13,International conveyance (Kiribati),Uncategorized,0,2,0,0
2022-02-20,International conveyance (Kiribati),Uncategorized,0,2,0,0
2022-02-27,International conveyance (Kiribati),Uncategorized,0,2,0,0
2022-03-06,International conveyance (Kiribati),Uncategorized,0,2,0,0
2022-03-13,International conveyance (Kiribati),Uncategorized,0,2,0,0
2022-03-20,International conveyance (Kiribati),Uncategorized,0,2,0,0
2022-03-27,International conveyance (Kiribati),Uncategorized,0,2,0,0
2022-04-03,International conveyance (Kiribati),Uncategorized,0,2,0,0
2022-04-10,International conveyance (Kiribati),Uncategorized,0,2,0,0
2022-04-17,International conveyance (Kiribati),Uncategorized,0,2,0,0
2022-04-24,International conveyance (Kiribati),Uncategorized,0,2,0,0
2022-05-01,International conveyance (Kiribati),Uncategorized,0,2,0,0
2022-05-08,International conveyance (Kiribati),Uncategorized,0,2,0,0
2022-05-15,International conveyance (Kiribati),Uncategorized,0,2,0,0
2022-05-22,International conveyance (Kiribati),Uncategorized,0,2,0,0
2022-05-29,International conveyance (Kiribati),Uncategorized,0,2,0,0
2022-06-05,International conveyance (Kiribati),Uncategorized,0,2,0,0
2022-06-12,International conveyance (Kiribati),Uncategorized,0,2,0,0
2022-06-19,International conveyance (Kiribati),Uncategorized,0,2,0,0
2022-06-26,International conveyance (Kiribati),Uncategorized,0,2,0,0
2022-07-03,International conveyance (Kiribati),Uncategorized,0,2,0,0
2022-07-10,International conveyance (Kiribati),Uncategorized,0,2,0,0
2022-07-17,International conveyance (Kiribati),Uncategorized,0,2,0,0
2022-07-24,International conveyance (Kiribati),Uncategorized,0,2,0,0
2022-07-31,International conveyance (Kiribati),Uncategorized,0,2,0,0
2022-08-07,International conveyance (Kiribati),Uncategorized,0,2,0,0
2022-08-14,International conveyance (Kiribati),Uncategorized,0,2,0,0
2022-08-21,International conveyance (Kiribati),Uncategorized,0,2,0,0
2022-08-28,International conveyance (Kiribati),Uncategorized,0,2,0,0
2022-09-04,International conveyance (Kiribati),Uncategorized,0,2,0,0
2022-09-11,International conveyance (Kiribati),Uncategorized,0,2,0,0
2022-09-18,International conveyance (Kiribati),Uncategorized,0,2,0,0
2022-09-25,International conveyance (Kiribati),Uncategorized,0,2,0,0
2022-10-02,International conveyance (Kiribati),Uncategorized,0,2,0,0
2022-10-09,International conveyance (Kiribati),Uncategorized,0,2,0,0
2022-10-16,International conveyance (Kiribati),Uncategorized,0,2,0,0
2022-10-23,International conveyance (Kiribati),Uncategorized,0,2,0,0
2022-10-30,International conveyance (Kiribati),Uncategorized,0,2,0,0
2022-11-06,International conveyance (Kiribati),Uncategorized,0,2,0,0
2022-11-13,International conveyance (Kiribati),Uncategorized,0,2,0,0
2022-11-20,International conveyance (Kiribati),Uncategorized,0,2,0,0
2022-11-27,International conveyance (Kiribati),Uncategorized,0,2,0,0
2022-12-04,International conveyance (Kiribati),Uncategorized,0,2,0,0
2022-12-11,International conveyance (Kiribati),Uncategorized,0,2,0,0
2022-12-18,International conveyance (Kiribati),Uncategorized,0,2,0,0
2022-12-25,International conveyance (Kiribati),Uncategorized,0,2,0,0
2023-01-01,International conveyance (Kiribati),Uncategorized,0,2,0,0
2023-01-08,International conveyance (Kiribati),Uncategorized,0,2,0,0
2023-01-15,International conveyance (Kiribati),Uncategorized,0,2,0,0
2023-01-22,International conveyance (Kiribati),Uncategorized,0,2,0,0
2023-01-29,International conveyance (Kiribati),Uncategorized,0,2,0,0
2023-02-05,International conveyance (Kiribati),Uncategorized,0,2,0,0
2023-02-12,International conveyance (Kiribati),Uncategorized,0,2,0,0
2023-02-19,International conveyance (Kiribati),Uncategorized,0,2,0,0
2023-02-26,International conveyance (Kiribati),Uncategorized,0,2,0,0
2023-03-05,International conveyance (Kiribati),Uncategorized,0,2,0,0
2023-03-12,International conveyance (Kiribati),Uncategorized,0,2,0,0
2023-03-19,International conveyance (Kiribati),Uncategorized,0,2,0,0
2023-03-26,International conveyance (Kiribati),Uncategorized,0,2,0,0
2023-04-02,International conveyance (Kiribati),Uncategorized,0,2,0,0
2023-04-09,International conveyance (Kiribati),Uncategorized,0,2,0,0
2023-04-16,International conveyance (Kiribati),Uncategorized,0,2,0,0
2023-04-23,International conveyance (Kiribati),Uncategorized,0,2,0,0
2023-04-30,International conveyance (Kiribati),Uncategorized,0,2,0,0
2023-05-07,International conveyance (Kiribati),Uncategorized,0,2,0,0
2023-05-14,International conveyance (Kiribati),Uncategorized,0,2,0,0
2023-05-21,International conveyance (Kiribati),Uncategorized,0,2,0,0
2023-05-28,International conveyance (Kiribati),Uncategorized,0,2,0,0
2023-06-04,International conveyance (Kiribati),Uncategorized,0,2,0,0
2023-06-11,International conveyance (Kiribati),Uncategorized,0,2,0,0
2023-06-18,International conveyance (Kiribati),Uncategorized,0,2,0,0
2023-06-25,International conveyance (Kiribati),Uncategorized,0,2,0,0
2023-07-02,International conveyance (Kiribati),Uncategorized,0,2,0,0
2023-07-09,International conveyance (Kiribati),Uncategorized,0,2,0,0
2023-07-16,International conveyance (Kiribati),Uncategorized,0,2,0,0
2023-07-23,International conveyance (Kiribati),Uncategorized,0,2,0,0
2023-07-30,International conveyance (Kiribati),Uncategorized,0,2,0,0
2023-08-06,International conveyance (Kiribati),Uncategorized,0,2,0,0
2023-08-13,International conveyance (Kiribati),Uncategorized,0,2,0,0
2023-08-20,International conveyance (Kiribati),Uncategorized,0,2,0,0
2023-08-27,International conveyance (Kiribati),Uncategorized,0,2,0,0
2023-09-03,International conveyance (Kiribati),Uncategorized,0,2,0,0
2023-09-10,International conveyance (Kiribati),Uncategorized,0,2,0,0
2023-09-17,International conveyance (Kiribati),Uncategorized,0,2,0,0
2023-09-24,International conveyance (Kiribati),Uncategorized,0,2,0,0
2023-10-01,International conveyance (Kiribati),Uncategorized,0,2,0,0
2023-10-08,International conveyance (Kiribati),Uncategorized,0,2,0,0
2023-10-15,International conveyance (Kiribati),Uncategorized,0,2,0,0
2023-10-22,International conveyance (Kiribati),Uncategorized,0,2,0,0
2023-10-29,International conveyance (Kiribati),Uncategorized,0,2,0,0
2023-11-05,International conveyance (Kiribati),Uncategorized,0,2,0,0
2023-11-12,International conveyance (Kiribati),Uncategorized,0,2,0,0
2023-11-19,International conveyance (Kiribati),Uncategorized,0,2,0,0
2023-11-26,International conveyance (Kiribati),Uncategorized,0,2,0,0
2023-12-03,International conveyance (Kiribati),Uncategorized,0,2,0,0
2023-12-10,International conveyance (Kiribati),Uncategorized,0,2,0,0
2023-12-17,International conveyance (Kiribati),Uncategorized,0,2,0,0
2023-12-24,International conveyance (Kiribati),Uncategorized,0,2,0,0
2023-12-31,International conveyance (Kiribati),Uncategorized,0,2,0,0
2024-01-07,International conveyance (Kiribati),Uncategorized,0,2,0,0
2024-01-14,International conveyance (Kiribati),Uncategorized,0,2,0,0
2024-01-21,International conveyance (Kiribati),Uncategorized,0,2,0,0
2024-01-28,International conveyance (Kiribati),Uncategorized,0,2,0,0
2024-02-04,International conveyance (Kiribati),Uncategorized,0,2,0,0
2024-02-11,International conveyance (Kiribati),Uncategorized,0,2,0,0
2024-02-18,International conveyance (Kiribati),Uncategorized,0,2,0,0
2024-02-25,International conveyance (Kiribati),Uncategorized,0,2,0,0
2024-03-03,International conveyance (Kiribati),Uncategorized,0,2,0,0
2024-03-10,International conveyance (Kiribati),Uncategorized,0,2,0,0
2024-03-17,International conveyance (Kiribati),Uncategorized,0,2,0,0
2024-03-24,International conveyance (Kiribati),Uncategorized,0,2,0,0
2024-03-31,International conveyance (Kiribati),Uncategorized,0,2,0,0
2024-04-07,International conveyance (Kiribati),Uncategorized,0,2,0,0
2024-04-14,International conveyance (Kiribati),Uncategorized,0,2,0,0
2024-04-21,International conveyance (Kiribati),Uncategorized,0,2,0,0
2024-04-28,International conveyance (Kiribati),Uncategorized,0,2,0,0
2024-05-05,International conveyance (Kiribati),Uncategorized,0,2,0,0
2024-05-12,International conveyance (Kiribati),Uncategorized,0,2,0,0
2024-05-19,International conveyance (Kiribati),Uncategorized,0,2,0,0
2024-05-26,International conveyance (Kiribati),Uncategorized,0,2,0,0
2024-06-02,International conveyance (Kiribati),Uncategorized,0,2,0,0
2024-06-09,International conveyance (Kiribati),Uncategorized,0,2,0,0
2024-06-16,International conveyance (Kiribati),Uncategorized,0,2,0,0
2024-06-23,International conveyance (Kiribati),Uncategorized,0,2,0,0
2024-06-30,International conveyance (Kiribati),Uncategorized,0,2,0,0
2024-07-07,International conveyance (Kiribati),Uncategorized,0,2,0,0
2024-07-14,International conveyance (Kiribati),Uncategorized,0,2,0,0
2024-07-21,International conveyance (Kiribati),Uncategorized,0,2,0,0
2024-07-28,International conveyance (Kiribati),Uncategorized,0,2,0,0
2024-08-04,International conveyance (Kiribati),Uncategorized,0,2,0,0
2024-08-11,International conveyance (Kiribati),Uncategorized,0,2,0,0
2024-08-18,International conveyance (Kiribati),Uncategorized,0,2,0,0
2024-08-25,International conveyance (Kiribati),Uncategorized,0,2,0,0
2024-09-01,International conveyance (Kiribati),Uncategorized,0,2,0,0
2020-01-05,International conveyance (Solomon Islands),Uncategorized,0,0,0,0
2020-01-12,International conveyance (Solomon Islands),Uncategorized,0,0,0,0
2020-01-19,International conveyance (Solomon Islands),Uncategorized,0,0,0,0
2020-01-26,International conveyance (Solomon Islands),Uncategorized,0,0,0,0
2020-02-02,International conveyance (Solomon Islands),Uncategorized,0,0,0,0
2020-02-09,International conveyance (Solomon Islands),Uncategorized,0,0,0,0
2020-02-16,International conveyance (Solomon Islands),Uncategorized,0,0,0,0
2020-02-23,International conveyance (Solomon Islands),Uncategorized,0,0,0,0
2020-03-01,International conveyance (Solomon Islands),Uncategorized,0,0,0,0
2020-03-08,International conveyance (Solomon Islands),Uncategorized,0,0,0,0
2020-03-15,International conveyance (Solomon Islands),Uncategorized,0,0,0,0
2020-03-22,International conveyance (Solomon Islands),Uncategorized,0,0,0,0
2020-03-29,International conveyance (Solomon Islands),Uncategorized,0,0,0,0
2020-04-05,International conveyance (Solomon Islands),Uncategorized,0,0,0,0
2020-04-12,International conveyance (Solomon Islands),Uncategorized,0,0,0,0
2020-04-19,International conveyance (Solomon Islands),Uncategorized,0,0,0,0
2020-04-26,International conveyance (Solomon Islands),Uncategorized,0,0,0,0
2020-05-03,International conveyance (Solomon Islands),Uncategorized,0,0,0,0
2020-05-10,International conveyance (Solomon Islands),Uncategorized,0,0,0,0
2020-05-17,International conveyance (Solomon Islands),Uncategorized,0,0,0,0
2020-05-24,International conveyance (Solomon Islands),Uncategorized,0,0,0,0
2020-05-31,International conveyance (Solomon Islands),Uncategorized,0,0,0,0
2020-06-07,International conveyance (Solomon Islands),Uncategorized,0,0,0,0
2020-06-14,International conveyance (Solomon Islands),Uncategorized,0,0,0,0
2020-06-21,International conveyance (Solomon Islands),Uncategorized,0,0,0,0
2020-06-28,International conveyance (Solomon Islands),Uncategorized,0,0,0,0
2020-07-05,International conveyance (Solomon Islands),Uncategorized,0,0,0,0
2020-07-12,International conveyance (Solomon Islands),Uncategorized,0,0,0,0
2020-07-19,International conveyance (Solomon Islands),Uncategorized,0,0,0,0
2020-07-26,International conveyance (Solomon Islands),Uncategorized,0,0,0,0
2020-08-02,International conveyance (Solomon Islands),Uncategorized,0,0,0,0
2020-08-09,International conveyance (Solomon Islands),Uncategorized,0,0,0,0
2020-08-16,International conveyance (Solomon Islands),Uncategorized,0,0,0,0
2020-08-23,International conveyance (Solomon Islands),Uncategorized,0,0,0,0
2020-08-30,International conveyance (Solomon Islands),Uncategorized,0,0,0,0
2020-09-06,International conveyance (Solomon Islands),Uncategorized,0,0,0,0
2020-09-13,International conveyance (Solomon Islands),Uncategorized,0,0,0,0
2020-09-20,International conveyance (Solomon Islands),Uncategorized,0,0,0,0
2020-09-27,International conveyance (Solomon Islands),Uncategorized,0,0,0,0
2020-10-04,International conveyance (Solomon Islands),Uncategorized,0,0,0,0
2020-10-11,International conveyance (Solomon Islands),Uncategorized,0,0,0,0
2020-10-18,International conveyance (Solomon Islands),Uncategorized,0,0,0,0
2020-10-25,International conveyance (Solomon Islands),Uncategorized,0,0,0,0
2020-11-01,International conveyance (Solomon Islands),Uncategorized,0,0,0,0
2020-11-08,International conveyance (Solomon Islands),Uncategorized,0,0,0,0
2020-11-15,International conveyance (Solomon Islands),Uncategorized,0,0,0,0
2020-11-22,International conveyance (Solomon Islands),Uncategorized,0,0,0,0
2020-11-29,International conveyance (Solomon Islands),Uncategorized,0,0,0,0
2020-12-06,International conveyance (Solomon Islands),Uncategorized,0,0,0,0
2020-12-13,International conveyance (Solomon Islands),Uncategorized,0,0,0,0
2020-12-20,International conveyance (Solomon Islands),Uncategorized,0,0,0,0
2020-12-27,International conveyance (Solomon Islands),Uncategorized,0,0,0,0
2021-01-03,International conveyance (Solomon Islands),Uncategorized,0,0,0,0
2021-01-10,International conveyance (Solomon Islands),Uncategorized,0,0,0,0
2021-01-17,International conveyance (Solomon Islands),Uncategorized,0,0,0,0
2021-01-24,International conveyance (Solomon Islands),Uncategorized,0,0,0,0
2021-01-31,International conveyance (Solomon Islands),Uncategorized,0,0,0,0
2021-02-07,International conveyance (Solomon Islands),Uncategorized,0,0,0,0
2021-02-14,International conveyance (Solomon Islands),Uncategorized,0,0,0,0
2021-02-21,International conveyance (Solomon Islands),Uncategorized,0,0,0,0
2021-02-28,International conveyance (Solomon Islands),Uncategorized,0,0,0,0
2021-03-07,International conveyance (Solomon Islands),Uncategorized,0,0,0,0
2021-03-14,International conveyance (Solomon Islands),Uncategorized,0,0,0,0
2021-03-21,International conveyance (Solomon Islands),Uncategorized,0,0,0,0
2021-03-28,International conveyance (Solomon Islands),Uncategorized,0,0,0,0
2021-04-04,International conveyance (Solomon Islands),Uncategorized,0,0,0,0
2021-04-11,International conveyance (Solomon Islands),Uncategorized,0,0,0,0
2021-04-18,International conveyance (Solomon Islands),Uncategorized,0,0,0,0
2021-04-25,International conveyance (Solomon Islands),Uncategorized,1,1,0,0
2021-05-02,International conveyance (Solomon Islands),Uncategorized,0,1,0,0
2021-05-09,International conveyance (Solomon Islands),Uncategorized,0,1,0,0
2021-05-16,International conveyance (Solomon Islands),Uncategorized,0,1,0,0
2021-05-23,International conveyance (Solomon Islands),Uncategorized,4,5,0,0
2021-05-30,International conveyance (Solomon Islands),Uncategorized,0,5,0,0
2021-06-06,International conveyance (Solomon Islands),Uncategorized,0,5,0,0
2021-06-13,International conveyance (Solomon Islands),Uncategorized,0,5,0,0
2021-06-20,International conveyance (Solomon Islands),Uncategorized,0,5,0,0
2021-06-27,International conveyance (Solomon Islands),Uncategorized,0,5,0,0
2021-07-04,International conveyance (Solomon Islands),Uncategorized,0,5,0,0
2021-07-11,International conveyance (Solomon Islands),Uncategorized,0,5,0,0
2021-07-18,International conveyance (Solomon Islands),Uncategorized,0,5,0,0
2021-07-25,International conveyance (Solomon Islands),Uncategorized,0,5,0,0
2021-08-01,International conveyance (Solomon Islands),Uncategorized,0,5,0,0
2021-08-08,International conveyance (Solomon Islands),Uncategorized,0,5,0,0
2021-08-15,International conveyance (Solomon Islands),Uncategorized,0,5,0,0
2021-08-22,International conveyance (Solomon Islands),Uncategorized,0,5,0,0
2021-08-29,International conveyance (Solomon Islands),Uncategorized,0,5,0,0
2021-09-05,International conveyance (Solomon Islands),Uncategorized,0,5,0,0
2021-09-12,International conveyance (Solomon Islands),Uncategorized,0,5,0,0
2021-09-19,International conveyance (Solomon Islands),Uncategorized,0,5,0,0
2021-09-26,International conveyance (Solomon Islands),Uncategorized,0,5,0,0
2021-10-03,International conveyance (Solomon Islands),Uncategorized,0,5,0,0
2021-10-10,International conveyance (Solomon Islands),Uncategorized,0,5,0,0
2021-10-17,International conveyance (Solomon Islands),Uncategorized,0,5,0,0
2021-10-24,International conveyance (Solomon Islands),Uncategorized,0,5,0,0
2021-10-31,International conveyance (Solomon Islands),Uncategorized,0,5,0,0
2021-11-07,International conveyance (Solomon Islands),Uncategorized,0,5,0,0
2021-11-14,International conveyance (Solomon Islands),Uncategorized,0,5,0,0
2021-11-21,International conveyance (Solomon Islands),Uncategorized,0,5,0,0
2021-11-28,International conveyance (Solomon Islands),Uncategorized,0,5,0,0
2021-12-05,International conveyance (Solomon Islands),Uncategorized,0,5,0,0
2021-12-12,International conveyance (Solomon Islands),Uncategorized,0,5,0,0
2021-12-19,International conveyance (Solomon Islands),Uncategorized,0,5,0,0
2021-12-26,International conveyance (Solomon Islands),Uncategorized,0,5,0,0
2022-01-02,International conveyance (Solomon Islands),Uncategorized,0,5,0,0
2022-01-09,International conveyance (Solomon Islands),Uncategorized,0,5,0,0
2022-01-16,International conveyance (Solomon Islands),Uncategorized,0,5,0,0
2022-01-23,International conveyance (Solomon Islands),Uncategorized,0,5,0,0
2022-01-30,International conveyance (Solomon Islands),Uncategorized,0,5,0,0
2022-02-06,International conveyance (Solomon Islands),Uncategorized,0,5,0,0
2022-02-13,International conveyance (Solomon Islands),Uncategorized,0,5,0,0
2022-02-20,International conveyance (Solomon Islands),Uncategorized,0,5,0,0
2022-02-27,International conveyance (Solomon Islands),Uncategorized,0,5,0,0
2022-03-06,International conveyance (Solomon Islands),Uncategorized,0,5,0,0
2022-03-13,International conveyance (Solomon Islands),Uncategorized,0,5,0,0
2022-03-20,International conveyance (Solomon Islands),Uncategorized,0,5,0,0
2022-03-27,International conveyance (Solomon Islands),Uncategorized,0,5,0,0
2022-04-03,International conveyance (Solomon Islands),Uncategorized,0,5,0,0
2022-04-10,International conveyance (Solomon Islands),Uncategorized,0,5,0,0
2022-04-17,International conveyance (Solomon Islands),Uncategorized,0,5,0,0
2022-04-24,International conveyance (Solomon Islands),Uncategorized,0,5,0,0
2022-05-01,International conveyance (Solomon Islands),Uncategorized,0,5,0,0
2022-05-08,International conveyance (Solomon Islands),Uncategorized,0,5,0,0
2022-05-15,International conveyance (Solomon Islands),Uncategorized,0,5,0,0
2022-05-22,International conveyance (Solomon Islands),Uncategorized,0,5,0,0
2022-05-29,International conveyance (Solomon Islands),Uncategorized,0,5,0,0
2022-06-05,International conveyance (Solomon Islands),Uncategorized,0,5,0,0
2022-06-12,International conveyance (Solomon Islands),Uncategorized,0,5,0,0
2022-06-19,International conveyance (Solomon Islands),Uncategorized,0,5,0,0
2022-06-26,International conveyance (Solomon Islands),Uncategorized,0,5,0,0
2022-07-03,International conveyance (Solomon Islands),Uncategorized,0,5,0,0
2022-07-10,International conveyance (Solomon Islands),Uncategorized,0,5,0,0
2022-07-17,International conveyance (Solomon Islands),Uncategorized,0,5,0,0
2022-07-24,International conveyance (Solomon Islands),Uncategorized,0,5,0,0
2022-07-31,International conveyance (Solomon Islands),Uncategorized,0,5,0,0
2022-08-07,International conveyance (Solomon Islands),Uncategorized,0,5,0,0
2022-08-14,International conveyance (Solomon Islands),Uncategorized,0,5,0,0
2022-08-21,International conveyance (Solomon Islands),Uncategorized,0,5,0,0
2022-08-28,International conveyance (Solomon Islands),Uncategorized,0,5,0,0
2022-09-04,International conveyance (Solomon Islands),Uncategorized,0,5,0,0
2022-09-11,International conveyance (Solomon Islands),Uncategorized,0,5,0,0
2022-09-18,International conveyance (Solomon Islands),Uncategorized,0,5,0,0
2022-09-25,International conveyance (Solomon Islands),Uncategorized,0,5,0,0
2022-10-02,International conveyance (Solomon Islands),Uncategorized,0,5,0,0
2022-10-09,International conveyance (Solomon Islands),Uncategorized,0,5,0,0
2022-10-16,International conveyance (Solomon Islands),Uncategorized,0,5,0,0
2022-10-23,International conveyance (Solomon Islands),Uncategorized,0,5,0,0
2022-10-30,International conveyance (Solomon Islands),Uncategorized,0,5,0,0
2022-11-06,International conveyance (Solomon Islands),Uncategorized,0,5,0,0
2022-11-13,International conveyance (Solomon Islands),Uncategorized,0,5,0,0
2022-11-20,International conveyance (Solomon Islands),Uncategorized,0,5,0,0
2022-11-27,International conveyance (Solomon Islands),Uncategorized,0,5,0,0
2022-12-04,International conveyance (Solomon Islands),Uncategorized,0,5,0,0
2022-12-11,International conveyance (Solomon Islands),Uncategorized,0,5,0,0
2022-12-18,International conveyance (Solomon Islands),Uncategorized,0,5,0,0
2022-12-25,International conveyance (Solomon Islands),Uncategorized,0,5,0,0
2023-01-01,International conveyance (Solomon Islands),Uncategorized,0,5,0,0
2023-01-08,International conveyance (Solomon Islands),Uncategorized,0,5,0,0
2023-01-15,International conveyance (Solomon Islands),Uncategorized,0,5,0,0
2023-01-22,International conveyance (Solomon Islands),Uncategorized,0,5,0,0
2023-01-29,International conveyance (Solomon Islands),Uncategorized,0,5,0,0
2023-02-05,International conveyance (Solomon Islands),Uncategorized,0,5,0,0
2023-02-12,International conveyance (Solomon Islands),Uncategorized,0,5,0,0
2023-02-19,International conveyance (Solomon Islands),Uncategorized,0,5,0,0
2023-02-26,International conveyance (Solomon Islands),Uncategorized,0,5,0,0
2023-03-05,International conveyance (Solomon Islands),Uncategorized,0,5,0,0
2023-03-12,International conveyance (Solomon Islands),Uncategorized,0,5,0,0
2023-03-19,International conveyance (Solomon Islands),Uncategorized,0,5,0,0
2023-03-26,International conveyance (Solomon Islands),Uncategorized,0,5,0,0
2023-04-02,International conveyance (Solomon Islands),Uncategorized,0,5,0,0
2023-04-09,International conveyance (Solomon Islands),Uncategorized,0,5,0,0
2023-04-16,International conveyance (Solomon Islands),Uncategorized,0,5,0,0
2023-04-23,International conveyance (Solomon Islands),Uncategorized,0,5,0,0
2023-04-30,International conveyance (Solomon Islands),Uncategorized,0,5,0,0
2023-05-07,International conveyance (Solomon Islands),Uncategorized,0,5,0,0
2023-05-14,International conveyance (Solomon Islands),Uncategorized,0,5,0,0
2023-05-21,International conveyance (Solomon Islands),Uncategorized,0,5,0,0
2023-05-28,International conveyance (Solomon Islands),Uncategorized,0,5,0,0
2023-06-04,International conveyance (Solomon Islands),Uncategorized,0,5,0,0
2023-06-11,International conveyance (Solomon Islands),Uncategorized,0,5,0,0
2023-06-18,International conveyance (Solomon Islands),Uncategorized,0,5,0,0
2023-06-25,International conveyance (Solomon Islands),Uncategorized,0,5,0,0
2023-07-02,International conveyance (Solomon Islands),Uncategorized,0,5,0,0
2023-07-09,International conveyance (Solomon Islands),Uncategorized,0,5,0,0
2023-07-16,International conveyance (Solomon Islands),Uncategorized,0,5,0,0
2023-07-23,International conveyance (Solomon Islands),Uncategorized,0,5,0,0
2023-07-30,International conveyance (Solomon Islands),Uncategorized,0,5,0,0
2023-08-06,International conveyance (Solomon Islands),Uncategorized,0,5,0,0
2023-08-13,International conveyance (Solomon Islands),Uncategorized,0,5,0,0
2023-08-20,International conveyance (Solomon Islands),Uncategorized,0,5,0,0
2023-08-27,International conveyance (Solomon Islands),Uncategorized,0,5,0,0
2023-09-03,International conveyance (Solomon Islands),Uncategorized,0,5,0,0
2023-09-10,International conveyance (Solomon Islands),Uncategorized,0,5,0,0
2023-09-17,International conveyance (Solomon Islands),Uncategorized,0,5,0,0
2023-09-24,International conveyance (Solomon Islands),Uncategorized,0,5,0,0
2023-10-01,International conveyance (Solomon Islands),Uncategorized,0,5,0,0
2023-10-08,International conveyance (Solomon Islands),Uncategorized,0,5,0,0
2023-10-15,International conveyance (Solomon Islands),Uncategorized,0,5,0,0
2023-10-22,International conveyance (Solomon Islands),Uncategorized,0,5,0,0
2023-10-29,International conveyance (Solomon Islands),Uncategorized,0,5,0,0
2023-11-05,International conveyance (Solomon Islands),Uncategorized,0,5,0,0
2023-11-12,International conveyance (Solomon Islands),Uncategorized,0,5,0,0
2023-11-19,International conveyance (Solomon Islands),Uncategorized,0,5,0,0
2023-11-26,International conveyance (Solomon Islands),Uncategorized,0,5,0,0
2023-12-03,International conveyance (Solomon Islands),Uncategorized,0,5,0,0
2023-12-10,International conveyance (Solomon Islands),Uncategorized,0,5,0,0
2023-12-17,International conveyance (Solomon Islands),Uncategorized,0,5,0,0
2023-12-24,International conveyance (Solomon Islands),Uncategorized,0,5,0,0
2023-12-31,International conveyance (Solomon Islands),Uncategorized,0,5,0,0
2024-01-07,International conveyance (Solomon Islands),Uncategorized,0,5,0,0
2024-01-14,International conveyance (Solomon Islands),Uncategorized,0,5,0,0
2024-01-21,International conveyance (Solomon Islands),Uncategorized,0,5,0,0
2024-01-28,International conveyance (Solomon Islands),Uncategorized,0,5,0,0
2024-02-04,International conveyance (Solomon Islands),Uncategorized,0,5,0,0
2024-02-11,International conveyance (Solomon Islands),Uncategorized,0,5,0,0
2024-02-18,International conveyance (Solomon Islands),Uncategorized,0,5,0,0
2024-02-25,International conveyance (Solomon Islands),Uncategorized,0,5,0,0
2024-03-03,International conveyance (Solomon Islands),Uncategorized,0,5,0,0
2024-03-10,International conveyance (Solomon Islands),Uncategorized,0,5,0,0
2024-03-17,International conveyance (Solomon Islands),Uncategorized,0,5,0,0
2024-03-24,International conveyance (Solomon Islands),Uncategorized,0,5,0,0
2024-03-31,International conveyance (Solomon Islands),Uncategorized,0,5,0,0
2024-04-07,International conveyance (Solomon Islands),Uncategorized,0,5,0,0
2024-04-14,International conveyance (Solomon Islands),Uncategorized,0,5,0,0
2024-04-21,International conveyance (Solomon Islands),Uncategorized,0,5,0,0
2024-04-28,International conveyance (Solomon Islands),Uncategorized,0,5,0,0
2024-05-05,International conveyance (Solomon Islands),Uncategorized,0,5,0,0
2024-05-12,International conveyance (Solomon Islands),Uncategorized,0,5,0,0
2024-05-19,International conveyance (Solomon Islands),Uncategorized,0,5,0,0
2024-05-26,International conveyance (Solomon Islands),Uncategorized,0,5,0,0
2024-06-02,International conveyance (Solomon Islands),Uncategorized,0,5,0,0
2024-06-09,International conveyance (Solomon Islands),Uncategorized,0,5,0,0
2024-06-16,International conveyance (Solomon Islands),Uncategorized,0,5,0,0
2024-06-23,International conveyance (Solomon Islands),Uncategorized,0,5,0,0
2024-06-30,International conveyance (Solomon Islands),Uncategorized,0,5,0,0
2024-07-07,International conveyance (Solomon Islands),Uncategorized,0,5,0,0
2024-07-14,International conveyance (Solomon Islands),Uncategorized,0,5,0,0
2024-07-21,International conveyance (Solomon Islands),Uncategorized,0,5,0,0
2024-07-28,International conveyance (Solomon Islands),Uncategorized,0,5,0,0
2024-08-04,International conveyance (Solomon Islands),Uncategorized,0,5,0,0
2024-08-11,International conveyance (Solomon Islands),Uncategorized,0,5,0,0
2024-08-18,International conveyance (Solomon Islands),Uncategorized,0,5,0,0
2024-08-25,International conveyance (Solomon Islands),Uncategorized,0,5,0,0
2024-09-01,International conveyance (Solomon Islands),Uncategorized,0,5,0,0
2020-01-05,International conveyance (Vanuatu),Uncategorized,0,0,0,0
2020-01-12,International conveyance (Vanuatu),Uncategorized,0,0,0,0
2020-01-19,International conveyance (Vanuatu),Uncategorized,0,0,0,0
2020-01-26,International conveyance (Vanuatu),Uncategorized,0,0,0,0
2020-02-02,International conveyance (Vanuatu),Uncategorized,0,0,0,0
2020-02-09,International conveyance (Vanuatu),Uncategorized,0,0,0,0
2020-02-16,International conveyance (Vanuatu),Uncategorized,0,0,0,0
2020-02-23,International conveyance (Vanuatu),Uncategorized,0,0,0,0
2020-03-01,International conveyance (Vanuatu),Uncategorized,0,0,0,0
2020-03-08,International conveyance (Vanuatu),Uncategorized,0,0,0,0
2020-03-15,International conveyance (Vanuatu),Uncategorized,0,0,0,0
2020-03-22,International conveyance (Vanuatu),Uncategorized,0,0,0,0
2020-03-29,International conveyance (Vanuatu),Uncategorized,0,0,0,0
2020-04-05,International conveyance (Vanuatu),Uncategorized,0,0,0,0
2020-04-12,International conveyance (Vanuatu),Uncategorized,0,0,0,0
2020-04-19,International conveyance (Vanuatu),Uncategorized,0,0,0,0
2020-04-26,International conveyance (Vanuatu),Uncategorized,0,0,0,0
2020-05-03,International conveyance (Vanuatu),Uncategorized,0,0,0,0
2020-05-10,International conveyance (Vanuatu),Uncategorized,0,0,0,0
2020-05-17,International conveyance (Vanuatu),Uncategorized,0,0,0,0
2020-05-24,International conveyance (Vanuatu),Uncategorized,0,0,0,0
2020-05-31,International conveyance (Vanuatu),Uncategorized,0,0,0,0
2020-06-07,International conveyance (Vanuatu),Uncategorized,0,0,0,0
2020-06-14,International conveyance (Vanuatu),Uncategorized,0,0,0,0
2020-06-21,International conveyance (Vanuatu),Uncategorized,0,0,0,0
2020-06-28,International conveyance (Vanuatu),Uncategorized,0,0,0,0
2020-07-05,International conveyance (Vanuatu),Uncategorized,0,0,0,0
2020-07-12,International conveyance (Vanuatu),Uncategorized,0,0,0,0
2020-07-19,International conveyance (Vanuatu),Uncategorized,0,0,0,0
2020-07-26,International conveyance (Vanuatu),Uncategorized,0,0,0,0
2020-08-02,International conveyance (Vanuatu),Uncategorized,0,0,0,0
2020-08-09,International conveyance (Vanuatu),Uncategorized,0,0,0,0
2020-08-16,International conveyance (Vanuatu),Uncategorized,0,0,0,0
2020-08-23,International conveyance (Vanuatu),Uncategorized,0,0,0,0
2020-08-30,International conveyance (Vanuatu),Uncategorized,0,0,0,0
2020-09-06,International conveyance (Vanuatu),Uncategorized,0,0,0,0
2020-09-13,International conveyance (Vanuatu),Uncategorized,0,0,0,0
2020-09-20,International conveyance (Vanuatu),Uncategorized,0,0,0,0
2020-09-27,International conveyance (Vanuatu),Uncategorized,0,0,0,0
2020-10-04,International conveyance (Vanuatu),Uncategorized,0,0,0,0
2020-10-11,International conveyance (Vanuatu),Uncategorized,0,0,0,0
2020-10-18,International conveyance (Vanuatu),Uncategorized,0,0,0,0
2020-10-25,International conveyance (Vanuatu),Uncategorized,0,0,0,0
2020-11-01,International conveyance (Vanuatu),Uncategorized,0,0,0,0
2020-11-08,International conveyance (Vanuatu),Uncategorized,0,0,0,0
2020-11-15,International conveyance (Vanuatu),Uncategorized,0,0,0,0
2020-11-22,International conveyance (Vanuatu),Uncategorized,0,0,0,0
2020-11-29,International conveyance (Vanuatu),Uncategorized,0,0,0,0
2020-12-06,International conveyance (Vanuatu),Uncategorized,0,0,0,0
2020-12-13,International conveyance (Vanuatu),Uncategorized,0,0,0,0
2020-12-20,International conveyance (Vanuatu),Uncategorized,0,0,0,0
2020-12-27,International conveyance (Vanuatu),Uncategorized,0,0,0,0
2021-01-03,International conveyance (Vanuatu),Uncategorized,0,0,0,0
2021-01-10,International conveyance (Vanuatu),Uncategorized,0,0,0,0
2021-01-17,International conveyance (Vanuatu),Uncategorized,0,0,0,0
2021-01-24,International conveyance (Vanuatu),Uncategorized,0,0,0,0
2021-01-31,International conveyance (Vanuatu),Uncategorized,0,0,0,0
2021-02-07,International conveyance (Vanuatu),Uncategorized,0,0,0,0
2021-02-14,International conveyance (Vanuatu),Uncategorized,0,0,0,0
2021-02-21,International conveyance (Vanuatu),Uncategorized,0,0,0,0
2021-02-28,International conveyance (Vanuatu),Uncategorized,0,0,0,0
2021-03-07,International conveyance (Vanuatu),Uncategorized,0,0,0,0
2021-03-14,International conveyance (Vanuatu),Uncategorized,0,0,0,0
2021-03-21,International conveyance (Vanuatu),Uncategorized,0,0,0,0
2021-03-28,International conveyance (Vanuatu),Uncategorized,0,0,0,0
2021-04-04,International conveyance (Vanuatu),Uncategorized,0,0,0,0
2021-04-11,International conveyance (Vanuatu),Uncategorized,0,0,0,0
2021-04-18,International conveyance (Vanuatu),Uncategorized,0,0,0,0
2021-04-25,International conveyance (Vanuatu),Uncategorized,0,0,0,0
2021-05-02,International conveyance (Vanuatu),Uncategorized,12,12,0,0
2021-05-09,International conveyance (Vanuatu),Uncategorized,0,12,0,0
2021-05-16,International conveyance (Vanuatu),Uncategorized,0,12,0,0
2021-05-23,International conveyance (Vanuatu),Uncategorized,0,12,0,0
2021-05-30,International conveyance (Vanuatu),Uncategorized,0,12,0,0
2021-06-06,International conveyance (Vanuatu),Uncategorized,0,12,0,0
2021-06-13,International conveyance (Vanuatu),Uncategorized,0,12,0,0
2021-06-20,International conveyance (Vanuatu),Uncategorized,0,12,0,0
2021-06-27,International conveyance (Vanuatu),Uncategorized,0,12,0,0
2021-07-04,International conveyance (Vanuatu),Uncategorized,0,12,0,0
2021-07-11,International conveyance (Vanuatu),Uncategorized,0,12,0,0
2021-07-18,International conveyance (Vanuatu),Uncategorized,0,12,0,0
2021-07-25,International conveyance (Vanuatu),Uncategorized,0,12,0,0
2021-08-01,International conveyance (Vanuatu),Uncategorized,0,12,0,0
2021-08-08,International conveyance (Vanuatu),Uncategorized,0,12,0,0
2021-08-15,International conveyance (Vanuatu),Uncategorized,0,12,0,0
2021-08-22,International conveyance (Vanuatu),Uncategorized,0,12,0,0
2021-08-29,International conveyance (Vanuatu),Uncategorized,0,12,0,0
2021-09-05,International conveyance (Vanuatu),Uncategorized,0,12,0,0
2021-09-12,International conveyance (Vanuatu),Uncategorized,0,12,0,0
2021-09-19,International conveyance (Vanuatu),Uncategorized,0,12,0,0
2021-09-26,International conveyance (Vanuatu),Uncategorized,0,12,0,0
2021-10-03,International conveyance (Vanuatu),Uncategorized,0,12,0,0
2021-10-10,International conveyance (Vanuatu),Uncategorized,0,12,0,0
2021-10-17,International conveyance (Vanuatu),Uncategorized,0,12,0,0
2021-10-24,International conveyance (Vanuatu),Uncategorized,0,12,0,0
2021-10-31,International conveyance (Vanuatu),Uncategorized,0,12,0,0
2021-11-07,International conveyance (Vanuatu),Uncategorized,0,12,0,0
2021-11-14,International conveyance (Vanuatu),Uncategorized,0,12,0,0
2021-11-21,International conveyance (Vanuatu),Uncategorized,0,12,0,0
2021-11-28,International conveyance (Vanuatu),Uncategorized,0,12,0,0
2021-12-05,International conveyance (Vanuatu),Uncategorized,0,12,0,0
2021-12-12,International conveyance (Vanuatu),Uncategorized,0,12,0,0
2021-12-19,International conveyance (Vanuatu),Uncategorized,0,12,0,0
2021-12-26,International conveyance (Vanuatu),Uncategorized,0,12,0,0
2022-01-02,International conveyance (Vanuatu),Uncategorized,0,12,0,0
2022-01-09,International conveyance (Vanuatu),Uncategorized,0,12,0,0
2022-01-16,International conveyance (Vanuatu),Uncategorized,0,12,0,0
2022-01-23,International conveyance (Vanuatu),Uncategorized,0,12,0,0
2022-01-30,International conveyance (Vanuatu),Uncategorized,0,12,0,0
2022-02-06,International conveyance (Vanuatu),Uncategorized,0,12,0,0
2022-02-13,International conveyance (Vanuatu),Uncategorized,0,12,0,0
2022-02-20,International conveyance (Vanuatu),Uncategorized,0,12,0,0
2022-02-27,International conveyance (Vanuatu),Uncategorized,0,12,0,0
2022-03-06,International conveyance (Vanuatu),Uncategorized,0,12,0,0
2022-03-13,International conveyance (Vanuatu),Uncategorized,0,12,0,0
2022-03-20,International conveyance (Vanuatu),Uncategorized,0,12,0,0
2022-03-27,International conveyance (Vanuatu),Uncategorized,0,12,0,0
2022-04-03,International conveyance (Vanuatu),Uncategorized,0,12,0,0
2022-04-10,International conveyance (Vanuatu),Uncategorized,0,12,0,0
2022-04-17,International conveyance (Vanuatu),Uncategorized,0,12,0,0
2022-04-24,International conveyance (Vanuatu),Uncategorized,0,12,0,0
2022-05-01,International conveyance (Vanuatu),Uncategorized,0,12,0,0
2022-05-08,International conveyance (Vanuatu),Uncategorized,0,12,0,0
2022-05-15,International conveyance (Vanuatu),Uncategorized,0,12,0,0
2022-05-22,International conveyance (Vanuatu),Uncategorized,0,12,0,0
2022-05-29,International conveyance (Vanuatu),Uncategorized,0,12,0,0
2022-06-05,International conveyance (Vanuatu),Uncategorized,0,12,0,0
2022-06-12,International conveyance (Vanuatu),Uncategorized,0,12,0,0
2022-06-19,International conveyance (Vanuatu),Uncategorized,0,12,0,0
2022-06-26,International conveyance (Vanuatu),Uncategorized,0,12,0,0
2022-07-03,International conveyance (Vanuatu),Uncategorized,0,12,0,0
2022-07-10,International conveyance (Vanuatu),Uncategorized,0,12,0,0
2022-07-17,International conveyance (Vanuatu),Uncategorized,0,12,0,0
2022-07-24,International conveyance (Vanuatu),Uncategorized,0,12,0,0
2022-07-31,International conveyance (Vanuatu),Uncategorized,0,12,0,0
2022-08-07,International conveyance (Vanuatu),Uncategorized,0,12,0,0
2022-08-14,International conveyance (Vanuatu),Uncategorized,0,12,0,0
2022-08-21,International conveyance (Vanuatu),Uncategorized,0,12,0,0
2022-08-28,International conveyance (Vanuatu),Uncategorized,0,12,0,0
2022-09-04,International conveyance (Vanuatu),Uncategorized,0,12,0,0
2022-09-11,International conveyance (Vanuatu),Uncategorized,0,12,0,0
2022-09-18,International conveyance (Vanuatu),Uncategorized,0,12,0,0
2022-09-25,International conveyance (Vanuatu),Uncategorized,0,12,0,0
2022-10-02,International conveyance (Vanuatu),Uncategorized,0,12,0,0
2022-10-09,International conveyance (Vanuatu),Uncategorized,0,12,0,0
2022-10-16,International conveyance (Vanuatu),Uncategorized,0,12,0,0
2022-10-23,International conveyance (Vanuatu),Uncategorized,0,12,0,0
2022-10-30,International conveyance (Vanuatu),Uncategorized,0,12,0,0
2022-11-06,International conveyance (Vanuatu),Uncategorized,0,12,0,0
2022-11-13,International conveyance (Vanuatu),Uncategorized,0,12,0,0
2022-11-20,International conveyance (Vanuatu),Uncategorized,0,12,0,0
2022-11-27,International conveyance (Vanuatu),Uncategorized,0,12,0,0
2022-12-04,International conveyance (Vanuatu),Uncategorized,0,12,0,0
2022-12-11,International conveyance (Vanuatu),Uncategorized,0,12,0,0
2022-12-18,International conveyance (Vanuatu),Uncategorized,0,12,0,0
2022-12-25,International conveyance (Vanuatu),Uncategorized,0,12,0,0
2023-01-01,International conveyance (Vanuatu),Uncategorized,0,12,0,0
2023-01-08,International conveyance (Vanuatu),Uncategorized,0,12,0,0
2023-01-15,International conveyance (Vanuatu),Uncategorized,0,12,0,0
2023-01-22,International conveyance (Vanuatu),Uncategorized,0,12,0,0
2023-01-29,International conveyance (Vanuatu),Uncategorized,0,12,0,0
2023-02-05,International conveyance (Vanuatu),Uncategorized,0,12,0,0
2023-02-12,International conveyance (Vanuatu),Uncategorized,0,12,0,0
2023-02-19,International conveyance (Vanuatu),Uncategorized,0,12,0,0
2023-02-26,International conveyance (Vanuatu),Uncategorized,0,12,0,0
2023-03-05,International conveyance (Vanuatu),Uncategorized,0,12,0,0
2023-03-12,International conveyance (Vanuatu),Uncategorized,0,12,0,0
2023-03-19,International conveyance (Vanuatu),Uncategorized,0,12,0,0
2023-03-26,International conveyance (Vanuatu),Uncategorized,0,12,0,0
2023-04-02,International conveyance (Vanuatu),Uncategorized,0,12,0,0
2023-04-09,International conveyance (Vanuatu),Uncategorized,0,12,0,0
2023-04-16,International conveyance (Vanuatu),Uncategorized,0,12,0,0
2023-04-23,International conveyance (Vanuatu),Uncategorized,0,12,0,0
2023-04-30,International conveyance (Vanuatu),Uncategorized,0,12,0,0
2023-05-07,International conveyance (Vanuatu),Uncategorized,0,12,0,0
2023-05-14,International conveyance (Vanuatu),Uncategorized,0,12,0,0
2023-05-21,International conveyance (Vanuatu),Uncategorized,0,12,0,0
2023-05-28,International conveyance (Vanuatu),Uncategorized,0,12,0,0
2023-06-04,International conveyance (Vanuatu),Uncategorized,0,12,0,0
2023-06-11,International conveyance (Vanuatu),Uncategorized,0,12,0,0
2023-06-18,International conveyance (Vanuatu),Uncategorized,0,12,0,0
2023-06-25,International conveyance (Vanuatu),Uncategorized,0,12,0,0
2023-07-02,International conveyance (Vanuatu),Uncategorized,0,12,0,0
2023-07-09,International conveyance (Vanuatu),Uncategorized,0,12,0,0
2023-07-16,International conveyance (Vanuatu),Uncategorized,0,12,0,0
2023-07-23,International conveyance (Vanuatu),Uncategorized,0,12,0,0
2023-07-30,International conveyance (Vanuatu),Uncategorized,0,12,0,0
2023-08-06,International conveyance (Vanuatu),Uncategorized,0,12,0,0
2023-08-13,International conveyance (Vanuatu),Uncategorized,0,12,0,0
2023-08-20,International conveyance (Vanuatu),Uncategorized,0,12,0,0
2023-08-27,International conveyance (Vanuatu),Uncategorized,0,12,0,0
2023-09-03,International conveyance (Vanuatu),Uncategorized,0,12,0,0
2023-09-10,International conveyance (Vanuatu),Uncategorized,0,12,0,0
2023-09-17,International conveyance (Vanuatu),Uncategorized,0,12,0,0
2023-09-24,International conveyance (Vanuatu),Uncategorized,0,12,0,0
2023-10-01,International conveyance (Vanuatu),Uncategorized,0,12,0,0
2023-10-08,International conveyance (Vanuatu),Uncategorized,0,12,0,0
2023-10-15,International conveyance (Vanuatu),Uncategorized,0,12,0,0
2023-10-22,International conveyance (Vanuatu),Uncategorized,0,12,0,0
2023-10-29,International conveyance (Vanuatu),Uncategorized,0,12,0,0
2023-11-05,International conveyance (Vanuatu),Uncategorized,0,12,0,0
2023-11-12,International conveyance (Vanuatu),Uncategorized,0,12,0,0
2023-11-19,International conveyance (Vanuatu),Uncategorized,0,12,0,0
2023-11-26,International conveyance (Vanuatu),Uncategorized,0,12,0,0
2023-12-03,International conveyance (Vanuatu),Uncategorized,0,12,0,0
2023-12-10,International conveyance (Vanuatu),Uncategorized,0,12,0,0
2023-12-17,International conveyance (Vanuatu),Uncategorized,0,12,0,0
2023-12-24,International conveyance (Vanuatu),Uncategorized,0,12,0,0
2023-12-31,International conveyance (Vanuatu),Uncategorized,0,12,0,0
2024-01-07,International conveyance (Vanuatu),Uncategorized,0,12,0,0
2024-01-14,International conveyance (Vanuatu),Uncategorized,0,12,0,0
2024-01-21,International conveyance (Vanuatu),Uncategorized,0,12,0,0
2024-01-28,International conveyance (Vanuatu),Uncategorized,0,12,0,0
2024-02-04,International conveyance (Vanuatu),Uncategorized,0,12,0,0
2024-02-11,International conveyance (Vanuatu),Uncategorized,0,12,0,0
2024-02-18,International conveyance (Vanuatu),Uncategorized,0,12,0,0
2024-02-25,International conveyance (Vanuatu),Uncategorized,0,12,0,0
2024-03-03,International conveyance (Vanuatu),Uncategorized,0,12,0,0
2024-03-10,International conveyance (Vanuatu),Uncategorized,0,12,0,0
2024-03-17,International conveyance (Vanuatu),Uncategorized,0,12,0,0
2024-03-24,International conveyance (Vanuatu),Uncategorized,0,12,0,0
2024-03-31,International conveyance (Vanuatu),Uncategorized,0,12,0,0
2024-04-07,International conveyance (Vanuatu),Uncategorized,0,12,0,0
2024-04-14,International conveyance (Vanuatu),Uncategorized,0,12,0,0
2024-04-21,International conveyance (Vanuatu),Uncategorized,0,12,0,0
2024-04-28,International conveyance (Vanuatu),Uncategorized,0,12,0,0
2024-05-05,International conveyance (Vanuatu),Uncategorized,0,12,0,0
2024-05-12,International conveyance (Vanuatu),Uncategorized,0,12,0,0
2024-05-19,International conveyance (Vanuatu),Uncategorized,0,12,0,0
2024-05-26,International conveyance (Vanuatu),Uncategorized,0,12,0,0
2024-06-02,International conveyance (Vanuatu),Uncategorized,0,12,0,0
2024-06-09,International conveyance (Vanuatu),Uncategorized,0,12,0,0
2024-06-16,International conveyance (Vanuatu),Uncategorized,0,12,0,0
2024-06-23,International conveyance (Vanuatu),Uncategorized,0,12,0,0
2024-06-30,International conveyance (Vanuatu),Uncategorized,0,12,0,0
2024-07-07,International conveyance (Vanuatu),Uncategorized,0,12,0,0
2024-07-14,International conveyance (Vanuatu),Uncategorized,0,12,0,0
2024-07-21,International conveyance (Vanuatu),Uncategorized,0,12,0,0
2024-07-28,International conveyance (Vanuatu),Uncategorized,0,12,0,0
2024-08-04,International conveyance (Vanuatu),Uncategorized,0,12,0,0
2024-08-11,International conveyance (Vanuatu),Uncategorized,0,12,0,0
2024-08-18,International conveyance (Vanuatu),Uncategorized,0,12,0,0
2024-08-25,International conveyance (Vanuatu),Uncategorized,0,12,0,0
2024-09-01,International conveyance (Vanuatu),Uncategorized,0,12,0,0
2020-01-05,Iran (Islamic Republic of),Asia,0,0,0,0
2020-01-12,Iran (Islamic Republic of),Asia,0,0,0,0
2020-01-19,Iran (Islamic Republic of),Asia,0,0,0,0
2020-01-26,Iran (Islamic Republic of),Asia,0,0,0,0
2020-02-02,Iran (Islamic Republic of),Asia,0,0,0,0
2020-02-09,Iran (Islamic Republic of),Asia,0,0,0,0
2020-02-16,Iran (Islamic Republic of),Asia,0,0,0,0
2020-02-23,Iran (Islamic Republic of),Asia,28,28,5,5
2020-03-01,Iran (Islamic Republic of),Asia,565,593,38,43
2020-03-08,Iran (Islamic Republic of),Asia,5230,5823,102,145
2020-03-15,Iran (Islamic Republic of),Asia,6906,12729,466,611
2020-03-22,Iran (Islamic Republic of),Asia,7881,20610,945,1556
2020-03-29,Iran (Islamic Republic of),Asia,14798,35408,961,2517
2020-04-05,Iran (Islamic Republic of),Asia,20335,55743,935,3452
2020-04-12,Iran (Islamic Republic of),Asia,14286,70029,905,4357
2020-04-19,Iran (Islamic Republic of),Asia,10839,80868,674,5031
2020-04-26,Iran (Islamic Republic of),Asia,8460,89328,619,5650
2020-05-03,Iran (Islamic Republic of),Asia,7120,96448,506,6156
2020-05-10,Iran (Islamic Republic of),Asia,9772,106220,433,6589
2020-05-17,Iran (Islamic Republic of),Asia,12172,118392,348,6937
2020-05-24,Iran (Islamic Republic of),Asia,15129,133521,422,7359
2020-05-31,Iran (Islamic Republic of),Asia,15429,148950,375,7734
2020-06-07,Iran (Islamic Republic of),Asia,20475,169425,475,8209
2020-06-14,Iran (Islamic Republic of),Asia,15530,184955,521,8730
2020-06-21,Iran (Islamic Republic of),Asia,17629,202584,777,9507
2020-06-28,Iran (Islamic Republic of),Asia,17596,220180,857,10364
2020-07-05,Iran (Islamic Republic of),Asia,17698,237878,1044,11408
2020-07-12,Iran (Islamic Republic of),Asia,17239,255117,1227,12635
2020-07-19,Iran (Islamic Republic of),Asia,16489,271606,1344,13979
2020-07-26,Iran (Islamic Republic of),Asia,17233,288839,1505,15484
2020-08-02,Iran (Islamic Republic of),Asia,17913,306752,1498,16982
2020-08-09,Iran (Islamic Republic of),Asia,17940,324692,1282,18264
2020-08-16,Iran (Islamic Republic of),Asia,16378,341070,1228,19492
2020-08-23,Iran (Islamic Republic of),Asia,15722,356792,1010,20502
2020-08-30,Iran (Islamic Republic of),Asia,15024,371816,857,21359
2020-09-06,Iran (Islamic Republic of),Asia,12850,384666,795,22154
2020-09-13,Iran (Islamic Republic of),Asia,15274,399940,875,23029
2020-09-20,Iran (Islamic Republic of),Asia,19103,419043,1089,24118
2020-09-27,Iran (Islamic Republic of),Asia,24043,443086,1276,25394
2020-10-04,Iran (Islamic Republic of),Asia,25033,468119,1352,26746
2020-10-11,Iran (Islamic Republic of),Asia,28134,496253,1547,28293
2020-10-18,Iran (Islamic Republic of),Asia,30237,526490,1830,30123
2020-10-25,Iran (Islamic Republic of),Asia,36215,562705,2197,32320
2020-11-01,Iran (Islamic Republic of),Asia,50067,612772,2544,34864
2020-11-08,Iran (Islamic Republic of),Asia,60478,673250,2968,37832
2020-11-15,Iran (Islamic Republic of),Asia,76275,749525,3202,41034
2020-11-22,Iran (Islamic Republic of),Asia,91783,841308,3293,44327
2020-11-29,Iran (Islamic Republic of),Asia,94491,935799,3159,47486
2020-12-06,Iran (Islamic Republic of),Asia,93187,1028986,2530,50016
2020-12-13,Iran (Islamic Republic of),Asia,71832,1100818,1933,51949
2020-12-20,Iran (Islamic Republic of),Asia,51254,1152072,1499,53448
2020-12-27,Iran (Islamic Republic of),Asia,42891,1194963,1126,54574
2021-01-03,Iran (Islamic Republic of),Asia,42511,1237474,864,55438
2021-01-10,Iran (Islamic Republic of),Asia,42964,1280438,662,56100
2021-01-17,Iran (Islamic Republic of),Asia,43957,1324395,617,56717
2021-01-24,Iran (Islamic Republic of),Asia,42637,1367032,577,57294
2021-01-31,Iran (Islamic Republic of),Asia,44699,1411731,595,57889
2021-02-07,Iran (Islamic Republic of),Asia,47639,1459370,523,58412
2021-02-14,Iran (Islamic Republic of),Asia,51503,1510873,471,58883
2021-02-21,Iran (Islamic Republic of),Asia,55208,1566081,526,59409
2021-02-28,Iran (Islamic Republic of),Asia,57078,1623159,571,59980
2021-03-07,Iran (Islamic Republic of),Asia,58523,1681682,614,60594
2021-03-14,Iran (Islamic Republic of),Asia,57678,1739360,548,61142
2021-03-21,Iran (Islamic Republic of),Asia,54445,1793805,582,61724
2021-03-28,Iran (Islamic Republic of),Asia,53118,1846923,584,62308
2021-04-04,Iran (Islamic Republic of),Asia,73471,1920394,691,62999
2021-04-11,Iran (Islamic Republic of),Asia,128684,2049078,1233,64232
2021-04-18,Iran (Islamic Republic of),Asia,166367,2215445,2095,66327
2021-04-25,Iran (Islamic Republic of),Asia,161594,2377039,2793,69120
2021-05-02,Iran (Islamic Republic of),Asia,139118,2516157,2970,72090
2021-05-09,Iran (Islamic Republic of),Asia,124513,2640670,2434,74524
2021-05-16,Iran (Islamic Republic of),Asia,99205,2739875,2109,76633
2021-05-23,Iran (Islamic Republic of),Asia,84012,2823887,1748,78381
2021-05-30,Iran (Islamic Republic of),Asia,69331,2893218,1360,79741
2021-06-06,Iran (Islamic Republic of),Asia,67533,2960751,1200,80941
2021-06-13,Iran (Islamic Republic of),Asia,59771,3020522,970,81911
2021-06-20,Iran (Islamic Republic of),Asia,66452,3086974,943,82854
2021-06-27,Iran (Islamic Republic of),Asia,71009,3157983,857,83711
2021-07-04,Iran (Islamic Republic of),Asia,83054,3241037,916,84627
2021-07-11,Iran (Islamic Republic of),Asia,114749,3355786,1067,85694
2021-07-18,Iran (Islamic Republic of),Asia,145293,3501079,1272,86966
2021-07-25,Iran (Islamic Republic of),Asia,163207,3664286,1566,88532
2021-08-01,Iran (Islamic Republic of),Asia,206722,3871008,2098,90630
2021-08-08,Iran (Islamic Republic of),Asia,248102,4119110,2843,93473
2021-08-15,Iran (Islamic Republic of),Asia,269975,4389085,3735,97208
2021-08-22,Iran (Islamic Republic of),Asia,251610,4640695,4146,101354
2021-08-29,Iran (Islamic Republic of),Asia,254753,4895448,4547,105901
2021-09-05,Iran (Islamic Republic of),Asia,208089,5103537,4163,110064
2021-09-12,Iran (Islamic Republic of),Asia,172030,5275567,3760,113824
2021-09-19,Iran (Islamic Republic of),Asia,133293,5408860,2967,116791
2021-09-26,Iran (Islamic Republic of),Asia,110868,5519728,2281,119072
2021-10-03,Iran (Islamic Republic of),Asia,91972,5611700,1808,120880
2021-10-10,Iran (Islamic Republic of),Asia,79934,5691634,1490,122370
2021-10-17,Iran (Islamic Republic of),Asia,81785,5773419,1506,123876
2021-10-24,Iran (Islamic Republic of),Asia,78251,5851670,1176,125052
2021-10-31,Iran (Islamic Republic of),Asia,64541,5916211,1074,126126
2021-11-07,Iran (Islamic Republic of),Asia,64049,5980260,1047,127173
2021-11-14,Iran (Islamic Republic of),Asia,51315,6031575,869,128042
2021-11-21,Iran (Islamic Republic of),Asia,41523,6073098,810,128852
2021-11-28,Iran (Islamic Republic of),Asia,32003,6105101,697,129549
2021-12-05,Iran (Islamic Republic of),Asia,26255,6131356,575,130124
2021-12-12,Iran (Islamic Republic of),Asia,21168,6152524,537,130661
2021-12-19,Iran (Islamic Republic of),Asia,16487,6169011,372,131033
2021-12-26,Iran (Islamic Republic of),Asia,13894,6182905,315,131348
2022-01-02,Iran (Islamic Republic of),Asia,12498,6195403,291,131639
2022-01-09,Iran (Islamic Republic of),Asia,9114,6204517,208,131847
2022-01-16,Iran (Islamic Republic of),Asia,14224,6218741,197,132044
2022-01-23,Iran (Islamic Republic of),Asia,26605,6245346,158,132202
2022-01-30,Iran (Islamic Republic of),Asia,76837,6322183,178,132380
2022-02-06,Iran (Islamic Republic of),Asia,221654,6543837,365,132745
2022-02-13,Iran (Islamic Republic of),Asia,236616,6780453,825,133570
2022-02-20,Iran (Islamic Republic of),Asia,145032,6925485,1228,134798
2022-02-27,Iran (Islamic Republic of),Asia,105458,7030943,1592,136390
2022-03-06,Iran (Islamic Republic of),Asia,53363,7084306,1357,137747
2022-03-13,Iran (Islamic Republic of),Asia,35457,7119763,1084,138831
2022-03-20,Iran (Islamic Republic of),Asia,19454,7139217,719,139550
2022-03-27,Iran (Islamic Republic of),Asia,9572,7148789,421,139971
2022-04-03,Iran (Islamic Republic of),Asia,17582,7166371,306,140277
2022-04-10,Iran (Islamic Republic of),Asia,22378,7188749,300,140577
2022-04-17,Iran (Islamic Republic of),Asia,16315,7205064,223,140800
2022-04-24,Iran (Islamic Republic of),Asia,10448,7215512,162,140962
2022-05-01,Iran (Islamic Republic of),Asia,6141,7221653,121,141083
2022-05-08,Iran (Islamic Republic of),Asia,3048,7224701,82,141165
2022-05-15,Iran (Islamic Republic of),Asia,2982,7227683,51,141216
2022-05-22,Iran (Islamic Republic of),Asia,2058,7229741,55,141271
2022-05-29,Iran (Islamic Republic of),Asia,1646,7231387,35,141306
2022-06-05,Iran (Islamic Republic of),Asia,1291,7232678,22,141328
2022-06-12,Iran (Islamic Republic of),Asia,850,7233528,21,141349
2022-06-19,Iran (Islamic Republic of),Asia,1069,7234597,14,141363
2022-06-26,Iran (Islamic Republic of),Asia,1467,7236064,20,141383
2022-07-03,Iran (Islamic Republic of),Asia,2776,7238840,7,141390
2022-07-10,Iran (Islamic Republic of),Asia,8761,7247601,39,141429
2022-07-17,Iran (Islamic Republic of),Asia,25126,7272727,57,141486
2022-07-24,Iran (Islamic Republic of),Asia,46595,7319322,164,141650
2022-07-31,Iran (Islamic Republic of),Asia,61977,7381299,287,141937
2022-08-07,Iran (Islamic Republic of),Asia,53646,7434945,461,142398
2022-08-14,Iran (Islamic Republic of),Asia,33949,7468894,463,142861
2022-08-21,Iran (Islamic Republic of),Asia,34475,7503369,471,143332
2022-08-28,Iran (Islamic Republic of),Asia,18600,7521969,352,143684
2022-09-04,Iran (Islamic Republic of),Asia,9955,7531924,263,143947
2022-09-11,Iran (Islamic Republic of),Asia,6201,7538125,207,144154
2022-09-18,Iran (Islamic Republic of),Asia,4408,7542533,133,144287
2022-09-25,Iran (Islamic Republic of),Asia,4140,7546673,95,144382
2022-10-02,Iran (Islamic Republic of),Asia,2513,7549186,47,144429
2022-10-09,Iran (Islamic Republic of),Asia,2171,7551357,49,144478
2022-10-16,Iran (Islamic Republic of),Asia,2649,7554006,38,144516
2022-10-23,Iran (Islamic Republic of),Asia,1897,7555903,27,144543
2022-10-30,Iran (Islamic Republic of),Asia,1461,7557364,28,144571
2022-11-06,Iran (Islamic Republic of),Asia,714,7558078,21,144592
2022-11-13,Iran (Islamic Republic of),Asia,815,7558893,18,144610
2022-11-20,Iran (Islamic Republic of),Asia,365,7559258,15,144625
2022-11-27,Iran (Islamic Republic of),Asia,268,7559526,8,144633
2022-12-04,Iran (Islamic Republic of),Asia,273,7559799,4,144637
2022-12-11,Iran (Islamic Republic of),Asia,306,7560105,21,144658
2022-12-18,Iran (Islamic Republic of),Asia,284,7560389,3,144661
2022-12-25,Iran (Islamic Republic of),Asia,342,7560731,12,144673
2023-01-01,Iran (Islamic Republic of),Asia,409,7561140,12,144685
2023-01-08,Iran (Islamic Republic of),Asia,668,7561808,21,144706
2023-01-15,Iran (Islamic Republic of),Asia,687,7562495,18,144724
2023-01-22,Iran (Islamic Republic of),Asia,778,7563273,10,144734
2023-01-29,Iran (Islamic Republic of),Asia,773,7564046,10,144744
2023-02-05,Iran (Islamic Republic of),Asia,617,7564663,12,144756
2023-02-12,Iran (Islamic Republic of),Asia,704,7565367,23,144779
2023-02-19,Iran (Islamic Republic of),Asia,1069,7566436,18,144797
2023-02-26,Iran (Islamic Republic of),Asia,1037,7567473,31,144828
2023-03-05,Iran (Islamic Republic of),Asia,2296,7569769,50,144878
2023-03-12,Iran (Islamic Republic of),Asia,3559,7573328,78,144956
2023-03-19,Iran (Islamic Republic of),Asia,5743,7579071,98,145054
2023-03-26,Iran (Islamic Republic of),Asia,5460,7584531,142,145196
2023-04-02,Iran (Islamic Republic of),Asia,7090,7591621,173,145369
2023-04-09,Iran (Islamic Republic of),Asia,6361,7597982,202,145571
2023-04-16,Iran (Islamic Republic of),Asia,5109,7603091,237,145808
2023-04-23,Iran (Islamic Republic of),Asia,3150,7606241,178,145986
2023-04-30,Iran (Islamic Republic of),Asia,2227,7608468,111,146097
2023-05-07,Iran (Islamic Republic of),Asia,1454,7609922,68,146165
2023-05-14,Iran (Islamic Republic of),Asia,754,7610676,39,146204
2023-05-21,Iran (Islamic Republic of),Asia,462,7611138,26,146230
2023-05-28,Iran (Islamic Republic of),Asia,445,7611583,23,146253
2023-06-04,Iran (Islamic Republic of),Asia,348,7611931,14,146267
2023-06-11,Iran (Islamic Republic of),Asia,70,7612001,6,146273
2023-06-18,Iran (Islamic Republic of),Asia,279,7612280,17,146290
2023-06-25,Iran (Islamic Republic of),Asia,134,7612414,2,146292
2023-07-02,Iran (Islamic Republic of),Asia,123,7612537,5,146297
2023-07-09,Iran (Islamic Republic of),Asia,125,7612662,4,146301
2023-07-16,Iran (Islamic Republic of),Asia,66,7612728,2,146303
2023-07-23,Iran (Islamic Republic of),Asia,100,7612828,3,146306
2023-07-30,Iran (Islamic Republic of),Asia,107,7612935,5,146311
2023-08-06,Iran (Islamic Republic of),Asia,135,7613070,5,146316
2023-08-13,Iran (Islamic Republic of),Asia,168,7613238,2,146318
2023-08-20,Iran (Islamic Republic of),Asia,230,7613468,3,146321
2023-08-27,Iran (Islamic Republic of),Asia,248,7613716,6,146327
2023-09-03,Iran (Islamic Republic of),Asia,118,7613834,5,146332
2023-09-10,Iran (Islamic Republic of),Asia,895,7614729,24,146356
2023-09-17,Iran (Islamic Republic of),Asia,1093,7615822,8,146364
2023-09-24,Iran (Islamic Republic of),Asia,969,7616791,22,146386
2023-10-01,Iran (Islamic Republic of),Asia,961,7617752,24,146410
2023-10-08,Iran (Islamic Republic of),Asia,975,7618727,26,146436
2023-10-15,Iran (Islamic Republic of),Asia,1254,7619981,44,146480
2023-10-22,Iran (Islamic Republic of),Asia,1059,7621040,50,146530
2023-10-29,Iran (Islamic Republic of),Asia,1087,7622127,50,146580
2023-11-05,Iran (Islamic Republic of),Asia,934,7623061,53,146633
2023-11-12,Iran (Islamic Republic of),Asia,653,7623714,29,146662
2023-11-19,Iran (Islamic Republic of),Asia,398,7624112,26,146688
2023-11-26,Iran (Islamic Republic of),Asia,295,7624407,17,146705
2023-12-03,Iran (Islamic Republic of),Asia,292,7624699,19,146724
2023-12-10,Iran (Islamic Republic of),Asia,283,7624982,11,146735
2023-12-17,Iran (Islamic Republic of),Asia,178,7625160,6,146741
2023-12-24,Iran (Islamic Republic of),Asia,132,7625292,10,146751
2023-12-31,Iran (Islamic Republic of),Asia,171,7625463,6,146757
2024-01-07,Iran (Islamic Republic of),Asia,182,7625645,5,146762
2024-01-14,Iran (Islamic Republic of),Asia,167,7625812,5,146767
2024-01-21,Iran (Islamic Republic of),Asia,210,7626022,10,146777
2024-01-28,Iran (Islamic Republic of),Asia,208,7626230,8,146785
2024-02-04,Iran (Islamic Republic of),Asia,297,7626527,14,146799
2024-02-11,Iran (Islamic Republic of),Asia,317,7626844,1,146800
2024-02-18,Iran (Islamic Republic of),Asia,278,7627122,8,146808
2024-02-25,Iran (Islamic Republic of),Asia,387,7627509,21,146829
2024-03-03,Iran (Islamic Republic of),Asia,354,7627863,8,146837
2024-03-10,Iran (Islamic Republic of),Asia,0,7627863,0,146837
2024-03-17,Iran (Islamic Republic of),Asia,0,7627863,0,146837
2024-03-24,Iran (Islamic Republic of),Asia,0,7627863,0,146837
2024-03-31,Iran (Islamic Republic of),Asia,0,7627863,0,146837
2024-04-07,Iran (Islamic Republic of),Asia,0,7627863,0,146837
2024-04-14,Iran (Islamic Republic of),Asia,0,7627863,0,146837
2024-04-21,Iran (Islamic Republic of),Asia,0,7627863,0,146837
2024-04-28,Iran (Islamic Republic of),Asia,0,7627863,0,146837
2024-05-05,Iran (Islamic Republic of),Asia,0,7627863,0,146837
2024-05-12,Iran (Islamic Republic of),Asia,0,7627863,0,146837
2024-05-19,Iran (Islamic Republic of),Asia,0,7627863,0,146837
2024-05-26,Iran (Islamic Republic of),Asia,0,7627863,0,146837
2024-06-02,Iran (Islamic Republic of),Asia,0,7627863,0,146837
2024-06-09,Iran (Islamic Republic of),Asia,0,7627863,0,146837
2024-06-16,Iran (Islamic Republic of),Asia,0,7627863,0,146837
2024-06-23,Iran (Islamic Republic of),Asia,0,7627863,0,146837
2024-06-30,Iran (Islamic Republic of),Asia,0,7627863,0,146837
2024-07-07,Iran (Islamic Republic of),Asia,0,7627863,0,146837
2024-07-14,Iran (Islamic Republic of),Asia,0,7627863,0,146837
2024-07-21,Iran (Islamic Republic of),Asia,0,7627863,0,146837
2024-07-28,Iran (Islamic Republic of),Asia,0,7627863,0,146837
2024-08-04,Iran (Islamic Republic of),Asia,0,7627863,0,146837
2024-08-11,Iran (Islamic Republic of),Asia,0,7627863,0,146837
2024-08-18,Iran (Islamic Republic of),Asia,0,7627863,0,146837
2024-08-25,Iran (Islamic Republic of),Asia,0,7627863,0,146837
2024-09-01,Iran (Islamic Republic of),Asia,0,7627863,0,146837
2020-01-05,Iraq,Asia,0,0,0,0
2020-01-12,Iraq,Asia,0,0,0,0
2020-01-19,Iraq,Asia,0,0,0,0
2020-01-26,Iraq,Asia,0,0,0,0
2020-02-02,Iraq,Asia,0,0,0,0
2020-02-09,Iraq,Asia,0,0,0,0
2020-02-16,Iraq,Asia,0,0,0,0
2020-02-23,Iraq,Asia,0,0,0,0
2020-03-01,Iraq,Asia,13,13,0,0
2020-03-08,Iraq,Asia,41,54,2,2
2020-03-15,Iraq,Asia,58,112,7,9
2020-03-22,Iraq,Asia,102,214,8,17
2020-03-29,Iraq,Asia,292,506,25,42
2020-04-05,Iraq,Asia,372,878,14,56
2020-04-12,Iraq,Asia,440,1318,16,72
2020-04-19,Iraq,Asia,195,1513,10,82
2020-04-26,Iraq,Asia,250,1763,4,86
2020-05-03,Iraq,Asia,456,2219,9,95
2020-05-10,Iraq,Asia,460,2679,12,107
2020-05-17,Iraq,Asia,581,3260,14,121
2020-05-24,Iraq,Asia,1012,4272,31,152
2020-05-31,Iraq,Asia,1907,6179,43,195
2020-06-07,Iraq,Asia,4919,11098,123,318
2020-06-14,Iraq,Asia,7852,18950,231,549
2020-06-21,Iraq,Asia,10272,29222,464,1013
2020-06-28,Iraq,Asia,14040,43262,647,1660
2020-07-05,Iraq,Asia,15092,58354,708,2368
2020-07-12,Iraq,Asia,16840,75194,687,3055
2020-07-19,Iraq,Asia,15026,90220,636,3691
2020-07-26,Iraq,Asia,17353,107573,593,4284
2020-08-02,Iraq,Asia,19131,126704,521,4805
2020-08-09,Iraq,Asia,20685,147389,505,5310
2020-08-16,Iraq,Asia,25194,172583,475,5785
2020-08-23,Iraq,Asia,28467,201050,568,6353
2020-08-30,Iraq,Asia,26396,227446,538,6891
2020-09-06,Iraq,Asia,29273,256719,531,7422
2020-09-13,Iraq,Asia,30059,286778,519,7941
2020-09-20,Iraq,Asia,28819,315597,550,8491
2020-09-27,Iraq,Asia,30372,345969,444,8935
2020-10-04,Iraq,Asia,29962,375931,412,9347
2020-10-11,Iraq,Asia,24193,400124,443,9790
2020-10-18,Iraq,Asia,23400,423524,408,10198
2020-10-25,Iraq,Asia,25629,449153,370,10568
2020-11-01,Iraq,Asia,23477,472630,342,10910
2020-11-08,Iraq,Asia,23389,496019,373,11283
2020-11-15,Iraq,Asia,20896,516915,340,11623
2020-11-22,Iraq,Asia,16640,533555,302,11925
2020-11-29,Iraq,Asia,15266,548821,275,12200
2020-12-06,Iraq,Asia,13699,562520,211,12411
2020-12-13,Iraq,Asia,11102,573622,154,12565
2020-12-20,Iraq,Asia,9496,583118,115,12680
2020-12-27,Iraq,Asia,7661,590779,87,12767
2021-01-03,Iraq,Asia,6254,597033,62,12829
2021-01-10,Iraq,Asia,5298,602331,52,12881
2021-01-17,Iraq,Asia,5256,607587,54,12935
2021-01-24,Iraq,Asia,5283,612870,53,12988
2021-01-31,Iraq,Asia,6052,618922,53,13041
2021-02-07,Iraq,Asia,8494,627416,70,13111
2021-02-14,Iraq,Asia,14212,641628,53,13164
2021-02-21,Iraq,Asia,23122,664750,81,13245
2021-02-28,Iraq,Asia,27491,692241,138,13383
2021-03-07,Iraq,Asia,30948,723189,165,13548
2021-03-14,Iraq,Asia,31129,754318,171,13719
2021-03-21,Iraq,Asia,35072,789390,250,13969
2021-03-28,Iraq,Asia,37767,827157,208,14177
2021-04-04,Iraq,Asia,41043,868200,253,14430
2021-04-11,Iraq,Asia,49955,918155,248,14678
2021-04-18,Iraq,Asia,52832,970987,270,14948
2021-04-25,Iraq,Asia,54301,1025288,269,15217
2021-05-02,Iraq,Asia,45078,1070366,281,15498
2021-05-09,Iraq,Asia,38192,1108558,243,15741
2021-05-16,Iraq,Asia,28359,1136917,189,15930
2021-05-23,Iraq,Asia,27232,1164149,228,16158
2021-05-30,Iraq,Asia,29459,1193608,176,16334
2021-06-06,Iraq,Asia,28070,1221678,184,16518
2021-06-13,Iraq,Asia,29013,1250691,172,16690
2021-06-20,Iraq,Asia,32614,1283305,170,16860
2021-06-27,Iraq,Asia,37927,1321232,201,17061
2021-07-04,Iraq,Asia,43979,1365211,220,17281
2021-07-11,Iraq,Asia,56535,1421746,234,17515
2021-07-18,Iraq,Asia,61268,1483014,274,17789
2021-07-25,Iraq,Asia,60487,1543501,443,18232
2021-08-01,Iraq,Asia,83098,1626599,425,18657
2021-08-08,Iraq,Asia,77764,1704363,489,19146
2021-08-15,Iraq,Asia,64390,1768753,460,19606
2021-08-22,Iraq,Asia,50702,1819455,504,20110
2021-08-29,Iraq,Asia,48897,1868352,522,20632
2021-09-05,Iraq,Asia,44043,1912395,410,21042
2021-09-12,Iraq,Asia,34816,1947211,403,21445
2021-09-19,Iraq,Asia,25494,1972705,330,21775
2021-09-26,Iraq,Asia,18923,1991628,297,22072
2021-10-03,Iraq,Asia,15599,2007227,272,22344
2021-10-10,Iraq,Asia,14882,2022109,193,22537
2021-10-17,Iraq,Asia,11628,2033737,201,22738
2021-10-24,Iraq,Asia,11290,2045027,199,22937
2021-10-31,Iraq,Asia,9175,2054202,201,23138
2021-11-07,Iraq,Asia,7737,2061939,181,23319
2021-11-14,Iraq,Asia,6449,2068388,164,23483
2021-11-21,Iraq,Asia,5447,2073835,159,23642
2021-11-28,Iraq,Asia,5249,2079084,130,23772
2021-12-05,Iraq,Asia,4805,2083889,101,23873
2021-12-12,Iraq,Asia,3608,2087497,92,23965
2021-12-19,Iraq,Asia,2711,2090208,86,24051
2021-12-26,Iraq,Asia,2104,2092312,71,24122
2022-01-02,Iraq,Asia,1579,2093891,41,24163
2022-01-09,Iraq,Asia,2915,2096806,37,24200
2022-01-16,Iraq,Asia,13877,2110683,42,24242
2022-01-23,Iraq,Asia,38623,2149306,41,24283
2022-01-30,Iraq,Asia,48477,2197783,78,24361
2022-02-06,Iraq,Asia,46827,2244610,138,24499
2022-02-13,Iraq,Asia,28925,2273535,179,24678
2022-02-20,Iraq,Asia,16476,2290011,173,24851
2022-02-27,Iraq,Asia,10634,2300645,109,24960
2022-03-06,Iraq,Asia,6910,2307555,81,25041
2022-03-13,Iraq,Asia,4737,2312292,56,25097
2022-03-20,Iraq,Asia,3499,2315791,30,25127
2022-03-27,Iraq,Asia,1956,2317747,22,25149
2022-04-03,Iraq,Asia,2379,2320126,21,25170
2022-04-10,Iraq,Asia,1655,2321781,13,25183
2022-04-17,Iraq,Asia,1259,2323040,15,25198
2022-04-24,Iraq,Asia,1101,2324141,6,25204
2022-05-01,Iraq,Asia,951,2325092,7,25211
2022-05-08,Iraq,Asia,430,2325522,2,25213
2022-05-15,Iraq,Asia,834,2326356,3,25216
2022-05-22,Iraq,Asia,836,2327192,0,25216
2022-05-29,Iraq,Asia,645,2327837,3,25219
2022-06-05,Iraq,Asia,745,2328582,1,25220
2022-06-12,Iraq,Asia,1080,2329662,2,25222
2022-06-19,Iraq,Asia,2210,2331872,6,25228
2022-06-26,Iraq,Asia,6237,2338109,1,25229
2022-07-03,Iraq,Asia,15791,2353900,14,25243
2022-07-10,Iraq,Asia,29194,2383094,10,25253
2022-07-17,Iraq,Asia,19217,2402311,14,25267
2022-07-24,Iraq,Asia,25573,2427884,19,25286
2022-07-31,Iraq,Asia,15888,2443772,27,25313
2022-08-07,Iraq,Asia,6865,2450637,12,25325
2022-08-14,Iraq,Asia,3576,2454213,13,25338
2022-08-21,Iraq,Asia,2342,2456555,5,25343
2022-08-28,Iraq,Asia,1316,2457871,3,25346
2022-09-04,Iraq,Asia,638,2458509,2,25348
2022-09-11,Iraq,Asia,413,2458922,3,25351
2022-09-18,Iraq,Asia,256,2459178,1,25352
2022-09-25,Iraq,Asia,327,2459505,0,25352
2022-10-02,Iraq,Asia,813,2460318,4,25356
2022-10-09,Iraq,Asia,526,2460844,0,25356
2022-10-16,Iraq,Asia,205,2461049,2,25358
2022-10-23,Iraq,Asia,180,2461229,0,25358
2022-10-30,Iraq,Asia,221,2461450,2,25360
2022-11-06,Iraq,Asia,357,2461807,1,25361
2022-11-13,Iraq,Asia,465,2462272,0,25361
2022-11-20,Iraq,Asia,697,2462969,1,25362
2022-11-27,Iraq,Asia,698,2463667,2,25364
2022-12-04,Iraq,Asia,649,2464316,1,25365
2022-12-11,Iraq,Asia,455,2464771,2,25367
2022-12-18,Iraq,Asia,324,2465095,6,25373
2022-12-25,Iraq,Asia,278,2465373,1,25374
2023-01-01,Iraq,Asia,172,2465545,1,25375
2023-01-08,Iraq,Asia,0,2465545,0,25375
2023-01-15,Iraq,Asia,0,2465545,0,25375
2023-01-22,Iraq,Asia,0,2465545,0,25375
2023-01-29,Iraq,Asia,0,2465545,0,25375
2023-02-05,Iraq,Asia,0,2465545,0,25375
2023-02-12,Iraq,Asia,0,2465545,0,25375
2023-02-19,Iraq,Asia,0,2465545,0,25375
2023-02-26,Iraq,Asia,0,2465545,0,25375
2023-03-05,Iraq,Asia,0,2465545,0,25375
2023-03-12,Iraq,Asia,0,2465545,0,25375
2023-03-19,Iraq,Asia,0,2465545,0,25375
2023-03-26,Iraq,Asia,0,2465545,0,25375
2023-04-02,Iraq,Asia,0,2465545,0,25375
2023-04-09,Iraq,Asia,0,2465545,0,25375
2023-04-16,Iraq,Asia,0,2465545,0,25375
2023-04-23,Iraq,Asia,0,2465545,0,25375
2023-04-30,Iraq,Asia,0,2465545,0,25375
2023-05-07,Iraq,Asia,0,2465545,0,25375
2023-05-14,Iraq,Asia,0,2465545,0,25375
2023-05-21,Iraq,Asia,0,2465545,0,25375
2023-05-28,Iraq,Asia,0,2465545,0,25375
2023-06-04,Iraq,Asia,0,2465545,0,25375
2023-06-11,Iraq,Asia,0,2465545,0,25375
2023-06-18,Iraq,Asia,0,2465545,0,25375
2023-06-25,Iraq,Asia,0,2465545,0,25375
2023-07-02,Iraq,Asia,0,2465545,0,25375
2023-07-09,Iraq,Asia,0,2465545,0,25375
2023-07-16,Iraq,Asia,0,2465545,0,25375
2023-07-23,Iraq,Asia,0,2465545,0,25375
2023-07-30,Iraq,Asia,0,2465545,0,25375
2023-08-06,Iraq,Asia,0,2465545,0,25375
2023-08-13,Iraq,Asia,0,2465545,0,25375
2023-08-20,Iraq,Asia,0,2465545,0,25375
2023-08-27,Iraq,Asia,0,2465545,0,25375
2023-09-03,Iraq,Asia,0,2465545,0,25375
2023-09-10,Iraq,Asia,0,2465545,0,25375
2023-09-17,Iraq,Asia,0,2465545,0,25375
2023-09-24,Iraq,Asia,0,2465545,0,25375
2023-10-01,Iraq,Asia,0,2465545,0,25375
2023-10-08,Iraq,Asia,0,2465545,0,25375
2023-10-15,Iraq,Asia,0,2465545,0,25375
2023-10-22,Iraq,Asia,0,2465545,0,25375
2023-10-29,Iraq,Asia,0,2465545,0,25375
2023-11-05,Iraq,Asia,0,2465545,0,25375
2023-11-12,Iraq,Asia,0,2465545,0,25375
2023-11-19,Iraq,Asia,0,2465545,0,25375
2023-11-26,Iraq,Asia,0,2465545,0,25375
2023-12-03,Iraq,Asia,0,2465545,0,25375
2023-12-10,Iraq,Asia,0,2465545,0,25375
2023-12-17,Iraq,Asia,0,2465545,0,25375
2023-12-24,Iraq,Asia,0,2465545,0,25375
2023-12-31,Iraq,Asia,0,2465545,0,25375
2024-01-07,Iraq,Asia,0,2465545,0,25375
2024-01-14,Iraq,Asia,0,2465545,0,25375
2024-01-21,Iraq,Asia,0,2465545,0,25375
2024-01-28,Iraq,Asia,0,2465545,0,25375
2024-02-04,Iraq,Asia,0,2465545,0,25375
2024-02-11,Iraq,Asia,0,2465545,0,25375
2024-02-18,Iraq,Asia,0,2465545,0,25375
2024-02-25,Iraq,Asia,0,2465545,0,25375
2024-03-03,Iraq,Asia,0,2465545,0,25375
2024-03-10,Iraq,Asia,0,2465545,0,25375
2024-03-17,Iraq,Asia,0,2465545,0,25375
2024-03-24,Iraq,Asia,0,2465545,0,25375
2024-03-31,Iraq,Asia,0,2465545,0,25375
2024-04-07,Iraq,Asia,0,2465545,0,25375
2024-04-14,Iraq,Asia,0,2465545,0,25375
2024-04-21,Iraq,Asia,0,2465545,0,25375
2024-04-28,Iraq,Asia,0,2465545,0,25375
2024-05-05,Iraq,Asia,0,2465545,0,25375
2024-05-12,Iraq,Asia,0,2465545,0,25375
2024-05-19,Iraq,Asia,0,2465545,0,25375
2024-05-26,Iraq,Asia,0,2465545,0,25375
2024-06-02,Iraq,Asia,0,2465545,0,25375
2024-06-09,Iraq,Asia,0,2465545,0,25375
2024-06-16,Iraq,Asia,0,2465545,0,25375
2024-06-23,Iraq,Asia,0,2465545,0,25375
2024-06-30,Iraq,Asia,0,2465545,0,25375
2024-07-07,Iraq,Asia,0,2465545,0,25375
2024-07-14,Iraq,Asia,0,2465545,0,25375
2024-07-21,Iraq,Asia,0,2465545,0,25375
2024-07-28,Iraq,Asia,0,2465545,0,25375
2024-08-04,Iraq,Asia,0,2465545,0,25375
2024-08-11,Iraq,Asia,0,2465545,0,25375
2024-08-18,Iraq,Asia,0,2465545,0,25375
2024-08-25,Iraq,Asia,0,2465545,0,25375
2024-09-01,Iraq,Asia,0,2465545,0,25375
2020-01-05,Ireland,Europe,0,0,0,0
2020-01-12,Ireland,Europe,0,0,0,0
2020-01-19,Ireland,Europe,0,0,0,0
2020-01-26,Ireland,Europe,0,0,0,0
2020-02-02,Ireland,Europe,0,0,0,0
2020-02-09,Ireland,Europe,0,0,0,0
2020-02-16,Ireland,Europe,0,0,0,0
2020-02-23,Ireland,Europe,0,0,0,0
2020-03-01,Ireland,Europe,0,0,0,0
2020-03-08,Ireland,Europe,18,18,1,1
2020-03-15,Ireland,Europe,72,90,1,2
2020-03-22,Ireland,Europe,593,683,3,5
2020-03-29,Ireland,Europe,1438,2121,49,54
2020-04-05,Ireland,Europe,2152,4273,121,175
2020-04-12,Ireland,Europe,3816,8089,279,454
2020-04-19,Ireland,Europe,5891,13980,342,796
2020-04-26,Ireland,Europe,4204,18184,290,1086
2020-05-03,Ireland,Europe,2649,20833,201,1287
2020-05-10,Ireland,Europe,1708,22541,165,1452
2020-05-17,Ireland,Europe,1415,23956,83,1535
2020-05-24,Ireland,Europe,550,24506,61,1596
2020-05-31,Ireland,Europe,370,24876,39,1635
2020-06-07,Ireland,Europe,287,25163,27,1662
2020-06-14,Ireland,Europe,87,25250,23,1685
2020-06-21,Ireland,Europe,118,25368,14,1699
2020-06-28,Ireland,Europe,46,25414,12,1711
2020-07-05,Ireland,Europe,84,25498,8,1719
2020-07-12,Ireland,Europe,91,25589,4,1723
2020-07-19,Ireland,Europe,141,25730,5,1728
2020-07-26,Ireland,Europe,115,25845,3,1731
2020-08-02,Ireland,Europe,220,26065,2,1733
2020-08-09,Ireland,Europe,405,26470,1,1734
2020-08-16,Ireland,Europe,525,26995,3,1737
2020-08-23,Ireland,Europe,760,27755,2,1739
2020-08-30,Ireland,Europe,824,28579,1,1740
2020-09-06,Ireland,Europe,724,29303,1,1741
2020-09-13,Ireland,Europe,1268,30571,8,1749
2020-09-20,Ireland,Europe,1700,32271,14,1763
2020-09-27,Ireland,Europe,2044,34315,8,1771
2020-10-04,Ireland,Europe,2748,37063,12,1783
2020-10-11,Ireland,Europe,3640,40703,14,1797
2020-10-18,Ireland,Europe,6724,47427,28,1825
2020-10-25,Ireland,Europe,8912,56339,35,1860
2020-11-01,Ireland,Europe,5798,62137,42,1902
2020-11-08,Ireland,Europe,3479,65616,38,1940
2020-11-15,Ireland,Europe,2561,68177,39,1979
2020-11-22,Ireland,Europe,2703,70880,54,2033
2020-11-29,Ireland,Europe,1897,72777,36,2069
2020-12-06,Ireland,Europe,1792,74569,47,2116
2020-12-13,Ireland,Europe,2016,76585,35,2151
2020-12-20,Ireland,Europe,2747,79332,31,2182
2020-12-27,Ireland,Europe,5844,85176,48,2230
2021-01-03,Ireland,Europe,9434,94610,64,2294
2021-01-10,Ireland,Europe,42352,136962,105,2399
2021-01-17,Ireland,Europe,30664,167626,290,2689
2021-01-24,Ireland,Europe,17731,185357,417,3106
2021-01-31,Ireland,Europe,9613,194970,452,3558
2021-02-07,Ireland,Europe,7871,202841,388,3946
2021-02-14,Ireland,Europe,5957,208798,281,4227
2021-02-21,Ireland,Europe,5680,214478,190,4417
2021-02-28,Ireland,Europe,4851,219329,150,4567
2021-03-07,Ireland,Europe,3918,223247,96,4663
2021-03-14,Ireland,Europe,3651,226898,62,4725
2021-03-21,Ireland,Europe,3486,230384,60,4785
2021-03-28,Ireland,Europe,4021,234405,43,4828
2021-04-04,Ireland,Europe,3860,238265,48,4876
2021-04-11,Ireland,Europe,3005,241270,32,4908
2021-04-18,Ireland,Europe,2627,243897,27,4935
2021-04-25,Ireland,Europe,2924,246821,20,4955
2021-05-02,Ireland,Europe,3127,249948,16,4971
2021-05-09,Ireland,Europe,3034,252982,12,4983
2021-05-16,Ireland,Europe,2966,255948,9,4992
2021-05-23,Ireland,Europe,3109,259057,11,5003
2021-05-30,Ireland,Europe,2871,261928,10,5013
2021-06-06,Ireland,Europe,2919,264847,9,5022
2021-06-13,Ireland,Europe,2289,267136,1,5023
2021-06-20,Ireland,Europe,2193,269329,9,5032
2021-06-27,Ireland,Europe,2226,271555,3,5035
2021-07-04,Ireland,Europe,2819,274374,6,5041
2021-07-11,Ireland,Europe,3439,277813,2,5043
2021-07-18,Ireland,Europe,5219,283032,4,5047
2021-07-25,Ireland,Europe,8571,291603,5,5052
2021-08-01,Ireland,Europe,9024,300627,9,5061
2021-08-08,Ireland,Europe,9251,309878,10,5071
2021-08-15,Ireland,Europe,12115,321993,16,5087
2021-08-22,Ireland,Europe,12389,334382,15,5102
2021-08-29,Ireland,Europe,12766,347148,28,5130
2021-09-05,Ireland,Europe,11324,358472,44,5174
2021-09-12,Ireland,Europe,9911,368383,45,5219
2021-09-19,Ireland,Europe,8840,377223,46,5265
2021-09-26,Ireland,Europe,9196,386419,36,5301
2021-10-03,Ireland,Europe,9106,395525,49,5350
2021-10-10,Ireland,Europe,8844,404369,48,5398
2021-10-17,Ireland,Europe,11721,416090,48,5446
2021-10-24,Ireland,Europe,14171,430261,63,5509
2021-10-31,Ireland,Europe,14940,445201,55,5564
2021-11-07,Ireland,Europe,21608,466809,77,5641
2021-11-14,Ireland,Europe,27728,494537,49,5690
2021-11-21,Ireland,Europe,28823,523360,48,5738
2021-11-28,Ireland,Europe,32704,556064,70,5808
2021-12-05,Ireland,Europe,31944,588008,67,5875
2021-12-12,Ireland,Europe,31480,619488,56,5931
2021-12-19,Ireland,Europe,29191,648679,70,6001
2021-12-26,Ireland,Europe,47414,696093,53,6054
2022-01-02,Ireland,Europe,97002,793095,53,6107
2022-01-09,Ireland,Europe,141823,934918,61,6168
2022-01-16,Ireland,Europe,147583,1082501,89,6257
2022-01-23,Ireland,Europe,56367,1138868,60,6317
2022-01-30,Ireland,Europe,35097,1173965,78,6395
2022-02-06,Ireland,Europe,36269,1210234,88,6483
2022-02-13,Ireland,Europe,36892,1247126,59,6542
2022-02-20,Ireland,Europe,32010,1279136,45,6587
2022-02-27,Ireland,Europe,27088,1306224,60,6647
2022-03-06,Ireland,Europe,22888,1329112,53,6700
2022-03-13,Ireland,Europe,26726,1355838,65,6765
2022-03-20,Ireland,Europe,34473,1390311,68,6833
2022-03-27,Ireland,Europe,46646,1436957,84,6917
2022-04-03,Ireland,Europe,42205,1479162,99,7016
2022-04-10,Ireland,Europe,22014,1501176,103,7119
2022-04-17,Ireland,Europe,13440,1514616,106,7225
2022-04-24,Ireland,Europe,8932,1523548,81,7306
2022-05-01,Ireland,Europe,7576,1531124,57,7363
2022-05-08,Ireland,Europe,5251,1536375,56,7419
2022-05-15,Ireland,Europe,13088,1549463,28,7447
2022-05-22,Ireland,Europe,8038,1557501,28,7475
2022-05-29,Ireland,Europe,4138,1561639,23,7498
2022-06-05,Ireland,Europe,4467,1566106,19,7517
2022-06-12,Ireland,Europe,6053,1572159,16,7533
2022-06-19,Ireland,Europe,8220,1580379,24,7557
2022-06-26,Ireland,Europe,11608,1591987,29,7586
2022-07-03,Ireland,Europe,12852,1604839,44,7630
2022-07-10,Ireland,Europe,14090,1618929,31,7661
2022-07-17,Ireland,Europe,14291,1633220,50,7711
2022-07-24,Ireland,Europe,7832,1641052,58,7769
2022-07-31,Ireland,Europe,4541,1645593,40,7809
2022-08-07,Ireland,Europe,2954,1648547,39,7848
2022-08-14,Ireland,Europe,3193,1651740,41,7889
2022-08-21,Ireland,Europe,2263,1654003,30,7919
2022-08-28,Ireland,Europe,1641,1655644,19,7938
2022-09-04,Ireland,Europe,1902,1657546,20,7958
2022-09-11,Ireland,Europe,1780,1659326,15,7973
2022-09-18,Ireland,Europe,1555,1660881,13,7986
2022-09-25,Ireland,Europe,1875,1662756,16,8002
2022-10-02,Ireland,Europe,1921,1664677,24,8026
2022-10-09,Ireland,Europe,2261,1666938,32,8058
2022-10-16,Ireland,Europe,2210,1669148,26,8084
2022-10-23,Ireland,Europe,2036,1671184,36,8120
2022-10-30,Ireland,Europe,1682,1672866,32,8152
2022-11-06,Ireland,Europe,1905,1674771,33,8185
2022-11-13,Ireland,Europe,1805,1676576,35,8220
2022-11-20,Ireland,Europe,1565,1678141,34,8254
2022-11-27,Ireland,Europe,1551,1679692,30,8284
2022-12-04,Ireland,Europe,1745,1681437,32,8316
2022-12-11,Ireland,Europe,2103,1683540,36,8352
2022-12-18,Ireland,Europe,2699,1686239,29,8381
2022-12-25,Ireland,Europe,3525,1689764,56,8437
2023-01-01,Ireland,Europe,3004,1692768,65,8502
2023-01-08,Ireland,Europe,3660,1696428,59,8561
2023-01-15,Ireland,Europe,2245,1698673,64,8625
2023-01-22,Ireland,Europe,1123,1699796,46,8671
2023-01-29,Ireland,Europe,897,1700693,25,8696
2023-02-05,Ireland,Europe,754,1701447,33,8729
2023-02-12,Ireland,Europe,668,1702115,21,8750
2023-02-19,Ireland,Europe,791,1702906,18,8768
2023-02-26,Ireland,Europe,650,1703556,17,8785
2023-03-05,Ireland,Europe,585,1704141,17,8802
2023-03-12,Ireland,Europe,749,1704890,10,8812
2023-03-19,Ireland,Europe,922,1705812,17,8829
2023-03-26,Ireland,Europe,982,1706794,20,8849
2023-04-02,Ireland,Europe,1345,1708139,19,8868
2023-04-09,Ireland,Europe,707,1708846,20,8888
2023-04-16,Ireland,Europe,588,1709434,15,8903
2023-04-23,Ireland,Europe,612,1710046,16,8919
2023-04-30,Ireland,Europe,504,1710550,26,8945
2023-05-07,Ireland,Europe,477,1711027,19,8964
2023-05-14,Ireland,Europe,492,1711519,17,8981
2023-05-21,Ireland,Europe,423,1711942,29,9010
2023-05-28,Ireland,Europe,517,1712459,12,9022
2023-06-04,Ireland,Europe,435,1712894,18,9040
2023-06-11,Ireland,Europe,311,1713205,21,9061
2023-06-18,Ireland,Europe,281,1713486,12,9073
2023-06-25,Ireland,Europe,223,1713709,8,9081
2023-07-02,Ireland,Europe,130,1713839,7,9088
2023-07-09,Ireland,Europe,172,1714011,11,9099
2023-07-16,Ireland,Europe,212,1714223,4,9103
2023-07-23,Ireland,Europe,261,1714484,4,9107
2023-07-30,Ireland,Europe,365,1714849,12,9119
2023-08-06,Ireland,Europe,625,1715474,8,9127
2023-08-13,Ireland,Europe,691,1716165,15,9142
2023-08-20,Ireland,Europe,844,1717009,15,9157
2023-08-27,Ireland,Europe,931,1717940,24,9181
2023-09-03,Ireland,Europe,756,1718696,20,9201
2023-09-10,Ireland,Europe,801,1719497,21,9222
2023-09-17,Ireland,Europe,718,1720215,13,9235
2023-09-24,Ireland,Europe,583,1720798,13,9248
2023-10-01,Ireland,Europe,741,1721539,10,9258
2023-10-08,Ireland,Europe,706,1722245,17,9275
2023-10-15,Ireland,Europe,567,1722812,17,9292
2023-10-22,Ireland,Europe,609,1723421,12,9304
2023-10-29,Ireland,Europe,502,1723923,13,9317
2023-11-05,Ireland,Europe,412,1724335,14,9331
2023-11-12,Ireland,Europe,530,1724865,14,9345
2023-11-19,Ireland,Europe,484,1725349,9,9354
2023-11-26,Ireland,Europe,420,1725769,6,9360
2023-12-03,Ireland,Europe,440,1726209,22,9382
2023-12-10,Ireland,Europe,510,1726719,13,9395
2023-12-17,Ireland,Europe,711,1727430,20,9415
2023-12-24,Ireland,Europe,928,1728358,25,9440
2023-12-31,Ireland,Europe,595,1728953,14,9454
2024-01-07,Ireland,Europe,1189,1730142,20,9474
2024-01-14,Ireland,Europe,957,1731099,19,9493
2024-01-21,Ireland,Europe,742,1731841,18,9511
2024-01-28,Ireland,Europe,817,1732658,27,9538
2024-02-04,Ireland,Europe,572,1733230,17,9555
2024-02-11,Ireland,Europe,412,1733642,13,9568
2024-02-18,Ireland,Europe,373,1734015,8,9576
2024-02-25,Ireland,Europe,263,1734278,4,9580
2024-03-03,Ireland,Europe,222,1734500,6,9586
2024-03-10,Ireland,Europe,167,1734667,3,9589
2024-03-17,Ireland,Europe,168,1734835,5,9594
2024-03-24,Ireland,Europe,169,1735004,12,9606
2024-03-31,Ireland,Europe,142,1735146,7,9613
2024-04-07,Ireland,Europe,145,1735291,3,9616
2024-04-14,Ireland,Europe,187,1735478,2,9618
2024-04-21,Ireland,Europe,163,1735641,2,9620
2024-04-28,Ireland,Europe,187,1735828,7,9627
2024-05-05,Ireland,Europe,238,1736066,4,9631
2024-05-12,Ireland,Europe,274,1736340,8,9639
2024-05-19,Ireland,Europe,254,1736594,3,9642
2024-05-26,Ireland,Europe,306,1736900,7,9649
2024-06-02,Ireland,Europe,501,1737401,4,9653
2024-06-09,Ireland,Europe,445,1737846,7,9660
2024-06-16,Ireland,Europe,642,1738488,8,9668
2024-06-23,Ireland,Europe,1040,1739528,19,9687
2024-06-30,Ireland,Europe,1088,1740616,13,9700
2024-07-07,Ireland,Europe,977,1741593,17,9717
2024-07-14,Ireland,Europe,846,1742439,14,9731
2024-07-21,Ireland,Europe,981,1743420,16,9747
2024-07-28,Ireland,Europe,905,1744325,10,9757
2024-08-04,Ireland,Europe,761,1745086,16,9773
2024-08-11,Ireland,Europe,582,1745668,8,9781
2024-08-18,Ireland,Europe,517,1746185,0,9781
2024-08-25,Ireland,Europe,511,1746696,0,9781
2024-09-01,Ireland,Europe,553,1747249,1,9782
2020-01-05,Isle of Man,Europe,0,0,0,0
2020-01-12,Isle of Man,Europe,0,0,0,0
2020-01-19,Isle of Man,Europe,0,0,0,0
2020-01-26,Isle of Man,Europe,0,0,0,0
2020-02-02,Isle of Man,Europe,0,0,0,0
2020-02-09,Isle of Man,Europe,0,0,0,0
2020-02-16,Isle of Man,Europe,0,0,0,0
2020-02-23,Isle of Man,Europe,0,0,0,0
2020-03-01,Isle of Man,Europe,0,0,0,0
2020-03-08,Isle of Man,Europe,0,0,0,0
2020-03-15,Isle of Man,Europe,0,0,0,0
2020-03-22,Isle of Man,Europe,2,2,0,0
2020-03-29,Isle of Man,Europe,30,32,0,0
2020-04-05,Isle of Man,Europe,88,120,1,1
2020-04-12,Isle of Man,Europe,86,206,5,6
2020-04-19,Isle of Man,Europe,87,293,3,9
2020-04-26,Isle of Man,Europe,17,310,14,23
2020-05-03,Isle of Man,Europe,11,321,5,28
2020-05-10,Isle of Man,Europe,10,331,5,33
2020-05-17,Isle of Man,Europe,6,337,1,34
2020-05-24,Isle of Man,Europe,1,338,0,34
2020-05-31,Isle of Man,Europe,0,338,0,34
2020-06-07,Isle of Man,Europe,0,338,0,34
2020-06-14,Isle of Man,Europe,0,338,0,34
2020-06-21,Isle of Man,Europe,0,338,0,34
2020-06-28,Isle of Man,Europe,0,338,0,34
2020-07-05,Isle of Man,Europe,0,338,0,34
2020-07-12,Isle of Man,Europe,0,338,0,34
2020-07-19,Isle of Man,Europe,0,338,0,34
2020-07-26,Isle of Man,Europe,0,338,0,34
2020-08-02,Isle of Man,Europe,0,338,0,34
2020-08-09,Isle of Man,Europe,0,338,0,34
2020-08-16,Isle of Man,Europe,0,338,0,34
2020-08-23,Isle of Man,Europe,0,338,0,34
2020-08-30,Isle of Man,Europe,0,338,0,34
2020-09-06,Isle of Man,Europe,0,338,0,34
2020-09-13,Isle of Man,Europe,1,339,0,34
2020-09-20,Isle of Man,Europe,2,341,0,34
2020-09-27,Isle of Man,Europe,1,342,0,34
2020-10-04,Isle of Man,Europe,1,343,0,34
2020-10-11,Isle of Man,Europe,4,347,0,34
2020-10-18,Isle of Man,Europe,3,350,0,34
2020-10-25,Isle of Man,Europe,0,350,0,34
2020-11-01,Isle of Man,Europe,5,355,0,34
2020-11-08,Isle of Man,Europe,4,359,0,34
2020-11-15,Isle of Man,Europe,6,365,1,35
2020-11-22,Isle of Man,Europe,5,370,0,35
2020-11-29,Isle of Man,Europe,1,371,0,35
2020-12-06,Isle of Man,Europe,1,372,0,35
2020-12-13,Isle of Man,Europe,0,372,0,35
2020-12-20,Isle of Man,Europe,3,375,0,35
2020-12-27,Isle of Man,Europe,2,377,0,35
2021-01-03,Isle of Man,Europe,5,382,0,35
2021-01-10,Isle of Man,Europe,14,396,0,35
2021-01-17,Isle of Man,Europe,32,428,0,35
2021-01-24,Isle of Man,Europe,4,432,0,35
2021-01-31,Isle of Man,Europe,2,434,0,35
2021-02-07,Isle of Man,Europe,0,434,0,35
2021-02-14,Isle of Man,Europe,2,436,0,35
2021-02-21,Isle of Man,Europe,13,449,0,35
2021-02-28,Isle of Man,Europe,34,483,0,35
2021-03-07,Isle of Man,Europe,192,675,0,35
2021-03-14,Isle of Man,Europe,556,1231,1,36
2021-03-21,Isle of Man,Europe,229,1460,0,36
2021-03-28,Isle of Man,Europe,93,1553,3,39
2021-04-04,Isle of Man,Europe,16,1569,0,39
2021-04-11,Isle of Man,Europe,4,1573,0,39
2021-04-18,Isle of Man,Europe,0,1573,0,39
2021-04-25,Isle of Man,Europe,10,1583,0,39
2021-05-02,Isle of Man,Europe,4,1587,0,39
2021-05-09,Isle of Man,Europe,1,1588,0,39
2021-05-16,Isle of Man,Europe,0,1588,0,39
2021-05-23,Isle of Man,Europe,1,1589,0,39
2021-05-30,Isle of Man,Europe,2,1591,0,39
2021-06-06,Isle of Man,Europe,5,1596,0,39
2021-06-13,Isle of Man,Europe,2,1598,0,39
2021-06-20,Isle of Man,Europe,0,1598,0,39
2021-06-27,Isle of Man,Europe,7,1605,0,39
2021-07-04,Isle of Man,Europe,29,1634,0,39
2021-07-11,Isle of Man,Europe,53,1687,0,39
2021-07-18,Isle of Man,Europe,512,2199,0,39
2021-07-25,Isle of Man,Europe,1576,3775,0,39
2021-08-01,Isle of Man,Europe,952,4727,4,43
2021-08-08,Isle of Man,Europe,696,5423,3,46
2021-08-15,Isle of Man,Europe,484,5907,1,47
2021-08-22,Isle of Man,Europe,358,6265,1,48
2021-08-29,Isle of Man,Europe,310,6575,0,48
2021-09-05,Isle of Man,Europe,224,6799,0,48
2021-09-12,Isle of Man,Europe,188,6987,1,49
2021-09-19,Isle of Man,Europe,148,7135,1,50
2021-09-26,Isle of Man,Europe,228,7363,1,51
2021-10-03,Isle of Man,Europe,271,7634,1,52
2021-10-10,Isle of Man,Europe,393,8027,2,54
2021-10-17,Isle of Man,Europe,478,8505,2,56
2021-10-24,Isle of Man,Europe,601,9106,1,57
2021-10-31,Isle of Man,Europe,538,9644,0,57
2021-11-07,Isle of Man,Europe,297,9941,3,60
2021-11-14,Isle of Man,Europe,284,10225,4,64
2021-11-21,Isle of Man,Europe,332,10557,2,66
2021-11-28,Isle of Man,Europe,528,11085,0,66
2021-12-05,Isle of Man,Europe,789,11874,1,67
2021-12-12,Isle of Man,Europe,651,12525,0,67
2021-12-19,Isle of Man,Europe,514,13039,0,67
2021-12-26,Isle of Man,Europe,874,13913,0,67
2022-01-02,Isle of Man,Europe,2394,16307,0,67
2022-01-09,Isle of Man,Europe,2474,18781,1,68
2022-01-16,Isle of Man,Europe,1156,19937,2,70
2022-01-23,Isle of Man,Europe,785,20722,0,70
2022-01-30,Isle of Man,Europe,611,21333,1,71
2022-02-06,Isle of Man,Europe,465,21798,2,73
2022-02-13,Isle of Man,Europe,258,22056,4,77
2022-02-20,Isle of Man,Europe,245,22301,2,79
2022-02-27,Isle of Man,Europe,376,22677,1,80
2022-03-06,Isle of Man,Europe,736,23413,0,80
2022-03-13,Isle of Man,Europe,903,24316,1,81
2022-03-20,Isle of Man,Europe,1814,26130,0,81
2022-03-27,Isle of Man,Europe,1637,27767,1,82
2022-04-03,Isle of Man,Europe,1123,28890,2,84
2022-04-10,Isle of Man,Europe,1279,30169,3,87
2022-04-17,Isle of Man,Europe,0,30169,0,87
2022-04-24,Isle of Man,Europe,1497,31666,11,98
2022-05-01,Isle of Man,Europe,539,32205,4,102
2022-05-08,Isle of Man,Europe,219,32424,2,104
2022-05-15,Isle of Man,Europe,176,32600,1,105
2022-05-22,Isle of Man,Europe,194,32794,0,105
2022-05-29,Isle of Man,Europe,172,32966,1,106
2022-06-05,Isle of Man,Europe,132,33098,1,107
2022-06-12,Isle of Man,Europe,153,33251,0,107
2022-06-19,Isle of Man,Europe,570,33821,0,107
2022-06-26,Isle of Man,Europe,0,33821,1,108
2022-07-03,Isle of Man,Europe,2642,36463,0,108
2022-07-10,Isle of Man,Europe,535,36998,2,110
2022-07-17,Isle of Man,Europe,241,37239,0,110
2022-07-24,Isle of Man,Europe,299,37538,1,111
2022-07-31,Isle of Man,Europe,158,37696,3,114
2022-08-07,Isle of Man,Europe,98,37794,0,114
2022-08-14,Isle of Man,Europe,0,37794,0,114
2022-08-21,Isle of Man,Europe,0,37794,1,115
2022-08-28,Isle of Man,Europe,214,38008,1,116
2022-09-04,Isle of Man,Europe,0,38008,0,116
2022-09-11,Isle of Man,Europe,0,38008,0,116
2022-09-18,Isle of Man,Europe,0,38008,0,116
2022-09-25,Isle of Man,Europe,0,38008,0,116
2022-10-02,Isle of Man,Europe,0,38008,0,116
2022-10-09,Isle of Man,Europe,0,38008,0,116
2022-10-16,Isle of Man,Europe,0,38008,0,116
2022-10-23,Isle of Man,Europe,0,38008,0,116
2022-10-30,Isle of Man,Europe,0,38008,0,116
2022-11-06,Isle of Man,Europe,0,38008,0,116
2022-11-13,Isle of Man,Europe,0,38008,0,116
2022-11-20,Isle of Man,Europe,0,38008,0,116
2022-11-27,Isle of Man,Europe,0,38008,0,116
2022-12-04,Isle of Man,Europe,0,38008,0,116
2022-12-11,Isle of Man,Europe,0,38008,0,116
2022-12-18,Isle of Man,Europe,0,38008,0,116
2022-12-25,Isle of Man,Europe,0,38008,0,116
2023-01-01,Isle of Man,Europe,0,38008,0,116
2023-01-08,Isle of Man,Europe,0,38008,0,116
2023-01-15,Isle of Man,Europe,0,38008,0,116
2023-01-22,Isle of Man,Europe,0,38008,0,116
2023-01-29,Isle of Man,Europe,0,38008,0,116
2023-02-05,Isle of Man,Europe,0,38008,0,116
2023-02-12,Isle of Man,Europe,0,38008,0,116
2023-02-19,Isle of Man,Europe,0,38008,0,116
2023-02-26,Isle of Man,Europe,0,38008,0,116
2023-03-05,Isle of Man,Europe,0,38008,0,116
2023-03-12,Isle of Man,Europe,0,38008,0,116
2023-03-19,Isle of Man,Europe,0,38008,0,116
2023-03-26,Isle of Man,Europe,0,38008,0,116
2023-04-02,Isle of Man,Europe,0,38008,0,116
2023-04-09,Isle of Man,Europe,0,38008,0,116
2023-04-16,Isle of Man,Europe,0,38008,0,116
2023-04-23,Isle of Man,Europe,0,38008,0,116
2023-04-30,Isle of Man,Europe,0,38008,0,116
2023-05-07,Isle of Man,Europe,0,38008,0,116
2023-05-14,Isle of Man,Europe,0,38008,0,116
2023-05-21,Isle of Man,Europe,0,38008,0,116
2023-05-28,Isle of Man,Europe,0,38008,0,116
2023-06-04,Isle of Man,Europe,0,38008,0,116
2023-06-11,Isle of Man,Europe,0,38008,0,116
2023-06-18,Isle of Man,Europe,0,38008,0,116
2023-06-25,Isle of Man,Europe,0,38008,0,116
2023-07-02,Isle of Man,Europe,0,38008,0,116
2023-07-09,Isle of Man,Europe,0,38008,0,116
2023-07-16,Isle of Man,Europe,0,38008,0,116
2023-07-23,Isle of Man,Europe,0,38008,0,116
2023-07-30,Isle of Man,Europe,0,38008,0,116
2023-08-06,Isle of Man,Europe,0,38008,0,116
2023-08-13,Isle of Man,Europe,0,38008,0,116
2023-08-20,Isle of Man,Europe,0,38008,0,116
2023-08-27,Isle of Man,Europe,0,38008,0,116
2023-09-03,Isle of Man,Europe,0,38008,0,116
2023-09-10,Isle of Man,Europe,0,38008,0,116
2023-09-17,Isle of Man,Europe,0,38008,0,116
2023-09-24,Isle of Man,Europe,0,38008,0,116
2023-10-01,Isle of Man,Europe,0,38008,0,116
2023-10-08,Isle of Man,Europe,0,38008,0,116
2023-10-15,Isle of Man,Europe,0,38008,0,116
2023-10-22,Isle of Man,Europe,0,38008,0,116
2023-10-29,Isle of Man,Europe,0,38008,0,116
2023-11-05,Isle of Man,Europe,0,38008,0,116
2023-11-12,Isle of Man,Europe,0,38008,0,116
2023-11-19,Isle of Man,Europe,0,38008,0,116
2023-11-26,Isle of Man,Europe,0,38008,0,116
2023-12-03,Isle of Man,Europe,0,38008,0,116
2023-12-10,Isle of Man,Europe,0,38008,0,116
2023-12-17,Isle of Man,Europe,0,38008,0,116
2023-12-24,Isle of Man,Europe,0,38008,0,116
2023-12-31,Isle of Man,Europe,0,38008,0,116
2024-01-07,Isle of Man,Europe,0,38008,0,116
2024-01-14,Isle of Man,Europe,0,38008,0,116
2024-01-21,Isle of Man,Europe,0,38008,0,116
2024-01-28,Isle of Man,Europe,0,38008,0,116
2024-02-04,Isle of Man,Europe,0,38008,0,116
2024-02-11,Isle of Man,Europe,0,38008,0,116
2024-02-18,Isle of Man,Europe,0,38008,0,116
2024-02-25,Isle of Man,Europe,0,38008,0,116
2024-03-03,Isle of Man,Europe,0,38008,0,116
2024-03-10,Isle of Man,Europe,0,38008,0,116
2024-03-17,Isle of Man,Europe,0,38008,0,116
2024-03-24,Isle of Man,Europe,0,38008,0,116
2024-03-31,Isle of Man,Europe,0,38008,0,116
2024-04-07,Isle of Man,Europe,0,38008,0,116
2024-04-14,Isle of Man,Europe,0,38008,0,116
2024-04-21,Isle of Man,Europe,0,38008,0,116
2024-04-28,Isle of Man,Europe,0,38008,0,116
2024-05-05,Isle of Man,Europe,0,38008,0,116
2024-05-12,Isle of Man,Europe,0,38008,0,116
2024-05-19,Isle of Man,Europe,0,38008,0,116
2024-05-26,Isle of Man,Europe,0,38008,0,116
2024-06-02,Isle of Man,Europe,0,38008,0,116
2024-06-09,Isle of Man,Europe,0,38008,0,116
2024-06-16,Isle of Man,Europe,0,38008,0,116
2024-06-23,Isle of Man,Europe,0,38008,0,116
2024-06-30,Isle of Man,Europe,0,38008,0,116
2024-07-07,Isle of Man,Europe,0,38008,0,116
2024-07-14,Isle of Man,Europe,0,38008,0,116
2024-07-21,Isle of Man,Europe,0,38008,0,116
2024-07-28,Isle of Man,Europe,0,38008,0,116
2024-08-04,Isle of Man,Europe,0,38008,0,116
2024-08-11,Isle of Man,Europe,0,38008,0,116
2024-08-18,Isle of Man,Europe,0,38008,0,116
2024-08-25,Isle of Man,Europe,0,38008,0,116
2024-09-01,Isle of Man,Europe,0,38008,0,116
2020-01-05,Israel,Asia,0,0,0,0
2020-01-12,Israel,Asia,0,0,0,0
2020-01-19,Israel,Asia,0,0,0,0
2020-01-26,Israel,Asia,0,0,0,0
2020-02-02,Israel,Asia,0,0,0,0
2020-02-09,Israel,Asia,0,0,0,0
2020-02-16,Israel,Asia,9,9,0,0
2020-02-23,Israel,Asia,1,10,0,0
2020-03-01,Israel,Asia,5,15,0,0
2020-03-08,Israel,Asia,26,41,0,0
2020-03-15,Israel,Asia,151,192,0,0
2020-03-22,Israel,Asia,844,1036,1,1
2020-03-29,Israel,Asia,2868,3904,12,13
2020-04-05,Israel,Asia,4259,8163,36,49
2020-04-12,Israel,Asia,2786,10949,54,103
2020-04-19,Israel,Asia,2567,13516,63,166
2020-04-26,Israel,Asia,1759,15275,37,203
2020-05-03,Israel,Asia,768,16043,30,233
2020-05-10,Israel,Asia,293,16336,19,252
2020-05-17,Israel,Asia,169,16505,21,273
2020-05-24,Israel,Asia,121,16626,10,283
2020-05-31,Israel,Asia,344,16970,6,289
2020-06-07,Israel,Asia,752,17722,11,300
2020-06-14,Israel,Asia,1260,18982,5,305
2020-06-21,Israel,Asia,1676,20658,5,310
2020-06-28,Israel,Asia,2831,23489,16,326
2020-07-05,Israel,Asia,5810,29299,15,341
2020-07-12,Israel,Asia,8756,38055,34,375
2020-07-19,Israel,Asia,11408,49463,53,428
2020-07-26,Israel,Asia,11867,61330,68,496
2020-08-02,Israel,Asia,10932,72262,83,579
2020-08-09,Israel,Asia,10106,82368,82,661
2020-08-16,Israel,Asia,9839,92207,88,749
2020-08-23,Israel,Asia,9687,101894,87,836
2020-08-30,Israel,Asia,11652,113546,88,924
2020-09-06,Israel,Asia,15508,129054,108,1032
2020-09-13,Israel,Asia,23881,152935,113,1145
2020-09-20,Israel,Asia,32590,185525,145,1290
2020-09-27,Israel,Asia,43128,228653,190,1480
2020-10-04,Israel,Asia,35988,264641,241,1721
2020-10-11,Israel,Asia,25121,289762,257,1978
2020-10-18,Israel,Asia,12757,302519,245,2223
2020-10-25,Israel,Asia,6926,309445,190,2413
2020-11-01,Israel,Asia,4652,314097,156,2569
2020-11-08,Israel,Asia,4530,318627,113,2682
2020-11-15,Israel,Asia,4585,323212,60,2742
2020-11-22,Israel,Asia,5091,328303,68,2810
2020-11-29,Israel,Asia,6362,334665,58,2868
2020-12-06,Israel,Asia,9033,343698,60,2928
2020-12-13,Israel,Asia,11998,355696,80,3008
2020-12-20,Israel,Asia,17326,373022,103,3111
2020-12-27,Israel,Asia,26083,399105,131,3242
2021-01-03,Israel,Asia,36643,435748,191,3433
2021-01-10,Israel,Asia,50749,486497,244,3677
2021-01-17,Israel,Asia,58256,544753,341,4018
2021-01-24,Israel,Asia,49873,594626,366,4384
2021-01-31,Israel,Asia,45816,640442,381,4765
2021-02-07,Israel,Asia,46171,686613,348,5113
2021-02-14,Israel,Asia,35955,722568,248,5361
2021-02-21,Israel,Asia,25826,748394,205,5566
2021-02-28,Israel,Asia,25825,774219,177,5743
2021-03-07,Israel,Asia,26152,800371,132,5875
2021-03-14,Israel,Asia,17889,818260,115,5990
2021-03-21,Israel,Asia,9371,827631,101,6091
2021-03-28,Israel,Asia,4543,832174,77,6168
2021-04-04,Israel,Asia,2360,834534,81,6249
2021-04-11,Israel,Asia,1684,836218,59,6308
2021-04-18,Israel,Asia,1052,837270,43,6351
2021-04-25,Israel,Asia,984,838254,24,6375
2021-05-02,Israel,Asia,624,838878,16,6391
2021-05-09,Israel,Asia,404,839282,13,6404
2021-05-16,Israel,Asia,261,839543,8,6412
2021-05-23,Israel,Asia,209,839752,7,6419
2021-05-30,Israel,Asia,150,839902,6,6425
2021-06-06,Israel,Asia,115,840017,4,6429
2021-06-13,Israel,Asia,92,840109,3,6432
2021-06-20,Israel,Asia,184,840293,3,6435
2021-06-27,Israel,Asia,1095,841388,1,6436
2021-07-04,Israel,Asia,2005,843393,0,6436
2021-07-11,Israel,Asia,3244,846637,5,6441
2021-07-18,Israel,Asia,5222,851859,12,6453
2021-07-25,Israel,Asia,8764,860623,14,6467
2021-08-01,Israel,Asia,14859,875482,26,6493
2021-08-08,Israel,Asia,23515,898997,75,6568
2021-08-15,Israel,Asia,38065,937062,124,6692
2021-08-22,Israel,Asia,51170,988232,163,6855
2021-08-29,Israel,Asia,61130,1049362,193,7048
2021-09-05,Israel,Asia,66012,1115374,208,7256
2021-09-12,Israel,Asia,55065,1170439,171,7427
2021-09-19,Israel,Asia,54413,1224852,146,7573
2021-09-26,Israel,Asia,40329,1265181,143,7716
2021-10-03,Israel,Asia,24955,1290136,129,7845
2021-10-10,Israel,Asia,16145,1306281,101,7946
2021-10-17,Israel,Asia,11082,1317363,82,8028
2021-10-24,Israel,Asia,7222,1324585,45,8073
2021-10-31,Israel,Asia,4653,1329238,47,8120
2021-11-07,Israel,Asia,3775,1333013,22,8142
2021-11-14,Israel,Asia,3104,1336117,25,8167
2021-11-21,Israel,Asia,3191,1339308,22,8189
2021-11-28,Israel,Asia,3564,1342872,12,8201
2021-12-05,Israel,Asia,3636,1346508,15,8216
2021-12-12,Israel,Asia,4294,1350802,16,8232
2021-12-19,Israel,Asia,4887,1355689,13,8245
2021-12-26,Israel,Asia,9079,1364768,6,8251
2022-01-02,Israel,Asia,26891,1391659,11,8262
2022-01-09,Israel,Asia,112884,1504543,24,8286
2022-01-16,Israel,Asia,308975,1813518,74,8360
2022-01-23,Israel,Asia,494733,2308251,193,8553
2022-01-30,Israel,Asia,474410,2782661,336,8889
2022-02-06,Israel,Asia,382736,3165397,434,9323
2022-02-13,Israel,Asia,241078,3406475,439,9762
2022-02-20,Israel,Asia,135580,3542055,262,10024
2022-02-27,Israel,Asia,77870,3619925,192,10216
2022-03-06,Israel,Asia,53061,3672986,134,10350
2022-03-13,Israel,Asia,43758,3716744,71,10421
2022-03-20,Israel,Asia,47811,3764555,58,10479
2022-03-27,Israel,Asia,88966,3853521,50,10529
2022-04-03,Israel,Asia,86177,3939698,63,10592
2022-04-10,Israel,Asia,57296,3996994,60,10652
2022-04-17,Israel,Asia,34453,4031447,48,10700
2022-04-24,Israel,Asia,25894,4057341,46,10746
2022-05-01,Israel,Asia,21226,4078567,36,10782
2022-05-08,Israel,Asia,14419,4092986,30,10812
2022-05-15,Israel,Asia,15310,4108296,20,10832
2022-05-22,Israel,Asia,14797,4123093,23,10855
2022-05-29,Israel,Asia,13249,4136342,11,10866
2022-06-05,Israel,Asia,16478,4152820,14,10880
2022-06-12,Israel,Asia,29452,4182272,13,10893
2022-06-19,Israel,Asia,47448,4229720,18,10911
2022-06-26,Israel,Asia,67821,4297541,49,10960
2022-07-03,Israel,Asia,74269,4371810,89,11049
2022-07-10,Israel,Asia,73628,4445438,96,11145
2022-07-17,Israel,Asia,60205,4505643,103,11248
2022-07-24,Israel,Asia,43530,4549173,99,11347
2022-07-31,Israel,Asia,30706,4579879,82,11429
2022-08-07,Israel,Asia,21063,4600942,70,11499
2022-08-14,Israel,Asia,13168,4614110,52,11551
2022-08-21,Israel,Asia,9188,4623298,43,11594
2022-08-28,Israel,Asia,6922,4630220,41,11635
2022-09-04,Israel,Asia,6023,4636243,26,11661
2022-09-11,Israel,Asia,6094,4642337,16,11677
2022-09-18,Israel,Asia,7637,4649974,15,11692
2022-09-25,Israel,Asia,7584,4657558,9,11701
2022-10-02,Israel,Asia,6116,4663674,13,11714
2022-10-09,Israel,Asia,4937,4668611,17,11731
2022-10-16,Israel,Asia,4311,4672922,17,11748
2022-10-23,Israel,Asia,4605,4677527,18,11766
2022-10-30,Israel,Asia,5518,4683045,16,11782
2022-11-06,Israel,Asia,6333,4689378,15,11797
2022-11-13,Israel,Asia,7173,4696551,16,11813
2022-11-20,Israel,Asia,8825,4705376,23,11836
2022-11-27,Israel,Asia,10228,4715604,24,11860
2022-12-04,Israel,Asia,11231,4726835,39,11899
2022-12-11,Israel,Asia,10967,4737802,44,11943
2022-12-18,Israel,Asia,10321,4748123,42,11985
2022-12-25,Israel,Asia,8581,4756704,41,12026
2023-01-01,Israel,Asia,7374,4764078,41,12067
2023-01-08,Israel,Asia,6639,4770717,46,12113
2023-01-15,Israel,Asia,5328,4776045,24,12137
2023-01-22,Israel,Asia,4576,4780621,36,12173
2023-01-29,Israel,Asia,4168,4784789,26,12199
2023-02-05,Israel,Asia,3442,4788231,26,12225
2023-02-12,Israel,Asia,2878,4791109,19,12244
2023-02-19,Israel,Asia,3097,4794206,21,12265
2023-02-26,Israel,Asia,3552,4797758,26,12291
2023-03-05,Israel,Asia,3657,4801415,25,12316
2023-03-12,Israel,Asia,3462,4804877,23,12339
2023-03-19,Israel,Asia,3838,4808715,32,12371
2023-03-26,Israel,Asia,3192,4811907,22,12393
2023-04-02,Israel,Asia,2791,4814698,24,12417
2023-04-09,Israel,Asia,1969,4816667,16,12433
2023-04-16,Israel,Asia,1852,4818519,22,12455
2023-04-23,Israel,Asia,1956,4820475,25,12480
2023-04-30,Israel,Asia,1334,4821809,19,12499
2023-05-07,Israel,Asia,1540,4823349,12,12511
2023-05-14,Israel,Asia,1169,4824518,7,12518
2023-05-21,Israel,Asia,850,4825368,16,12534
2023-05-28,Israel,Asia,688,4826056,7,12541
2023-06-04,Israel,Asia,745,4826801,9,12550
2023-06-11,Israel,Asia,735,4827536,8,12558
2023-06-18,Israel,Asia,601,4828137,6,12564
2023-06-25,Israel,Asia,597,4828734,3,12567
2023-07-02,Israel,Asia,514,4829248,6,12573
2023-07-09,Israel,Asia,497,4829745,6,12579
2023-07-16,Israel,Asia,539,4830284,4,12583
2023-07-23,Israel,Asia,535,4830819,6,12589
2023-07-30,Israel,Asia,563,4831382,8,12597
2023-08-06,Israel,Asia,541,4831923,10,12607
2023-08-13,Israel,Asia,601,4832524,17,12624
2023-08-20,Israel,Asia,747,4833271,9,12633
2023-08-27,Israel,Asia,866,4834137,10,12643
2023-09-03,Israel,Asia,985,4835122,9,12652
2023-09-10,Israel,Asia,1048,4836170,16,12668
2023-09-17,Israel,Asia,1269,4837439,10,12678
2023-09-24,Israel,Asia,1464,4838903,9,12687
2023-10-01,Israel,Asia,1038,4839941,10,12697
2023-10-08,Israel,Asia,784,4840725,0,12697
2023-10-15,Israel,Asia,389,4841114,1,12698
2023-10-22,Israel,Asia,264,4841378,5,12703
2023-10-29,Israel,Asia,180,4841558,4,12707
2023-11-05,Israel,Asia,0,4841558,0,12707
2023-11-12,Israel,Asia,0,4841558,0,12707
2023-11-19,Israel,Asia,0,4841558,0,12707
2023-11-26,Israel,Asia,0,4841558,0,12707
2023-12-03,Israel,Asia,0,4841558,0,12707
2023-12-10,Israel,Asia,0,4841558,0,12707
2023-12-17,Israel,Asia,0,4841558,0,12707
2023-12-24,Israel,Asia,0,4841558,0,12707
2023-12-31,Israel,Asia,0,4841558,0,12707
2024-01-07,Israel,Asia,0,4841558,0,12707
2024-01-14,Israel,Asia,0,4841558,0,12707
2024-01-21,Israel,Asia,0,4841558,0,12707
2024-01-28,Israel,Asia,0,4841558,0,12707
2024-02-04,Israel,Asia,0,4841558,0,12707
2024-02-11,Israel,Asia,0,4841558,0,12707
2024-02-18,Israel,Asia,0,4841558,0,12707
2024-02-25,Israel,Asia,0,4841558,0,12707
2024-03-03,Israel,Asia,0,4841558,0,12707
2024-03-10,Israel,Asia,0,4841558,0,12707
2024-03-17,Israel,Asia,0,4841558,0,12707
2024-03-24,Israel,Asia,0,4841558,0,12707
2024-03-31,Israel,Asia,0,4841558,0,12707
2024-04-07,Israel,Asia,0,4841558,0,12707
2024-04-14,Israel,Asia,0,4841558,0,12707
2024-04-21,Israel,Asia,0,4841558,0,12707
2024-04-28,Israel,Asia,0,4841558,0,12707
2024-05-05,Israel,Asia,0,4841558,0,12707
2024-05-12,Israel,Asia,0,4841558,0,12707
2024-05-19,Israel,Asia,0,4841558,0,12707
2024-05-26,Israel,Asia,0,4841558,0,12707
2024-06-02,Israel,Asia,0,4841558,0,12707
2024-06-09,Israel,Asia,0,4841558,0,12707
2024-06-16,Israel,Asia,0,4841558,0,12707
2024-06-23,Israel,Asia,0,4841558,0,12707
2024-06-30,Israel,Asia,0,4841558,0,12707
2024-07-07,Israel,Asia,0,4841558,0,12707
2024-07-14,Israel,Asia,0,4841558,0,12707
2024-07-21,Israel,Asia,0,4841558,0,12707
2024-07-28,Israel,Asia,0,4841558,0,12707
2024-08-04,Israel,Asia,0,4841558,0,12707
2024-08-11,Israel,Asia,0,4841558,0,12707
2024-08-18,Israel,Asia,0,4841558,0,12707
2024-08-25,Israel,Asia,0,4841558,0,12707
2024-09-01,Israel,Asia,0,4841558,0,12707
2020-01-05,Italy,Europe,0,0,0,0
2020-01-12,Italy,Europe,0,0,0,0
2020-01-19,Italy,Europe,0,0,0,0
2020-01-26,Italy,Europe,0,0,0,0
2020-02-02,Italy,Europe,3,3,0,0
2020-02-09,Italy,Europe,0,3,0,0
2020-02-16,Italy,Europe,0,3,0,0
2020-02-23,Italy,Europe,76,79,2,2
2020-03-01,Italy,Europe,1049,1128,27,29
2020-03-08,Italy,Europe,4755,5883,204,233
2020-03-15,Italy,Europe,15274,21157,1208,1441
2020-03-22,Italy,Europe,32421,53578,3384,4825
2020-03-29,Italy,Europe,38894,92472,5198,10023
2020-04-05,Italy,Europe,32160,124632,5339,15362
2020-04-12,Italy,Europe,27639,152271,4106,19468
2020-04-19,Italy,Europe,23654,175925,3759,23227
2020-04-26,Italy,Europe,19426,195351,3157,26384
2020-05-03,Italy,Europe,13977,209328,2326,28710
2020-05-10,Italy,Europe,8940,218268,1685,30395
2020-05-17,Italy,Europe,6492,224760,1368,31763
2020-05-24,Italy,Europe,4567,229327,972,32735
2020-05-31,Italy,Europe,3337,232664,605,33340
2020-06-07,Italy,Europe,2137,234801,506,33846
2020-06-14,Italy,Europe,1850,236651,455,34301
2020-06-21,Italy,Europe,2023,238674,309,34610
2020-06-28,Italy,Europe,1861,240535,106,34716
2020-07-05,Italy,Europe,1283,241818,138,34854
2020-07-12,Italy,Europe,1408,243226,91,34945
2020-07-19,Italy,Europe,1389,244615,97,35042
2020-07-26,Italy,Europe,1648,246263,60,35102
2020-08-02,Italy,Europe,1968,248231,44,35146
2020-08-09,Italy,Europe,2271,250502,57,35203
2020-08-16,Italy,Europe,3335,253837,189,35392
2020-08-23,Italy,Europe,4698,258535,38,35430
2020-08-30,Italy,Europe,8717,267252,43,35473
2020-09-06,Italy,Europe,9484,276736,60,35533
2020-09-13,Italy,Europe,9960,286696,70,35603
2020-09-20,Italy,Europe,10272,296968,89,35692
2020-09-27,Italy,Europe,11535,308503,126,35818
2020-10-04,Italy,Europe,14647,323150,150,35968
2020-10-11,Italy,Europe,26743,349893,172,36140
2020-10-18,Italy,Europe,53042,402935,334,36474
2020-10-25,Italy,Europe,101973,504908,736,37210
2020-11-01,Italy,Europe,174921,679829,1408,38618
2020-11-08,Italy,Europe,223060,902889,2445,41063
2020-11-15,Italy,Europe,242062,1144951,3620,44683
2020-11-22,Italy,Europe,235979,1380930,4578,49261
2020-11-29,Italy,Europe,184001,1564931,5102,54363
2020-12-06,Italy,Europe,145459,1710390,5151,59514
2020-12-13,Italy,Europe,115784,1826174,4522,64036
2020-12-20,Italy,Europe,112308,1938482,4411,68447
2020-12-27,Italy,Europe,100700,2039182,3180,71627
2021-01-03,Italy,Europe,102019,2141201,3358,74985
2021-01-10,Italy,Europe,116665,2257866,3409,78394
2021-01-17,Italy,Europe,110867,2368733,3406,81800
2021-01-24,Italy,Europe,86452,2455185,3362,85162
2021-01-31,Italy,Europe,86598,2541783,3117,88279
2021-02-07,Italy,Europe,83315,2625098,2724,91003
2021-02-14,Italy,Europe,85721,2710819,2353,93356
2021-02-21,Italy,Europe,84977,2795796,2130,95486
2021-02-28,Italy,Europe,112029,2907825,2021,97507
2021-03-07,Italy,Europe,138937,3046762,2071,99578
2021-03-14,Italy,Europe,155076,3201838,2303,101881
2021-03-21,Italy,Europe,154493,3356331,2761,104642
2021-03-28,Italy,Europe,156059,3512390,2994,107636
2021-04-04,Italy,Europe,137857,3650247,3068,110704
2021-04-11,Italy,Europe,103830,3754077,3219,113923
2021-04-18,Italy,Europe,103366,3857443,2753,116676
2021-04-25,Italy,Europe,92074,3949517,2345,119021
2021-05-02,Italy,Europe,86100,4035617,2012,121033
2021-05-09,Italy,Europe,67304,4102921,1661,122694
2021-05-16,Italy,Europe,50453,4153374,1369,124063
2021-05-23,Italy,Europe,34816,4188190,1090,125153
2021-05-30,Italy,Europe,24865,4213055,849,126002
2021-06-06,Italy,Europe,17098,4230153,470,126472
2021-06-13,Italy,Europe,13329,4243482,504,126976
2021-06-20,Italy,Europe,8613,4252095,277,127253
2021-06-27,Italy,Europe,5194,4257289,205,127458
2021-07-04,Italy,Europe,5222,4262511,179,127637
2021-07-11,Italy,Europe,7374,4269885,131,127768
2021-07-18,Italy,Europe,14447,4284332,96,127864
2021-07-25,Italy,Europe,28341,4312673,78,127942
2021-08-01,Italy,Europe,37355,4350028,121,128063
2021-08-08,Italy,Europe,40656,4390684,146,128209
2021-08-15,Italy,Europe,44324,4435008,204,128413
2021-08-22,Italy,Europe,43683,4478691,315,128728
2021-08-29,Italy,Europe,45601,4524292,328,129056
2021-09-05,Italy,Europe,41834,4566126,410,129466
2021-09-12,Italy,Europe,35623,4601749,419,129885
2021-09-19,Italy,Europe,30526,4632275,399,130284
2021-09-26,Italy,Europe,24940,4657215,369,130653
2021-10-03,Italy,Europe,21852,4679067,345,130998
2021-10-10,Italy,Europe,18971,4698038,276,131274
2021-10-17,Italy,Europe,17426,4715464,243,131517
2021-10-24,Italy,Europe,21998,4737462,285,131802
2021-10-31,Italy,Europe,29978,4767440,272,132074
2021-11-07,Italy,Europe,34785,4802225,291,132365
2021-11-14,Italy,Europe,50271,4852496,374,132739
2021-11-21,Italy,Europe,63485,4915981,392,133131
2021-11-28,Italy,Europe,78910,4994891,496,133627
2021-12-05,Italy,Europe,99181,5094072,525,134152
2021-12-12,Italy,Europe,112233,5206305,613,134765
2021-12-19,Italy,Europe,158547,5364852,779,135544
2021-12-26,Italy,Europe,257579,5622431,986,136530
2022-01-02,Italy,Europe,644604,6267035,983,137513
2022-01-09,Italy,Europe,1014262,7281297,1368,138881
2022-01-16,Italy,Europe,1268153,8549450,1975,140856
2022-01-23,Italy,Europe,1231741,9781191,2440,143296
2022-01-30,Italy,Europe,1040184,10821375,2618,145914
2022-02-06,Italy,Europe,721418,11542793,2628,148542
2022-02-13,Italy,Europe,510537,12053330,2282,150824
2022-02-20,Italy,Europe,374443,12427773,2024,152848
2022-02-27,Italy,Europe,304907,12732680,1568,154416
2022-03-06,Italy,Europe,257543,12990223,1366,155782
2022-03-13,Italy,Europe,332905,13323128,1000,156782
2022-03-20,Italy,Europe,477051,13800179,910,157692
2022-03-27,Italy,Europe,503932,14304111,1008,158700
2022-04-03,Italy,Europe,486695,14790806,966,159666
2022-04-10,Italy,Europe,447322,15238128,992,160658
2022-04-17,Italy,Europe,421707,15659835,944,161602
2022-04-24,Italy,Europe,419374,16079209,1007,162609
2022-05-01,Italy,Europe,383991,16463200,898,163507
2022-05-08,Italy,Europe,304573,16767773,910,164417
2022-05-15,Italy,Europe,262374,17030147,765,165182
2022-05-22,Italy,Europe,199116,17229263,736,165918
2022-05-29,Italy,Europe,144478,17373741,624,166542
2022-06-05,Italy,Europe,116710,17490451,380,166922
2022-06-12,Italy,Europe,143614,17634065,443,167365
2022-06-19,Italy,Europe,210840,17844905,338,167703
2022-06-26,Italy,Europe,340012,18184917,355,168058
2022-07-03,Italy,Europe,511037,18695954,430,168488
2022-07-10,Italy,Europe,661984,19357938,574,169062
2022-07-17,Italy,Europe,718925,20076863,784,169846
2022-07-24,Italy,Europe,531327,20608190,952,170798
2022-07-31,Italy,Europe,394583,21002773,1205,172003
2022-08-07,Italy,Europe,283998,21286771,1059,173062
2022-08-14,Italy,Europe,193305,21480076,920,173982
2022-08-21,Italy,Europe,150922,21630998,677,174659
2022-08-28,Italy,Europe,157864,21788862,647,175306
2022-09-04,Italy,Europe,136211,21925073,496,175802
2022-09-11,Italy,Europe,110644,22035717,373,176175
2022-09-18,Italy,Europe,113218,22148935,371,176546
2022-09-25,Italy,Europe,135877,22284812,321,176867
2022-10-02,Italy,Europe,215534,22500346,263,177130
2022-10-09,Italy,Europe,280947,22781293,348,177478
2022-10-16,Italy,Europe,288452,23069745,478,177956
2022-10-23,Italy,Europe,252777,23322522,586,178542
2022-10-30,Italy,Europe,208501,23531023,559,179101
2022-11-06,Italy,Europe,165989,23697012,554,179655
2022-11-13,Italy,Europe,181181,23878193,484,180139
2022-11-20,Italy,Europe,221013,24099206,540,180679
2022-11-27,Italy,Europe,228458,24327664,592,181271
2022-12-04,Italy,Europe,227792,24555456,673,181944
2022-12-11,Italy,Europe,198433,24753889,675,182619
2022-12-18,Italy,Europe,174187,24928076,751,183370
2022-12-25,Italy,Europe,132427,25060503,798,184168
2023-01-01,Italy,Europe,132328,25192831,750,184918
2023-01-08,Italy,Europe,108312,25301143,614,185532
2023-01-15,Italy,Europe,79745,25380888,626,186158
2023-01-22,Italy,Europe,47190,25428078,443,186601
2023-01-29,Italy,Europe,36722,25464800,303,186904
2023-02-05,Italy,Europe,32751,25497551,455,187359
2023-02-12,Italy,Europe,29286,25526837,259,187618
2023-02-19,Italy,Europe,29146,25555983,309,187927
2023-02-26,Italy,Europe,29177,25585160,247,188174
2023-03-05,Italy,Europe,25133,25610293,222,188396
2023-03-12,Italy,Europe,24149,25634442,198,188594
2023-03-19,Italy,Europe,23041,25657483,201,188795
2023-03-26,Italy,Europe,22665,25680148,179,188974
2023-04-02,Italy,Europe,20999,25701147,181,189155
2023-04-09,Italy,Europe,19907,25721054,148,189303
2023-04-16,Italy,Europe,24746,25745800,137,189440
2023-04-23,Italy,Europe,26659,25772459,187,189627
2023-04-30,Italy,Europe,23050,25795509,159,189786
2023-05-07,Italy,Europe,19894,25815403,182,189968
2023-05-14,Italy,Europe,17110,25832513,154,190122
2023-05-21,Italy,Europe,14163,25846676,164,190286
2023-05-28,Italy,Europe,15136,25861812,154,190440
2023-06-04,Italy,Europe,10983,25872795,111,190551
2023-06-11,Italy,Europe,9501,25882296,104,190655
2023-06-18,Italy,Europe,6930,25889226,81,190736
2023-06-25,Italy,Europe,5292,25894518,84,190820
2023-07-02,Italy,Europe,4430,25898948,67,190887
2023-07-09,Italy,Europe,3536,25902484,29,190916
2023-07-16,Italy,Europe,3405,25905889,43,190959
2023-07-23,Italy,Europe,3572,25909461,43,191002
2023-07-30,Italy,Europe,4381,25913842,17,191019
2023-08-06,Italy,Europe,6352,25920194,49,191068
2023-08-13,Italy,Europe,6071,25926265,76,191144
2023-08-20,Italy,Europe,7691,25933956,38,191182
2023-08-27,Italy,Europe,12948,25946904,55,191237
2023-09-03,Italy,Europe,17113,25964017,81,191318
2023-09-10,Italy,Europe,24730,25988747,89,191407
2023-09-17,Italy,Europe,34727,26023474,109,191516
2023-09-24,Italy,Europe,37524,26060998,134,191650
2023-10-01,Italy,Europe,39802,26100800,130,191780
2023-10-08,Italy,Europe,45648,26146448,154,191934
2023-10-15,Italy,Europe,38171,26184619,164,192098
2023-10-22,Italy,Europe,29933,26214552,214,192312
2023-10-29,Italy,Europe,28440,26242992,167,192479
2023-11-05,Italy,Europe,24745,26267737,155,192634
2023-11-12,Italy,Europe,31140,26298877,230,192864
2023-11-19,Italy,Europe,42368,26341245,286,193150
2023-11-26,Italy,Europe,49662,26390907,309,193459
2023-12-03,Italy,Europe,56583,26447490,376,193835
2023-12-10,Italy,Europe,54278,26501768,446,194281
2023-12-17,Italy,Europe,66300,26568068,466,194747
2023-12-24,Italy,Europe,58143,26626211,432,195179
2023-12-31,Italy,Europe,35408,26661619,401,195580
2024-01-07,Italy,Europe,21678,26683297,392,195972
2024-01-14,Italy,Europe,12620,26695917,288,196260
2024-01-21,Italy,Europe,6701,26702618,199,196459
2024-01-28,Italy,Europe,4219,26706837,148,196607
2024-02-04,Italy,Europe,3179,26710016,97,196704
2024-02-11,Italy,Europe,2463,26712479,70,196774
2024-02-18,Italy,Europe,1733,26714212,61,196835
2024-02-25,Italy,Europe,1253,26715465,53,196888
2024-03-03,Italy,Europe,946,26716411,30,196918
2024-03-10,Italy,Europe,764,26717175,28,196946
2024-03-17,Italy,Europe,698,26717873,18,196964
2024-03-24,Italy,Europe,623,26718496,19,196983
2024-03-31,Italy,Europe,523,26719019,14,196997
2024-04-07,Italy,Europe,563,26719582,8,197005
2024-04-14,Italy,Europe,511,26720093,13,197018
2024-04-21,Italy,Europe,533,26720626,13,197031
2024-04-28,Italy,Europe,574,26721200,6,197037
2024-05-05,Italy,Europe,663,26721863,10,197047
2024-05-12,Italy,Europe,773,26722636,15,197062
2024-05-19,Italy,Europe,830,26723466,8,197070
2024-05-26,Italy,Europe,950,26724416,8,197078
2024-06-02,Italy,Europe,1267,26725683,10,197088
2024-06-09,Italy,Europe,1586,26727269,13,197101
2024-06-16,Italy,Europe,1955,26729224,9,197110
2024-06-23,Italy,Europe,2473,26731697,30,197140
2024-06-30,Italy,Europe,3293,26734990,21,197161
2024-07-07,Italy,Europe,4683,26739673,31,197192
2024-07-14,Italy,Europe,7972,26747645,42,197234
2024-07-21,Italy,Europe,11712,26759357,47,197281
2024-07-28,Italy,Europe,16175,26775532,66,197347
2024-08-04,Italy,Europe,17341,26792873,64,197411
2024-08-11,Italy,Europe,16706,26809579,75,197486
2024-08-18,Italy,Europe,12578,26822157,49,197535
2024-08-25,Italy,Europe,4329,26826486,7,197542
2024-09-01,Italy,Europe,0,26826486,0,197542
2020-01-05,Jamaica,North America,0,0,0,0
2020-01-12,Jamaica,North America,0,0,0,0
2020-01-19,Jamaica,North America,0,0,0,0
2020-01-26,Jamaica,North America,0,0,0,0
2020-02-02,Jamaica,North America,0,0,0,0
2020-02-09,Jamaica,North America,0,0,0,0
2020-02-16,Jamaica,North America,0,0,0,0
2020-02-23,Jamaica,North America,0,0,0,0
2020-03-01,Jamaica,North America,0,0,0,0
2020-03-08,Jamaica,North America,0,0,0,0
2020-03-15,Jamaica,North America,8,8,0,0
2020-03-22,Jamaica,North America,8,16,1,1
2020-03-29,Jamaica,North America,14,30,0,1
2020-04-05,Jamaica,North America,23,53,2,3
2020-04-12,Jamaica,North America,12,65,1,4
2020-04-19,Jamaica,North America,98,163,1,5
2020-04-26,Jamaica,North America,125,288,2,7
2020-05-03,Jamaica,North America,144,432,1,8
2020-05-10,Jamaica,North America,58,490,1,9
2020-05-17,Jamaica,North America,21,511,0,9
2020-05-24,Jamaica,North America,33,544,0,9
2020-05-31,Jamaica,North America,31,575,0,9
2020-06-07,Jamaica,North America,20,595,1,10
2020-06-14,Jamaica,North America,19,614,0,10
2020-06-21,Jamaica,North America,38,652,0,10
2020-06-28,Jamaica,North America,34,686,0,10
2020-07-05,Jamaica,North America,35,721,0,10
2020-07-12,Jamaica,North America,32,753,0,10
2020-07-19,Jamaica,North America,15,768,0,10
2020-07-26,Jamaica,North America,63,831,0,10
2020-08-02,Jamaica,North America,47,878,0,10
2020-08-09,Jamaica,North America,109,987,2,12
2020-08-16,Jamaica,North America,95,1082,2,14
2020-08-23,Jamaica,North America,264,1346,2,16
2020-08-30,Jamaica,North America,665,2011,3,19
2020-09-06,Jamaica,North America,953,2964,11,30
2020-09-13,Jamaica,North America,659,3623,10,40
2020-09-20,Jamaica,North America,1135,4758,20,60
2020-09-27,Jamaica,North America,1096,5854,28,88
2020-10-04,Jamaica,North America,941,6795,31,119
2020-10-11,Jamaica,North America,764,7559,19,138
2020-10-18,Jamaica,North America,636,8195,30,168
2020-10-25,Jamaica,North America,475,8670,18,186
2020-11-01,Jamaica,North America,424,9094,20,206
2020-11-08,Jamaica,North America,378,9472,12,218
2020-11-15,Jamaica,North America,308,9780,11,229
2020-11-22,Jamaica,North America,460,10240,8,237
2020-11-29,Jamaica,North America,429,10669,14,251
2020-12-06,Jamaica,North America,394,11063,10,261
2020-12-13,Jamaica,North America,545,11608,10,271
2020-12-20,Jamaica,North America,527,12135,14,285
2020-12-27,Jamaica,North America,549,12684,9,294
2021-01-03,Jamaica,North America,247,12931,9,303
2021-01-10,Jamaica,North America,524,13455,8,311
2021-01-17,Jamaica,North America,641,14096,12,323
2021-01-24,Jamaica,North America,676,14772,13,336
2021-01-31,Jamaica,North America,755,15527,12,348
2021-02-07,Jamaica,North America,1314,16841,9,357
2021-02-14,Jamaica,North America,1989,18830,15,372
2021-02-21,Jamaica,North America,2094,20924,19,391
2021-02-28,Jamaica,North America,1893,22817,26,417
2021-03-07,Jamaica,North America,2486,25303,29,446
2021-03-14,Jamaica,North America,4609,29912,38,484
2021-03-21,Jamaica,North America,4753,34665,40,524
2021-03-28,Jamaica,North America,3082,37747,42,566
2021-04-04,Jamaica,North America,2702,40449,47,613
2021-04-11,Jamaica,North America,1670,42119,56,669
2021-04-18,Jamaica,North America,1565,43684,52,721
2021-04-25,Jamaica,North America,1183,44867,35,756
2021-05-02,Jamaica,North America,910,45777,23,779
2021-05-09,Jamaica,North America,811,46588,24,803
2021-05-16,Jamaica,North America,645,47233,40,843
2021-05-23,Jamaica,North America,666,47899,69,912
2021-05-30,Jamaica,North America,475,48374,30,942
2021-06-06,Jamaica,North America,527,48901,22,964
2021-06-13,Jamaica,North America,331,49232,32,996
2021-06-20,Jamaica,North America,375,49607,35,1031
2021-06-27,Jamaica,North America,357,49964,26,1057
2021-07-04,Jamaica,North America,278,50242,27,1084
2021-07-11,Jamaica,North America,387,50629,30,1114
2021-07-18,Jamaica,North America,417,51046,39,1153
2021-07-25,Jamaica,North America,782,51828,20,1173
2021-08-01,Jamaica,North America,1067,52895,17,1190
2021-08-08,Jamaica,North America,1585,54480,29,1219
2021-08-15,Jamaica,North America,2809,57289,66,1285
2021-08-22,Jamaica,North America,3993,61282,86,1371
2021-08-29,Jamaica,North America,4452,65734,112,1483
2021-09-05,Jamaica,North America,4923,70657,110,1593
2021-09-12,Jamaica,North America,4640,75297,111,1704
2021-09-19,Jamaica,North America,3830,79127,73,1777
2021-09-26,Jamaica,North America,3222,82349,47,1824
2021-10-03,Jamaica,North America,2068,84417,60,1884
2021-10-10,Jamaica,North America,1488,85905,111,1995
2021-10-17,Jamaica,North America,1327,87232,108,2103
2021-10-24,Jamaica,North America,927,88159,72,2175
2021-10-31,Jamaica,North America,748,88907,54,2229
2021-11-07,Jamaica,North America,680,89587,45,2274
2021-11-14,Jamaica,North America,562,90149,48,2322
2021-11-21,Jamaica,North America,481,90630,34,2356
2021-11-28,Jamaica,North America,492,91122,29,2385
2021-12-05,Jamaica,North America,299,91421,22,2407
2021-12-12,Jamaica,North America,304,91725,17,2424
2021-12-19,Jamaica,North America,293,92018,20,2444
2021-12-26,Jamaica,North America,337,92355,18,2462
2022-01-02,Jamaica,North America,2294,94649,14,2476
2022-01-09,Jamaica,North America,6407,101056,19,2495
2022-01-16,Jamaica,North America,9194,110250,27,2522
2022-01-23,Jamaica,North America,8477,118727,50,2572
2022-01-30,Jamaica,North America,4915,123642,67,2639
2022-02-06,Jamaica,North America,2139,125781,52,2691
2022-02-13,Jamaica,North America,1105,126886,47,2738
2022-02-20,Jamaica,North America,550,127436,33,2771
2022-02-27,Jamaica,North America,480,127916,40,2811
2022-03-06,Jamaica,North America,226,128142,14,2825
2022-03-13,Jamaica,North America,212,128354,19,2844
2022-03-20,Jamaica,North America,146,128500,19,2863
2022-03-27,Jamaica,North America,128,128628,12,2875
2022-04-03,Jamaica,North America,183,128811,18,2893
2022-04-10,Jamaica,North America,181,128992,21,2914
2022-04-17,Jamaica,North America,211,129203,12,2926
2022-04-24,Jamaica,North America,286,129489,17,2943
2022-05-01,Jamaica,North America,573,130062,21,2964
2022-05-08,Jamaica,North America,932,130994,11,2975
2022-05-15,Jamaica,North America,1322,132316,24,2999
2022-05-22,Jamaica,North America,1981,134297,29,3028
2022-05-29,Jamaica,North America,2016,136313,21,3049
2022-06-05,Jamaica,North America,2061,138374,24,3073
2022-06-12,Jamaica,North America,1829,140203,9,3082
2022-06-19,Jamaica,North America,1261,141464,12,3094
2022-06-26,Jamaica,North America,812,142276,19,3113
2022-07-03,Jamaica,North America,821,143097,21,3134
2022-07-10,Jamaica,North America,768,143865,21,3155
2022-07-17,Jamaica,North America,752,144617,15,3170
2022-07-24,Jamaica,North America,880,145497,11,3181
2022-07-31,Jamaica,North America,744,146241,12,3193
2022-08-07,Jamaica,North America,765,147006,13,3206
2022-08-14,Jamaica,North America,902,147908,15,3221
2022-08-21,Jamaica,North America,829,148737,16,3237
2022-08-28,Jamaica,North America,683,149420,13,3250
2022-09-04,Jamaica,North America,681,150101,12,3262
2022-09-11,Jamaica,North America,562,150663,21,3283
2022-09-18,Jamaica,North America,558,151221,7,3290
2022-09-25,Jamaica,North America,373,151594,16,3306
2022-10-02,Jamaica,North America,337,151931,14,3320
2022-10-09,Jamaica,North America,170,152101,15,3335
2022-10-16,Jamaica,North America,135,152236,14,3349
2022-10-23,Jamaica,North America,70,152306,1,3350
2022-10-30,Jamaica,North America,75,152381,1,3351
2022-11-06,Jamaica,North America,0,152381,0,3351
2022-11-13,Jamaica,North America,136,152517,48,3399
2022-11-20,Jamaica,North America,52,152569,22,3421
2022-11-27,Jamaica,North America,55,152624,12,3433
2022-12-04,Jamaica,North America,0,152624,0,3433
2022-12-11,Jamaica,North America,45,152669,14,3447
2022-12-18,Jamaica,North America,0,152669,0,3447
2022-12-25,Jamaica,North America,122,152791,16,3463
2023-01-01,Jamaica,North America,0,152791,0,3463
2023-01-08,Jamaica,North America,36,152827,2,3465
2023-01-15,Jamaica,North America,141,152968,0,3465
2023-01-22,Jamaica,North America,175,153143,11,3476
2023-01-29,Jamaica,North America,264,153407,4,3480
2023-02-05,Jamaica,North America,222,153629,4,3484
2023-02-12,Jamaica,North America,276,153905,4,3488
2023-02-19,Jamaica,North America,160,154065,12,3500
2023-02-26,Jamaica,North America,131,154196,2,3502
2023-03-05,Jamaica,North America,220,154416,12,3514
2023-03-12,Jamaica,North America,0,154416,0,3514
2023-03-19,Jamaica,North America,55,154471,7,3521
2023-03-26,Jamaica,North America,67,154538,7,3528
2023-04-02,Jamaica,North America,64,154602,1,3529
2023-04-09,Jamaica,North America,0,154602,0,3529
2023-04-16,Jamaica,North America,85,154687,3,3532
2023-04-23,Jamaica,North America,53,154740,4,3536
2023-04-30,Jamaica,North America,46,154786,0,3536
2023-05-07,Jamaica,North America,0,154786,0,3536
2023-05-14,Jamaica,North America,88,154874,0,3536
2023-05-21,Jamaica,North America,52,154926,2,3538
2023-05-28,Jamaica,North America,39,154965,2,3540
2023-06-04,Jamaica,North America,71,155036,2,3542
2023-06-11,Jamaica,North America,89,155125,3,3545
2023-06-18,Jamaica,North America,63,155188,4,3549
2023-06-25,Jamaica,North America,76,155264,5,3554
2023-07-02,Jamaica,North America,80,155344,1,3555
2023-07-09,Jamaica,North America,143,155487,4,3559
2023-07-16,Jamaica,North America,173,155660,5,3564
2023-07-23,Jamaica,North America,186,155846,3,3567
2023-07-30,Jamaica,North America,116,155962,7,3574
2023-08-06,Jamaica,North America,91,156053,2,3576
2023-08-13,Jamaica,North America,57,156110,5,3581
2023-08-20,Jamaica,North America,87,156197,2,3583
2023-08-27,Jamaica,North America,44,156241,3,3586
2023-09-03,Jamaica,North America,58,156299,2,3588
2023-09-10,Jamaica,North America,52,156351,0,3588
2023-09-17,Jamaica,North America,49,156400,1,3589
2023-09-24,Jamaica,North America,60,156460,2,3591
2023-10-01,Jamaica,North America,42,156502,0,3591
2023-10-08,Jamaica,North America,31,156533,3,3594
2023-10-15,Jamaica,North America,25,156558,0,3594
2023-10-22,Jamaica,North America,12,156570,2,3596
2023-10-29,Jamaica,North America,6,156576,0,3596
2023-11-05,Jamaica,North America,7,156583,0,3596
2023-11-12,Jamaica,North America,11,156594,0,3596
2023-11-19,Jamaica,North America,9,156603,1,3597
2023-11-26,Jamaica,North America,8,156611,0,3597
2023-12-03,Jamaica,North America,3,156614,0,3597
2023-12-10,Jamaica,North America,6,156620,0,3597
2023-12-17,Jamaica,North America,13,156633,2,3599
2023-12-24,Jamaica,North America,8,156641,0,3599
2023-12-31,Jamaica,North America,5,156646,0,3599
2024-01-07,Jamaica,North America,12,156658,0,3599
2024-01-14,Jamaica,North America,17,156675,0,3599
2024-01-21,Jamaica,North America,21,156696,0,3599
2024-01-28,Jamaica,North America,18,156714,0,3599
2024-02-04,Jamaica,North America,21,156735,1,3600
2024-02-11,Jamaica,North America,22,156757,0,3600
2024-02-18,Jamaica,North America,12,156769,0,3600
2024-02-25,Jamaica,North America,8,156777,1,3601
2024-03-03,Jamaica,North America,14,156791,0,3601
2024-03-10,Jamaica,North America,3,156794,0,3601
2024-03-17,Jamaica,North America,5,156799,0,3601
2024-03-24,Jamaica,North America,3,156802,0,3601
2024-03-31,Jamaica,North America,4,156806,0,3601
2024-04-07,Jamaica,North America,3,156809,1,3602
2024-04-14,Jamaica,North America,3,156812,0,3602
2024-04-21,Jamaica,North America,2,156814,0,3602
2024-04-28,Jamaica,North America,7,156821,0,3602
2024-05-05,Jamaica,North America,3,156824,0,3602
2024-05-12,Jamaica,North America,6,156830,0,3602
2024-05-19,Jamaica,North America,5,156835,0,3602
2024-05-26,Jamaica,North America,11,156846,0,3602
2024-06-02,Jamaica,North America,11,156857,1,3603
2024-06-09,Jamaica,North America,18,156875,1,3604
2024-06-16,Jamaica,North America,44,156919,0,3604
2024-06-23,Jamaica,North America,58,156977,0,3604
2024-06-30,Jamaica,North America,49,157026,2,3606
2024-07-07,Jamaica,North America,41,157067,2,3608
2024-07-14,Jamaica,North America,50,157117,5,3613
2024-07-21,Jamaica,North America,31,157148,1,3614
2024-07-28,Jamaica,North America,24,157172,1,3615
2024-08-04,Jamaica,North America,18,157190,0,3615
2024-08-11,Jamaica,North America,21,157211,0,3615
2024-08-18,Jamaica,North America,28,157239,0,3615
2024-08-25,Jamaica,North America,21,157260,0,3615
2024-09-01,Jamaica,North America,9,157269,0,3615
2020-01-05,Japan,Asia,0,0,0,0
2020-01-12,Japan,Asia,0,0,0,0
2020-01-19,Japan,Asia,1,1,0,0
2020-01-26,Japan,Asia,2,3,0,0
2020-02-02,Japan,Asia,12,15,0,0
2020-02-09,Japan,Asia,10,25,0,0
2020-02-16,Japan,Asia,27,52,1,1
2020-02-23,Japan,Asia,80,132,0,1
2020-03-01,Japan,Asia,107,239,5,6
2020-03-08,Japan,Asia,216,455,0,6
2020-03-15,Japan,Asia,325,780,16,22
2020-03-22,Japan,Asia,266,1046,18,40
2020-03-29,Japan,Asia,647,1693,12,52
2020-04-05,Japan,Asia,1578,3271,18,70
2020-04-12,Japan,Asia,3477,6748,28,98
2020-04-19,Japan,Asia,3613,10361,63,161
2020-04-26,Japan,Asia,2821,13182,187,348
2020-05-03,Japan,Asia,1657,14839,144,492
2020-05-10,Japan,Asia,908,15747,121,613
2020-05-17,Japan,Asia,538,16285,131,744
2020-05-24,Japan,Asia,265,16550,76,820
2020-05-31,Japan,Asia,301,16851,71,891
2020-06-07,Japan,Asia,290,17141,25,916
2020-06-14,Japan,Asia,288,17429,9,925
2020-06-21,Japan,Asia,435,17864,28,953
2020-06-28,Japan,Asia,526,18390,18,971
2020-07-05,Japan,Asia,1132,19522,6,977
2020-07-12,Japan,Asia,1980,21502,5,982
2020-07-19,Japan,Asia,3140,24642,3,985
2020-07-26,Japan,Asia,4740,29382,11,996
2020-08-02,Japan,Asia,7307,36689,15,1011
2020-08-09,Japan,Asia,10094,46783,29,1040
2020-08-16,Japan,Asia,7931,54714,48,1088
2020-08-23,Japan,Asia,7033,61747,88,1176
2020-08-30,Japan,Asia,5517,67264,88,1264
2020-09-06,Japan,Asia,4155,71419,93,1357
2020-09-13,Japan,Asia,3799,75218,82,1439
2020-09-20,Japan,Asia,3439,78657,61,1500
2020-09-27,Japan,Asia,3033,81690,45,1545
2020-10-04,Japan,Asia,3649,85339,52,1597
2020-10-11,Japan,Asia,3573,88912,30,1627
2020-10-18,Japan,Asia,3744,92656,43,1670
2020-10-25,Japan,Asia,3878,96534,41,1711
2020-11-01,Japan,Asia,4612,101146,55,1766
2020-11-08,Japan,Asia,5940,107086,46,1812
2020-11-15,Japan,Asia,9591,116677,71,1883
2020-11-22,Japan,Asia,13502,130179,91,1974
2020-11-29,Japan,Asia,14474,144653,132,2106
2020-12-06,Japan,Asia,15445,160098,209,2315
2020-12-13,Japan,Asia,17189,177287,247,2562
2020-12-20,Japan,Asia,18593,195880,311,2873
2020-12-27,Japan,Asia,21432,217312,340,3213
2021-01-03,Japan,Asia,26535,243847,335,3548
2021-01-10,Japan,Asia,42905,286752,448,3996
2021-01-17,Japan,Asia,41542,328294,450,4446
2021-01-24,Japan,Asia,36519,364813,573,5019
2021-01-31,Japan,Asia,24705,389518,635,5654
2021-02-07,Japan,Asia,15472,404990,684,6338
2021-02-14,Japan,Asia,10792,415782,574,6912
2021-02-21,Japan,Asia,9815,425597,505,7417
2021-02-28,Japan,Asia,7176,432773,443,7860
2021-03-07,Japan,Asia,7219,439992,367,8227
2021-03-14,Japan,Asia,7914,447906,333,8560
2021-03-21,Japan,Asia,8875,456781,252,8812
2021-03-28,Japan,Asia,11833,468614,219,9031
2021-04-04,Japan,Asia,16711,485325,190,9221
2021-04-11,Japan,Asia,20961,506286,161,9382
2021-04-18,Japan,Asia,27766,534052,240,9622
2021-04-25,Japan,Asia,32811,566863,291,9913
2021-05-02,Japan,Asia,35999,602862,448,10361
2021-05-09,Japan,Asia,37182,640044,515,10876
2021-05-16,Japan,Asia,43131,683175,632,11508
2021-05-23,Japan,Asia,35689,718864,804,12312
2021-05-30,Japan,Asia,25623,744487,655,12967
2021-06-06,Japan,Asia,17914,762401,607,13574
2021-06-13,Japan,Asia,12830,775231,497,14071
2021-06-20,Japan,Asia,10056,785287,352,14423
2021-06-27,Japan,Asia,10469,795756,246,14669
2021-07-04,Japan,Asia,11078,806834,179,14848
2021-07-11,Japan,Asia,13881,820715,107,14955
2021-07-18,Japan,Asia,20822,841537,93,15048
2021-07-25,Japan,Asia,28908,870445,81,15129
2021-08-01,Japan,Asia,65441,935886,68,15197
2021-08-08,Japan,Asia,95410,1031296,83,15280
2021-08-15,Japan,Asia,113250,1144546,128,15408
2021-08-22,Japan,Asia,155807,1300353,223,15631
2021-08-29,Japan,Asia,154011,1454364,315,15946
2021-09-05,Japan,Asia,117008,1571372,408,16354
2021-09-12,Japan,Asia,68173,1639545,443,16797
2021-09-19,Japan,Asia,37166,1676711,407,17204
2021-09-26,Japan,Asia,17964,1694675,278,17482
2021-10-03,Japan,Asia,10371,1705046,248,17730
2021-10-10,Japan,Asia,5927,1710973,211,17941
2021-10-17,Japan,Asia,3747,1714720,162,18103
2021-10-24,Japan,Asia,2218,1716938,96,18199
2021-10-31,Japan,Asia,5926,1722864,69,18268
2021-11-07,Japan,Asia,1336,1724200,42,18310
2021-11-14,Japan,Asia,1266,1725466,17,18327
2021-11-21,Japan,Asia,1008,1726474,20,18347
2021-11-28,Japan,Asia,669,1727143,11,18358
2021-12-05,Japan,Asia,799,1727942,6,18364
2021-12-12,Japan,Asia,878,1728820,9,18373
2021-12-19,Japan,Asia,1144,1729964,6,18379
2021-12-26,Japan,Asia,1825,1731789,8,18387
2022-01-02,Japan,Asia,3019,1734808,8,18395
2022-01-09,Japan,Asia,30796,1765604,8,18403
2022-01-16,Japan,Asia,114235,1879839,30,18433
2022-01-23,Japan,Asia,289814,2169653,73,18506
2022-01-30,Japan,Asia,499985,2669638,258,18764
2022-02-06,Japan,Asia,630951,3300589,560,19324
2022-02-13,Japan,Asia,611609,3912198,1035,20359
2022-02-20,Japan,Asia,572555,4484753,1462,21821
2022-02-27,Japan,Asia,469867,4954620,1449,23270
2022-03-06,Japan,Asia,438913,5393533,1665,24935
2022-03-13,Japan,Asia,378863,5772396,1219,26154
2022-03-20,Japan,Asia,331694,6104090,891,27045
2022-03-27,Japan,Asia,273629,6377719,722,27767
2022-04-03,Japan,Asia,324367,6702086,519,28286
2022-04-10,Japan,Asia,337477,7039563,398,28684
2022-04-17,Japan,Asia,334688,7374251,339,29023
2022-04-24,Japan,Asia,285761,7660012,285,29308
2022-05-01,Japan,Asia,241921,7901933,293,29601
2022-05-08,Japan,Asia,197600,8099533,212,29813
2022-05-15,Japan,Asia,273523,8373056,248,30061
2022-05-22,Japan,Asia,245627,8618683,246,30307
2022-05-29,Japan,Asia,192931,8811614,251,30558
2022-06-05,Japan,Asia,134170,8945784,215,30773
2022-06-12,Japan,Asia,105948,9051732,137,30910
2022-06-19,Japan,Asia,98001,9149733,135,31045
2022-06-26,Japan,Asia,103653,9253386,94,31139
2022-07-03,Japan,Asia,122586,9375972,193,31332
2022-07-10,Japan,Asia,269760,9645732,113,31445
2022-07-17,Japan,Asia,559111,10204843,165,31610
2022-07-24,Japan,Asia,969068,11173911,330,31940
2022-07-31,Japan,Asia,1379099,12553010,754,32694
2022-08-07,Japan,Asia,1496968,14049978,1131,33825
2022-08-14,Japan,Asia,1395301,15445279,1546,35371
2022-08-21,Japan,Asia,1476374,16921653,1906,37277
2022-08-28,Japan,Asia,1258772,18180425,1976,39253
2022-09-04,Japan,Asia,1164787,19345212,2040,41293
2022-09-11,Japan,Asia,537181,19882393,1501,42794
2022-09-18,Japan,Asia,605919,20488312,1033,43827
2022-09-25,Japan,Asia,535502,21023814,636,44463
2022-10-02,Japan,Asia,306958,21330772,555,45018
2022-10-09,Japan,Asia,208547,21539319,493,45511
2022-10-16,Japan,Asia,218276,21757595,379,45890
2022-10-23,Japan,Asia,233682,21991277,457,46347
2022-10-30,Japan,Asia,281974,22273251,364,46711
2022-11-06,Japan,Asia,401693,22674944,428,47139
2022-11-13,Japan,Asia,503766,23178710,576,47715
2022-11-20,Japan,Asia,593075,23771785,767,48482
2022-11-27,Japan,Asia,698772,24470557,952,49434
2022-12-04,Japan,Asia,749895,25220452,1174,50608
2022-12-11,Japan,Asia,849371,26069823,1435,52043
2022-12-18,Japan,Asia,1046650,27116473,1687,53730
2022-12-25,Japan,Asia,1149932,28266405,2083,55813
2023-01-01,Japan,Asia,946130,29212535,1908,57721
2023-01-08,Japan,Asia,1070496,30283031,775,58496
2023-01-15,Japan,Asia,1025321,31308352,0,58496
2023-01-22,Japan,Asia,672526,31980878,0,58496
2023-01-29,Japan,Asia,438754,32419632,0,58496
2023-02-05,Japan,Asia,292614,32712246,10981,69477
2023-02-12,Japan,Asia,223365,32935611,1218,70695
2023-02-19,Japan,Asia,141082,33076693,991,71686
2023-02-26,Japan,Asia,95874,33172567,582,72268
2023-03-05,Japan,Asia,78930,33251497,503,72771
2023-03-12,Japan,Asia,65012,33316509,428,73199
2023-03-19,Japan,Asia,51856,33368365,312,73511
2023-03-26,Japan,Asia,47096,33415461,236,73747
2023-04-02,Japan,Asia,47398,33462859,206,73953
2023-04-09,Japan,Asia,53989,33516848,143,74096
2023-04-16,Japan,Asia,56847,33573695,139,74235
2023-04-23,Japan,Asia,65510,33639205,141,74376
2023-04-30,Japan,Asia,74812,33714017,166,74542
2023-05-07,Japan,Asia,64976,33778993,112,74654
2023-05-14,Japan,Asia,24579,33803572,40,74694
2023-05-21,Japan,Asia,0,33803572,0,74694
2023-05-28,Japan,Asia,0,33803572,0,74694
2023-06-04,Japan,Asia,0,33803572,0,74694
2023-06-11,Japan,Asia,0,33803572,0,74694
2023-06-18,Japan,Asia,0,33803572,0,74694
2023-06-25,Japan,Asia,0,33803572,0,74694
2023-07-02,Japan,Asia,0,33803572,0,74694
2023-07-09,Japan,Asia,0,33803572,0,74694
2023-07-16,Japan,Asia,0,33803572,0,74694
2023-07-23,Japan,Asia,0,33803572,0,74694
2023-07-30,Japan,Asia,0,33803572,0,74694
2023-08-06,Japan,Asia,0,33803572,0,74694
2023-08-13,Japan,Asia,0,33803572,0,74694
2023-08-20,Japan,Asia,0,33803572,0,74694
2023-08-27,Japan,Asia,0,33803572,0,74694
2023-09-03,Japan,Asia,0,33803572,0,74694
2023-09-10,Japan,Asia,0,33803572,0,74694
2023-09-17,Japan,Asia,0,33803572,0,74694
2023-09-24,Japan,Asia,0,33803572,0,74694
2023-10-01,Japan,Asia,0,33803572,0,74694
2023-10-08,Japan,Asia,0,33803572,0,74694
2023-10-15,Japan,Asia,0,33803572,0,74694
2023-10-22,Japan,Asia,0,33803572,0,74694
2023-10-29,Japan,Asia,0,33803572,0,74694
2023-11-05,Japan,Asia,0,33803572,0,74694
2023-11-12,Japan,Asia,0,33803572,0,74694
2023-11-19,Japan,Asia,0,33803572,0,74694
2023-11-26,Japan,Asia,0,33803572,0,74694
2023-12-03,Japan,Asia,0,33803572,0,74694
2023-12-10,Japan,Asia,0,33803572,0,74694
2023-12-17,Japan,Asia,0,33803572,0,74694
2023-12-24,Japan,Asia,0,33803572,0,74694
2023-12-31,Japan,Asia,0,33803572,0,74694
2024-01-07,Japan,Asia,0,33803572,0,74694
2024-01-14,Japan,Asia,0,33803572,0,74694
2024-01-21,Japan,Asia,0,33803572,0,74694
2024-01-28,Japan,Asia,0,33803572,0,74694
2024-02-04,Japan,Asia,0,33803572,0,74694
2024-02-11,Japan,Asia,0,33803572,0,74694
2024-02-18,Japan,Asia,0,33803572,0,74694
2024-02-25,Japan,Asia,0,33803572,0,74694
2024-03-03,Japan,Asia,0,33803572,0,74694
2024-03-10,Japan,Asia,0,33803572,0,74694
2024-03-17,Japan,Asia,0,33803572,0,74694
2024-03-24,Japan,Asia,0,33803572,0,74694
2024-03-31,Japan,Asia,0,33803572,0,74694
2024-04-07,Japan,Asia,0,33803572,0,74694
2024-04-14,Japan,Asia,0,33803572,0,74694
2024-04-21,Japan,Asia,0,33803572,0,74694
2024-04-28,Japan,Asia,0,33803572,0,74694
2024-05-05,Japan,Asia,0,33803572,0,74694
2024-05-12,Japan,Asia,0,33803572,0,74694
2024-05-19,Japan,Asia,0,33803572,0,74694
2024-05-26,Japan,Asia,0,33803572,0,74694
2024-06-02,Japan,Asia,0,33803572,0,74694
2024-06-09,Japan,Asia,0,33803572,0,74694
2024-06-16,Japan,Asia,0,33803572,0,74694
2024-06-23,Japan,Asia,0,33803572,0,74694
2024-06-30,Japan,Asia,0,33803572,0,74694
2024-07-07,Japan,Asia,0,33803572,0,74694
2024-07-14,Japan,Asia,0,33803572,0,74694
2024-07-21,Japan,Asia,0,33803572,0,74694
2024-07-28,Japan,Asia,0,33803572,0,74694
2024-08-04,Japan,Asia,0,33803572,0,74694
2024-08-11,Japan,Asia,0,33803572,0,74694
2024-08-18,Japan,Asia,0,33803572,0,74694
2024-08-25,Japan,Asia,0,33803572,0,74694
2024-09-01,Japan,Asia,0,33803572,0,74694
2020-01-05,Jersey,Europe,0,0,0,0
2020-01-12,Jersey,Europe,0,0,0,0
2020-01-19,Jersey,Europe,0,0,0,0
2020-01-26,Jersey,Europe,0,0,0,0
2020-02-02,Jersey,Europe,0,0,0,0
2020-02-09,Jersey,Europe,0,0,0,0
2020-02-16,Jersey,Europe,0,0,0,0
2020-02-23,Jersey,Europe,0,0,0,0
2020-03-01,Jersey,Europe,0,0,0,0
2020-03-08,Jersey,Europe,0,0,0,0
2020-03-15,Jersey,Europe,2,2,0,0
2020-03-22,Jersey,Europe,13,15,0,0
2020-03-29,Jersey,Europe,30,45,2,2
2020-04-05,Jersey,Europe,102,147,1,3
2020-04-12,Jersey,Europe,51,198,1,4
2020-04-19,Jersey,Europe,47,245,8,12
2020-04-26,Jersey,Europe,19,264,7,19
2020-05-03,Jersey,Europe,11,275,5,24
2020-05-10,Jersey,Europe,2,277,1,25
2020-05-17,Jersey,Europe,4,281,2,27
2020-05-24,Jersey,Europe,9,290,2,29
2020-05-31,Jersey,Europe,2,292,0,29
2020-06-07,Jersey,Europe,3,295,1,30
2020-06-14,Jersey,Europe,2,297,0,30
2020-06-21,Jersey,Europe,5,302,1,31
2020-06-28,Jersey,Europe,2,304,0,31
2020-07-05,Jersey,Europe,0,304,0,31
2020-07-12,Jersey,Europe,5,309,0,31
2020-07-19,Jersey,Europe,6,315,0,31
2020-07-26,Jersey,Europe,1,316,0,31
2020-08-02,Jersey,Europe,4,320,0,31
2020-08-09,Jersey,Europe,7,327,0,31
2020-08-16,Jersey,Europe,9,336,0,31
2020-08-23,Jersey,Europe,8,344,1,32
2020-08-30,Jersey,Europe,10,354,0,32
2020-09-06,Jersey,Europe,6,360,0,32
2020-09-13,Jersey,Europe,9,369,0,32
2020-09-20,Jersey,Europe,12,381,0,32
2020-09-27,Jersey,Europe,10,391,0,32
2020-10-04,Jersey,Europe,20,411,0,32
2020-10-11,Jersey,Europe,39,450,0,32
2020-10-18,Jersey,Europe,36,486,0,32
2020-10-25,Jersey,Europe,42,528,0,32
2020-11-01,Jersey,Europe,40,568,0,32
2020-11-08,Jersey,Europe,76,644,0,32
2020-11-15,Jersey,Europe,90,734,0,32
2020-11-22,Jersey,Europe,73,807,0,32
2020-11-29,Jersey,Europe,137,944,0,32
2020-12-06,Jersey,Europe,309,1253,0,32
2020-12-13,Jersey,Europe,433,1686,0,32
2020-12-20,Jersey,Europe,578,2264,4,36
2020-12-27,Jersey,Europe,379,2643,5,41
2021-01-03,Jersey,Europe,144,2787,3,44
2021-01-10,Jersey,Europe,165,2952,13,57
2021-01-17,Jersey,Europe,87,3039,5,62
2021-01-24,Jersey,Europe,65,3104,1,63
2021-01-31,Jersey,Europe,34,3138,3,66
2021-02-07,Jersey,Europe,23,3161,1,67
2021-02-14,Jersey,Europe,25,3186,0,67
2021-02-21,Jersey,Europe,13,3199,1,68
2021-02-28,Jersey,Europe,4,3203,1,69
2021-03-07,Jersey,Europe,4,3207,0,69
2021-03-14,Jersey,Europe,2,3209,0,69
2021-03-21,Jersey,Europe,1,3210,0,69
2021-03-28,Jersey,Europe,2,3212,0,69
2021-04-04,Jersey,Europe,3,3215,0,69
2021-04-11,Jersey,Europe,1,3216,0,69
2021-04-18,Jersey,Europe,2,3218,0,69
2021-04-25,Jersey,Europe,1,3219,0,69
2021-05-02,Jersey,Europe,1,3220,0,69
2021-05-09,Jersey,Europe,1,3221,0,69
2021-05-16,Jersey,Europe,2,3223,0,69
2021-05-23,Jersey,Europe,5,3228,0,69
2021-05-30,Jersey,Europe,1,3229,0,69
2021-06-06,Jersey,Europe,4,3233,0,69
2021-06-13,Jersey,Europe,39,3272,0,69
2021-06-20,Jersey,Europe,23,3295,0,69
2021-06-27,Jersey,Europe,131,3426,0,69
2021-07-04,Jersey,Europe,366,3792,0,69
2021-07-11,Jersey,Europe,874,4666,0,69
2021-07-18,Jersey,Europe,1650,6316,0,69
2021-07-25,Jersey,Europe,1434,7750,0,69
2021-08-01,Jersey,Europe,620,8370,0,69
2021-08-08,Jersey,Europe,280,8650,4,73
2021-08-15,Jersey,Europe,225,8875,1,74
2021-08-22,Jersey,Europe,223,9098,1,75
2021-08-29,Jersey,Europe,166,9264,2,77
2021-09-05,Jersey,Europe,187,9451,0,77
2021-09-12,Jersey,Europe,201,9652,1,78
2021-09-19,Jersey,Europe,137,9789,0,78
2021-09-26,Jersey,Europe,143,9932,0,78
2021-10-03,Jersey,Europe,117,10049,0,78
2021-10-10,Jersey,Europe,164,10213,1,79
2021-10-17,Jersey,Europe,212,10425,0,79
2021-10-24,Jersey,Europe,251,10676,1,80
2021-10-31,Jersey,Europe,393,11069,0,80
2021-11-07,Jersey,Europe,423,11492,0,80
2021-11-14,Jersey,Europe,681,12173,0,80
2021-11-21,Jersey,Europe,768,12941,0,80
2021-11-28,Jersey,Europe,901,13842,0,80
2021-12-05,Jersey,Europe,903,14745,1,81
2021-12-12,Jersey,Europe,776,15521,3,84
2021-12-19,Jersey,Europe,809,16330,3,87
2021-12-26,Jersey,Europe,1142,17472,2,89
2022-01-02,Jersey,Europe,2770,20242,0,89
2022-01-09,Jersey,Europe,3535,23777,1,90
2022-01-16,Jersey,Europe,2375,26152,2,92
2022-01-23,Jersey,Europe,1945,28097,4,96
2022-01-30,Jersey,Europe,2381,30478,4,100
2022-02-06,Jersey,Europe,2122,32600,4,104
2022-02-13,Jersey,Europe,1758,34358,2,106
2022-02-20,Jersey,Europe,1455,35813,3,109
2022-02-27,Jersey,Europe,1459,37272,3,112
2022-03-06,Jersey,Europe,1988,39260,2,114
2022-03-13,Jersey,Europe,2122,41382,2,116
2022-03-20,Jersey,Europe,2160,43542,0,116
2022-03-27,Jersey,Europe,2069,45611,3,119
2022-04-03,Jersey,Europe,1414,47025,1,120
2022-04-10,Jersey,Europe,1103,48128,1,121
2022-04-17,Jersey,Europe,794,48922,1,122
2022-04-24,Jersey,Europe,600,49522,1,123
2022-05-01,Jersey,Europe,364,49886,3,126
2022-05-08,Jersey,Europe,213,50099,1,127
2022-05-15,Jersey,Europe,211,50310,0,127
2022-05-22,Jersey,Europe,200,50510,2,129
2022-05-29,Jersey,Europe,168,50678,0,129
2022-06-05,Jersey,Europe,180,50858,0,129
2022-06-12,Jersey,Europe,470,51328,0,129
2022-06-19,Jersey,Europe,616,51944,2,131
2022-06-26,Jersey,Europe,1139,53083,0,131
2022-07-03,Jersey,Europe,1395,54478,0,131
2022-07-10,Jersey,Europe,1610,56088,0,131
2022-07-17,Jersey,Europe,1079,57167,0,131
2022-07-24,Jersey,Europe,597,57764,1,132
2022-07-31,Jersey,Europe,357,58121,1,133
2022-08-07,Jersey,Europe,302,58423,2,135
2022-08-14,Jersey,Europe,199,58622,0,135
2022-08-21,Jersey,Europe,181,58803,0,135
2022-08-28,Jersey,Europe,143,58946,1,136
2022-09-04,Jersey,Europe,202,59148,0,136
2022-09-11,Jersey,Europe,229,59377,1,137
2022-09-18,Jersey,Europe,304,59681,1,138
2022-09-25,Jersey,Europe,322,60003,0,138
2022-10-02,Jersey,Europe,384,60387,1,139
2022-10-09,Jersey,Europe,408,60795,2,141
2022-10-16,Jersey,Europe,368,61163,0,141
2022-10-23,Jersey,Europe,333,61496,0,141
2022-10-30,Jersey,Europe,321,61817,0,141
2022-11-06,Jersey,Europe,307,62124,0,141
2022-11-13,Jersey,Europe,302,62426,0,141
2022-11-20,Jersey,Europe,250,62676,1,142
2022-11-27,Jersey,Europe,228,62904,0,142
2022-12-04,Jersey,Europe,348,63252,0,142
2022-12-11,Jersey,Europe,583,63835,0,142
2022-12-18,Jersey,Europe,769,64604,2,144
2022-12-25,Jersey,Europe,782,65386,2,146
2023-01-01,Jersey,Europe,416,65802,0,146
2023-01-08,Jersey,Europe,271,66073,4,150
2023-01-15,Jersey,Europe,142,66215,4,154
2023-01-22,Jersey,Europe,69,66284,1,155
2023-01-29,Jersey,Europe,94,66378,2,157
2023-02-05,Jersey,Europe,13,66391,4,161
2023-02-12,Jersey,Europe,0,66391,0,161
2023-02-19,Jersey,Europe,0,66391,0,161
2023-02-26,Jersey,Europe,0,66391,0,161
2023-03-05,Jersey,Europe,0,66391,0,161
2023-03-12,Jersey,Europe,0,66391,0,161
2023-03-19,Jersey,Europe,0,66391,0,161
2023-03-26,Jersey,Europe,0,66391,0,161
2023-04-02,Jersey,Europe,0,66391,0,161
2023-04-09,Jersey,Europe,0,66391,0,161
2023-04-16,Jersey,Europe,0,66391,0,161
2023-04-23,Jersey,Europe,0,66391,0,161
2023-04-30,Jersey,Europe,0,66391,0,161
2023-05-07,Jersey,Europe,0,66391,0,161
2023-05-14,Jersey,Europe,0,66391,0,161
2023-05-21,Jersey,Europe,0,66391,0,161
2023-05-28,Jersey,Europe,0,66391,0,161
2023-06-04,Jersey,Europe,0,66391,0,161
2023-06-11,Jersey,Europe,0,66391,0,161
2023-06-18,Jersey,Europe,0,66391,0,161
2023-06-25,Jersey,Europe,0,66391,0,161
2023-07-02,Jersey,Europe,0,66391,0,161
2023-07-09,Jersey,Europe,0,66391,0,161
2023-07-16,Jersey,Europe,0,66391,0,161
2023-07-23,Jersey,Europe,0,66391,0,161
2023-07-30,Jersey,Europe,0,66391,0,161
2023-08-06,Jersey,Europe,0,66391,0,161
2023-08-13,Jersey,Europe,0,66391,0,161
2023-08-20,Jersey,Europe,0,66391,0,161
2023-08-27,Jersey,Europe,0,66391,0,161
2023-09-03,Jersey,Europe,0,66391,0,161
2023-09-10,Jersey,Europe,0,66391,0,161
2023-09-17,Jersey,Europe,0,66391,0,161
2023-09-24,Jersey,Europe,0,66391,0,161
2023-10-01,Jersey,Europe,0,66391,0,161
2023-10-08,Jersey,Europe,0,66391,0,161
2023-10-15,Jersey,Europe,0,66391,0,161
2023-10-22,Jersey,Europe,0,66391,0,161
2023-10-29,Jersey,Europe,0,66391,0,161
2023-11-05,Jersey,Europe,0,66391,0,161
2023-11-12,Jersey,Europe,0,66391,0,161
2023-11-19,Jersey,Europe,0,66391,0,161
2023-11-26,Jersey,Europe,0,66391,0,161
2023-12-03,Jersey,Europe,0,66391,0,161
2023-12-10,Jersey,Europe,0,66391,0,161
2023-12-17,Jersey,Europe,0,66391,0,161
2023-12-24,Jersey,Europe,0,66391,0,161
2023-12-31,Jersey,Europe,0,66391,0,161
2024-01-07,Jersey,Europe,0,66391,0,161
2024-01-14,Jersey,Europe,0,66391,0,161
2024-01-21,Jersey,Europe,0,66391,0,161
2024-01-28,Jersey,Europe,0,66391,0,161
2024-02-04,Jersey,Europe,0,66391,0,161
2024-02-11,Jersey,Europe,0,66391,0,161
2024-02-18,Jersey,Europe,0,66391,0,161
2024-02-25,Jersey,Europe,0,66391,0,161
2024-03-03,Jersey,Europe,0,66391,0,161
2024-03-10,Jersey,Europe,0,66391,0,161
2024-03-17,Jersey,Europe,0,66391,0,161
2024-03-24,Jersey,Europe,0,66391,0,161
2024-03-31,Jersey,Europe,0,66391,0,161
2024-04-07,Jersey,Europe,0,66391,0,161
2024-04-14,Jersey,Europe,0,66391,0,161
2024-04-21,Jersey,Europe,0,66391,0,161
2024-04-28,Jersey,Europe,0,66391,0,161
2024-05-05,Jersey,Europe,0,66391,0,161
2024-05-12,Jersey,Europe,0,66391,0,161
2024-05-19,Jersey,Europe,0,66391,0,161
2024-05-26,Jersey,Europe,0,66391,0,161
2024-06-02,Jersey,Europe,0,66391,0,161
2024-06-09,Jersey,Europe,0,66391,0,161
2024-06-16,Jersey,Europe,0,66391,0,161
2024-06-23,Jersey,Europe,0,66391,0,161
2024-06-30,Jersey,Europe,0,66391,0,161
2024-07-07,Jersey,Europe,0,66391,0,161
2024-07-14,Jersey,Europe,0,66391,0,161
2024-07-21,Jersey,Europe,0,66391,0,161
2024-07-28,Jersey,Europe,0,66391,0,161
2024-08-04,Jersey,Europe,0,66391,0,161
2024-08-11,Jersey,Europe,0,66391,0,161
2024-08-18,Jersey,Europe,0,66391,0,161
2024-08-25,Jersey,Europe,0,66391,0,161
2024-09-01,Jersey,Europe,0,66391,0,161
2020-01-05,Jordan,Asia,0,0,0,0
2020-01-12,Jordan,Asia,0,0,0,0
2020-01-19,Jordan,Asia,0,0,0,0
2020-01-26,Jordan,Asia,0,0,0,0
2020-02-02,Jordan,Asia,0,0,0,0
2020-02-09,Jordan,Asia,0,0,0,0
2020-02-16,Jordan,Asia,0,0,0,0
2020-02-23,Jordan,Asia,0,0,0,0
2020-03-01,Jordan,Asia,0,0,0,0
2020-03-08,Jordan,Asia,1,1,0,0
2020-03-15,Jordan,Asia,0,1,0,0
2020-03-22,Jordan,Asia,98,99,0,0
2020-03-29,Jordan,Asia,147,246,1,1
2020-04-05,Jordan,Asia,77,323,4,5
2020-04-12,Jordan,Asia,58,381,2,7
2020-04-19,Jordan,Asia,32,413,0,7
2020-04-26,Jordan,Asia,20,433,0,7
2020-05-03,Jordan,Asia,7,440,2,9
2020-05-10,Jordan,Asia,48,488,0,9
2020-05-17,Jordan,Asia,61,549,0,9
2020-05-24,Jordan,Asia,85,634,0,9
2020-05-31,Jordan,Asia,28,662,0,9
2020-06-07,Jordan,Asia,31,693,0,9
2020-06-14,Jordan,Asia,134,827,0,9
2020-06-21,Jordan,Asia,55,882,0,9
2020-06-28,Jordan,Asia,86,968,0,9
2020-07-05,Jordan,Asia,35,1003,1,10
2020-07-12,Jordan,Asia,18,1021,0,10
2020-07-19,Jordan,Asia,37,1058,1,11
2020-07-26,Jordan,Asia,96,1154,0,11
2020-08-02,Jordan,Asia,54,1208,0,11
2020-08-09,Jordan,Asia,38,1246,0,11
2020-08-16,Jordan,Asia,93,1339,0,11
2020-08-23,Jordan,Asia,237,1576,0,11
2020-08-30,Jordan,Asia,317,1893,4,15
2020-09-06,Jordan,Asia,460,2353,1,16
2020-09-13,Jordan,Asia,709,3062,6,22
2020-09-20,Jordan,Asia,1478,4540,8,30
2020-09-27,Jordan,Asia,3521,8061,13,43
2020-10-04,Jordan,Asia,6688,14749,45,88
2020-10-11,Jordan,Asia,9249,23998,93,181
2020-10-18,Jordan,Asia,12055,36053,149,330
2020-10-25,Jordan,Asia,14697,50750,210,540
2020-11-01,Jordan,Asia,21857,72607,289,829
2020-11-08,Jordan,Asia,32195,104802,352,1181
2020-11-15,Jordan,Asia,36503,141305,523,1704
2020-11-22,Jordan,Asia,36856,178161,468,2172
2020-11-29,Jordan,Asia,32548,210709,454,2626
2020-12-06,Jordan,Asia,26804,237513,384,3010
2020-12-13,Jordan,Asia,19762,257275,325,3335
2020-12-20,Jordan,Asia,15522,272797,210,3545
2020-12-27,Jordan,Asia,13559,286356,184,3729
2021-01-03,Jordan,Asia,10312,296668,148,3877
2021-01-10,Jordan,Asia,9291,305959,132,4009
2021-01-17,Jordan,Asia,7598,313557,128,4137
2021-01-24,Jordan,Asia,5962,319519,80,4217
2021-01-31,Jordan,Asia,6155,325674,87,4304
2021-02-07,Jordan,Asia,8181,333855,65,4369
2021-02-14,Jordan,Asia,10948,344803,75,4444
2021-02-21,Jordan,Asia,15008,359811,99,4543
2021-02-28,Jordan,Asia,26685,386496,132,4675
2021-03-07,Jordan,Asia,34919,421415,225,4900
2021-03-14,Jordan,Asia,47585,469000,385,5285
2021-03-21,Jordan,Asia,57666,526666,503,5788
2021-03-28,Jordan,Asia,55467,582133,684,6472
2021-04-04,Jordan,Asia,44742,626875,658,7130
2021-04-11,Jordan,Asia,35520,662395,578,7708
2021-04-18,Jordan,Asia,21071,683466,470,8178
2021-04-25,Jordan,Asia,16957,700423,385,8563
2021-05-02,Jordan,Asia,11654,712077,308,8871
2021-05-09,Jordan,Asia,7156,719233,205,9076
2021-05-16,Jordan,Asia,4112,723345,167,9243
2021-05-23,Jordan,Asia,6361,729706,114,9357
2021-05-30,Jordan,Asia,5433,735139,86,9443
2021-06-06,Jordan,Asia,4180,739319,73,9516
2021-06-13,Jordan,Asia,3512,742831,66,9582
2021-06-20,Jordan,Asia,3147,745978,74,9656
2021-06-27,Jordan,Asia,3341,749319,62,9718
2021-07-04,Jordan,Asia,3298,752617,51,9769
2021-07-11,Jordan,Asia,3737,756354,57,9826
2021-07-18,Jordan,Asia,4196,760550,61,9887
2021-07-25,Jordan,Asia,3372,763922,61,9948
2021-08-01,Jordan,Asia,6790,770712,84,10032
2021-08-08,Jordan,Asia,5466,776178,84,10116
2021-08-15,Jordan,Asia,6032,782210,87,10203
2021-08-22,Jordan,Asia,6306,788516,82,10285
2021-08-29,Jordan,Asia,5834,794350,83,10368
2021-09-05,Jordan,Asia,5890,800240,95,10463
2021-09-12,Jordan,Asia,6261,806501,79,10542
2021-09-19,Jordan,Asia,6180,812681,64,10606
2021-09-26,Jordan,Asia,6115,818796,63,10669
2021-10-03,Jordan,Asia,6449,825245,67,10736
2021-10-10,Jordan,Asia,7154,832399,66,10802
2021-10-17,Jordan,Asia,7718,840117,63,10865
2021-10-24,Jordan,Asia,9641,849758,76,10941
2021-10-31,Jordan,Asia,11060,860818,87,11028
2021-11-07,Jordan,Asia,12889,873707,86,11114
2021-11-14,Jordan,Asia,15964,889671,101,11215
2021-11-21,Jordan,Asia,21599,911270,132,11347
2021-11-28,Jordan,Asia,28023,939293,168,11515
2021-12-05,Jordan,Asia,32108,971401,200,11715
2021-12-12,Jordan,Asia,34735,1006136,226,11941
2021-12-19,Jordan,Asia,27333,1033469,250,12191
2021-12-26,Jordan,Asia,17952,1051421,253,12444
2022-01-02,Jordan,Asia,12856,1064277,240,12684
2022-01-09,Jordan,Asia,13155,1077432,172,12856
2022-01-16,Jordan,Asia,20042,1097474,118,12974
2022-01-23,Jordan,Asia,36623,1134097,88,13062
2022-01-30,Jordan,Asia,63153,1197250,112,13174
2022-02-06,Jordan,Asia,116993,1314243,126,13300
2022-02-13,Jordan,Asia,136567,1450810,177,13477
2022-02-20,Jordan,Asia,110012,1560822,180,13657
2022-02-27,Jordan,Asia,56356,1617178,141,13798
2022-03-06,Jordan,Asia,37499,1654677,84,13882
2022-03-13,Jordan,Asia,25502,1680179,77,13959
2022-03-20,Jordan,Asia,9135,1689314,44,14003
2022-03-27,Jordan,Asia,3171,1692485,28,14031
2022-04-03,Jordan,Asia,1731,1694216,17,14048
2022-04-10,Jordan,Asia,741,1694957,7,14055
2022-04-17,Jordan,Asia,475,1695432,4,14059
2022-04-24,Jordan,Asia,313,1695745,5,14064
2022-05-01,Jordan,Asia,225,1695970,2,14066
2022-05-08,Jordan,Asia,84,1696054,0,14066
2022-05-15,Jordan,Asia,305,1696359,0,14066
2022-05-22,Jordan,Asia,309,1696668,0,14066
2022-05-29,Jordan,Asia,269,1696937,0,14066
2022-06-05,Jordan,Asia,334,1697271,2,14068
2022-06-12,Jordan,Asia,402,1697673,0,14068
2022-06-19,Jordan,Asia,643,1698316,0,14068
2022-06-26,Jordan,Asia,881,1699197,0,14068
2022-07-03,Jordan,Asia,1329,1700526,0,14068
2022-07-10,Jordan,Asia,2135,1702661,1,14069
2022-07-17,Jordan,Asia,2455,1705116,1,14070
2022-07-24,Jordan,Asia,4763,1709879,4,14074
2022-07-31,Jordan,Asia,5417,1715296,9,14083
2022-08-07,Jordan,Asia,5482,1720778,7,14090
2022-08-14,Jordan,Asia,5939,1726717,5,14095
2022-08-21,Jordan,Asia,4832,1731549,10,14105
2022-08-28,Jordan,Asia,3946,1735495,5,14110
2022-09-04,Jordan,Asia,3372,1738867,4,14114
2022-09-11,Jordan,Asia,3389,1742256,0,14114
2022-09-18,Jordan,Asia,2776,1745032,2,14116
2022-09-25,Jordan,Asia,1965,1746997,6,14122
2022-10-02,Jordan,Asia,0,1746997,0,14122
2022-10-09,Jordan,Asia,0,1746997,0,14122
2022-10-16,Jordan,Asia,0,1746997,0,14122
2022-10-23,Jordan,Asia,0,1746997,0,14122
2022-10-30,Jordan,Asia,0,1746997,0,14122
2022-11-06,Jordan,Asia,0,1746997,0,14122
2022-11-13,Jordan,Asia,0,1746997,0,14122
2022-11-20,Jordan,Asia,0,1746997,0,14122
2022-11-27,Jordan,Asia,0,1746997,0,14122
2022-12-04,Jordan,Asia,0,1746997,0,14122
2022-12-11,Jordan,Asia,0,1746997,0,14122
2022-12-18,Jordan,Asia,0,1746997,0,14122
2022-12-25,Jordan,Asia,0,1746997,0,14122
2023-01-01,Jordan,Asia,0,1746997,0,14122
2023-01-08,Jordan,Asia,0,1746997,0,14122
2023-01-15,Jordan,Asia,0,1746997,0,14122
2023-01-22,Jordan,Asia,0,1746997,0,14122
2023-01-29,Jordan,Asia,0,1746997,0,14122
2023-02-05,Jordan,Asia,0,1746997,0,14122
2023-02-12,Jordan,Asia,0,1746997,0,14122
2023-02-19,Jordan,Asia,0,1746997,0,14122
2023-02-26,Jordan,Asia,0,1746997,0,14122
2023-03-05,Jordan,Asia,0,1746997,0,14122
2023-03-12,Jordan,Asia,0,1746997,0,14122
2023-03-19,Jordan,Asia,0,1746997,0,14122
2023-03-26,Jordan,Asia,0,1746997,0,14122
2023-04-02,Jordan,Asia,0,1746997,0,14122
2023-04-09,Jordan,Asia,0,1746997,0,14122
2023-04-16,Jordan,Asia,0,1746997,0,14122
2023-04-23,Jordan,Asia,0,1746997,0,14122
2023-04-30,Jordan,Asia,0,1746997,0,14122
2023-05-07,Jordan,Asia,0,1746997,0,14122
2023-05-14,Jordan,Asia,0,1746997,0,14122
2023-05-21,Jordan,Asia,0,1746997,0,14122
2023-05-28,Jordan,Asia,0,1746997,0,14122
2023-06-04,Jordan,Asia,0,1746997,0,14122
2023-06-11,Jordan,Asia,0,1746997,0,14122
2023-06-18,Jordan,Asia,0,1746997,0,14122
2023-06-25,Jordan,Asia,0,1746997,0,14122
2023-07-02,Jordan,Asia,0,1746997,0,14122
2023-07-09,Jordan,Asia,0,1746997,0,14122
2023-07-16,Jordan,Asia,0,1746997,0,14122
2023-07-23,Jordan,Asia,0,1746997,0,14122
2023-07-30,Jordan,Asia,0,1746997,0,14122
2023-08-06,Jordan,Asia,0,1746997,0,14122
2023-08-13,Jordan,Asia,0,1746997,0,14122
2023-08-20,Jordan,Asia,0,1746997,0,14122
2023-08-27,Jordan,Asia,0,1746997,0,14122
2023-09-03,Jordan,Asia,0,1746997,0,14122
2023-09-10,Jordan,Asia,0,1746997,0,14122
2023-09-17,Jordan,Asia,0,1746997,0,14122
2023-09-24,Jordan,Asia,0,1746997,0,14122
2023-10-01,Jordan,Asia,0,1746997,0,14122
2023-10-08,Jordan,Asia,0,1746997,0,14122
2023-10-15,Jordan,Asia,0,1746997,0,14122
2023-10-22,Jordan,Asia,0,1746997,0,14122
2023-10-29,Jordan,Asia,0,1746997,0,14122
2023-11-05,Jordan,Asia,0,1746997,0,14122
2023-11-12,Jordan,Asia,0,1746997,0,14122
2023-11-19,Jordan,Asia,0,1746997,0,14122
2023-11-26,Jordan,Asia,0,1746997,0,14122
2023-12-03,Jordan,Asia,0,1746997,0,14122
2023-12-10,Jordan,Asia,0,1746997,0,14122
2023-12-17,Jordan,Asia,0,1746997,0,14122
2023-12-24,Jordan,Asia,0,1746997,0,14122
2023-12-31,Jordan,Asia,0,1746997,0,14122
2024-01-07,Jordan,Asia,0,1746997,0,14122
2024-01-14,Jordan,Asia,0,1746997,0,14122
2024-01-21,Jordan,Asia,0,1746997,0,14122
2024-01-28,Jordan,Asia,0,1746997,0,14122
2024-02-04,Jordan,Asia,0,1746997,0,14122
2024-02-11,Jordan,Asia,0,1746997,0,14122
2024-02-18,Jordan,Asia,0,1746997,0,14122
2024-02-25,Jordan,Asia,0,1746997,0,14122
2024-03-03,Jordan,Asia,0,1746997,0,14122
2024-03-10,Jordan,Asia,0,1746997,0,14122
2024-03-17,Jordan,Asia,0,1746997,0,14122
2024-03-24,Jordan,Asia,0,1746997,0,14122
2024-03-31,Jordan,Asia,0,1746997,0,14122
2024-04-07,Jordan,Asia,0,1746997,0,14122
2024-04-14,Jordan,Asia,0,1746997,0,14122
2024-04-21,Jordan,Asia,0,1746997,0,14122
2024-04-28,Jordan,Asia,0,1746997,0,14122
2024-05-05,Jordan,Asia,0,1746997,0,14122
2024-05-12,Jordan,Asia,0,1746997,0,14122
2024-05-19,Jordan,Asia,0,1746997,0,14122
2024-05-26,Jordan,Asia,0,1746997,0,14122
2024-06-02,Jordan,Asia,0,1746997,0,14122
2024-06-09,Jordan,Asia,0,1746997,0,14122
2024-06-16,Jordan,Asia,0,1746997,0,14122
2024-06-23,Jordan,Asia,0,1746997,0,14122
2024-06-30,Jordan,Asia,0,1746997,0,14122
2024-07-07,Jordan,Asia,0,1746997,0,14122
2024-07-14,Jordan,Asia,0,1746997,0,14122
2024-07-21,Jordan,Asia,0,1746997,0,14122
2024-07-28,Jordan,Asia,0,1746997,0,14122
2024-08-04,Jordan,Asia,0,1746997,0,14122
2024-08-11,Jordan,Asia,0,1746997,0,14122
2024-08-18,Jordan,Asia,0,1746997,0,14122
2024-08-25,Jordan,Asia,0,1746997,0,14122
2024-09-01,Jordan,Asia,0,1746997,0,14122
2020-01-05,Kazakhstan,Asia,0,0,0,0
2020-01-12,Kazakhstan,Asia,0,0,0,0
2020-01-19,Kazakhstan,Asia,0,0,0,0
2020-01-26,Kazakhstan,Asia,0,0,0,0
2020-02-02,Kazakhstan,Asia,0,0,0,0
2020-02-09,Kazakhstan,Asia,0,0,0,0
2020-02-16,Kazakhstan,Asia,0,0,0,0
2020-02-23,Kazakhstan,Asia,0,0,0,0
2020-03-01,Kazakhstan,Asia,0,0,0,0
2020-03-08,Kazakhstan,Asia,0,0,0,0
2020-03-15,Kazakhstan,Asia,6,6,0,0
2020-03-22,Kazakhstan,Asia,51,57,0,0
2020-03-29,Kazakhstan,Asia,227,284,1,1
2020-04-05,Kazakhstan,Asia,247,531,4,5
2020-04-12,Kazakhstan,Asia,366,897,5,10
2020-04-19,Kazakhstan,Asia,730,1627,9,19
2020-04-26,Kazakhstan,Asia,974,2601,6,25
2020-05-03,Kazakhstan,Asia,1276,3877,1,26
2020-05-10,Kazakhstan,Asia,1179,5056,5,31
2020-05-17,Kazakhstan,Asia,1101,6157,3,34
2020-05-24,Kazakhstan,Asia,2165,8322,1,35
2020-05-31,Kazakhstan,Asia,2536,10858,3,38
2020-06-07,Kazakhstan,Asia,1836,12694,16,54
2020-06-14,Kazakhstan,Asia,1802,14496,19,73
2020-06-21,Kazakhstan,Asia,3345,17841,45,118
2020-06-28,Kazakhstan,Asia,10222,28063,55,173
2020-07-05,Kazakhstan,Asia,19108,47171,69,242
2020-07-12,Kazakhstan,Asia,11082,58253,110,352
2020-07-19,Kazakhstan,Asia,12086,70339,23,375
2020-07-26,Kazakhstan,Asia,11381,81720,210,585
2020-08-02,Kazakhstan,Asia,15054,96774,238,823
2020-08-09,Kazakhstan,Asia,15048,111822,286,1109
2020-08-16,Kazakhstan,Asia,9339,121161,324,1433
2020-08-23,Kazakhstan,Asia,6042,127203,200,1633
2020-08-30,Kazakhstan,Asia,4139,131342,148,1781
2020-09-06,Kazakhstan,Asia,2582,133924,97,1878
2020-09-13,Kazakhstan,Asia,2460,136384,70,1948
2020-09-20,Kazakhstan,Asia,1964,138348,51,1999
2020-09-27,Kazakhstan,Asia,1827,140175,44,2043
2020-10-04,Kazakhstan,Asia,1573,141748,32,2075
2020-10-11,Kazakhstan,Asia,1884,143632,31,2106
2020-10-18,Kazakhstan,Asia,1688,145320,30,2136
2020-10-25,Kazakhstan,Asia,1977,147297,42,2178
2020-11-01,Kazakhstan,Asia,3083,150380,41,2219
2020-11-08,Kazakhstan,Asia,4840,155220,40,2259
2020-11-15,Kazakhstan,Asia,5392,160612,47,2306
2020-11-22,Kazakhstan,Asia,6013,166625,59,2365
2020-11-29,Kazakhstan,Asia,6344,172969,52,2417
2020-12-06,Kazakhstan,Asia,6375,179344,60,2477
2020-12-13,Kazakhstan,Asia,6169,185513,65,2542
2020-12-20,Kazakhstan,Asia,5456,190969,67,2609
2020-12-27,Kazakhstan,Asia,6173,197142,60,2669
2021-01-03,Kazakhstan,Asia,5738,202880,80,2749
2021-01-10,Kazakhstan,Asia,5716,208596,96,2845
2021-01-17,Kazakhstan,Asia,6331,214927,40,2885
2021-01-24,Kazakhstan,Asia,9468,224395,71,2956
2021-01-31,Kazakhstan,Asia,10174,234569,79,3035
2021-02-07,Kazakhstan,Asia,8838,243407,91,3126
2021-02-14,Kazakhstan,Asia,7069,250476,59,3185
2021-02-21,Kazakhstan,Asia,5912,256388,61,3246
2021-02-28,Kazakhstan,Asia,5705,262093,65,3311
2021-03-07,Kazakhstan,Asia,5564,267657,78,3389
2021-03-14,Kazakhstan,Asia,5864,273521,67,3456
2021-03-21,Kazakhstan,Asia,8277,281798,55,3511
2021-03-28,Kazakhstan,Asia,8994,290792,2291,5802
2021-04-04,Kazakhstan,Asia,13130,303922,110,5912
2021-04-11,Kazakhstan,Asia,16959,320881,116,6028
2021-04-18,Kazakhstan,Asia,17964,338845,151,6179
2021-04-25,Kazakhstan,Asia,19989,358834,194,6373
2021-05-02,Kazakhstan,Asia,19736,378570,188,6561
2021-05-09,Kazakhstan,Asia,17560,396130,197,6758
2021-05-16,Kazakhstan,Asia,16106,412236,218,6976
2021-05-23,Kazakhstan,Asia,15637,427873,173,7149
2021-05-30,Kazakhstan,Asia,12496,440369,0,7149
2021-06-06,Kazakhstan,Asia,9489,449858,172,7321
2021-06-13,Kazakhstan,Asia,7616,457474,144,7465
2021-06-20,Kazakhstan,Asia,7711,465185,121,7586
2021-06-27,Kazakhstan,Asia,9854,475039,80,7666
2021-07-04,Kazakhstan,Asia,16238,491277,93,7759
2021-07-11,Kazakhstan,Asia,21408,512685,175,7934
2021-07-18,Kazakhstan,Asia,34825,547510,239,8173
2021-07-25,Kazakhstan,Asia,41346,588856,365,8538
2021-08-01,Kazakhstan,Asia,52691,641547,539,9077
2021-08-08,Kazakhstan,Asia,56033,697580,832,9909
2021-08-15,Kazakhstan,Asia,55346,752926,882,10791
2021-08-22,Kazakhstan,Asia,51785,804711,934,11725
2021-08-29,Kazakhstan,Asia,44846,849557,930,12655
2021-09-05,Kazakhstan,Asia,34667,884224,1077,13732
2021-09-12,Kazakhstan,Asia,28017,912241,691,14423
2021-09-19,Kazakhstan,Asia,22208,934449,608,15031
2021-09-26,Kazakhstan,Asia,17936,952385,799,15830
2021-10-03,Kazakhstan,Asia,14827,967212,312,16142
2021-10-10,Kazakhstan,Asia,13917,981129,298,16440
2021-10-17,Kazakhstan,Asia,13335,994464,242,16682
2021-10-24,Kazakhstan,Asia,12491,1006955,251,16933
2021-10-31,Kazakhstan,Asia,11886,1018841,198,17131
2021-11-07,Kazakhstan,Asia,10087,1028928,187,17318
2021-11-14,Kazakhstan,Asia,8710,1037638,194,17512
2021-11-21,Kazakhstan,Asia,8145,1045783,158,17670
2021-11-28,Kazakhstan,Asia,6839,1052622,135,17805
2021-12-05,Kazakhstan,Asia,5483,1058105,127,17932
2021-12-12,Kazakhstan,Asia,4793,1062898,104,18036
2021-12-19,Kazakhstan,Asia,3649,1066547,80,18116
2021-12-26,Kazakhstan,Asia,3317,1069864,69,18185
2022-01-02,Kazakhstan,Asia,3135,1072999,51,18236
2022-01-09,Kazakhstan,Asia,6672,1079671,42,18278
2022-01-16,Kazakhstan,Asia,54927,1134598,34,18312
2022-01-23,Kazakhstan,Asia,97258,1231856,70,18382
2022-01-30,Kazakhstan,Asia,80452,1312308,108,18490
2022-02-06,Kazakhstan,Asia,45666,1357974,151,18641
2022-02-13,Kazakhstan,Asia,19486,1377460,130,18771
2022-02-20,Kazakhstan,Asia,8870,1386330,95,18866
2022-02-27,Kazakhstan,Asia,3843,1390173,63,18929
2022-03-06,Kazakhstan,Asia,1838,1392011,44,18973
2022-03-13,Kazakhstan,Asia,849,1392860,20,18993
2022-03-20,Kazakhstan,Asia,567,1393427,11,19004
2022-03-27,Kazakhstan,Asia,216,1393643,6,19010
2022-04-03,Kazakhstan,Asia,249,1393892,2,19012
2022-04-10,Kazakhstan,Asia,178,1394070,1,19013
2022-04-17,Kazakhstan,Asia,154,1394224,0,19013
2022-04-24,Kazakhstan,Asia,125,1394349,0,19013
2022-05-01,Kazakhstan,Asia,174,1394523,0,19013
2022-05-08,Kazakhstan,Asia,109,1394632,1,19014
2022-05-15,Kazakhstan,Asia,78,1394710,1,19015
2022-05-22,Kazakhstan,Asia,87,1394797,0,19015
2022-05-29,Kazakhstan,Asia,90,1394887,0,19015
2022-06-05,Kazakhstan,Asia,70,1394957,1,19016
2022-06-12,Kazakhstan,Asia,98,1395055,1,19017
2022-06-19,Kazakhstan,Asia,112,1395167,0,19017
2022-06-26,Kazakhstan,Asia,299,1395466,1,19018
2022-07-03,Kazakhstan,Asia,959,1396425,0,19018
2022-07-10,Kazakhstan,Asia,2293,1398718,0,19018
2022-07-17,Kazakhstan,Asia,7190,1405908,2,19020
2022-07-24,Kazakhstan,Asia,15001,1420909,1,19021
2022-07-31,Kazakhstan,Asia,18815,1439724,0,19021
2022-08-07,Kazakhstan,Asia,16803,1456527,5,19026
2022-08-14,Kazakhstan,Asia,10234,1466761,4,19030
2022-08-21,Kazakhstan,Asia,6630,1473391,4,19034
2022-08-28,Kazakhstan,Asia,4094,1477485,7,19041
2022-09-04,Kazakhstan,Asia,2363,1479848,0,19041
2022-09-11,Kazakhstan,Asia,1677,1481525,4,19045
2022-09-18,Kazakhstan,Asia,990,1482515,3,19048
2022-09-25,Kazakhstan,Asia,688,1483203,0,19048
2022-10-02,Kazakhstan,Asia,533,1483736,2,19050
2022-10-09,Kazakhstan,Asia,334,1484070,2,19052
2022-10-16,Kazakhstan,Asia,324,1484394,0,19052
2022-10-23,Kazakhstan,Asia,243,1484637,0,19052
2022-10-30,Kazakhstan,Asia,279,1484916,0,19052
2022-11-06,Kazakhstan,Asia,285,1485201,0,19052
2022-11-13,Kazakhstan,Asia,363,1485564,1,19053
2022-11-20,Kazakhstan,Asia,494,1486058,0,19053
2022-11-27,Kazakhstan,Asia,712,1486770,0,19053
2022-12-04,Kazakhstan,Asia,1039,1487809,0,19053
2022-12-11,Kazakhstan,Asia,1304,1489113,3,19056
2022-12-18,Kazakhstan,Asia,1434,1490547,1,19057
2022-12-25,Kazakhstan,Asia,1674,1492221,0,19057
2023-01-01,Kazakhstan,Asia,1513,1493734,1,19058
2023-01-08,Kazakhstan,Asia,987,1494721,2,19060
2023-01-15,Kazakhstan,Asia,859,1495580,3,19063
2023-01-22,Kazakhstan,Asia,517,1496097,2,19065
2023-01-29,Kazakhstan,Asia,381,1496478,0,19065
2023-02-05,Kazakhstan,Asia,419,1496897,0,19065
2023-02-12,Kazakhstan,Asia,552,1497449,1,19066
2023-02-19,Kazakhstan,Asia,618,1498067,2,19068
2023-02-26,Kazakhstan,Asia,568,1498635,0,19068
2023-03-05,Kazakhstan,Asia,491,1499126,2,19070
2023-03-12,Kazakhstan,Asia,411,1499537,1,19071
2023-03-19,Kazakhstan,Asia,564,1500101,0,19071
2023-03-26,Kazakhstan,Asia,305,1500406,0,19071
2023-04-02,Kazakhstan,Asia,530,1500936,1,19072
2023-04-09,Kazakhstan,Asia,424,1501360,0,19072
2023-04-16,Kazakhstan,Asia,458,1501818,0,19072
2023-04-23,Kazakhstan,Asia,404,1502222,0,19072
2023-04-30,Kazakhstan,Asia,388,1502610,0,19072
2023-05-07,Kazakhstan,Asia,247,1502857,0,19072
2023-05-14,Kazakhstan,Asia,0,1502857,0,19072
2023-05-21,Kazakhstan,Asia,0,1502857,0,19072
2023-05-28,Kazakhstan,Asia,0,1502857,0,19072
2023-06-04,Kazakhstan,Asia,0,1502857,0,19072
2023-06-11,Kazakhstan,Asia,0,1502857,0,19072
2023-06-18,Kazakhstan,Asia,0,1502857,0,19072
2023-06-25,Kazakhstan,Asia,0,1502857,0,19072
2023-07-02,Kazakhstan,Asia,0,1502857,0,19072
2023-07-09,Kazakhstan,Asia,0,1502857,0,19072
2023-07-16,Kazakhstan,Asia,0,1502857,0,19072
2023-07-23,Kazakhstan,Asia,0,1502857,0,19072
2023-07-30,Kazakhstan,Asia,0,1502857,0,19072
2023-08-06,Kazakhstan,Asia,0,1502857,0,19072
2023-08-13,Kazakhstan,Asia,0,1502857,0,19072
2023-08-20,Kazakhstan,Asia,0,1502857,0,19072
2023-08-27,Kazakhstan,Asia,0,1502857,0,19072
2023-09-03,Kazakhstan,Asia,0,1502857,0,19072
2023-09-10,Kazakhstan,Asia,0,1502857,0,19072
2023-09-17,Kazakhstan,Asia,0,1502857,0,19072
2023-09-24,Kazakhstan,Asia,0,1502857,0,19072
2023-10-01,Kazakhstan,Asia,0,1502857,0,19072
2023-10-08,Kazakhstan,Asia,0,1502857,0,19072
2023-10-15,Kazakhstan,Asia,0,1502857,0,19072
2023-10-22,Kazakhstan,Asia,0,1502857,0,19072
2023-10-29,Kazakhstan,Asia,0,1502857,0,19072
2023-11-05,Kazakhstan,Asia,44,1502901,0,19072
2023-11-12,Kazakhstan,Asia,57,1502958,0,19072
2023-11-19,Kazakhstan,Asia,42,1503000,0,19072
2023-11-26,Kazakhstan,Asia,39,1503039,0,19072
2023-12-03,Kazakhstan,Asia,36,1503075,0,19072
2023-12-10,Kazakhstan,Asia,37,1503112,0,19072
2023-12-17,Kazakhstan,Asia,33,1503145,0,19072
2023-12-24,Kazakhstan,Asia,38,1503183,0,19072
2023-12-31,Kazakhstan,Asia,22,1503205,0,19072
2024-01-07,Kazakhstan,Asia,23,1503228,0,19072
2024-01-14,Kazakhstan,Asia,81,1503309,0,19072
2024-01-21,Kazakhstan,Asia,132,1503441,0,19072
2024-01-28,Kazakhstan,Asia,124,1503565,0,19072
2024-02-04,Kazakhstan,Asia,122,1503687,0,19072
2024-02-11,Kazakhstan,Asia,131,1503818,0,19072
2024-02-18,Kazakhstan,Asia,148,1503966,0,19072
2024-02-25,Kazakhstan,Asia,130,1504096,0,19072
2024-03-03,Kazakhstan,Asia,70,1504166,0,19072
2024-03-10,Kazakhstan,Asia,72,1504238,0,19072
2024-03-17,Kazakhstan,Asia,39,1504277,0,19072
2024-03-24,Kazakhstan,Asia,17,1504294,0,19072
2024-03-31,Kazakhstan,Asia,9,1504303,0,19072
2024-04-07,Kazakhstan,Asia,18,1504321,0,19072
2024-04-14,Kazakhstan,Asia,11,1504332,0,19072
2024-04-21,Kazakhstan,Asia,15,1504347,0,19072
2024-04-28,Kazakhstan,Asia,8,1504355,0,19072
2024-05-05,Kazakhstan,Asia,7,1504362,0,19072
2024-05-12,Kazakhstan,Asia,2,1504364,0,19072
2024-05-19,Kazakhstan,Asia,6,1504370,0,19072
2024-05-26,Kazakhstan,Asia,0,1504370,0,19072
2024-06-02,Kazakhstan,Asia,0,1504370,0,19072
2024-06-09,Kazakhstan,Asia,0,1504370,0,19072
2024-06-16,Kazakhstan,Asia,0,1504370,0,19072
2024-06-23,Kazakhstan,Asia,0,1504370,0,19072
2024-06-30,Kazakhstan,Asia,0,1504370,0,19072
2024-07-07,Kazakhstan,Asia,0,1504370,0,19072
2024-07-14,Kazakhstan,Asia,0,1504370,0,19072
2024-07-21,Kazakhstan,Asia,0,1504370,0,19072
2024-07-28,Kazakhstan,Asia,0,1504370,0,19072
2024-08-04,Kazakhstan,Asia,0,1504370,0,19072
2024-08-11,Kazakhstan,Asia,0,1504370,0,19072
2024-08-18,Kazakhstan,Asia,0,1504370,0,19072
2024-08-25,Kazakhstan,Asia,0,1504370,0,19072
2024-09-01,Kazakhstan,Asia,0,1504370,0,19072
2020-01-05,Kenya,Africa,0,0,0,0
2020-01-12,Kenya,Africa,0,0,0,0
2020-01-19,Kenya,Africa,0,0,0,0
2020-01-26,Kenya,Africa,0,0,0,0
2020-02-02,Kenya,Africa,0,0,0,0
2020-02-09,Kenya,Africa,0,0,0,0
2020-02-16,Kenya,Africa,0,0,0,0
2020-02-23,Kenya,Africa,0,0,0,0
2020-03-01,Kenya,Africa,0,0,0,0
2020-03-08,Kenya,Africa,0,0,0,0
2020-03-15,Kenya,Africa,1,1,0,0
2020-03-22,Kenya,Africa,6,7,0,0
2020-03-29,Kenya,Africa,31,38,4,4
2020-04-05,Kenya,Africa,88,126,3,7
2020-04-12,Kenya,Africa,65,191,0,7
2020-04-19,Kenya,Africa,71,262,4,11
2020-04-26,Kenya,Africa,81,343,2,13
2020-05-03,Kenya,Africa,92,435,8,21
2020-05-10,Kenya,Africa,214,649,9,30
2020-05-17,Kenya,Africa,181,830,20,50
2020-05-24,Kenya,Africa,362,1192,0,50
2020-05-31,Kenya,Africa,696,1888,13,63
2020-06-07,Kenya,Africa,712,2600,20,83
2020-06-14,Kenya,Africa,857,3457,17,100
2020-06-21,Kenya,Africa,1021,4478,21,121
2020-06-28,Kenya,Africa,1333,5811,20,141
2020-07-05,Kenya,Africa,1766,7577,18,159
2020-07-12,Kenya,Africa,2149,9726,25,184
2020-07-19,Kenya,Africa,3024,12750,41,225
2020-07-26,Kenya,Africa,3893,16643,53,278
2020-08-02,Kenya,Africa,4720,21363,86,364
2020-08-09,Kenya,Africa,4474,25837,54,418
2020-08-16,Kenya,Africa,4012,29849,54,472
2020-08-23,Kenya,Africa,2269,32118,70,542
2020-08-30,Kenya,Africa,1676,33794,30,572
2020-09-06,Kenya,Africa,1226,35020,22,594
2020-09-13,Kenya,Africa,943,35963,25,619
2020-09-20,Kenya,Africa,866,36829,27,646
2020-09-27,Kenya,Africa,1042,37871,43,689
2020-10-04,Kenya,Africa,1313,39184,39,728
2020-10-11,Kenya,Africa,1974,41158,32,760
2020-10-18,Kenya,Africa,3038,44196,65,825
2020-10-25,Kenya,Africa,4594,48790,71,896
2020-11-01,Kenya,Africa,6402,55192,100,996
2020-11-08,Kenya,Africa,6577,61769,107,1103
2020-11-15,Kenya,Africa,7504,69273,146,1249
2020-11-22,Kenya,Africa,7131,76404,117,1366
2020-11-29,Kenya,Africa,6201,82605,79,1445
2020-12-06,Kenya,Africa,5379,87984,73,1518
2020-12-13,Kenya,Africa,3542,91526,68,1586
2020-12-20,Kenya,Africa,2625,94151,47,1633
2020-12-27,Kenya,Africa,1692,95843,22,1655
2021-01-03,Kenya,Africa,835,96678,30,1685
2021-01-10,Kenya,Africa,1506,98184,19,1704
2021-01-17,Kenya,Africa,898,99082,24,1728
2021-01-24,Kenya,Africa,816,99898,12,1740
2021-01-31,Kenya,Africa,777,100675,15,1755
2021-02-07,Kenya,Africa,1015,101690,21,1776
2021-02-14,Kenya,Africa,1102,102792,19,1795
2021-02-21,Kenya,Africa,1201,103993,22,1817
2021-02-28,Kenya,Africa,1655,105648,37,1854
2021-03-07,Kenya,Africa,2714,108362,20,1874
2021-03-14,Kenya,Africa,4443,112805,34,1908
2021-03-21,Kenya,Africa,7358,120163,86,1994
2021-03-28,Kenya,Africa,9167,129330,110,2104
2021-04-04,Kenya,Africa,8747,138077,102,2206
2021-04-11,Kenya,Africa,7107,145184,124,2330
2021-04-18,Kenya,Africa,6103,151287,133,2463
2021-04-25,Kenya,Africa,5031,156318,140,2603
2021-05-02,Kenya,Africa,3735,160053,141,2744
2021-05-09,Kenya,Africa,3185,163238,139,2883
2021-05-16,Kenya,Africa,2141,165379,118,3001
2021-05-23,Kenya,Africa,2729,168108,48,3049
2021-05-30,Kenya,Africa,2377,170485,92,3141
2021-06-06,Kenya,Africa,1840,172325,123,3264
2021-06-13,Kenya,Africa,2851,175176,132,3396
2021-06-20,Kenya,Africa,3616,178792,51,3447
2021-06-27,Kenya,Africa,3601,182393,127,3574
2021-07-04,Kenya,Africa,3198,185591,97,3671
2021-07-11,Kenya,Africa,2922,188513,50,3721
2021-07-18,Kenya,Africa,3922,192435,39,3760
2021-07-25,Kenya,Africa,4310,196745,89,3849
2021-08-01,Kenya,Africa,6468,203213,82,3931
2021-08-08,Kenya,Africa,7815,211028,186,4117
2021-08-15,Kenya,Africa,8910,219938,202,4319
2021-08-22,Kenya,Africa,8425,228363,148,4467
2021-08-29,Kenya,Africa,6226,234589,227,4694
2021-09-05,Kenya,Africa,5103,239692,84,4778
2021-09-12,Kenya,Africa,3764,243456,124,4902
2021-09-19,Kenya,Africa,2840,246296,78,4980
2021-09-26,Kenya,Africa,2096,248392,116,5096
2021-10-03,Kenya,Africa,1631,250023,35,5131
2021-10-10,Kenya,Africa,1034,251057,50,5181
2021-10-17,Kenya,Africa,902,251959,34,5215
2021-10-24,Kenya,Africa,669,252628,40,5255
2021-10-31,Kenya,Africa,665,253293,21,5276
2021-11-07,Kenya,Africa,520,253813,29,5305
2021-11-14,Kenya,Africa,463,254276,11,5316
2021-11-21,Kenya,Africa,412,254688,9,5325
2021-11-28,Kenya,Africa,252,254940,8,5333
2021-12-05,Kenya,Africa,468,255408,2,5335
2021-12-12,Kenya,Africa,726,256134,11,5346
2021-12-19,Kenya,Africa,6201,262335,7,5353
2021-12-26,Kenya,Africa,19023,281358,6,5359
2022-01-02,Kenya,Africa,15797,297155,22,5381
2022-01-09,Kenya,Africa,13642,310797,56,5437
2022-01-16,Kenya,Africa,6527,317324,51,5488
2022-01-23,Kenya,Africa,2814,320138,43,5531
2022-01-30,Kenya,Africa,1096,321234,47,5578
2022-02-06,Kenya,Africa,809,322043,29,5607
2022-02-13,Kenya,Africa,393,322436,22,5629
2022-02-20,Kenya,Africa,233,322669,6,5635
2022-02-27,Kenya,Africa,237,322906,4,5639
2022-03-06,Kenya,Africa,165,323071,1,5640
2022-03-13,Kenya,Africa,100,323171,4,5644
2022-03-20,Kenya,Africa,101,323272,3,5647
2022-03-27,Kenya,Africa,93,323365,0,5647
2022-04-03,Kenya,Africa,85,323450,1,5648
2022-04-10,Kenya,Africa,81,323531,0,5648
2022-04-17,Kenya,Africa,78,323609,1,5649
2022-04-24,Kenya,Africa,87,323696,0,5649
2022-05-01,Kenya,Africa,77,323773,0,5649
2022-05-08,Kenya,Africa,95,323868,0,5649
2022-05-15,Kenya,Africa,143,324011,0,5649
2022-05-22,Kenya,Africa,211,324222,0,5649
2022-05-29,Kenya,Africa,464,324686,2,5651
2022-06-05,Kenya,Africa,756,325442,0,5651
2022-06-12,Kenya,Africa,1295,326737,0,5651
2022-06-19,Kenya,Africa,2370,329107,0,5651
2022-06-26,Kenya,Africa,2859,331966,0,5651
2022-07-03,Kenya,Africa,2283,334249,4,5655
2022-07-10,Kenya,Africa,1524,335773,8,5663
2022-07-17,Kenya,Africa,917,336690,5,5668
2022-07-24,Kenya,Africa,552,337242,2,5670
2022-07-31,Kenya,Africa,357,337599,2,5672
2022-08-07,Kenya,Africa,234,337833,0,5672
2022-08-14,Kenya,Africa,105,337938,1,5673
2022-08-21,Kenya,Africa,104,338042,0,5673
2022-08-28,Kenya,Africa,111,338153,0,5673
2022-09-04,Kenya,Africa,81,338234,1,5674
2022-09-11,Kenya,Africa,56,338290,0,5674
2022-09-18,Kenya,Africa,42,338332,1,5675
2022-09-25,Kenya,Africa,57,338389,0,5675
2022-10-02,Kenya,Africa,50,338439,3,5678
2022-10-09,Kenya,Africa,54,338493,0,5678
2022-10-16,Kenya,Africa,78,338571,0,5678
2022-10-23,Kenya,Africa,178,338749,0,5678
2022-10-30,Kenya,Africa,329,339078,0,5678
2022-11-06,Kenya,Africa,593,339671,0,5678
2022-11-13,Kenya,Africa,700,340371,0,5678
2022-11-20,Kenya,Africa,604,340975,6,5684
2022-11-27,Kenya,Africa,485,341460,0,5684
2022-12-04,Kenya,Africa,176,341636,0,5684
2022-12-11,Kenya,Africa,288,341924,0,5684
2022-12-18,Kenya,Africa,183,342107,0,5684
2022-12-25,Kenya,Africa,363,342470,4,5688
2023-01-01,Kenya,Africa,37,342507,0,5688
2023-01-08,Kenya,Africa,0,342507,0,5688
2023-01-15,Kenya,Africa,92,342599,0,5688
2023-01-22,Kenya,Africa,104,342703,0,5688
2023-01-29,Kenya,Africa,82,342785,0,5688
2023-02-05,Kenya,Africa,32,342817,0,5688
2023-02-12,Kenya,Africa,32,342849,0,5688
2023-02-19,Kenya,Africa,25,342874,0,5688
2023-02-26,Kenya,Africa,41,342915,0,5688
2023-03-05,Kenya,Africa,20,342935,0,5688
2023-03-12,Kenya,Africa,7,342942,0,5688
2023-03-19,Kenya,Africa,14,342956,0,5688
2023-03-26,Kenya,Africa,11,342967,0,5688
2023-04-02,Kenya,Africa,16,342983,0,5688
2023-04-09,Kenya,Africa,9,342992,0,5688
2023-04-16,Kenya,Africa,13,343005,0,5688
2023-04-23,Kenya,Africa,27,343032,0,5688
2023-04-30,Kenya,Africa,28,343060,0,5688
2023-05-07,Kenya,Africa,14,343074,0,5688
2023-05-14,Kenya,Africa,0,343074,0,5688
2023-05-21,Kenya,Africa,0,343074,0,5688
2023-05-28,Kenya,Africa,0,343074,0,5688
2023-06-04,Kenya,Africa,238,343312,0,5688
2023-06-11,Kenya,Africa,0,343312,0,5688
2023-06-18,Kenya,Africa,154,343466,1,5689
2023-06-25,Kenya,Africa,277,343743,0,5689
2023-07-02,Kenya,Africa,43,343786,0,5689
2023-07-09,Kenya,Africa,0,343786,0,5689
2023-07-16,Kenya,Africa,64,343850,0,5689
2023-07-23,Kenya,Africa,65,343915,0,5689
2023-07-30,Kenya,Africa,3,343918,0,5689
2023-08-06,Kenya,Africa,0,343918,0,5689
2023-08-13,Kenya,Africa,37,343955,0,5689
2023-08-20,Kenya,Africa,23,343978,0,5689
2023-08-27,Kenya,Africa,7,343985,0,5689
2023-09-03,Kenya,Africa,1,343986,0,5689
2023-09-10,Kenya,Africa,9,343995,0,5689
2023-09-17,Kenya,Africa,3,343998,0,5689
2023-09-24,Kenya,Africa,13,344011,0,5689
2023-10-01,Kenya,Africa,14,344025,0,5689
2023-10-08,Kenya,Africa,17,344042,0,5689
2023-10-15,Kenya,Africa,15,344057,0,5689
2023-10-22,Kenya,Africa,15,344072,0,5689
2023-10-29,Kenya,Africa,19,344091,0,5689
2023-11-05,Kenya,Africa,3,344094,0,5689
2023-11-12,Kenya,Africa,0,344094,0,5689
2023-11-19,Kenya,Africa,0,344094,0,5689
2023-11-26,Kenya,Africa,0,344094,0,5689
2023-12-03,Kenya,Africa,0,344094,0,5689
2023-12-10,Kenya,Africa,0,344094,0,5689
2023-12-17,Kenya,Africa,0,344094,0,5689
2023-12-24,Kenya,Africa,0,344094,0,5689
2023-12-31,Kenya,Africa,0,344094,0,5689
2024-01-07,Kenya,Africa,0,344094,0,5689
2024-01-14,Kenya,Africa,0,344094,0,5689
2024-01-21,Kenya,Africa,0,344094,0,5689
2024-01-28,Kenya,Africa,0,344094,0,5689
2024-02-04,Kenya,Africa,0,344094,0,5689
2024-02-11,Kenya,Africa,0,344094,0,5689
2024-02-18,Kenya,Africa,0,344094,0,5689
2024-02-25,Kenya,Africa,0,344094,0,5689
2024-03-03,Kenya,Africa,0,344094,0,5689
2024-03-10,Kenya,Africa,0,344094,0,5689
2024-03-17,Kenya,Africa,7,344101,0,5689
2024-03-24,Kenya,Africa,0,344101,0,5689
2024-03-31,Kenya,Africa,0,344101,0,5689
2024-04-07,Kenya,Africa,0,344101,0,5689
2024-04-14,Kenya,Africa,0,344101,0,5689
2024-04-21,Kenya,Africa,0,344101,0,5689
2024-04-28,Kenya,Africa,0,344101,0,5689
2024-05-05,Kenya,Africa,0,344101,0,5689
2024-05-12,Kenya,Africa,0,344101,0,5689
2024-05-19,Kenya,Africa,0,344101,0,5689
2024-05-26,Kenya,Africa,0,344101,0,5689
2024-06-02,Kenya,Africa,0,344101,0,5689
2024-06-09,Kenya,Africa,2,344103,0,5689
2024-06-16,Kenya,Africa,1,344104,0,5689
2024-06-23,Kenya,Africa,0,344104,0,5689
2024-06-30,Kenya,Africa,1,344105,0,5689
2024-07-07,Kenya,Africa,0,344105,0,5689
2024-07-14,Kenya,Africa,0,344105,0,5689
2024-07-21,Kenya,Africa,0,344105,0,5689
2024-07-28,Kenya,Africa,1,344106,0,5689
2024-08-04,Kenya,Africa,0,344106,0,5689
2024-08-11,Kenya,Africa,3,344109,0,5689
2024-08-18,Kenya,Africa,0,344109,0,5689
2024-08-25,Kenya,Africa,0,344109,0,5689
2024-09-01,Kenya,Africa,0,344109,0,5689
2020-01-05,Kiribati,Oceania,0,0,0,0
2020-01-12,Kiribati,Oceania,0,0,0,0
2020-01-19,Kiribati,Oceania,0,0,0,0
2020-01-26,Kiribati,Oceania,0,0,0,0
2020-02-02,Kiribati,Oceania,0,0,0,0
2020-02-09,Kiribati,Oceania,0,0,0,0
2020-02-16,Kiribati,Oceania,0,0,0,0
2020-02-23,Kiribati,Oceania,0,0,0,0
2020-03-01,Kiribati,Oceania,0,0,0,0
2020-03-08,Kiribati,Oceania,0,0,0,0
2020-03-15,Kiribati,Oceania,0,0,0,0
2020-03-22,Kiribati,Oceania,0,0,0,0
2020-03-29,Kiribati,Oceania,0,0,0,0
2020-04-05,Kiribati,Oceania,0,0,0,0
2020-04-12,Kiribati,Oceania,0,0,0,0
2020-04-19,Kiribati,Oceania,0,0,0,0
2020-04-26,Kiribati,Oceania,0,0,0,0
2020-05-03,Kiribati,Oceania,0,0,0,0
2020-05-10,Kiribati,Oceania,0,0,0,0
2020-05-17,Kiribati,Oceania,0,0,0,0
2020-05-24,Kiribati,Oceania,0,0,0,0
2020-05-31,Kiribati,Oceania,0,0,0,0
2020-06-07,Kiribati,Oceania,0,0,0,0
2020-06-14,Kiribati,Oceania,0,0,0,0
2020-06-21,Kiribati,Oceania,0,0,0,0
2020-06-28,Kiribati,Oceania,0,0,0,0
2020-07-05,Kiribati,Oceania,0,0,0,0
2020-07-12,Kiribati,Oceania,0,0,0,0
2020-07-19,Kiribati,Oceania,0,0,0,0
2020-07-26,Kiribati,Oceania,0,0,0,0
2020-08-02,Kiribati,Oceania,0,0,0,0
2020-08-09,Kiribati,Oceania,0,0,0,0
2020-08-16,Kiribati,Oceania,0,0,0,0
2020-08-23,Kiribati,Oceania,0,0,0,0
2020-08-30,Kiribati,Oceania,0,0,0,0
2020-09-06,Kiribati,Oceania,0,0,0,0
2020-09-13,Kiribati,Oceania,0,0,0,0
2020-09-20,Kiribati,Oceania,0,0,0,0
2020-09-27,Kiribati,Oceania,0,0,0,0
2020-10-04,Kiribati,Oceania,0,0,0,0
2020-10-11,Kiribati,Oceania,0,0,0,0
2020-10-18,Kiribati,Oceania,0,0,0,0
2020-10-25,Kiribati,Oceania,0,0,0,0
2020-11-01,Kiribati,Oceania,0,0,0,0
2020-11-08,Kiribati,Oceania,0,0,0,0
2020-11-15,Kiribati,Oceania,0,0,0,0
2020-11-22,Kiribati,Oceania,0,0,0,0
2020-11-29,Kiribati,Oceania,0,0,0,0
2020-12-06,Kiribati,Oceania,0,0,0,0
2020-12-13,Kiribati,Oceania,0,0,0,0
2020-12-20,Kiribati,Oceania,0,0,0,0
2020-12-27,Kiribati,Oceania,0,0,0,0
2021-01-03,Kiribati,Oceania,0,0,0,0
2021-01-10,Kiribati,Oceania,0,0,0,0
2021-01-17,Kiribati,Oceania,0,0,0,0
2021-01-24,Kiribati,Oceania,0,0,0,0
2021-01-31,Kiribati,Oceania,0,0,0,0
2021-02-07,Kiribati,Oceania,0,0,0,0
2021-02-14,Kiribati,Oceania,0,0,0,0
2021-02-21,Kiribati,Oceania,0,0,0,0
2021-02-28,Kiribati,Oceania,0,0,0,0
2021-03-07,Kiribati,Oceania,0,0,0,0
2021-03-14,Kiribati,Oceania,0,0,0,0
2021-03-21,Kiribati,Oceania,0,0,0,0
2021-03-28,Kiribati,Oceania,0,0,0,0
2021-04-04,Kiribati,Oceania,0,0,0,0
2021-04-11,Kiribati,Oceania,0,0,0,0
2021-04-18,Kiribati,Oceania,0,0,0,0
2021-04-25,Kiribati,Oceania,0,0,0,0
2021-05-02,Kiribati,Oceania,0,0,0,0
2021-05-09,Kiribati,Oceania,0,0,0,0
2021-05-16,Kiribati,Oceania,0,0,0,0
2021-05-23,Kiribati,Oceania,0,0,0,0
2021-05-30,Kiribati,Oceania,0,0,0,0
2021-06-06,Kiribati,Oceania,0,0,0,0
2021-06-13,Kiribati,Oceania,0,0,0,0
2021-06-20,Kiribati,Oceania,0,0,0,0
2021-06-27,Kiribati,Oceania,0,0,0,0
2021-07-04,Kiribati,Oceania,0,0,0,0
2021-07-11,Kiribati,Oceania,0,0,0,0
2021-07-18,Kiribati,Oceania,0,0,0,0
2021-07-25,Kiribati,Oceania,0,0,0,0
2021-08-01,Kiribati,Oceania,0,0,0,0
2021-08-08,Kiribati,Oceania,0,0,0,0
2021-08-15,Kiribati,Oceania,0,0,0,0
2021-08-22,Kiribati,Oceania,0,0,0,0
2021-08-29,Kiribati,Oceania,0,0,0,0
2021-09-05,Kiribati,Oceania,0,0,0,0
2021-09-12,Kiribati,Oceania,0,0,0,0
2021-09-19,Kiribati,Oceania,0,0,0,0
2021-09-26,Kiribati,Oceania,0,0,0,0
2021-10-03,Kiribati,Oceania,0,0,0,0
2021-10-10,Kiribati,Oceania,0,0,0,0
2021-10-17,Kiribati,Oceania,0,0,0,0
2021-10-24,Kiribati,Oceania,0,0,0,0
2021-10-31,Kiribati,Oceania,0,0,0,0
2021-11-07,Kiribati,Oceania,0,0,0,0
2021-11-14,Kiribati,Oceania,0,0,0,0
2021-11-21,Kiribati,Oceania,0,0,0,0
2021-11-28,Kiribati,Oceania,0,0,0,0
2021-12-05,Kiribati,Oceania,0,0,0,0
2021-12-12,Kiribati,Oceania,0,0,0,0
2021-12-19,Kiribati,Oceania,0,0,0,0
2021-12-26,Kiribati,Oceania,0,0,0,0
2022-01-02,Kiribati,Oceania,0,0,0,0
2022-01-09,Kiribati,Oceania,0,0,0,0
2022-01-16,Kiribati,Oceania,0,0,0,0
2022-01-23,Kiribati,Oceania,59,59,0,0
2022-01-30,Kiribati,Oceania,305,364,0,0
2022-02-06,Kiribati,Oceania,1179,1543,0,0
2022-02-13,Kiribati,Oceania,1005,2548,3,3
2022-02-20,Kiribati,Oceania,285,2833,8,11
2022-02-27,Kiribati,Oceania,81,2914,0,11
2022-03-06,Kiribati,Oceania,71,2985,0,11
2022-03-13,Kiribati,Oceania,42,3027,2,13
2022-03-20,Kiribati,Oceania,22,3049,0,13
2022-03-27,Kiribati,Oceania,16,3065,0,13
2022-04-03,Kiribati,Oceania,2,3067,0,13
2022-04-10,Kiribati,Oceania,2,3069,0,13
2022-04-17,Kiribati,Oceania,0,3069,0,13
2022-04-24,Kiribati,Oceania,7,3076,0,13
2022-05-01,Kiribati,Oceania,8,3084,0,13
2022-05-08,Kiribati,Oceania,5,3089,0,13
2022-05-15,Kiribati,Oceania,4,3093,0,13
2022-05-22,Kiribati,Oceania,5,3098,0,13
2022-05-29,Kiribati,Oceania,0,3098,0,13
2022-06-05,Kiribati,Oceania,0,3098,0,13
2022-06-12,Kiribati,Oceania,111,3209,0,13
2022-06-19,Kiribati,Oceania,6,3215,0,13
2022-06-26,Kiribati,Oceania,21,3236,0,13
2022-07-03,Kiribati,Oceania,0,3236,0,13
2022-07-10,Kiribati,Oceania,0,3236,0,13
2022-07-17,Kiribati,Oceania,0,3236,0,13
2022-07-24,Kiribati,Oceania,194,3430,0,13
2022-07-31,Kiribati,Oceania,0,3430,0,13
2022-08-07,Kiribati,Oceania,0,3430,0,13
2022-08-14,Kiribati,Oceania,0,3430,0,13
2022-08-21,Kiribati,Oceania,0,3430,0,13
2022-08-28,Kiribati,Oceania,0,3430,0,13
2022-09-04,Kiribati,Oceania,0,3430,0,13
2022-09-11,Kiribati,Oceania,0,3430,0,13
2022-09-18,Kiribati,Oceania,0,3430,0,13
2022-09-25,Kiribati,Oceania,0,3430,0,13
2022-10-02,Kiribati,Oceania,0,3430,0,13
2022-10-09,Kiribati,Oceania,0,3430,0,13
2022-10-16,Kiribati,Oceania,0,3430,0,13
2022-10-23,Kiribati,Oceania,0,3430,0,13
2022-10-30,Kiribati,Oceania,0,3430,0,13
2022-11-06,Kiribati,Oceania,0,3430,0,13
2022-11-13,Kiribati,Oceania,0,3430,0,13
2022-11-20,Kiribati,Oceania,0,3430,0,13
2022-11-27,Kiribati,Oceania,0,3430,0,13
2022-12-04,Kiribati,Oceania,0,3430,0,13
2022-12-11,Kiribati,Oceania,0,3430,0,13
2022-12-18,Kiribati,Oceania,0,3430,0,13
2022-12-25,Kiribati,Oceania,0,3430,0,13
2023-01-01,Kiribati,Oceania,0,3430,0,13
2023-01-08,Kiribati,Oceania,0,3430,0,13
2023-01-15,Kiribati,Oceania,1491,4921,0,13
2023-01-22,Kiribati,Oceania,70,4991,0,13
2023-01-29,Kiribati,Oceania,17,5008,0,13
2023-02-05,Kiribati,Oceania,0,5008,5,18
2023-02-12,Kiribati,Oceania,4,5012,0,18
2023-02-19,Kiribati,Oceania,0,5012,0,18
2023-02-26,Kiribati,Oceania,1,5013,0,18
2023-03-05,Kiribati,Oceania,1,5014,0,18
2023-03-12,Kiribati,Oceania,0,5014,0,18
2023-03-19,Kiribati,Oceania,0,5014,0,18
2023-03-26,Kiribati,Oceania,0,5014,0,18
2023-04-02,Kiribati,Oceania,0,5014,0,18
2023-04-09,Kiribati,Oceania,0,5014,0,18
2023-04-16,Kiribati,Oceania,0,5014,0,18
2023-04-23,Kiribati,Oceania,11,5025,6,24
2023-04-30,Kiribati,Oceania,0,5025,0,24
2023-05-07,Kiribati,Oceania,0,5025,0,24
2023-05-14,Kiribati,Oceania,0,5025,0,24
2023-05-21,Kiribati,Oceania,2,5027,0,24
2023-05-28,Kiribati,Oceania,2,5029,0,24
2023-06-04,Kiribati,Oceania,8,5037,0,24
2023-06-11,Kiribati,Oceania,0,5037,0,24
2023-06-18,Kiribati,Oceania,0,5037,0,24
2023-06-25,Kiribati,Oceania,44,5081,0,24
2023-07-02,Kiribati,Oceania,0,5081,0,24
2023-07-09,Kiribati,Oceania,1,5082,0,24
2023-07-16,Kiribati,Oceania,0,5082,0,24
2023-07-23,Kiribati,Oceania,0,5082,0,24
2023-07-30,Kiribati,Oceania,0,5082,0,24
2023-08-06,Kiribati,Oceania,0,5082,0,24
2023-08-13,Kiribati,Oceania,3,5085,0,24
2023-08-20,Kiribati,Oceania,0,5085,0,24
2023-08-27,Kiribati,Oceania,0,5085,0,24
2023-09-03,Kiribati,Oceania,0,5085,0,24
2023-09-10,Kiribati,Oceania,0,5085,0,24
2023-09-17,Kiribati,Oceania,0,5085,0,24
2023-09-24,Kiribati,Oceania,0,5085,0,24
2023-10-01,Kiribati,Oceania,0,5085,0,24
2023-10-08,Kiribati,Oceania,0,5085,0,24
2023-10-15,Kiribati,Oceania,0,5085,0,24
2023-10-22,Kiribati,Oceania,0,5085,0,24
2023-10-29,Kiribati,Oceania,0,5085,0,24
2023-11-05,Kiribati,Oceania,0,5085,0,24
2023-11-12,Kiribati,Oceania,0,5085,0,24
2023-11-19,Kiribati,Oceania,0,5085,0,24
2023-11-26,Kiribati,Oceania,0,5085,0,24
2023-12-03,Kiribati,Oceania,0,5085,0,24
2023-12-10,Kiribati,Oceania,0,5085,0,24
2023-12-17,Kiribati,Oceania,0,5085,0,24
2023-12-24,Kiribati,Oceania,0,5085,0,24
2023-12-31,Kiribati,Oceania,0,5085,0,24
2024-01-07,Kiribati,Oceania,0,5085,0,24
2024-01-14,Kiribati,Oceania,0,5085,0,24
2024-01-21,Kiribati,Oceania,0,5085,0,24
2024-01-28,Kiribati,Oceania,0,5085,0,24
2024-02-04,Kiribati,Oceania,0,5085,0,24
2024-02-11,Kiribati,Oceania,0,5085,0,24
2024-02-18,Kiribati,Oceania,0,5085,0,24
2024-02-25,Kiribati,Oceania,0,5085,0,24
2024-03-03,Kiribati,Oceania,0,5085,0,24
2024-03-10,Kiribati,Oceania,0,5085,0,24
2024-03-17,Kiribati,Oceania,0,5085,0,24
2024-03-24,Kiribati,Oceania,0,5085,0,24
2024-03-31,Kiribati,Oceania,0,5085,0,24
2024-04-07,Kiribati,Oceania,0,5085,0,24
2024-04-14,Kiribati,Oceania,0,5085,0,24
2024-04-21,Kiribati,Oceania,0,5085,0,24
2024-04-28,Kiribati,Oceania,0,5085,0,24
2024-05-05,Kiribati,Oceania,0,5085,0,24
2024-05-12,Kiribati,Oceania,0,5085,0,24
2024-05-19,Kiribati,Oceania,0,5085,0,24
2024-05-26,Kiribati,Oceania,0,5085,0,24
2024-06-02,Kiribati,Oceania,0,5085,0,24
2024-06-09,Kiribati,Oceania,0,5085,0,24
2024-06-16,Kiribati,Oceania,0,5085,0,24
2024-06-23,Kiribati,Oceania,0,5085,0,24
2024-06-30,Kiribati,Oceania,0,5085,0,24
2024-07-07,Kiribati,Oceania,0,5085,0,24
2024-07-14,Kiribati,Oceania,0,5085,0,24
2024-07-21,Kiribati,Oceania,0,5085,0,24
2024-07-28,Kiribati,Oceania,0,5085,0,24
2024-08-04,Kiribati,Oceania,0,5085,0,24
2024-08-11,Kiribati,Oceania,0,5085,0,24
2024-08-18,Kiribati,Oceania,0,5085,0,24
2024-08-25,Kiribati,Oceania,0,5085,0,24
2024-09-01,Kiribati,Oceania,0,5085,0,24
2020-01-05,Kosovo,Europe,0,0,0,0
2020-01-12,Kosovo,Europe,0,0,0,0
2020-01-19,Kosovo,Europe,0,0,0,0
2020-01-26,Kosovo,Europe,0,0,0,0
2020-02-02,Kosovo,Europe,0,0,0,0
2020-02-09,Kosovo,Europe,0,0,0,0
2020-02-16,Kosovo,Europe,0,0,0,0
2020-02-23,Kosovo,Europe,0,0,0,0
2020-03-01,Kosovo,Europe,0,0,0,0
2020-03-08,Kosovo,Europe,0,0,0,0
2020-03-15,Kosovo,Europe,2,2,0,0
2020-03-22,Kosovo,Europe,29,31,1,1
2020-03-29,Kosovo,Europe,60,91,0,1
2020-04-05,Kosovo,Europe,49,140,0,1
2020-04-12,Kosovo,Europe,143,283,6,7
2020-04-19,Kosovo,Europe,227,510,6,13
2020-04-26,Kosovo,Europe,221,731,3,16
2020-05-03,Kosovo,Europe,92,823,1,17
2020-05-10,Kosovo,Europe,47,870,2,19
2020-05-17,Kosovo,Europe,74,944,1,20
2020-05-24,Kosovo,Europe,81,1025,0,20
2020-05-31,Kosovo,Europe,39,1064,1,21
2020-06-07,Kosovo,Europe,87,1151,0,21
2020-06-14,Kosovo,Europe,286,1437,2,23
2020-06-21,Kosovo,Europe,593,2030,2,25
2020-06-28,Kosovo,Europe,517,2547,12,37
2020-07-05,Kosovo,Europe,766,3313,17,54
2020-07-12,Kosovo,Europe,1359,4672,37,91
2020-07-19,Kosovo,Europe,902,5574,29,120
2020-07-26,Kosovo,Europe,1300,6874,39,159
2020-08-02,Kosovo,Europe,1637,8511,68,227
2020-08-09,Kosovo,Europe,1505,10016,78,305
2020-08-16,Kosovo,Europe,1216,11232,75,380
2020-08-23,Kosovo,Europe,1062,12294,67,447
2020-08-30,Kosovo,Europe,878,13172,51,498
2020-09-06,Kosovo,Europe,812,13984,48,546
2020-09-13,Kosovo,Europe,539,14523,33,579
2020-09-20,Kosovo,Europe,436,14959,22,601
2020-09-27,Kosovo,Europe,423,15382,8,609
2020-10-04,Kosovo,Europe,333,15715,11,620
2020-10-11,Kosovo,Europe,372,16087,15,635
2020-10-18,Kosovo,Europe,624,16711,7,642
2020-10-25,Kosovo,Europe,1003,17714,9,651
2020-11-01,Kosovo,Europe,2085,19799,20,671
2020-11-08,Kosovo,Europe,3583,23382,63,734
2020-11-15,Kosovo,Europe,5191,28573,65,799
2020-11-22,Kosovo,Europe,4972,33545,95,894
2020-11-29,Kosovo,Europe,4843,38388,85,979
2020-12-06,Kosovo,Europe,3906,42294,98,1077
2020-12-13,Kosovo,Europe,3781,46075,99,1176
2020-12-20,Kosovo,Europe,2564,48639,62,1238
2020-12-27,Kosovo,Europe,1723,50362,57,1295
2021-01-03,Kosovo,Europe,1326,51688,35,1330
2021-01-10,Kosovo,Europe,1792,53480,35,1365
2021-01-17,Kosovo,Europe,1975,55455,30,1395
2021-01-24,Kosovo,Europe,2201,57656,45,1440
2021-01-31,Kosovo,Europe,2235,59891,42,1482
2021-02-07,Kosovo,Europe,2075,61966,28,1510
2021-02-14,Kosovo,Europe,2086,64052,24,1534
2021-02-21,Kosovo,Europe,1887,65939,27,1561
2021-02-28,Kosovo,Europe,2821,68760,24,1585
2021-03-07,Kosovo,Europe,3697,72457,45,1630
2021-03-14,Kosovo,Europe,4188,76645,56,1686
2021-03-21,Kosovo,Europe,4704,81349,56,1742
2021-03-28,Kosovo,Europe,5675,87024,78,1820
2021-04-04,Kosovo,Europe,5908,92932,76,1896
2021-04-11,Kosovo,Europe,4492,97424,70,1966
2021-04-18,Kosovo,Europe,3686,101110,85,2051
2021-04-25,Kosovo,Europe,2662,103772,57,2108
2021-05-02,Kosovo,Europe,1560,105332,60,2168
2021-05-09,Kosovo,Europe,970,106302,25,2193
2021-05-16,Kosovo,Europe,498,106800,20,2213
2021-05-23,Kosovo,Europe,370,107170,16,2229
2021-05-30,Kosovo,Europe,169,107339,4,2233
2021-06-06,Kosovo,Europe,104,107443,1,2234
2021-06-13,Kosovo,Europe,85,107528,5,2239
2021-06-20,Kosovo,Europe,74,107602,2,2241
2021-06-27,Kosovo,Europe,80,107682,6,2247
2021-07-04,Kosovo,Europe,63,107745,3,2250
2021-07-11,Kosovo,Europe,54,107799,4,2254
2021-07-18,Kosovo,Europe,54,107853,0,2254
2021-07-25,Kosovo,Europe,96,107949,1,2255
2021-08-01,Kosovo,Europe,373,108322,1,2256
2021-08-08,Kosovo,Europe,1297,109619,5,2261
2021-08-15,Kosovo,Europe,5489,115108,9,2270
2021-08-22,Kosovo,Europe,12476,127584,35,2305
2021-08-29,Kosovo,Europe,13475,141059,107,2412
2021-09-05,Kosovo,Europe,10177,151236,183,2595
2021-09-12,Kosovo,Europe,5299,156535,167,2762
2021-09-19,Kosovo,Europe,2356,158891,117,2879
2021-09-26,Kosovo,Europe,859,159750,42,2921
2021-10-03,Kosovo,Europe,377,160127,28,2949
2021-10-10,Kosovo,Europe,184,160311,7,2956
2021-10-17,Kosovo,Europe,176,160487,7,2963
2021-10-24,Kosovo,Europe,92,160579,1,2964
2021-10-31,Kosovo,Europe,127,160706,2,2966
2021-11-07,Kosovo,Europe,104,160810,2,2968
2021-11-14,Kosovo,Europe,81,160891,2,2970
2021-11-21,Kosovo,Europe,65,160956,2,2972
2021-11-28,Kosovo,Europe,76,161032,1,2973
2021-12-05,Kosovo,Europe,57,161089,1,2974
2021-12-12,Kosovo,Europe,61,161150,3,2977
2021-12-19,Kosovo,Europe,65,161215,2,2979
2021-12-26,Kosovo,Europe,69,161284,0,2979
2022-01-02,Kosovo,Europe,204,161488,2,2981
2022-01-09,Kosovo,Europe,842,162330,0,2981
2022-01-16,Kosovo,Europe,2990,165320,3,2984
2022-01-23,Kosovo,Europe,13126,178446,3,2987
2022-01-30,Kosovo,Europe,23466,201912,15,3002
2022-02-06,Kosovo,Europe,14290,216202,25,3027
2022-02-13,Kosovo,Europe,6094,222296,31,3058
2022-02-20,Kosovo,Europe,2626,224922,30,3088
2022-02-27,Kosovo,Europe,1147,226069,14,3102
2022-03-06,Kosovo,Europe,467,226536,5,3107
2022-03-13,Kosovo,Europe,266,226802,7,3114
2022-03-20,Kosovo,Europe,248,227050,3,3117
2022-03-27,Kosovo,Europe,231,227281,3,3120
2022-04-03,Kosovo,Europe,209,227490,6,3126
2022-04-10,Kosovo,Europe,176,227666,2,3128
2022-04-17,Kosovo,Europe,129,227795,0,3128
2022-04-24,Kosovo,Europe,115,227910,0,3128
2022-05-01,Kosovo,Europe,120,228030,0,3128
2022-05-08,Kosovo,Europe,65,228095,0,3128
2022-05-15,Kosovo,Europe,80,228175,1,3129
2022-05-22,Kosovo,Europe,81,228256,0,3129
2022-05-29,Kosovo,Europe,49,228305,0,3129
2022-06-05,Kosovo,Europe,45,228350,0,3129
2022-06-12,Kosovo,Europe,37,228387,0,3129
2022-06-19,Kosovo,Europe,93,228480,0,3129
2022-06-26,Kosovo,Europe,199,228679,1,3130
2022-07-03,Kosovo,Europe,849,229528,0,3130
2022-07-10,Kosovo,Europe,1886,231414,3,3133
2022-07-17,Kosovo,Europe,4507,235921,4,3137
2022-07-24,Kosovo,Europe,8333,244254,13,3150
2022-07-31,Kosovo,Europe,9015,253269,10,3160
2022-08-07,Kosovo,Europe,7374,260643,5,3165
2022-08-14,Kosovo,Europe,5607,266250,9,3174
2022-08-21,Kosovo,Europe,3168,269418,5,3179
2022-08-28,Kosovo,Europe,1602,271020,3,3182
2022-09-04,Kosovo,Europe,617,271637,6,3188
2022-09-11,Kosovo,Europe,242,271879,1,3189
2022-09-18,Kosovo,Europe,69,271948,0,3189
2022-09-25,Kosovo,Europe,52,272000,0,3189
2022-10-02,Kosovo,Europe,32,272032,0,3189
2022-10-09,Kosovo,Europe,14,272046,1,3190
2022-10-16,Kosovo,Europe,30,272076,0,3190
2022-10-23,Kosovo,Europe,19,272095,1,3191
2022-10-30,Kosovo,Europe,22,272117,1,3192
2022-11-06,Kosovo,Europe,19,272136,0,3192
2022-11-13,Kosovo,Europe,17,272153,0,3192
2022-11-20,Kosovo,Europe,1,272154,0,3192
2022-11-27,Kosovo,Europe,11,272165,0,3192
2022-12-04,Kosovo,Europe,5,272170,0,3192
2022-12-11,Kosovo,Europe,4,272174,0,3192
2022-12-18,Kosovo,Europe,13,272187,0,3192
2022-12-25,Kosovo,Europe,18,272205,0,3192
2023-01-01,Kosovo,Europe,35,272240,0,3192
2023-01-08,Kosovo,Europe,52,272292,0,3192
2023-01-15,Kosovo,Europe,65,272357,0,3192
2023-01-22,Kosovo,Europe,75,272432,0,3192
2023-01-29,Kosovo,Europe,59,272491,0,3192
2023-02-05,Kosovo,Europe,74,272565,2,3194
2023-02-12,Kosovo,Europe,94,272659,0,3194
2023-02-19,Kosovo,Europe,127,272786,2,3196
2023-02-26,Kosovo,Europe,173,272959,1,3197
2023-03-05,Kosovo,Europe,200,273159,4,3201
2023-03-12,Kosovo,Europe,174,273333,0,3201
2023-03-19,Kosovo,Europe,173,273506,1,3202
2023-03-26,Kosovo,Europe,98,273604,0,3202
2023-04-02,Kosovo,Europe,85,273689,2,3204
2023-04-09,Kosovo,Europe,69,273758,1,3205
2023-04-16,Kosovo,Europe,34,273792,0,3205
2023-04-23,Kosovo,Europe,28,273820,1,3206
2023-04-30,Kosovo,Europe,26,273846,0,3206
2023-05-07,Kosovo,Europe,21,273867,0,3206
2023-05-14,Kosovo,Europe,11,273878,0,3206
2023-05-21,Kosovo,Europe,10,273888,0,3206
2023-05-28,Kosovo,Europe,11,273899,2,3208
2023-06-04,Kosovo,Europe,3,273902,0,3208
2023-06-11,Kosovo,Europe,4,273906,0,3208
2023-06-18,Kosovo,Europe,2,273908,1,3209
2023-06-25,Kosovo,Europe,0,273908,0,3209
2023-07-02,Kosovo,Europe,1,273909,0,3209
2023-07-09,Kosovo,Europe,3,273912,0,3209
2023-07-16,Kosovo,Europe,2,273914,0,3209
2023-07-23,Kosovo,Europe,0,273914,0,3209
2023-07-30,Kosovo,Europe,4,273918,0,3209
2023-08-06,Kosovo,Europe,0,273918,0,3209
2023-08-13,Kosovo,Europe,5,273923,0,3209
2023-08-20,Kosovo,Europe,10,273933,0,3209
2023-08-27,Kosovo,Europe,36,273969,0,3209
2023-09-03,Kosovo,Europe,24,273993,1,3210
2023-09-10,Kosovo,Europe,27,274020,0,3210
2023-09-17,Kosovo,Europe,38,274058,0,3210
2023-09-24,Kosovo,Europe,53,274111,1,3211
2023-10-01,Kosovo,Europe,71,274182,0,3211
2023-10-08,Kosovo,Europe,36,274218,0,3211
2023-10-15,Kosovo,Europe,29,274247,0,3211
2023-10-22,Kosovo,Europe,32,274279,1,3212
2023-10-29,Kosovo,Europe,0,274279,0,3212
2023-11-05,Kosovo,Europe,0,274279,0,3212
2023-11-12,Kosovo,Europe,0,274279,0,3212
2023-11-19,Kosovo,Europe,0,274279,0,3212
2023-11-26,Kosovo,Europe,0,274279,0,3212
2023-12-03,Kosovo,Europe,0,274279,0,3212
2023-12-10,Kosovo,Europe,0,274279,0,3212
2023-12-17,Kosovo,Europe,0,274279,0,3212
2023-12-24,Kosovo,Europe,0,274279,0,3212
2023-12-31,Kosovo,Europe,0,274279,0,3212
2024-01-07,Kosovo,Europe,0,274279,0,3212
2024-01-14,Kosovo,Europe,0,274279,0,3212
2024-01-21,Kosovo,Europe,0,274279,0,3212
2024-01-28,Kosovo,Europe,0,274279,0,3212
2024-02-04,Kosovo,Europe,0,274279,0,3212
2024-02-11,Kosovo,Europe,0,274279,0,3212
2024-02-18,Kosovo,Europe,0,274279,0,3212
2024-02-25,Kosovo,Europe,0,274279,0,3212
2024-03-03,Kosovo,Europe,0,274279,0,3212
2024-03-10,Kosovo,Europe,0,274279,0,3212
2024-03-17,Kosovo,Europe,0,274279,0,3212
2024-03-24,Kosovo,Europe,0,274279,0,3212
2024-03-31,Kosovo,Europe,0,274279,0,3212
2024-04-07,Kosovo,Europe,0,274279,0,3212
2024-04-14,Kosovo,Europe,0,274279,0,3212
2024-04-21,Kosovo,Europe,0,274279,0,3212
2024-04-28,Kosovo,Europe,0,274279,0,3212
2024-05-05,Kosovo,Europe,0,274279,0,3212
2024-05-12,Kosovo,Europe,0,274279,0,3212
2024-05-19,Kosovo,Europe,0,274279,0,3212
2024-05-26,Kosovo,Europe,0,274279,0,3212
2024-06-02,Kosovo,Europe,0,274279,0,3212
2024-06-09,Kosovo,Europe,0,274279,0,3212
2024-06-16,Kosovo,Europe,0,274279,0,3212
2024-06-23,Kosovo,Europe,0,274279,0,3212
2024-06-30,Kosovo,Europe,0,274279,0,3212
2024-07-07,Kosovo,Europe,0,274279,0,3212
2024-07-14,Kosovo,Europe,0,274279,0,3212
2024-07-21,Kosovo,Europe,0,274279,0,3212
2024-07-28,Kosovo,Europe,0,274279,0,3212
2024-08-04,Kosovo,Europe,0,274279,0,3212
2024-08-11,Kosovo,Europe,0,274279,0,3212
2024-08-18,Kosovo,Europe,0,274279,0,3212
2024-08-25,Kosovo,Europe,0,274279,0,3212
2024-09-01,Kosovo,Europe,0,274279,0,3212
2020-01-05,Kuwait,Asia,0,0,0,0
2020-01-12,Kuwait,Asia,0,0,0,0
2020-01-19,Kuwait,Asia,0,0,0,0
2020-01-26,Kuwait,Asia,0,0,0,0
2020-02-02,Kuwait,Asia,0,0,0,0
2020-02-09,Kuwait,Asia,0,0,0,0
2020-02-16,Kuwait,Asia,0,0,0,0
2020-02-23,Kuwait,Asia,0,0,0,0
2020-03-01,Kuwait,Asia,45,45,0,0
2020-03-08,Kuwait,Asia,16,61,0,0
2020-03-15,Kuwait,Asia,43,104,0,0
2020-03-22,Kuwait,Asia,72,176,0,0
2020-03-29,Kuwait,Asia,59,235,0,0
2020-04-05,Kuwait,Asia,244,479,1,1
2020-04-12,Kuwait,Asia,675,1154,0,1
2020-04-19,Kuwait,Asia,597,1751,5,6
2020-04-26,Kuwait,Asia,1141,2892,13,19
2020-05-03,Kuwait,Asia,1727,4619,14,33
2020-05-10,Kuwait,Asia,3004,7623,16,49
2020-05-17,Kuwait,Asia,6179,13802,58,107
2020-05-24,Kuwait,Asia,6662,20464,41,148
2020-05-31,Kuwait,Asia,5728,26192,57,205
2020-06-07,Kuwait,Asia,4939,31131,49,254
2020-06-14,Kuwait,Asia,4335,35466,35,289
2020-06-21,Kuwait,Asia,3679,39145,30,319
2020-06-28,Kuwait,Asia,5246,44391,25,344
2020-07-05,Kuwait,Asia,4912,49303,21,365
2020-07-12,Kuwait,Asia,4755,54058,21,386
2020-07-19,Kuwait,Asia,4846,58904,21,407
2020-07-26,Kuwait,Asia,4405,63309,22,429
2020-08-02,Kuwait,Asia,4139,67448,24,453
2020-08-09,Kuwait,Asia,3751,71199,21,474
2020-08-16,Kuwait,Asia,4498,75697,24,498
2020-08-23,Kuwait,Asia,4260,79957,15,513
2020-08-30,Kuwait,Asia,4267,84224,15,528
2020-09-06,Kuwait,Asia,4739,88963,12,540
2020-09-13,Kuwait,Asia,5248,94211,18,558
2020-09-20,Kuwait,Asia,4838,99049,23,581
2020-09-27,Kuwait,Asia,4150,103199,16,597
2020-10-04,Kuwait,Asia,3259,106458,23,620
2020-10-11,Kuwait,Asia,4110,110568,35,655
2020-10-18,Kuwait,Asia,4915,115483,39,694
2020-10-25,Kuwait,Asia,5444,120927,50,744
2020-11-01,Kuwait,Asia,4999,125926,35,779
2020-11-08,Kuwait,Asia,5279,131205,29,808
2020-11-15,Kuwait,Asia,5136,136341,27,835
2020-11-22,Kuwait,Asia,3393,139734,28,863
2020-11-29,Kuwait,Asia,2461,142195,12,875
2020-12-06,Kuwait,Asia,1969,144164,14,889
2020-12-13,Kuwait,Asia,1880,146044,22,911
2020-12-20,Kuwait,Asia,1731,147775,7,918
2020-12-27,Kuwait,Asia,1674,149449,11,929
2021-01-03,Kuwait,Asia,1625,151074,8,937
2021-01-10,Kuwait,Asia,2826,153900,5,942
2021-01-17,Kuwait,Asia,3499,157399,5,947
2021-01-24,Kuwait,Asia,3502,160901,5,952
2021-01-31,Kuwait,Asia,3721,164622,7,959
2021-02-07,Kuwait,Asia,5414,170036,5,964
2021-02-14,Kuwait,Asia,6867,176903,34,998
2021-02-21,Kuwait,Asia,6419,183322,41,1039
2021-02-28,Kuwait,Asia,6568,189890,39,1078
2021-03-07,Kuwait,Asia,9538,199428,42,1120
2021-03-14,Kuwait,Asia,9032,208460,45,1165
2021-03-21,Kuwait,Asia,9473,217933,50,1215
2021-03-28,Kuwait,Asia,9245,227178,64,1279
2021-04-04,Kuwait,Asia,8811,235989,60,1339
2021-04-11,Kuwait,Asia,9715,245704,64,1403
2021-04-18,Kuwait,Asia,10156,255860,37,1440
2021-04-25,Kuwait,Asia,9544,265404,71,1511
2021-05-02,Kuwait,Asia,9866,275270,58,1569
2021-05-09,Kuwait,Asia,8806,284076,66,1635
2021-05-16,Kuwait,Asia,6725,290801,52,1687
2021-05-23,Kuwait,Asia,7422,298223,37,1724
2021-05-30,Kuwait,Asia,8494,306717,40,1764
2021-06-06,Kuwait,Asia,9183,315900,30,1794
2021-06-13,Kuwait,Asia,10551,326451,23,1817
2021-06-20,Kuwait,Asia,10920,337371,45,1862
2021-06-27,Kuwait,Asia,12552,349923,57,1919
2021-07-04,Kuwait,Asia,12095,362018,86,2005
2021-07-11,Kuwait,Asia,12086,374104,95,2100
2021-07-18,Kuwait,Asia,10469,384573,111,2211
2021-07-25,Kuwait,Asia,7208,391781,68,2279
2021-08-01,Kuwait,Asia,6050,397831,41,2320
2021-08-08,Kuwait,Asia,4963,402794,46,2366
2021-08-15,Kuwait,Asia,3440,406234,20,2386
2021-08-22,Kuwait,Asia,1844,408078,17,2403
2021-08-29,Kuwait,Asia,1285,409363,13,2416
2021-09-05,Kuwait,Asia,907,410270,7,2423
2021-09-12,Kuwait,Asia,464,410734,7,2430
2021-09-19,Kuwait,Asia,390,411124,8,2438
2021-09-26,Kuwait,Asia,323,411447,7,2445
2021-10-03,Kuwait,Asia,284,411731,6,2451
2021-10-10,Kuwait,Asia,317,412048,3,2454
2021-10-17,Kuwait,Asia,249,412297,2,2456
2021-10-24,Kuwait,Asia,209,412506,4,2460
2021-10-31,Kuwait,Asia,147,412653,1,2461
2021-11-07,Kuwait,Asia,168,412821,1,2462
2021-11-14,Kuwait,Asia,161,412982,0,2462
2021-11-21,Kuwait,Asia,138,413120,2,2464
2021-11-28,Kuwait,Asia,146,413266,1,2465
2021-12-05,Kuwait,Asia,198,413464,0,2465
2021-12-12,Kuwait,Asia,208,413672,1,2466
2021-12-19,Kuwait,Asia,351,414023,0,2466
2021-12-26,Kuwait,Asia,888,414911,2,2468
2022-01-02,Kuwait,Asia,2812,417723,0,2468
2022-01-09,Kuwait,Asia,13197,430920,3,2471
2022-01-16,Kuwait,Asia,29908,460828,4,2475
2022-01-23,Kuwait,Asia,32279,493107,10,2485
2022-01-30,Kuwait,Asia,40955,534062,9,2494
2022-02-06,Kuwait,Asia,40525,574587,14,2508
2022-02-13,Kuwait,Asia,24452,599039,11,2519
2022-02-20,Kuwait,Asia,12781,611820,9,2528
2022-02-27,Kuwait,Asia,6883,618703,8,2536
2022-03-06,Kuwait,Asia,3786,622489,8,2544
2022-03-13,Kuwait,Asia,2972,625461,6,2550
2022-03-20,Kuwait,Asia,1682,627143,3,2553
2022-03-27,Kuwait,Asia,1317,628460,0,2553
2022-04-03,Kuwait,Asia,1065,629525,1,2554
2022-04-10,Kuwait,Asia,797,630322,1,2555
2022-04-17,Kuwait,Asia,624,630946,0,2555
2022-04-24,Kuwait,Asia,463,631409,0,2555
2022-05-01,Kuwait,Asia,319,631728,0,2555
2022-05-08,Kuwait,Asia,201,631929,0,2555
2022-05-15,Kuwait,Asia,440,632369,0,2555
2022-05-22,Kuwait,Asia,412,632781,0,2555
2022-05-29,Kuwait,Asia,535,633316,0,2555
2022-06-05,Kuwait,Asia,851,634167,0,2555
2022-06-12,Kuwait,Asia,1701,635868,0,2555
2022-06-19,Kuwait,Asia,2840,638708,0,2555
2022-06-26,Kuwait,Asia,3277,641985,0,2555
2022-07-03,Kuwait,Asia,3130,645115,0,2555
2022-07-10,Kuwait,Asia,2820,647935,1,2556
2022-07-17,Kuwait,Asia,2150,650085,2,2558
2022-07-24,Kuwait,Asia,2935,653020,1,2559
2022-07-31,Kuwait,Asia,1651,654671,3,2562
2022-08-07,Kuwait,Asia,1061,655732,0,2562
2022-08-14,Kuwait,Asia,724,656456,1,2563
2022-08-21,Kuwait,Asia,586,657042,0,2563
2022-08-28,Kuwait,Asia,353,657395,0,2563
2022-09-04,Kuwait,Asia,350,657745,0,2563
2022-09-11,Kuwait,Asia,396,658141,0,2563
2022-09-18,Kuwait,Asia,576,658717,0,2563
2022-09-25,Kuwait,Asia,627,659344,0,2563
2022-10-02,Kuwait,Asia,579,659923,1,2564
2022-10-09,Kuwait,Asia,744,660667,0,2564
2022-10-16,Kuwait,Asia,666,661333,1,2565
2022-10-23,Kuwait,Asia,454,661787,1,2566
2022-10-30,Kuwait,Asia,336,662123,3,2569
2022-11-06,Kuwait,Asia,236,662359,0,2569
2022-11-13,Kuwait,Asia,165,662524,1,2570
2022-11-20,Kuwait,Asia,107,662631,0,2570
2022-11-27,Kuwait,Asia,96,662727,0,2570
2022-12-04,Kuwait,Asia,61,662788,0,2570
2022-12-11,Kuwait,Asia,70,662858,0,2570
2022-12-18,Kuwait,Asia,0,662858,0,2570
2022-12-25,Kuwait,Asia,60,662918,0,2570
2023-01-01,Kuwait,Asia,52,662970,0,2570
2023-01-08,Kuwait,Asia,48,663018,0,2570
2023-01-15,Kuwait,Asia,63,663081,0,2570
2023-01-22,Kuwait,Asia,65,663146,0,2570
2023-01-29,Kuwait,Asia,0,663146,0,2570
2023-02-05,Kuwait,Asia,0,663146,0,2570
2023-02-12,Kuwait,Asia,128,663274,0,2570
2023-02-19,Kuwait,Asia,182,663456,0,2570
2023-02-26,Kuwait,Asia,0,663456,0,2570
2023-03-05,Kuwait,Asia,403,663859,0,2570
2023-03-12,Kuwait,Asia,543,664402,0,2570
2023-03-19,Kuwait,Asia,370,664772,0,2570
2023-03-26,Kuwait,Asia,350,665122,0,2570
2023-04-02,Kuwait,Asia,264,665386,0,2570
2023-04-09,Kuwait,Asia,141,665527,0,2570
2023-04-16,Kuwait,Asia,118,665645,0,2570
2023-04-23,Kuwait,Asia,96,665741,0,2570
2023-04-30,Kuwait,Asia,61,665802,0,2570
2023-05-07,Kuwait,Asia,49,665851,0,2570
2023-05-14,Kuwait,Asia,34,665885,0,2570
2023-05-21,Kuwait,Asia,24,665909,0,2570
2023-05-28,Kuwait,Asia,22,665931,0,2570
2023-06-04,Kuwait,Asia,11,665942,0,2570
2023-06-11,Kuwait,Asia,13,665955,0,2570
2023-06-18,Kuwait,Asia,12,665967,0,2570
2023-06-25,Kuwait,Asia,7,665974,0,2570
2023-07-02,Kuwait,Asia,8,665982,0,2570
2023-07-09,Kuwait,Asia,23,666005,0,2570
2023-07-16,Kuwait,Asia,6,666011,0,2570
2023-07-23,Kuwait,Asia,0,666011,0,2570
2023-07-30,Kuwait,Asia,0,666011,0,2570
2023-08-06,Kuwait,Asia,10,666021,0,2570
2023-08-13,Kuwait,Asia,22,666043,0,2570
2023-08-20,Kuwait,Asia,38,666081,0,2570
2023-08-27,Kuwait,Asia,42,666123,0,2570
2023-09-03,Kuwait,Asia,30,666153,0,2570
2023-09-10,Kuwait,Asia,53,666206,0,2570
2023-09-17,Kuwait,Asia,78,666284,0,2570
2023-09-24,Kuwait,Asia,0,666284,0,2570
2023-10-01,Kuwait,Asia,49,666333,0,2570
2023-10-08,Kuwait,Asia,58,666391,0,2570
2023-10-15,Kuwait,Asia,41,666432,0,2570
2023-10-22,Kuwait,Asia,28,666460,0,2570
2023-10-29,Kuwait,Asia,26,666486,0,2570
2023-11-05,Kuwait,Asia,15,666501,0,2570
2023-11-12,Kuwait,Asia,11,666512,0,2570
2023-11-19,Kuwait,Asia,8,666520,0,2570
2023-11-26,Kuwait,Asia,9,666529,0,2570
2023-12-03,Kuwait,Asia,9,666538,0,2570
2023-12-10,Kuwait,Asia,13,666551,0,2570
2023-12-17,Kuwait,Asia,0,666551,0,2570
2023-12-24,Kuwait,Asia,35,666586,0,2570
2023-12-31,Kuwait,Asia,0,666586,0,2570
2024-01-07,Kuwait,Asia,67,666653,0,2570
2024-01-14,Kuwait,Asia,103,666756,0,2570
2024-01-21,Kuwait,Asia,120,666876,0,2570
2024-01-28,Kuwait,Asia,84,666960,0,2570
2024-02-04,Kuwait,Asia,66,667026,0,2570
2024-02-11,Kuwait,Asia,68,667094,0,2570
2024-02-18,Kuwait,Asia,45,667139,0,2570
2024-02-25,Kuwait,Asia,19,667158,0,2570
2024-03-03,Kuwait,Asia,19,667177,0,2570
2024-03-10,Kuwait,Asia,19,667196,0,2570
2024-03-17,Kuwait,Asia,7,667203,0,2570
2024-03-24,Kuwait,Asia,20,667223,0,2570
2024-03-31,Kuwait,Asia,0,667223,0,2570
2024-04-07,Kuwait,Asia,8,667231,0,2570
2024-04-14,Kuwait,Asia,0,667231,0,2570
2024-04-21,Kuwait,Asia,27,667258,0,2570
2024-04-28,Kuwait,Asia,32,667290,0,2570
2024-05-05,Kuwait,Asia,0,667290,0,2570
2024-05-12,Kuwait,Asia,0,667290,0,2570
2024-05-19,Kuwait,Asia,0,667290,0,2570
2024-05-26,Kuwait,Asia,0,667290,0,2570
2024-06-02,Kuwait,Asia,0,667290,0,2570
2024-06-09,Kuwait,Asia,0,667290,0,2570
2024-06-16,Kuwait,Asia,0,667290,0,2570
2024-06-23,Kuwait,Asia,0,667290,0,2570
2024-06-30,Kuwait,Asia,0,667290,0,2570
2024-07-07,Kuwait,Asia,0,667290,0,2570
2024-07-14,Kuwait,Asia,0,667290,0,2570
2024-07-21,Kuwait,Asia,0,667290,0,2570
2024-07-28,Kuwait,Asia,0,667290,0,2570
2024-08-04,Kuwait,Asia,0,667290,0,2570
2024-08-11,Kuwait,Asia,0,667290,0,2570
2024-08-18,Kuwait,Asia,0,667290,0,2570
2024-08-25,Kuwait,Asia,0,667290,0,2570
2024-09-01,Kuwait,Asia,0,667290,0,2570
2020-01-05,Kyrgyzstan,Asia,0,0,0,0
2020-01-12,Kyrgyzstan,Asia,0,0,0,0
2020-01-19,Kyrgyzstan,Asia,0,0,0,0
2020-01-26,Kyrgyzstan,Asia,0,0,0,0
2020-02-02,Kyrgyzstan,Asia,0,0,0,0
2020-02-09,Kyrgyzstan,Asia,0,0,0,0
2020-02-16,Kyrgyzstan,Asia,0,0,0,0
2020-02-23,Kyrgyzstan,Asia,0,0,0,0
2020-03-01,Kyrgyzstan,Asia,0,0,0,0
2020-03-08,Kyrgyzstan,Asia,0,0,0,0
2020-03-15,Kyrgyzstan,Asia,0,0,0,0
2020-03-22,Kyrgyzstan,Asia,0,0,0,0
2020-03-29,Kyrgyzstan,Asia,0,0,0,0
2020-04-05,Kyrgyzstan,Asia,0,0,0,0
2020-04-12,Kyrgyzstan,Asia,0,0,0,0
2020-04-19,Kyrgyzstan,Asia,0,0,0,0
2020-04-26,Kyrgyzstan,Asia,0,0,0,0
2020-05-03,Kyrgyzstan,Asia,0,0,0,0
2020-05-10,Kyrgyzstan,Asia,0,0,0,0
2020-05-17,Kyrgyzstan,Asia,0,0,0,0
2020-05-24,Kyrgyzstan,Asia,0,0,0,0
2020-05-31,Kyrgyzstan,Asia,0,0,0,0
2020-06-07,Kyrgyzstan,Asia,0,0,0,0
2020-06-14,Kyrgyzstan,Asia,0,0,0,0
2020-06-21,Kyrgyzstan,Asia,0,0,0,0
2020-06-28,Kyrgyzstan,Asia,0,0,0,0
2020-07-05,Kyrgyzstan,Asia,0,0,0,0
2020-07-12,Kyrgyzstan,Asia,0,0,0,0
2020-07-19,Kyrgyzstan,Asia,0,0,0,0
2020-07-26,Kyrgyzstan,Asia,0,0,0,0
2020-08-02,Kyrgyzstan,Asia,0,0,0,0
2020-08-09,Kyrgyzstan,Asia,0,0,0,0
2020-08-16,Kyrgyzstan,Asia,0,0,0,0
2020-08-23,Kyrgyzstan,Asia,0,0,0,0
2020-08-30,Kyrgyzstan,Asia,0,0,0,0
2020-09-06,Kyrgyzstan,Asia,0,0,0,0
2020-09-13,Kyrgyzstan,Asia,0,0,0,0
2020-09-20,Kyrgyzstan,Asia,0,0,0,0
2020-09-27,Kyrgyzstan,Asia,0,0,0,0
2020-10-04,Kyrgyzstan,Asia,0,0,0,0
2020-10-11,Kyrgyzstan,Asia,0,0,0,0
2020-10-18,Kyrgyzstan,Asia,0,0,0,0
2020-10-25,Kyrgyzstan,Asia,0,0,0,0
2020-11-01,Kyrgyzstan,Asia,0,0,0,0
2020-11-08,Kyrgyzstan,Asia,0,0,0,0
2020-11-15,Kyrgyzstan,Asia,0,0,0,0
2020-11-22,Kyrgyzstan,Asia,0,0,0,0
2020-11-29,Kyrgyzstan,Asia,0,0,0,0
2020-12-06,Kyrgyzstan,Asia,0,0,0,0
2020-12-13,Kyrgyzstan,Asia,0,0,0,0
2020-12-20,Kyrgyzstan,Asia,0,0,0,0
2020-12-27,Kyrgyzstan,Asia,0,0,0,0
2021-01-03,Kyrgyzstan,Asia,0,0,0,0
2021-01-10,Kyrgyzstan,Asia,0,0,0,0
2021-01-17,Kyrgyzstan,Asia,0,0,0,0
2021-01-24,Kyrgyzstan,Asia,0,0,0,0
2021-01-31,Kyrgyzstan,Asia,0,0,0,0
2021-02-07,Kyrgyzstan,Asia,0,0,0,0
2021-02-14,Kyrgyzstan,Asia,0,0,0,0
2021-02-21,Kyrgyzstan,Asia,0,0,0,0
2021-02-28,Kyrgyzstan,Asia,0,0,0,0
2021-03-07,Kyrgyzstan,Asia,0,0,0,0
2021-03-14,Kyrgyzstan,Asia,0,0,0,0
2021-03-21,Kyrgyzstan,Asia,0,0,0,0
2021-03-28,Kyrgyzstan,Asia,0,0,0,0
2021-04-04,Kyrgyzstan,Asia,0,0,0,0
2021-04-11,Kyrgyzstan,Asia,0,0,0,0
2021-04-18,Kyrgyzstan,Asia,0,0,0,0
2021-04-25,Kyrgyzstan,Asia,0,0,0,0
2021-05-02,Kyrgyzstan,Asia,0,0,0,0
2021-05-09,Kyrgyzstan,Asia,0,0,0,0
2021-05-16,Kyrgyzstan,Asia,0,0,0,0
2021-05-23,Kyrgyzstan,Asia,0,0,0,0
2021-05-30,Kyrgyzstan,Asia,0,0,0,0
2021-06-06,Kyrgyzstan,Asia,0,0,0,0
2021-06-13,Kyrgyzstan,Asia,0,0,0,0
2021-06-20,Kyrgyzstan,Asia,0,0,0,0
2021-06-27,Kyrgyzstan,Asia,6331,6331,45,45
2021-07-04,Kyrgyzstan,Asia,10124,16455,64,109
2021-07-11,Kyrgyzstan,Asia,8908,25363,67,176
2021-07-18,Kyrgyzstan,Asia,9338,34701,73,249
2021-07-25,Kyrgyzstan,Asia,7804,42505,75,324
2021-08-01,Kyrgyzstan,Asia,6623,49128,83,407
2021-08-08,Kyrgyzstan,Asia,4757,53885,63,470
2021-08-15,Kyrgyzstan,Asia,2827,56712,44,514
2021-08-22,Kyrgyzstan,Asia,1821,58533,38,552
2021-08-29,Kyrgyzstan,Asia,1441,59974,35,587
2021-09-05,Kyrgyzstan,Asia,993,60967,30,617
2021-09-12,Kyrgyzstan,Asia,644,61611,20,637
2021-09-19,Kyrgyzstan,Asia,554,62165,16,653
2021-09-26,Kyrgyzstan,Asia,537,62702,12,665
2021-10-03,Kyrgyzstan,Asia,466,63168,6,671
2021-10-10,Kyrgyzstan,Asia,553,63721,12,683
2021-10-17,Kyrgyzstan,Asia,577,64298,16,699
2021-10-24,Kyrgyzstan,Asia,716,65014,19,718
2021-10-31,Kyrgyzstan,Asia,698,65712,17,735
2021-11-07,Kyrgyzstan,Asia,555,66267,17,752
2021-11-14,Kyrgyzstan,Asia,543,66810,18,770
2021-11-21,Kyrgyzstan,Asia,459,67269,20,790
2021-11-28,Kyrgyzstan,Asia,401,67670,16,806
2021-12-05,Kyrgyzstan,Asia,364,68034,17,823
2021-12-12,Kyrgyzstan,Asia,342,68376,10,833
2021-12-19,Kyrgyzstan,Asia,227,68603,14,847
2021-12-26,Kyrgyzstan,Asia,288,68891,13,860
2022-01-02,Kyrgyzstan,Asia,321,69212,8,868
2022-01-09,Kyrgyzstan,Asia,1238,70450,14,882
2022-01-16,Kyrgyzstan,Asia,4403,74853,14,896
2022-01-23,Kyrgyzstan,Asia,5352,80205,18,914
2022-01-30,Kyrgyzstan,Asia,1,80206,0,914
2022-02-06,Kyrgyzstan,Asia,1203,81409,25,939
2022-02-13,Kyrgyzstan,Asia,547,81956,25,964
2022-02-20,Kyrgyzstan,Asia,271,82227,16,980
2022-02-27,Kyrgyzstan,Asia,163,82390,11,991
2022-03-06,Kyrgyzstan,Asia,141,82531,9,1000
2022-03-13,Kyrgyzstan,Asia,101,82632,7,1007
2022-03-20,Kyrgyzstan,Asia,76,82708,7,1014
2022-03-27,Kyrgyzstan,Asia,74,82782,4,1018
2022-04-03,Kyrgyzstan,Asia,76,82858,6,1024
2022-04-10,Kyrgyzstan,Asia,2,82860,0,1024
2022-04-17,Kyrgyzstan,Asia,10,82870,0,1024
2022-04-24,Kyrgyzstan,Asia,10,82880,0,1024
2022-05-01,Kyrgyzstan,Asia,3,82883,0,1024
2022-05-08,Kyrgyzstan,Asia,0,82883,0,1024
2022-05-15,Kyrgyzstan,Asia,3,82886,0,1024
2022-05-22,Kyrgyzstan,Asia,0,82886,0,1024
2022-05-29,Kyrgyzstan,Asia,5,82891,0,1024
2022-06-05,Kyrgyzstan,Asia,2,82893,0,1024
2022-06-12,Kyrgyzstan,Asia,12,82905,0,1024
2022-06-19,Kyrgyzstan,Asia,7,82912,0,1024
2022-06-26,Kyrgyzstan,Asia,29,82941,0,1024
2022-07-03,Kyrgyzstan,Asia,48,82989,0,1024
2022-07-10,Kyrgyzstan,Asia,114,83103,0,1024
2022-07-17,Kyrgyzstan,Asia,489,83592,0,1024
2022-07-24,Kyrgyzstan,Asia,981,84573,0,1024
2022-07-31,Kyrgyzstan,Asia,1091,85664,0,1024
2022-08-07,Kyrgyzstan,Asia,895,86559,0,1024
2022-08-14,Kyrgyzstan,Asia,527,87086,0,1024
2022-08-21,Kyrgyzstan,Asia,339,87425,0,1024
2022-08-28,Kyrgyzstan,Asia,179,87604,0,1024
2022-09-04,Kyrgyzstan,Asia,119,87723,0,1024
2022-09-11,Kyrgyzstan,Asia,85,87808,0,1024
2022-09-18,Kyrgyzstan,Asia,78,87886,0,1024
2022-09-25,Kyrgyzstan,Asia,85,87971,0,1024
2022-10-02,Kyrgyzstan,Asia,77,88048,0,1024
2022-10-09,Kyrgyzstan,Asia,90,88138,0,1024
2022-10-16,Kyrgyzstan,Asia,84,88222,0,1024
2022-10-23,Kyrgyzstan,Asia,65,88287,0,1024
2022-10-30,Kyrgyzstan,Asia,53,88340,0,1024
2022-11-06,Kyrgyzstan,Asia,13,88353,0,1024
2022-11-13,Kyrgyzstan,Asia,19,88372,0,1024
2022-11-20,Kyrgyzstan,Asia,28,88400,0,1024
2022-11-27,Kyrgyzstan,Asia,19,88419,0,1024
2022-12-04,Kyrgyzstan,Asia,12,88431,0,1024
2022-12-11,Kyrgyzstan,Asia,10,88441,0,1024
2022-12-18,Kyrgyzstan,Asia,4,88445,0,1024
2022-12-25,Kyrgyzstan,Asia,10,88455,0,1024
2023-01-01,Kyrgyzstan,Asia,12,88467,0,1024
2023-01-08,Kyrgyzstan,Asia,6,88473,0,1024
2023-01-15,Kyrgyzstan,Asia,2,88475,0,1024
2023-01-22,Kyrgyzstan,Asia,3,88478,0,1024
2023-01-29,Kyrgyzstan,Asia,1,88479,0,1024
2023-02-05,Kyrgyzstan,Asia,7,88486,0,1024
2023-02-12,Kyrgyzstan,Asia,12,88498,0,1024
2023-02-19,Kyrgyzstan,Asia,22,88520,0,1024
2023-02-26,Kyrgyzstan,Asia,40,88560,0,1024
2023-03-05,Kyrgyzstan,Asia,35,88595,0,1024
2023-03-12,Kyrgyzstan,Asia,32,88627,0,1024
2023-03-19,Kyrgyzstan,Asia,29,88656,0,1024
2023-03-26,Kyrgyzstan,Asia,36,88692,0,1024
2023-04-02,Kyrgyzstan,Asia,27,88719,0,1024
2023-04-09,Kyrgyzstan,Asia,17,88736,0,1024
2023-04-16,Kyrgyzstan,Asia,17,88753,0,1024
2023-04-23,Kyrgyzstan,Asia,10,88763,0,1024
2023-04-30,Kyrgyzstan,Asia,12,88775,0,1024
2023-05-07,Kyrgyzstan,Asia,1,88776,0,1024
2023-05-14,Kyrgyzstan,Asia,1,88777,0,1024
2023-05-21,Kyrgyzstan,Asia,2,88779,0,1024
2023-05-28,Kyrgyzstan,Asia,5,88784,0,1024
2023-06-04,Kyrgyzstan,Asia,2,88786,0,1024
2023-06-11,Kyrgyzstan,Asia,3,88789,0,1024
2023-06-18,Kyrgyzstan,Asia,4,88793,0,1024
2023-06-25,Kyrgyzstan,Asia,8,88801,0,1024
2023-07-02,Kyrgyzstan,Asia,2,88803,0,1024
2023-07-09,Kyrgyzstan,Asia,5,88808,0,1024
2023-07-16,Kyrgyzstan,Asia,5,88813,0,1024
2023-07-23,Kyrgyzstan,Asia,2,88815,0,1024
2023-07-30,Kyrgyzstan,Asia,8,88823,0,1024
2023-08-06,Kyrgyzstan,Asia,4,88827,0,1024
2023-08-13,Kyrgyzstan,Asia,4,88831,0,1024
2023-08-20,Kyrgyzstan,Asia,11,88842,0,1024
2023-08-27,Kyrgyzstan,Asia,9,88851,0,1024
2023-09-03,Kyrgyzstan,Asia,7,88858,0,1024
2023-09-10,Kyrgyzstan,Asia,9,88867,0,1024
2023-09-17,Kyrgyzstan,Asia,9,88876,0,1024
2023-09-24,Kyrgyzstan,Asia,13,88889,0,1024
2023-10-01,Kyrgyzstan,Asia,11,88900,0,1024
2023-10-08,Kyrgyzstan,Asia,5,88905,0,1024
2023-10-15,Kyrgyzstan,Asia,3,88908,0,1024
2023-10-22,Kyrgyzstan,Asia,9,88917,0,1024
2023-10-29,Kyrgyzstan,Asia,7,88924,0,1024
2023-11-05,Kyrgyzstan,Asia,0,88924,0,1024
2023-11-12,Kyrgyzstan,Asia,2,88926,0,1024
2023-11-19,Kyrgyzstan,Asia,1,88927,0,1024
2023-11-26,Kyrgyzstan,Asia,4,88931,0,1024
2023-12-03,Kyrgyzstan,Asia,1,88932,0,1024
2023-12-10,Kyrgyzstan,Asia,0,88932,0,1024
2023-12-17,Kyrgyzstan,Asia,2,88934,0,1024
2023-12-24,Kyrgyzstan,Asia,3,88937,0,1024
2023-12-31,Kyrgyzstan,Asia,6,88943,0,1024
2024-01-07,Kyrgyzstan,Asia,1,88944,0,1024
2024-01-14,Kyrgyzstan,Asia,4,88948,0,1024
2024-01-21,Kyrgyzstan,Asia,5,88953,0,1024
2024-01-28,Kyrgyzstan,Asia,0,88953,0,1024
2024-02-04,Kyrgyzstan,Asia,0,88953,0,1024
2024-02-11,Kyrgyzstan,Asia,0,88953,0,1024
2024-02-18,Kyrgyzstan,Asia,0,88953,0,1024
2024-02-25,Kyrgyzstan,Asia,0,88953,0,1024
2024-03-03,Kyrgyzstan,Asia,0,88953,0,1024
2024-03-10,Kyrgyzstan,Asia,0,88953,0,1024
2024-03-17,Kyrgyzstan,Asia,0,88953,0,1024
2024-03-24,Kyrgyzstan,Asia,0,88953,0,1024
2024-03-31,Kyrgyzstan,Asia,0,88953,0,1024
2024-04-07,Kyrgyzstan,Asia,0,88953,0,1024
2024-04-14,Kyrgyzstan,Asia,0,88953,0,1024
2024-04-21,Kyrgyzstan,Asia,0,88953,0,1024
2024-04-28,Kyrgyzstan,Asia,0,88953,0,1024
2024-05-05,Kyrgyzstan,Asia,0,88953,0,1024
2024-05-12,Kyrgyzstan,Asia,0,88953,0,1024
2024-05-19,Kyrgyzstan,Asia,0,88953,0,1024
2024-05-26,Kyrgyzstan,Asia,0,88953,0,1024
2024-06-02,Kyrgyzstan,Asia,0,88953,0,1024
2024-06-09,Kyrgyzstan,Asia,0,88953,0,1024
2024-06-16,Kyrgyzstan,Asia,0,88953,0,1024
2024-06-23,Kyrgyzstan,Asia,0,88953,0,1024
2024-06-30,Kyrgyzstan,Asia,0,88953,0,1024
2024-07-07,Kyrgyzstan,Asia,0,88953,0,1024
2024-07-14,Kyrgyzstan,Asia,0,88953,0,1024
2024-07-21,Kyrgyzstan,Asia,0,88953,0,1024
2024-07-28,Kyrgyzstan,Asia,0,88953,0,1024
2024-08-04,Kyrgyzstan,Asia,0,88953,0,1024
2024-08-11,Kyrgyzstan,Asia,0,88953,0,1024
2024-08-18,Kyrgyzstan,Asia,0,88953,0,1024
2024-08-25,Kyrgyzstan,Asia,0,88953,0,1024
2024-09-01,Kyrgyzstan,Asia,0,88953,0,1024
2020-01-05,Lao People's Democratic Republic,Asia,0,0,0,0
2020-01-12,Lao People's Democratic Republic,Asia,0,0,0,0
2020-01-19,Lao People's Democratic Republic,Asia,0,0,0,0
2020-01-26,Lao People's Democratic Republic,Asia,0,0,0,0
2020-02-02,Lao People's Democratic Republic,Asia,0,0,0,0
2020-02-09,Lao People's Democratic Republic,Asia,0,0,0,0
2020-02-16,Lao People's Democratic Republic,Asia,0,0,0,0
2020-02-23,Lao People's Democratic Republic,Asia,0,0,0,0
2020-03-01,Lao People's Democratic Republic,Asia,0,0,0,0
2020-03-08,Lao People's Democratic Republic,Asia,0,0,0,0
2020-03-15,Lao People's Democratic Republic,Asia,0,0,0,0
2020-03-22,Lao People's Democratic Republic,Asia,0,0,0,0
2020-03-29,Lao People's Democratic Republic,Asia,6,6,0,0
2020-04-05,Lao People's Democratic Republic,Asia,4,10,0,0
2020-04-12,Lao People's Democratic Republic,Asia,6,16,0,0
2020-04-19,Lao People's Democratic Republic,Asia,3,19,0,0
2020-04-26,Lao People's Democratic Republic,Asia,0,19,0,0
2020-05-03,Lao People's Democratic Republic,Asia,0,19,0,0
2020-05-10,Lao People's Democratic Republic,Asia,0,19,0,0
2020-05-17,Lao People's Democratic Republic,Asia,0,19,0,0
2020-05-24,Lao People's Democratic Republic,Asia,0,19,0,0
2020-05-31,Lao People's Democratic Republic,Asia,0,19,0,0
2020-06-07,Lao People's Democratic Republic,Asia,0,19,0,0
2020-06-14,Lao People's Democratic Republic,Asia,0,19,0,0
2020-06-21,Lao People's Democratic Republic,Asia,0,19,0,0
2020-06-28,Lao People's Democratic Republic,Asia,0,19,0,0
2020-07-05,Lao People's Democratic Republic,Asia,0,19,0,0
2020-07-12,Lao People's Democratic Republic,Asia,0,19,0,0
2020-07-19,Lao People's Democratic Republic,Asia,0,19,0,0
2020-07-26,Lao People's Democratic Republic,Asia,1,20,0,0
2020-08-02,Lao People's Democratic Republic,Asia,0,20,0,0
2020-08-09,Lao People's Democratic Republic,Asia,0,20,0,0
2020-08-16,Lao People's Democratic Republic,Asia,2,22,0,0
2020-08-23,Lao People's Democratic Republic,Asia,0,22,0,0
2020-08-30,Lao People's Democratic Republic,Asia,0,22,0,0
2020-09-06,Lao People's Democratic Republic,Asia,0,22,0,0
2020-09-13,Lao People's Democratic Republic,Asia,1,23,0,0
2020-09-20,Lao People's Democratic Republic,Asia,0,23,0,0
2020-09-27,Lao People's Democratic Republic,Asia,0,23,0,0
2020-10-04,Lao People's Democratic Republic,Asia,0,23,0,0
2020-10-11,Lao People's Democratic Republic,Asia,0,23,0,0
2020-10-18,Lao People's Democratic Republic,Asia,0,23,0,0
2020-10-25,Lao People's Democratic Republic,Asia,1,24,0,0
2020-11-01,Lao People's Democratic Republic,Asia,0,24,0,0
2020-11-08,Lao People's Democratic Republic,Asia,0,24,0,0
2020-11-15,Lao People's Democratic Republic,Asia,0,24,0,0
2020-11-22,Lao People's Democratic Republic,Asia,1,25,0,0
2020-11-29,Lao People's Democratic Republic,Asia,14,39,0,0
2020-12-06,Lao People's Democratic Republic,Asia,0,39,0,0
2020-12-13,Lao People's Democratic Republic,Asia,2,41,0,0
2020-12-20,Lao People's Democratic Republic,Asia,0,41,0,0
2020-12-27,Lao People's Democratic Republic,Asia,0,41,0,0
2021-01-03,Lao People's Democratic Republic,Asia,0,41,0,0
2021-01-10,Lao People's Democratic Republic,Asia,0,41,0,0
2021-01-17,Lao People's Democratic Republic,Asia,0,41,0,0
2021-01-24,Lao People's Democratic Republic,Asia,2,43,0,0
2021-01-31,Lao People's Democratic Republic,Asia,1,44,0,0
2021-02-07,Lao People's Democratic Republic,Asia,1,45,0,0
2021-02-14,Lao People's Democratic Republic,Asia,0,45,0,0
2021-02-21,Lao People's Democratic Republic,Asia,0,45,0,0
2021-02-28,Lao People's Democratic Republic,Asia,0,45,0,0
2021-03-07,Lao People's Democratic Republic,Asia,2,47,0,0
2021-03-14,Lao People's Democratic Republic,Asia,2,49,0,0
2021-03-21,Lao People's Democratic Republic,Asia,0,49,0,0
2021-03-28,Lao People's Democratic Republic,Asia,0,49,0,0
2021-04-04,Lao People's Democratic Republic,Asia,0,49,0,0
2021-04-11,Lao People's Democratic Republic,Asia,2,51,0,0
2021-04-18,Lao People's Democratic Republic,Asia,7,58,0,0
2021-04-25,Lao People's Democratic Republic,Asia,254,312,0,0
2021-05-02,Lao People's Democratic Republic,Asia,568,880,0,0
2021-05-09,Lao People's Democratic Republic,Asia,362,1242,1,1
2021-05-16,Lao People's Democratic Republic,Asia,289,1531,1,2
2021-05-23,Lao People's Democratic Republic,Asia,210,1741,0,2
2021-05-30,Lao People's Democratic Republic,Asia,110,1851,1,3
2021-06-06,Lao People's Democratic Republic,Asia,52,1903,0,3
2021-06-13,Lao People's Democratic Republic,Asia,33,1936,0,3
2021-06-20,Lao People's Democratic Republic,Asia,57,1993,0,3
2021-06-27,Lao People's Democratic Republic,Asia,57,2050,0,3
2021-07-04,Lao People's Democratic Republic,Asia,194,2244,0,3
2021-07-11,Lao People's Democratic Republic,Asia,475,2719,0,3
2021-07-18,Lao People's Democratic Republic,Asia,707,3426,2,5
2021-07-25,Lao People's Democratic Republic,Asia,1336,4762,0,5
2021-08-01,Lao People's Democratic Republic,Asia,1804,6566,2,7
2021-08-08,Lao People's Democratic Republic,Asia,1825,8391,1,8
2021-08-15,Lao People's Democratic Republic,Asia,1701,10092,1,9
2021-08-22,Lao People's Democratic Republic,Asia,2377,12469,2,11
2021-08-29,Lao People's Democratic Republic,Asia,2172,14641,1,12
2021-09-05,Lao People's Democratic Republic,Asia,1292,15933,4,16
2021-09-12,Lao People's Democratic Republic,Asia,1424,17357,0,16
2021-09-19,Lao People's Democratic Republic,Asia,1828,19185,0,16
2021-09-26,Lao People's Democratic Republic,Asia,2634,21819,0,16
2021-10-03,Lao People's Democratic Republic,Asia,3398,25217,6,22
2021-10-10,Lao People's Democratic Republic,Asia,3323,28540,4,26
2021-10-17,Lao People's Democratic Republic,Asia,3489,32029,14,40
2021-10-24,Lao People's Democratic Republic,Asia,3604,35633,12,52
2021-10-31,Lao People's Democratic Republic,Asia,4638,40271,13,65
2021-11-07,Lao People's Democratic Republic,Asia,6785,47056,17,82
2021-11-14,Lao People's Democratic Republic,Asia,7136,54192,17,99
2021-11-21,Lao People's Democratic Republic,Asia,7968,62160,33,132
2021-11-28,Lao People's Democratic Republic,Asia,9358,71518,27,159
2021-12-05,Lao People's Democratic Republic,Asia,8315,79833,48,207
2021-12-12,Lao People's Democratic Republic,Asia,9487,89320,40,247
2021-12-19,Lao People's Democratic Republic,Asia,9252,98572,26,273
2021-12-26,Lao People's Democratic Republic,Asia,7659,106231,52,325
2022-01-02,Lao People's Democratic Republic,Asia,6536,112767,55,380
2022-01-09,Lao People's Democratic Republic,Asia,6113,118880,57,437
2022-01-16,Lao People's Democratic Republic,Asia,5851,124731,58,495
2022-01-23,Lao People's Democratic Republic,Asia,5222,129953,31,526
2022-01-30,Lao People's Democratic Republic,Asia,3571,133524,18,544
2022-02-06,Lao People's Democratic Republic,Asia,2914,136438,30,574
2022-02-13,Lao People's Democratic Republic,Asia,2590,139028,20,594
2022-02-20,Lao People's Democratic Republic,Asia,2055,141083,16,610
2022-02-27,Lao People's Democratic Republic,Asia,1526,142609,11,621
2022-03-06,Lao People's Democratic Republic,Asia,1546,144155,8,629
2022-03-13,Lao People's Democratic Republic,Asia,2173,146328,11,640
2022-03-20,Lao People's Democratic Republic,Asia,6629,152957,5,645
2022-03-27,Lao People's Democratic Republic,Asia,15036,167993,16,661
2022-04-03,Lao People's Democratic Republic,Asia,15567,183560,10,671
2022-04-10,Lao People's Democratic Republic,Asia,11905,195465,0,671
2022-04-17,Lao People's Democratic Republic,Asia,4725,200190,0,671
2022-04-24,Lao People's Democratic Republic,Asia,5080,205270,0,671
2022-05-01,Lao People's Democratic Republic,Asia,2338,207608,0,671
2022-05-08,Lao People's Democratic Republic,Asia,1221,208829,0,671
2022-05-15,Lao People's Democratic Republic,Asia,605,209434,0,671
2022-05-22,Lao People's Democratic Republic,Asia,294,209728,0,671
2022-05-29,Lao People's Democratic Republic,Asia,237,209965,0,671
2022-06-05,Lao People's Democratic Republic,Asia,116,210081,0,671
2022-06-12,Lao People's Democratic Republic,Asia,66,210147,0,671
2022-06-19,Lao People's Democratic Republic,Asia,56,210203,0,671
2022-06-26,Lao People's Democratic Republic,Asia,44,210247,0,671
2022-07-03,Lao People's Democratic Republic,Asia,59,210306,0,671
2022-07-10,Lao People's Democratic Republic,Asia,55,210361,0,671
2022-07-17,Lao People's Democratic Republic,Asia,149,210510,0,671
2022-07-24,Lao People's Democratic Republic,Asia,256,210766,0,671
2022-07-31,Lao People's Democratic Republic,Asia,426,211192,0,671
2022-08-07,Lao People's Democratic Republic,Asia,579,211771,0,671
2022-08-14,Lao People's Democratic Republic,Asia,552,212323,0,671
2022-08-21,Lao People's Democratic Republic,Asia,834,213157,0,671
2022-08-28,Lao People's Democratic Republic,Asia,581,213738,0,671
2022-09-04,Lao People's Democratic Republic,Asia,619,214357,0,671
2022-09-11,Lao People's Democratic Republic,Asia,540,214897,0,671
2022-09-18,Lao People's Democratic Republic,Asia,494,215391,0,671
2022-09-25,Lao People's Democratic Republic,Asia,300,215691,0,671
2022-10-02,Lao People's Democratic Republic,Asia,169,215860,0,671
2022-10-09,Lao People's Democratic Republic,Asia,133,215993,0,671
2022-10-16,Lao People's Democratic Republic,Asia,95,216088,0,671
2022-10-23,Lao People's Democratic Republic,Asia,85,216173,0,671
2022-10-30,Lao People's Democratic Republic,Asia,56,216229,0,671
2022-11-06,Lao People's Democratic Republic,Asia,48,216277,0,671
2022-11-13,Lao People's Democratic Republic,Asia,78,216355,0,671
2022-11-20,Lao People's Democratic Republic,Asia,105,216460,0,671
2022-11-27,Lao People's Democratic Republic,Asia,132,216592,0,671
2022-12-04,Lao People's Democratic Republic,Asia,218,216810,0,671
2022-12-11,Lao People's Democratic Republic,Asia,335,217145,0,671
2022-12-18,Lao People's Democratic Republic,Asia,267,217412,0,671
2022-12-25,Lao People's Democratic Republic,Asia,230,217642,0,671
2023-01-01,Lao People's Democratic Republic,Asia,152,217794,0,671
2023-01-08,Lao People's Democratic Republic,Asia,63,217857,0,671
2023-01-15,Lao People's Democratic Republic,Asia,70,217927,0,671
2023-01-22,Lao People's Democratic Republic,Asia,15,217942,0,671
2023-01-29,Lao People's Democratic Republic,Asia,20,217962,0,671
2023-02-05,Lao People's Democratic Republic,Asia,25,217987,0,671
2023-02-12,Lao People's Democratic Republic,Asia,10,217997,0,671
2023-02-19,Lao People's Democratic Republic,Asia,9,218006,0,671
2023-02-26,Lao People's Democratic Republic,Asia,8,218014,0,671
2023-03-05,Lao People's Democratic Republic,Asia,5,218019,0,671
2023-03-12,Lao People's Democratic Republic,Asia,4,218023,0,671
2023-03-19,Lao People's Democratic Republic,Asia,3,218026,0,671
2023-03-26,Lao People's Democratic Republic,Asia,7,218033,0,671
2023-04-02,Lao People's Democratic Republic,Asia,4,218037,0,671
2023-04-09,Lao People's Democratic Republic,Asia,0,218037,0,671
2023-04-16,Lao People's Democratic Republic,Asia,11,218048,0,671
2023-04-23,Lao People's Democratic Republic,Asia,21,218069,0,671
2023-04-30,Lao People's Democratic Republic,Asia,8,218077,0,671
2023-05-07,Lao People's Democratic Republic,Asia,8,218085,0,671
2023-05-14,Lao People's Democratic Republic,Asia,13,218098,0,671
2023-05-21,Lao People's Democratic Republic,Asia,95,218193,0,671
2023-05-28,Lao People's Democratic Republic,Asia,32,218225,0,671
2023-06-04,Lao People's Democratic Republic,Asia,37,218262,0,671
2023-06-11,Lao People's Democratic Republic,Asia,57,218319,0,671
2023-06-18,Lao People's Democratic Republic,Asia,48,218367,0,671
2023-06-25,Lao People's Democratic Republic,Asia,52,218419,0,671
2023-07-02,Lao People's Democratic Republic,Asia,66,218485,0,671
2023-07-09,Lao People's Democratic Republic,Asia,84,218569,0,671
2023-07-16,Lao People's Democratic Republic,Asia,78,218647,0,671
2023-07-23,Lao People's Democratic Republic,Asia,55,218702,0,671
2023-07-30,Lao People's Democratic Republic,Asia,37,218739,0,671
2023-08-06,Lao People's Democratic Republic,Asia,23,218762,0,671
2023-08-13,Lao People's Democratic Republic,Asia,15,218777,0,671
2023-08-20,Lao People's Democratic Republic,Asia,16,218793,0,671
2023-08-27,Lao People's Democratic Republic,Asia,12,218805,0,671
2023-09-03,Lao People's Democratic Republic,Asia,11,218816,0,671
2023-09-10,Lao People's Democratic Republic,Asia,21,218837,0,671
2023-09-17,Lao People's Democratic Republic,Asia,16,218853,0,671
2023-09-24,Lao People's Democratic Republic,Asia,11,218864,0,671
2023-10-01,Lao People's Democratic Republic,Asia,6,218870,0,671
2023-10-08,Lao People's Democratic Republic,Asia,6,218876,0,671
2023-10-15,Lao People's Democratic Republic,Asia,0,218876,0,671
2023-10-22,Lao People's Democratic Republic,Asia,9,218885,0,671
2023-10-29,Lao People's Democratic Republic,Asia,6,218891,0,671
2023-11-05,Lao People's Democratic Republic,Asia,0,218891,0,671
2023-11-12,Lao People's Democratic Republic,Asia,3,218894,0,671
2023-11-19,Lao People's Democratic Republic,Asia,2,218896,0,671
2023-11-26,Lao People's Democratic Republic,Asia,2,218898,0,671
2023-12-03,Lao People's Democratic Republic,Asia,3,218901,0,671
2023-12-10,Lao People's Democratic Republic,Asia,0,218901,0,671
2023-12-17,Lao People's Democratic Republic,Asia,2,218903,0,671
2023-12-24,Lao People's Democratic Republic,Asia,3,218906,0,671
2023-12-31,Lao People's Democratic Republic,Asia,0,218906,0,671
2024-01-07,Lao People's Democratic Republic,Asia,0,218906,0,671
2024-01-14,Lao People's Democratic Republic,Asia,2,218908,0,671
2024-01-21,Lao People's Democratic Republic,Asia,5,218913,0,671
2024-01-28,Lao People's Democratic Republic,Asia,1,218914,0,671
2024-02-04,Lao People's Democratic Republic,Asia,3,218917,0,671
2024-02-11,Lao People's Democratic Republic,Asia,7,218924,0,671
2024-02-18,Lao People's Democratic Republic,Asia,7,218931,0,671
2024-02-25,Lao People's Democratic Republic,Asia,9,218940,0,671
2024-03-03,Lao People's Democratic Republic,Asia,8,218948,0,671
2024-03-10,Lao People's Democratic Republic,Asia,3,218951,0,671
2024-03-17,Lao People's Democratic Republic,Asia,4,218955,0,671
2024-03-24,Lao People's Democratic Republic,Asia,3,218958,0,671
2024-03-31,Lao People's Democratic Republic,Asia,4,218962,0,671
2024-04-07,Lao People's Democratic Republic,Asia,5,218967,0,671
2024-04-14,Lao People's Democratic Republic,Asia,56,219023,0,671
2024-04-21,Lao People's Democratic Republic,Asia,2,219025,0,671
2024-04-28,Lao People's Democratic Republic,Asia,5,219030,0,671
2024-05-05,Lao People's Democratic Republic,Asia,8,219038,0,671
2024-05-12,Lao People's Democratic Republic,Asia,4,219042,0,671
2024-05-19,Lao People's Democratic Republic,Asia,1,219043,0,671
2024-05-26,Lao People's Democratic Republic,Asia,2,219045,0,671
2024-06-02,Lao People's Democratic Republic,Asia,1,219046,0,671
2024-06-09,Lao People's Democratic Republic,Asia,2,219048,0,671
2024-06-16,Lao People's Democratic Republic,Asia,0,219048,0,671
2024-06-23,Lao People's Democratic Republic,Asia,0,219048,0,671
2024-06-30,Lao People's Democratic Republic,Asia,8,219056,0,671
2024-07-07,Lao People's Democratic Republic,Asia,4,219060,0,671
2024-07-14,Lao People's Democratic Republic,Asia,0,219060,0,671
2024-07-21,Lao People's Democratic Republic,Asia,0,219060,0,671
2024-07-28,Lao People's Democratic Republic,Asia,0,219060,0,671
2024-08-04,Lao People's Democratic Republic,Asia,0,219060,0,671
2024-08-11,Lao People's Democratic Republic,Asia,0,219060,0,671
2024-08-18,Lao People's Democratic Republic,Asia,0,219060,0,671
2024-08-25,Lao People's Democratic Republic,Asia,0,219060,0,671
2024-09-01,Lao People's Democratic Republic,Asia,0,219060,0,671
2020-01-05,Latvia,Europe,0,0,0,0
2020-01-12,Latvia,Europe,0,0,0,0
2020-01-19,Latvia,Europe,0,0,0,0
2020-01-26,Latvia,Europe,0,0,0,0
2020-02-02,Latvia,Europe,0,0,0,0
2020-02-09,Latvia,Europe,0,0,0,0
2020-02-16,Latvia,Europe,0,0,0,0
2020-02-23,Latvia,Europe,0,0,0,0
2020-03-01,Latvia,Europe,0,0,0,0
2020-03-08,Latvia,Europe,3,3,0,0
2020-03-15,Latvia,Europe,27,30,0,0
2020-03-22,Latvia,Europe,106,136,0,0
2020-03-29,Latvia,Europe,211,347,0,0
2020-04-05,Latvia,Europe,187,534,2,2
2020-04-12,Latvia,Europe,118,652,5,7
2020-04-19,Latvia,Europe,76,728,1,8
2020-04-26,Latvia,Europe,85,813,5,13
2020-05-03,Latvia,Europe,67,880,3,16
2020-05-10,Latvia,Europe,60,940,2,18
2020-05-17,Latvia,Europe,68,1008,2,20
2020-05-24,Latvia,Europe,39,1047,3,23
2020-05-31,Latvia,Europe,19,1066,2,25
2020-06-07,Latvia,Europe,22,1088,0,25
2020-06-14,Latvia,Europe,9,1097,3,28
2020-06-21,Latvia,Europe,14,1111,2,30
2020-06-28,Latvia,Europe,5,1116,0,30
2020-07-05,Latvia,Europe,8,1124,0,30
2020-07-12,Latvia,Europe,49,1173,1,31
2020-07-19,Latvia,Europe,19,1192,0,31
2020-07-26,Latvia,Europe,27,1219,0,31
2020-08-02,Latvia,Europe,24,1243,1,32
2020-08-09,Latvia,Europe,47,1290,0,32
2020-08-16,Latvia,Europe,32,1322,0,32
2020-08-23,Latvia,Europe,15,1337,1,33
2020-08-30,Latvia,Europe,56,1393,1,34
2020-09-06,Latvia,Europe,35,1428,1,35
2020-09-13,Latvia,Europe,46,1474,0,35
2020-09-20,Latvia,Europe,51,1525,1,36
2020-09-27,Latvia,Europe,151,1676,0,36
2020-10-04,Latvia,Europe,410,2086,3,39
2020-10-11,Latvia,Europe,584,2670,1,40
2020-10-18,Latvia,Europe,780,3450,4,44
2020-10-25,Latvia,Europe,1228,4678,16,60
2020-11-01,Latvia,Europe,1458,6136,20,80
2020-11-08,Latvia,Europe,1959,8095,25,105
2020-11-15,Latvia,Europe,2452,10547,30,135
2020-11-22,Latvia,Europe,2573,13120,40,175
2020-11-29,Latvia,Europe,3855,16975,58,233
2020-12-06,Latvia,Europe,4338,21313,63,296
2020-12-13,Latvia,Europe,4362,25675,103,399
2020-12-20,Latvia,Europe,5265,30940,106,505
2020-12-27,Latvia,Europe,5390,36330,127,632
2021-01-03,Latvia,Europe,6167,42497,96,728
2021-01-10,Latvia,Europe,7071,49568,189,917
2021-01-17,Latvia,Europe,6096,55664,140,1057
2021-01-24,Latvia,Europe,5342,61006,151,1208
2021-01-31,Latvia,Europe,5233,66239,155,1363
2021-02-07,Latvia,Europe,5559,71798,111,1474
2021-02-14,Latvia,Europe,4906,76704,99,1573
2021-02-21,Latvia,Europe,4813,81517,107,1680
2021-02-28,Latvia,Europe,4667,86184,88,1768
2021-03-07,Latvia,Europe,4145,90329,78,1846
2021-03-14,Latvia,Europe,3450,93779,63,1909
2021-03-21,Latvia,Europe,3628,97407,62,1971
2021-03-28,Latvia,Europe,3631,101038,46,2017
2021-04-04,Latvia,Europe,3065,104103,71,2088
2021-04-11,Latvia,Europe,3503,107606,56,2144
2021-04-18,Latvia,Europe,3726,111332,68,2212
2021-04-25,Latvia,Europe,3982,115314,52,2264
2021-05-02,Latvia,Europe,4434,119748,67,2331
2021-05-09,Latvia,Europe,4213,123961,50,2381
2021-05-16,Latvia,Europe,4015,127976,66,2447
2021-05-23,Latvia,Europe,2967,130943,65,2512
2021-05-30,Latvia,Europe,2153,133096,47,2559
2021-06-06,Latvia,Europe,1714,134810,37,2596
2021-06-13,Latvia,Europe,1218,136028,39,2635
2021-06-20,Latvia,Europe,780,136808,24,2659
2021-06-27,Latvia,Europe,400,137208,24,2683
2021-07-04,Latvia,Europe,421,137629,16,2699
2021-07-11,Latvia,Europe,268,137897,2,2701
2021-07-18,Latvia,Europe,260,138157,9,2710
2021-07-25,Latvia,Europe,322,138479,3,2713
2021-08-01,Latvia,Europe,418,138897,3,2716
2021-08-08,Latvia,Europe,522,139419,4,2720
2021-08-15,Latvia,Europe,701,140120,4,2724
2021-08-22,Latvia,Europe,923,141043,8,2732
2021-08-29,Latvia,Europe,1274,142317,9,2741
2021-09-05,Latvia,Europe,2199,144516,16,2757
2021-09-12,Latvia,Europe,2675,147191,32,2789
2021-09-19,Latvia,Europe,3367,150558,36,2825
2021-09-26,Latvia,Europe,4226,154784,54,2879
2021-10-03,Latvia,Europe,6855,161639,61,2940
2021-10-10,Latvia,Europe,9635,171274,79,3019
2021-10-17,Latvia,Europe,14340,185614,133,3152
2021-10-24,Latvia,Europe,16957,202571,208,3360
2021-10-31,Latvia,Europe,16566,219137,259,3619
2021-11-07,Latvia,Europe,12685,231822,265,3884
2021-11-14,Latvia,Europe,8516,240338,245,4129
2021-11-21,Latvia,Europe,5776,246114,206,4335
2021-11-28,Latvia,Europe,6297,252411,133,4468
2021-12-05,Latvia,Europe,4916,257327,114,4582
2021-12-12,Latvia,Europe,4615,261942,86,4668
2021-12-19,Latvia,Europe,5195,267137,79,4747
2021-12-26,Latvia,Europe,4292,271429,68,4815
2022-01-02,Latvia,Europe,5590,277019,72,4887
2022-01-09,Latvia,Europe,10830,287849,89,4976
2022-01-16,Latvia,Europe,15943,303792,78,5054
2022-01-23,Latvia,Europe,31747,335539,87,5141
2022-01-30,Latvia,Europe,53448,388987,84,5225
2022-02-06,Latvia,Europe,61116,450103,97,5322
2022-02-13,Latvia,Europe,68517,518620,114,5436
2022-02-20,Latvia,Europe,67322,585942,122,5558
2022-02-27,Latvia,Europe,63560,649502,126,5684
2022-03-06,Latvia,Europe,52036,701538,117,5801
2022-03-13,Latvia,Europe,40796,742334,110,5911
2022-03-20,Latvia,Europe,28702,771036,117,6028
2022-03-27,Latvia,Europe,19582,790618,95,6123
2022-04-03,Latvia,Europe,11914,802532,87,6210
2022-04-10,Latvia,Europe,6264,808796,58,6268
2022-04-17,Latvia,Europe,4377,813173,49,6317
2022-04-24,Latvia,Europe,4140,817313,42,6359
2022-05-01,Latvia,Europe,2907,820220,27,6386
2022-05-08,Latvia,Europe,1906,822126,15,6401
2022-05-15,Latvia,Europe,1433,823559,15,6416
2022-05-22,Latvia,Europe,1157,824716,12,6428
2022-05-29,Latvia,Europe,1218,825934,12,6440
2022-06-05,Latvia,Europe,1026,826960,11,6451
2022-06-12,Latvia,Europe,1227,828187,10,6461
2022-06-19,Latvia,Europe,1498,829685,12,6473
2022-06-26,Latvia,Europe,1523,831208,13,6486
2022-07-03,Latvia,Europe,3409,834617,7,6493
2022-07-10,Latvia,Europe,3867,838484,9,6502
2022-07-17,Latvia,Europe,5493,843977,12,6514
2022-07-24,Latvia,Europe,8574,852551,9,6523
2022-07-31,Latvia,Europe,9066,861617,25,6548
2022-08-07,Latvia,Europe,9733,871350,10,6558
2022-08-14,Latvia,Europe,9574,880924,16,6574
2022-08-21,Latvia,Europe,8177,889101,22,6596
2022-08-28,Latvia,Europe,5479,894580,17,6613
2022-09-04,Latvia,Europe,4909,899489,16,6629
2022-09-11,Latvia,Europe,5623,905112,13,6642
2022-09-18,Latvia,Europe,8368,913480,23,6665
2022-09-25,Latvia,Europe,8470,921950,24,6689
2022-10-02,Latvia,Europe,7816,929766,36,6725
2022-10-09,Latvia,Europe,6719,936485,32,6757
2022-10-16,Latvia,Europe,5189,941674,44,6801
2022-10-23,Latvia,Europe,4373,946047,18,6819
2022-10-30,Latvia,Europe,3521,949568,21,6840
2022-11-06,Latvia,Europe,2874,952442,15,6855
2022-11-13,Latvia,Europe,2541,954983,18,6873
2022-11-20,Latvia,Europe,2312,957295,8,6881
2022-11-27,Latvia,Europe,3124,960419,16,6897
2022-12-04,Latvia,Europe,2757,963176,20,6917
2022-12-11,Latvia,Europe,2842,966018,28,6945
2022-12-18,Latvia,Europe,2310,968328,26,6971
2022-12-25,Latvia,Europe,2191,970519,40,7011
2023-01-01,Latvia,Europe,1327,971846,47,7058
2023-01-08,Latvia,Europe,393,972239,31,7089
2023-01-15,Latvia,Europe,264,972503,26,7115
2023-01-22,Latvia,Europe,177,972680,21,7136
2023-01-29,Latvia,Europe,154,972834,10,7146
2023-02-05,Latvia,Europe,177,973011,12,7158
2023-02-12,Latvia,Europe,194,973205,7,7165
2023-02-19,Latvia,Europe,171,973376,20,7185
2023-02-26,Latvia,Europe,158,973534,9,7194
2023-03-05,Latvia,Europe,180,973714,17,7211
2023-03-12,Latvia,Europe,153,973867,13,7224
2023-03-19,Latvia,Europe,190,974057,14,7238
2023-03-26,Latvia,Europe,219,974276,11,7249
2023-04-02,Latvia,Europe,199,974475,17,7266
2023-04-09,Latvia,Europe,229,974704,16,7282
2023-04-16,Latvia,Europe,188,974892,17,7299
2023-04-23,Latvia,Europe,182,975074,8,7307
2023-04-30,Latvia,Europe,137,975211,12,7319
2023-05-07,Latvia,Europe,114,975325,12,7331
2023-05-14,Latvia,Europe,67,975392,4,7335
2023-05-21,Latvia,Europe,64,975456,9,7344
2023-05-28,Latvia,Europe,58,975514,5,7349
2023-06-04,Latvia,Europe,59,975573,4,7353
2023-06-11,Latvia,Europe,59,975632,10,7363
2023-06-18,Latvia,Europe,59,975691,3,7366
2023-06-25,Latvia,Europe,17,975708,2,7368
2023-07-02,Latvia,Europe,15,975723,2,7370
2023-07-09,Latvia,Europe,13,975736,1,7371
2023-07-16,Latvia,Europe,42,975778,1,7372
2023-07-23,Latvia,Europe,12,975790,0,7372
2023-07-30,Latvia,Europe,22,975812,1,7373
2023-08-06,Latvia,Europe,14,975826,1,7374
2023-08-13,Latvia,Europe,24,975850,3,7377
2023-08-20,Latvia,Europe,28,975878,1,7378
2023-08-27,Latvia,Europe,32,975910,0,7378
2023-09-03,Latvia,Europe,55,975965,0,7378
2023-09-10,Latvia,Europe,90,976055,1,7379
2023-09-17,Latvia,Europe,122,976177,2,7381
2023-09-24,Latvia,Europe,139,976316,3,7384
2023-10-01,Latvia,Europe,112,976428,4,7388
2023-10-08,Latvia,Europe,70,976498,5,7393
2023-10-15,Latvia,Europe,72,976570,2,7395
2023-10-22,Latvia,Europe,90,976660,6,7401
2023-10-29,Latvia,Europe,138,976798,11,7412
2023-11-05,Latvia,Europe,183,976981,7,7419
2023-11-12,Latvia,Europe,209,977190,11,7430
2023-11-19,Latvia,Europe,241,977431,17,7447
2023-11-26,Latvia,Europe,270,977701,18,7465
2023-12-03,Latvia,Europe,0,977701,0,7465
2023-12-10,Latvia,Europe,0,977701,0,7465
2023-12-17,Latvia,Europe,0,977701,0,7465
2023-12-24,Latvia,Europe,0,977701,0,7465
2023-12-31,Latvia,Europe,0,977701,0,7465
2024-01-07,Latvia,Europe,0,977701,0,7465
2024-01-14,Latvia,Europe,0,977701,0,7465
2024-01-21,Latvia,Europe,0,977701,0,7465
2024-01-28,Latvia,Europe,0,977701,0,7465
2024-02-04,Latvia,Europe,0,977701,0,7465
2024-02-11,Latvia,Europe,0,977701,0,7465
2024-02-18,Latvia,Europe,0,977701,0,7465
2024-02-25,Latvia,Europe,0,977701,0,7465
2024-03-03,Latvia,Europe,0,977701,0,7465
2024-03-10,Latvia,Europe,0,977701,0,7465
2024-03-17,Latvia,Europe,0,977701,0,7465
2024-03-24,Latvia,Europe,17,977718,3,7468
2024-03-31,Latvia,Europe,19,977737,1,7469
2024-04-07,Latvia,Europe,20,977757,3,7472
2024-04-14,Latvia,Europe,8,977765,3,7475
2024-04-21,Latvia,Europe,0,977765,0,7475
2024-04-28,Latvia,Europe,0,977765,0,7475
2024-05-05,Latvia,Europe,0,977765,0,7475
2024-05-12,Latvia,Europe,0,977765,0,7475
2024-05-19,Latvia,Europe,0,977765,0,7475
2024-05-26,Latvia,Europe,0,977765,0,7475
2024-06-02,Latvia,Europe,0,977765,0,7475
2024-06-09,Latvia,Europe,0,977765,0,7475
2024-06-16,Latvia,Europe,0,977765,0,7475
2024-06-23,Latvia,Europe,0,977765,0,7475
2024-06-30,Latvia,Europe,0,977765,0,7475
2024-07-07,Latvia,Europe,0,977765,0,7475
2024-07-14,Latvia,Europe,0,977765,0,7475
2024-07-21,Latvia,Europe,0,977765,0,7475
2024-07-28,Latvia,Europe,0,977765,0,7475
2024-08-04,Latvia,Europe,0,977765,0,7475
2024-08-11,Latvia,Europe,0,977765,0,7475
2024-08-18,Latvia,Europe,0,977765,0,7475
2024-08-25,Latvia,Europe,0,977765,0,7475
2024-09-01,Latvia,Europe,0,977765,0,7475
2020-01-05,Lebanon,Asia,0,0,0,0
2020-01-12,Lebanon,Asia,0,0,0,0
2020-01-19,Lebanon,Asia,0,0,0,0
2020-01-26,Lebanon,Asia,0,0,0,0
2020-02-02,Lebanon,Asia,0,0,0,0
2020-02-09,Lebanon,Asia,0,0,0,0
2020-02-16,Lebanon,Asia,0,0,0,0
2020-02-23,Lebanon,Asia,1,1,0,0
2020-03-01,Lebanon,Asia,6,7,0,0
2020-03-08,Lebanon,Asia,21,28,0,0
2020-03-15,Lebanon,Asia,65,93,3,3
2020-03-22,Lebanon,Asia,137,230,1,4
2020-03-29,Lebanon,Asia,182,412,4,8
2020-04-05,Lebanon,Asia,108,520,9,17
2020-04-12,Lebanon,Asia,99,619,3,20
2020-04-19,Lebanon,Asia,53,672,1,21
2020-04-26,Lebanon,Asia,32,704,3,24
2020-05-03,Lebanon,Asia,29,733,1,25
2020-05-10,Lebanon,Asia,76,809,1,26
2020-05-17,Lebanon,Asia,93,902,0,26
2020-05-24,Lebanon,Asia,195,1097,0,26
2020-05-31,Lebanon,Asia,94,1191,0,26
2020-06-07,Lebanon,Asia,129,1320,3,29
2020-06-14,Lebanon,Asia,122,1442,3,32
2020-06-21,Lebanon,Asia,94,1536,0,32
2020-06-28,Lebanon,Asia,183,1719,1,33
2020-07-05,Lebanon,Asia,136,1855,2,35
2020-07-12,Lebanon,Asia,313,2168,1,36
2020-07-19,Lebanon,Asia,607,2775,4,40
2020-07-26,Lebanon,Asia,807,3582,7,47
2020-08-02,Lebanon,Asia,1148,4730,14,61
2020-08-09,Lebanon,Asia,1493,6223,13,74
2020-08-16,Lebanon,Asia,2219,8442,23,97
2020-08-23,Lebanon,Asia,3749,12191,24,121
2020-08-30,Lebanon,Asia,4084,16275,34,155
2020-09-06,Lebanon,Asia,3736,20011,32,187
2020-09-13,Lebanon,Asia,3658,23669,52,239
2020-09-20,Lebanon,Asia,4628,28297,47,286
2020-09-27,Lebanon,Asia,6931,35228,54,340
2020-10-04,Lebanon,Asia,8252,43480,58,398
2020-10-11,Lebanon,Asia,9078,52558,57,455
2020-10-18,Lebanon,Asia,8389,60947,62,517
2020-10-25,Lebanon,Asia,9043,69990,45,562
2020-11-01,Lebanon,Asia,11238,81228,75,637
2020-11-08,Lebanon,Asia,11869,93097,76,713
2020-11-15,Lebanon,Asia,11170,104267,93,806
2020-11-22,Lebanon,Asia,10975,115242,88,894
2020-11-29,Lebanon,Asia,10395,125637,97,991
2020-12-06,Lebanon,Asia,10239,135876,99,1090
2020-12-13,Lebanon,Asia,9369,145245,100,1190
2020-12-20,Lebanon,Asia,11325,156570,80,1270
2020-12-27,Lebanon,Asia,12902,169472,109,1379
2021-01-03,Lebanon,Asia,16936,186408,387,1766
2021-01-10,Lebanon,Asia,29145,215553,114,1880
2021-01-17,Lebanon,Asia,33605,249158,276,2156
2021-01-24,Lebanon,Asia,27429,276587,414,2570
2021-01-31,Lebanon,Asia,22326,298913,461,3031
2021-02-07,Lebanon,Asia,18923,317836,531,3562
2021-02-14,Lebanon,Asia,19156,336992,399,3961
2021-02-21,Lebanon,Asia,16379,353371,336,4297
2021-02-28,Lebanon,Asia,19404,372775,355,4652
2021-03-07,Lebanon,Asia,20436,393211,361,5013
2021-03-14,Lebanon,Asia,22151,415362,321,5334
2021-03-21,Lebanon,Asia,21213,436575,381,5715
2021-03-28,Lebanon,Asia,21763,458338,343,6058
2021-04-04,Lebanon,Asia,18775,477113,321,6379
2021-04-11,Lebanon,Asia,17520,494633,251,6630
2021-04-18,Lebanon,Asia,13870,508503,256,6886
2021-04-25,Lebanon,Asia,11112,519615,232,7118
2021-05-02,Lebanon,Asia,7893,527508,184,7302
2021-05-09,Lebanon,Asia,4761,532269,158,7460
2021-05-16,Lebanon,Asia,3177,535446,142,7602
2021-05-23,Lebanon,Asia,2772,538218,68,7670
2021-05-30,Lebanon,Asia,1914,540132,48,7718
2021-06-06,Lebanon,Asia,1291,541423,40,7758
2021-06-13,Lebanon,Asia,1100,542523,36,7794
2021-06-20,Lebanon,Asia,848,543371,25,7819
2021-06-27,Lebanon,Asia,920,544291,22,7841
2021-07-04,Lebanon,Asia,1072,545363,18,7859
2021-07-11,Lebanon,Asia,2134,547497,14,7873
2021-07-18,Lebanon,Asia,2995,550492,11,7884
2021-07-25,Lebanon,Asia,3966,554458,7,7891
2021-08-01,Lebanon,Asia,6922,561380,15,7906
2021-08-08,Lebanon,Asia,8718,570098,32,7938
2021-08-15,Lebanon,Asia,11399,581497,34,7972
2021-08-22,Lebanon,Asia,9486,590983,36,8008
2021-08-29,Lebanon,Asia,8315,599298,32,8040
2021-09-05,Lebanon,Asia,7238,606536,49,8089
2021-09-12,Lebanon,Asia,6177,612713,92,8181
2021-09-19,Lebanon,Asia,4949,617662,51,8232
2021-09-26,Lebanon,Asia,4073,621735,45,8277
2021-10-03,Lebanon,Asia,3710,625445,64,8341
2021-10-10,Lebanon,Asia,4116,629561,41,8382
2021-10-17,Lebanon,Asia,3794,633355,37,8419
2021-10-24,Lebanon,Asia,3957,637312,30,8449
2021-10-31,Lebanon,Asia,4027,641339,46,8495
2021-11-07,Lebanon,Asia,4466,645805,45,8540
2021-11-14,Lebanon,Asia,5983,651788,37,8577
2021-11-21,Lebanon,Asia,6679,658467,58,8635
2021-11-28,Lebanon,Asia,8301,666768,66,8701
2021-12-05,Lebanon,Asia,10406,677174,64,8765
2021-12-12,Lebanon,Asia,11341,688515,71,8836
2021-12-19,Lebanon,Asia,10949,699464,88,8924
2021-12-26,Lebanon,Asia,11795,711259,103,9027
2022-01-02,Lebanon,Asia,20029,731288,109,9136
2022-01-09,Lebanon,Asia,38112,769400,131,9267
2022-01-16,Lebanon,Asia,45231,814631,100,9367
2022-01-23,Lebanon,Asia,44217,858848,107,9474
2022-01-30,Lebanon,Asia,48976,907824,102,9576
2022-02-06,Lebanon,Asia,57803,965627,118,9694
2022-02-13,Lebanon,Asia,46417,1012044,130,9824
2022-02-20,Lebanon,Asia,30984,1043028,126,9950
2022-02-27,Lebanon,Asia,22279,1065307,119,10069
2022-03-06,Lebanon,Asia,11935,1077242,73,10142
2022-03-13,Lebanon,Asia,6872,1084114,58,10200
2022-03-20,Lebanon,Asia,3721,1087835,43,10243
2022-03-27,Lebanon,Asia,2663,1090498,35,10278
2022-04-03,Lebanon,Asia,2309,1092807,33,10311
2022-04-10,Lebanon,Asia,1696,1094503,26,10337
2022-04-17,Lebanon,Asia,1015,1095518,22,10359
2022-04-24,Lebanon,Asia,802,1096320,16,10375
2022-05-01,Lebanon,Asia,635,1096955,12,10387
2022-05-08,Lebanon,Asia,537,1097492,11,10398
2022-05-15,Lebanon,Asia,464,1097956,9,10407
2022-05-22,Lebanon,Asia,548,1098504,10,10417
2022-05-29,Lebanon,Asia,561,1099065,9,10426
2022-06-05,Lebanon,Asia,680,1099745,9,10435
2022-06-12,Lebanon,Asia,1126,1100871,9,10444
2022-06-19,Lebanon,Asia,2393,1103264,8,10452
2022-06-26,Lebanon,Asia,4338,1107602,8,10460
2022-07-03,Lebanon,Asia,7212,1114814,8,10468
2022-07-10,Lebanon,Asia,9814,1124628,8,10476
2022-07-17,Lebanon,Asia,13830,1138458,11,10487
2022-07-24,Lebanon,Asia,17202,1155660,19,10506
2022-07-31,Lebanon,Asia,16609,1172269,23,10529
2022-08-07,Lebanon,Asia,13136,1185405,17,10546
2022-08-14,Lebanon,Asia,10379,1195784,26,10572
2022-08-21,Lebanon,Asia,7620,1203404,27,10599
2022-08-28,Lebanon,Asia,4469,1207873,20,10619
2022-09-04,Lebanon,Asia,2693,1210566,17,10636
2022-09-11,Lebanon,Asia,1931,1212497,9,10645
2022-09-18,Lebanon,Asia,1272,1213769,12,10657
2022-09-25,Lebanon,Asia,1123,1214892,13,10670
2022-10-02,Lebanon,Asia,1033,1215925,7,10677
2022-10-09,Lebanon,Asia,713,1216638,7,10684
2022-10-16,Lebanon,Asia,361,1216999,4,10688
2022-10-23,Lebanon,Asia,1083,1218082,11,10699
2022-10-30,Lebanon,Asia,548,1218630,6,10705
2022-11-06,Lebanon,Asia,511,1219141,8,10713
2022-11-13,Lebanon,Asia,432,1219573,7,10720
2022-11-20,Lebanon,Asia,470,1220043,7,10727
2022-11-27,Lebanon,Asia,342,1220385,7,10734
2022-12-04,Lebanon,Asia,329,1220714,5,10739
2022-12-11,Lebanon,Asia,430,1221144,2,10741
2022-12-18,Lebanon,Asia,496,1221640,1,10742
2022-12-25,Lebanon,Asia,486,1222126,2,10744
2023-01-01,Lebanon,Asia,682,1222808,3,10747
2023-01-08,Lebanon,Asia,907,1223715,6,10753
2023-01-15,Lebanon,Asia,1536,1225251,7,10760
2023-01-22,Lebanon,Asia,1490,1226741,13,10773
2023-01-29,Lebanon,Asia,1521,1228262,13,10786
2023-02-05,Lebanon,Asia,1128,1229390,9,10795
2023-02-12,Lebanon,Asia,751,1230141,8,10803
2023-02-19,Lebanon,Asia,694,1230835,12,10815
2023-02-26,Lebanon,Asia,878,1231713,10,10825
2023-03-05,Lebanon,Asia,689,1232402,12,10837
2023-03-12,Lebanon,Asia,619,1233021,6,10843
2023-03-19,Lebanon,Asia,626,1233647,10,10853
2023-03-26,Lebanon,Asia,648,1234295,9,10862
2023-04-02,Lebanon,Asia,601,1234896,8,10870
2023-04-09,Lebanon,Asia,464,1235360,9,10879
2023-04-16,Lebanon,Asia,444,1235804,6,10885
2023-04-23,Lebanon,Asia,532,1236336,10,10895
2023-04-30,Lebanon,Asia,420,1236756,6,10901
2023-05-07,Lebanon,Asia,371,1237127,5,10906
2023-05-14,Lebanon,Asia,429,1237556,8,10914
2023-05-21,Lebanon,Asia,0,1237556,0,10914
2023-05-28,Lebanon,Asia,0,1237556,0,10914
2023-06-04,Lebanon,Asia,0,1237556,0,10914
2023-06-11,Lebanon,Asia,808,1238364,16,10930
2023-06-18,Lebanon,Asia,47,1238411,2,10932
2023-06-25,Lebanon,Asia,141,1238552,4,10936
2023-07-02,Lebanon,Asia,0,1238552,0,10936
2023-07-09,Lebanon,Asia,0,1238552,0,10936
2023-07-16,Lebanon,Asia,0,1238552,0,10936
2023-07-23,Lebanon,Asia,0,1238552,0,10936
2023-07-30,Lebanon,Asia,0,1238552,0,10936
2023-08-06,Lebanon,Asia,0,1238552,0,10936
2023-08-13,Lebanon,Asia,0,1238552,0,10936
2023-08-20,Lebanon,Asia,1352,1239904,11,10947
2023-08-27,Lebanon,Asia,0,1239904,0,10947
2023-09-03,Lebanon,Asia,0,1239904,0,10947
2023-09-10,Lebanon,Asia,0,1239904,0,10947
2023-09-17,Lebanon,Asia,0,1239904,0,10947
2023-09-24,Lebanon,Asia,0,1239904,0,10947
2023-10-01,Lebanon,Asia,0,1239904,0,10947
2023-10-08,Lebanon,Asia,0,1239904,0,10947
2023-10-15,Lebanon,Asia,0,1239904,0,10947
2023-10-22,Lebanon,Asia,0,1239904,0,10947
2023-10-29,Lebanon,Asia,0,1239904,0,10947
2023-11-05,Lebanon,Asia,0,1239904,0,10947
2023-11-12,Lebanon,Asia,0,1239904,0,10947
2023-11-19,Lebanon,Asia,0,1239904,0,10947
2023-11-26,Lebanon,Asia,0,1239904,0,10947
2023-12-03,Lebanon,Asia,0,1239904,0,10947
2023-12-10,Lebanon,Asia,0,1239904,0,10947
2023-12-17,Lebanon,Asia,0,1239904,0,10947
2023-12-24,Lebanon,Asia,0,1239904,0,10947
2023-12-31,Lebanon,Asia,0,1239904,0,10947
2024-01-07,Lebanon,Asia,0,1239904,0,10947
2024-01-14,Lebanon,Asia,0,1239904,0,10947
2024-01-21,Lebanon,Asia,0,1239904,0,10947
2024-01-28,Lebanon,Asia,0,1239904,0,10947
2024-02-04,Lebanon,Asia,0,1239904,0,10947
2024-02-11,Lebanon,Asia,0,1239904,0,10947
2024-02-18,Lebanon,Asia,0,1239904,0,10947
2024-02-25,Lebanon,Asia,0,1239904,0,10947
2024-03-03,Lebanon,Asia,0,1239904,0,10947
2024-03-10,Lebanon,Asia,0,1239904,0,10947
2024-03-17,Lebanon,Asia,0,1239904,0,10947
2024-03-24,Lebanon,Asia,0,1239904,0,10947
2024-03-31,Lebanon,Asia,0,1239904,0,10947
2024-04-07,Lebanon,Asia,0,1239904,0,10947
2024-04-14,Lebanon,Asia,0,1239904,0,10947
2024-04-21,Lebanon,Asia,0,1239904,0,10947
2024-04-28,Lebanon,Asia,0,1239904,0,10947
2024-05-05,Lebanon,Asia,0,1239904,0,10947
2024-05-12,Lebanon,Asia,0,1239904,0,10947
2024-05-19,Lebanon,Asia,0,1239904,0,10947
2024-05-26,Lebanon,Asia,0,1239904,0,10947
2024-06-02,Lebanon,Asia,0,1239904,0,10947
2024-06-09,Lebanon,Asia,0,1239904,0,10947
2024-06-16,Lebanon,Asia,0,1239904,0,10947
2024-06-23,Lebanon,Asia,0,1239904,0,10947
2024-06-30,Lebanon,Asia,0,1239904,0,10947
2024-07-07,Lebanon,Asia,0,1239904,0,10947
2024-07-14,Lebanon,Asia,0,1239904,0,10947
2024-07-21,Lebanon,Asia,0,1239904,0,10947
2024-07-28,Lebanon,Asia,0,1239904,0,10947
2024-08-04,Lebanon,Asia,0,1239904,0,10947
2024-08-11,Lebanon,Asia,0,1239904,0,10947
2024-08-18,Lebanon,Asia,0,1239904,0,10947
2024-08-25,Lebanon,Asia,0,1239904,0,10947
2024-09-01,Lebanon,Asia,0,1239904,0,10947
2020-01-05,Lesotho,Africa,0,0,0,0
2020-01-12,Lesotho,Africa,0,0,0,0
2020-01-19,Lesotho,Africa,0,0,0,0
2020-01-26,Lesotho,Africa,0,0,0,0
2020-02-02,Lesotho,Africa,0,0,0,0
2020-02-09,Lesotho,Africa,0,0,0,0
2020-02-16,Lesotho,Africa,0,0,0,0
2020-02-23,Lesotho,Africa,0,0,0,0
2020-03-01,Lesotho,Africa,0,0,0,0
2020-03-08,Lesotho,Africa,0,0,0,0
2020-03-15,Lesotho,Africa,0,0,0,0
2020-03-22,Lesotho,Africa,0,0,0,0
2020-03-29,Lesotho,Africa,0,0,0,0
2020-04-05,Lesotho,Africa,0,0,0,0
2020-04-12,Lesotho,Africa,0,0,0,0
2020-04-19,Lesotho,Africa,0,0,0,0
2020-04-26,Lesotho,Africa,0,0,0,0
2020-05-03,Lesotho,Africa,0,0,0,0
2020-05-10,Lesotho,Africa,0,0,0,0
2020-05-17,Lesotho,Africa,1,1,0,0
2020-05-24,Lesotho,Africa,1,2,0,0
2020-05-31,Lesotho,Africa,0,2,0,0
2020-06-07,Lesotho,Africa,2,4,0,0
2020-06-14,Lesotho,Africa,0,4,0,0
2020-06-21,Lesotho,Africa,0,4,0,0
2020-06-28,Lesotho,Africa,23,27,0,0
2020-07-05,Lesotho,Africa,52,79,0,0
2020-07-12,Lesotho,Africa,105,184,20,20
2020-07-19,Lesotho,Africa,175,359,4,24
2020-07-26,Lesotho,Africa,87,446,5,29
2020-08-02,Lesotho,Africa,256,702,3,32
2020-08-09,Lesotho,Africa,40,742,9,41
2020-08-16,Lesotho,Africa,161,903,2,43
2020-08-23,Lesotho,Africa,112,1015,5,48
2020-08-30,Lesotho,Africa,51,1066,1,49
2020-09-06,Lesotho,Africa,82,1148,0,49
2020-09-13,Lesotho,Africa,97,1245,2,51
2020-09-20,Lesotho,Africa,145,1390,0,51
2020-09-27,Lesotho,Africa,168,1558,2,53
2020-10-04,Lesotho,Africa,122,1680,4,57
2020-10-11,Lesotho,Africa,120,1800,3,60
2020-10-18,Lesotho,Africa,33,1833,0,60
2020-10-25,Lesotho,Africa,107,1940,1,61
2020-11-01,Lesotho,Africa,13,1953,1,62
2020-11-08,Lesotho,Africa,10,1963,0,62
2020-11-15,Lesotho,Africa,87,2050,0,62
2020-11-22,Lesotho,Africa,35,2085,0,62
2020-11-29,Lesotho,Africa,24,2109,0,62
2020-12-06,Lesotho,Africa,36,2145,0,62
2020-12-13,Lesotho,Africa,5,2150,0,62
2020-12-20,Lesotho,Africa,135,2285,0,62
2020-12-27,Lesotho,Africa,292,2577,2,64
2021-01-03,Lesotho,Africa,0,2577,0,64
2021-01-10,Lesotho,Africa,2626,5203,20,84
2021-01-17,Lesotho,Africa,1168,6371,9,93
2021-01-24,Lesotho,Africa,1285,7656,30,123
2021-01-31,Lesotho,Africa,993,8649,41,164
2021-02-07,Lesotho,Africa,731,9380,19,183
2021-02-14,Lesotho,Africa,585,9965,47,230
2021-02-21,Lesotho,Africa,496,10461,55,285
2021-02-28,Lesotho,Africa,30,10491,7,292
2021-03-07,Lesotho,Africa,32,10523,15,307
2021-03-14,Lesotho,Africa,7,10530,2,309
2021-03-21,Lesotho,Africa,5,10535,0,309
2021-03-28,Lesotho,Africa,151,10686,6,315
2021-04-04,Lesotho,Africa,21,10707,0,315
2021-04-11,Lesotho,Africa,0,10707,0,315
2021-04-18,Lesotho,Africa,2,10709,0,315
2021-04-25,Lesotho,Africa,19,10728,1,316
2021-05-02,Lesotho,Africa,5,10733,2,318
2021-05-09,Lesotho,Africa,40,10773,1,319
2021-05-16,Lesotho,Africa,17,10790,1,320
2021-05-23,Lesotho,Africa,32,10822,6,326
2021-05-30,Lesotho,Africa,9,10831,0,326
2021-06-06,Lesotho,Africa,8,10839,0,326
2021-06-13,Lesotho,Africa,20,10859,0,326
2021-06-20,Lesotho,Africa,222,11081,3,329
2021-06-27,Lesotho,Africa,158,11239,0,329
2021-07-04,Lesotho,Africa,329,11568,0,329
2021-07-11,Lesotho,Africa,339,11907,6,335
2021-07-18,Lesotho,Africa,491,12398,4,339
2021-07-25,Lesotho,Africa,482,12880,24,363
2021-08-01,Lesotho,Africa,723,13603,14,377
2021-08-08,Lesotho,Africa,240,13843,13,390
2021-08-15,Lesotho,Africa,400,14243,7,397
2021-08-22,Lesotho,Africa,128,14371,3,400
2021-08-29,Lesotho,Africa,450,14821,17,417
2021-09-05,Lesotho,Africa,1491,16312,49,466
2021-09-12,Lesotho,Africa,1491,17803,49,515
2021-09-19,Lesotho,Africa,1491,19294,49,564
2021-09-26,Lesotho,Africa,1491,20785,52,616
2021-10-03,Lesotho,Africa,575,21360,34,650
2021-10-10,Lesotho,Africa,97,21457,2,652
2021-10-17,Lesotho,Africa,73,21530,3,655
2021-10-24,Lesotho,Africa,57,21587,1,656
2021-10-31,Lesotho,Africa,48,21635,2,658
2021-11-07,Lesotho,Africa,50,21685,1,659
2021-11-14,Lesotho,Africa,6,21691,2,661
2021-11-21,Lesotho,Africa,38,21729,0,661
2021-11-28,Lesotho,Africa,48,21777,1,662
2021-12-05,Lesotho,Africa,187,21964,2,664
2021-12-12,Lesotho,Africa,1138,23102,0,664
2021-12-19,Lesotho,Africa,2426,25528,1,665
2021-12-26,Lesotho,Africa,2654,28182,0,665
2022-01-02,Lesotho,Africa,1806,29988,8,673
2022-01-09,Lesotho,Africa,1186,31174,10,683
2022-01-16,Lesotho,Africa,670,31844,4,687
2022-01-23,Lesotho,Africa,205,32049,3,690
2022-01-30,Lesotho,Africa,198,32247,3,693
2022-02-06,Lesotho,Africa,114,32361,2,695
2022-02-13,Lesotho,Africa,70,32431,1,696
2022-02-20,Lesotho,Africa,168,32599,0,696
2022-02-27,Lesotho,Africa,96,32695,1,697
2022-03-06,Lesotho,Africa,21,32716,0,697
2022-03-13,Lesotho,Africa,59,32775,0,697
2022-03-20,Lesotho,Africa,104,32879,0,697
2022-03-27,Lesotho,Africa,16,32895,0,697
2022-04-03,Lesotho,Africa,15,32910,0,697
2022-04-10,Lesotho,Africa,58,32968,0,697
2022-04-17,Lesotho,Africa,42,33010,0,697
2022-04-24,Lesotho,Africa,103,33113,0,697
2022-05-01,Lesotho,Africa,24,33137,0,697
2022-05-08,Lesotho,Africa,56,33193,1,698
2022-05-15,Lesotho,Africa,89,33282,0,698
2022-05-22,Lesotho,Africa,88,33370,0,698
2022-05-29,Lesotho,Africa,116,33486,0,698
2022-06-05,Lesotho,Africa,173,33659,1,699
2022-06-12,Lesotho,Africa,212,33871,0,699
2022-06-19,Lesotho,Africa,67,33938,0,699
2022-06-26,Lesotho,Africa,0,33938,0,699
2022-07-03,Lesotho,Africa,156,34094,2,701
2022-07-10,Lesotho,Africa,39,34133,1,702
2022-07-17,Lesotho,Africa,41,34174,0,702
2022-07-24,Lesotho,Africa,47,34221,2,704
2022-07-31,Lesotho,Africa,13,34234,0,704
2022-08-07,Lesotho,Africa,11,34245,0,704
2022-08-14,Lesotho,Africa,6,34251,0,704
2022-08-21,Lesotho,Africa,47,34298,0,704
2022-08-28,Lesotho,Africa,111,34409,0,704
2022-09-04,Lesotho,Africa,48,34457,1,705
2022-09-11,Lesotho,Africa,33,34490,1,706
2022-09-18,Lesotho,Africa,0,34490,0,706
2022-09-25,Lesotho,Africa,0,34490,0,706
2022-10-02,Lesotho,Africa,0,34490,0,706
2022-10-09,Lesotho,Africa,0,34490,0,706
2022-10-16,Lesotho,Africa,0,34490,0,706
2022-10-23,Lesotho,Africa,0,34490,0,706
2022-10-30,Lesotho,Africa,0,34490,0,706
2022-11-06,Lesotho,Africa,0,34490,0,706
2022-11-13,Lesotho,Africa,0,34490,0,706
2022-11-20,Lesotho,Africa,0,34490,0,706
2022-11-27,Lesotho,Africa,0,34490,0,706
2022-12-04,Lesotho,Africa,0,34490,0,706
2022-12-11,Lesotho,Africa,0,34490,0,706
2022-12-18,Lesotho,Africa,0,34490,0,706
2022-12-25,Lesotho,Africa,0,34490,0,706
2023-01-01,Lesotho,Africa,0,34490,0,706
2023-01-08,Lesotho,Africa,0,34490,0,706
2023-01-15,Lesotho,Africa,0,34490,0,706
2023-01-22,Lesotho,Africa,0,34490,0,706
2023-01-29,Lesotho,Africa,0,34490,0,706
2023-02-05,Lesotho,Africa,0,34490,0,706
2023-02-12,Lesotho,Africa,0,34490,0,706
2023-02-19,Lesotho,Africa,0,34490,0,706
2023-02-26,Lesotho,Africa,0,34490,0,706
2023-03-05,Lesotho,Africa,0,34490,0,706
2023-03-12,Lesotho,Africa,0,34490,0,706
2023-03-19,Lesotho,Africa,0,34490,0,706
2023-03-26,Lesotho,Africa,0,34490,0,706
2023-04-02,Lesotho,Africa,0,34490,0,706
2023-04-09,Lesotho,Africa,0,34490,0,706
2023-04-16,Lesotho,Africa,0,34490,0,706
2023-04-23,Lesotho,Africa,0,34490,0,706
2023-04-30,Lesotho,Africa,0,34490,0,706
2023-05-07,Lesotho,Africa,0,34490,0,706
2023-05-14,Lesotho,Africa,0,34490,0,706
2023-05-21,Lesotho,Africa,0,34490,0,706
2023-05-28,Lesotho,Africa,0,34490,0,706
2023-06-04,Lesotho,Africa,0,34490,0,706
2023-06-11,Lesotho,Africa,0,34490,0,706
2023-06-18,Lesotho,Africa,0,34490,0,706
2023-06-25,Lesotho,Africa,0,34490,0,706
2023-07-02,Lesotho,Africa,0,34490,0,706
2023-07-09,Lesotho,Africa,0,34490,0,706
2023-07-16,Lesotho,Africa,0,34490,0,706
2023-07-23,Lesotho,Africa,0,34490,0,706
2023-07-30,Lesotho,Africa,0,34490,0,706
2023-08-06,Lesotho,Africa,0,34490,0,706
2023-08-13,Lesotho,Africa,0,34490,0,706
2023-08-20,Lesotho,Africa,0,34490,0,706
2023-08-27,Lesotho,Africa,0,34490,0,706
2023-09-03,Lesotho,Africa,0,34490,0,706
2023-09-10,Lesotho,Africa,0,34490,0,706
2023-09-17,Lesotho,Africa,0,34490,0,706
2023-09-24,Lesotho,Africa,1346,35836,3,709
2023-10-01,Lesotho,Africa,0,35836,0,709
2023-10-08,Lesotho,Africa,24,35860,0,709
2023-10-15,Lesotho,Africa,74,35934,0,709
2023-10-22,Lesotho,Africa,67,36001,0,709
2023-10-29,Lesotho,Africa,10,36011,0,709
2023-11-05,Lesotho,Africa,28,36039,0,709
2023-11-12,Lesotho,Africa,13,36052,0,709
2023-11-19,Lesotho,Africa,34,36086,0,709
2023-11-26,Lesotho,Africa,27,36113,0,709
2023-12-03,Lesotho,Africa,11,36124,0,709
2023-12-10,Lesotho,Africa,8,36132,0,709
2023-12-17,Lesotho,Africa,3,36135,0,709
2023-12-24,Lesotho,Africa,0,36135,0,709
2023-12-31,Lesotho,Africa,3,36138,0,709
2024-01-07,Lesotho,Africa,0,36138,0,709
2024-01-14,Lesotho,Africa,0,36138,0,709
2024-01-21,Lesotho,Africa,0,36138,0,709
2024-01-28,Lesotho,Africa,0,36138,0,709
2024-02-04,Lesotho,Africa,0,36138,0,709
2024-02-11,Lesotho,Africa,0,36138,0,709
2024-02-18,Lesotho,Africa,0,36138,0,709
2024-02-25,Lesotho,Africa,0,36138,0,709
2024-03-03,Lesotho,Africa,0,36138,0,709
2024-03-10,Lesotho,Africa,0,36138,0,709
2024-03-17,Lesotho,Africa,0,36138,0,709
2024-03-24,Lesotho,Africa,0,36138,0,709
2024-03-31,Lesotho,Africa,0,36138,0,709
2024-04-07,Lesotho,Africa,0,36138,0,709
2024-04-14,Lesotho,Africa,0,36138,0,709
2024-04-21,Lesotho,Africa,0,36138,0,709
2024-04-28,Lesotho,Africa,0,36138,0,709
2024-05-05,Lesotho,Africa,0,36138,0,709
2024-05-12,Lesotho,Africa,0,36138,0,709
2024-05-19,Lesotho,Africa,0,36138,0,709
2024-05-26,Lesotho,Africa,0,36138,0,709
2024-06-02,Lesotho,Africa,0,36138,0,709
2024-06-09,Lesotho,Africa,0,36138,0,709
2024-06-16,Lesotho,Africa,0,36138,0,709
2024-06-23,Lesotho,Africa,0,36138,0,709
2024-06-30,Lesotho,Africa,0,36138,0,709
2024-07-07,Lesotho,Africa,0,36138,0,709
2024-07-14,Lesotho,Africa,0,36138,0,709
2024-07-21,Lesotho,Africa,0,36138,0,709
2024-07-28,Lesotho,Africa,0,36138,0,709
2024-08-04,Lesotho,Africa,0,36138,0,709
2024-08-11,Lesotho,Africa,0,36138,0,709
2024-08-18,Lesotho,Africa,0,36138,0,709
2024-08-25,Lesotho,Africa,0,36138,0,709
2024-09-01,Lesotho,Africa,0,36138,0,709
2020-01-05,Liberia,Africa,0,0,0,0
2020-01-12,Liberia,Africa,0,0,0,0
2020-01-19,Liberia,Africa,0,0,0,0
2020-01-26,Liberia,Africa,0,0,0,0
2020-02-02,Liberia,Africa,0,0,0,0
2020-02-09,Liberia,Africa,0,0,0,0
2020-02-16,Liberia,Africa,0,0,0,0
2020-02-23,Liberia,Africa,0,0,0,0
2020-03-01,Liberia,Africa,0,0,0,0
2020-03-08,Liberia,Africa,0,0,0,0
2020-03-15,Liberia,Africa,0,0,0,0
2020-03-22,Liberia,Africa,3,3,0,0
2020-03-29,Liberia,Africa,1,4,0,0
2020-04-05,Liberia,Africa,7,11,1,1
2020-04-12,Liberia,Africa,46,57,5,6
2020-04-19,Liberia,Africa,41,98,3,9
2020-04-26,Liberia,Africa,32,130,5,14
2020-05-03,Liberia,Africa,41,171,6,20
2020-05-10,Liberia,Africa,44,215,2,22
2020-05-17,Liberia,Africa,22,237,1,23
2020-05-24,Liberia,Africa,33,270,5,28
2020-05-31,Liberia,Africa,24,294,2,30
2020-06-07,Liberia,Africa,70,364,3,33
2020-06-14,Liberia,Africa,99,463,2,35
2020-06-21,Liberia,Africa,168,631,2,37
2020-06-28,Liberia,Africa,137,768,0,37
2020-07-05,Liberia,Africa,103,871,3,40
2020-07-12,Liberia,Africa,136,1007,15,55
2020-07-19,Liberia,Africa,81,1088,19,74
2020-07-26,Liberia,Africa,64,1152,3,77
2020-08-02,Liberia,Africa,52,1204,6,83
2020-08-09,Liberia,Africa,31,1235,2,85
2020-08-16,Liberia,Africa,49,1284,3,88
2020-08-23,Liberia,Africa,21,1305,0,88
2020-08-30,Liberia,Africa,20,1325,0,88
2020-09-06,Liberia,Africa,3,1328,0,88
2020-09-13,Liberia,Africa,18,1346,0,88
2020-09-20,Liberia,Africa,17,1363,0,88
2020-09-27,Liberia,Africa,3,1366,0,88
2020-10-04,Liberia,Africa,9,1375,0,88
2020-10-11,Liberia,Africa,22,1397,0,88
2020-10-18,Liberia,Africa,10,1407,0,88
2020-10-25,Liberia,Africa,15,1422,0,88
2020-11-01,Liberia,Africa,39,1461,0,88
2020-11-08,Liberia,Africa,14,1475,0,88
2020-11-15,Liberia,Africa,59,1534,0,88
2020-11-22,Liberia,Africa,51,1585,0,88
2020-11-29,Liberia,Africa,34,1619,1,89
2020-12-06,Liberia,Africa,106,1725,0,89
2020-12-13,Liberia,Africa,67,1792,0,89
2020-12-20,Liberia,Africa,17,1809,0,89
2020-12-27,Liberia,Africa,12,1821,0,89
2021-01-03,Liberia,Africa,35,1856,0,89
2021-01-10,Liberia,Africa,24,1880,0,89
2021-01-17,Liberia,Africa,26,1906,0,89
2021-01-24,Liberia,Africa,19,1925,0,89
2021-01-31,Liberia,Africa,29,1954,0,89
2021-02-07,Liberia,Africa,23,1977,0,89
2021-02-14,Liberia,Africa,16,1993,2,91
2021-02-21,Liberia,Africa,11,2004,0,91
2021-02-28,Liberia,Africa,19,2023,0,91
2021-03-07,Liberia,Africa,12,2035,0,91
2021-03-14,Liberia,Africa,10,2045,0,91
2021-03-21,Liberia,Africa,9,2054,0,91
2021-03-28,Liberia,Africa,12,2066,0,91
2021-04-04,Liberia,Africa,4,2070,0,91
2021-04-11,Liberia,Africa,6,2076,0,91
2021-04-18,Liberia,Africa,16,2092,0,91
2021-04-25,Liberia,Africa,15,2107,0,91
2021-05-02,Liberia,Africa,10,2117,0,91
2021-05-09,Liberia,Africa,11,2128,0,91
2021-05-16,Liberia,Africa,13,2141,0,91
2021-05-23,Liberia,Africa,27,2168,1,92
2021-05-30,Liberia,Africa,36,2204,0,92
2021-06-06,Liberia,Africa,110,2314,3,95
2021-06-13,Liberia,Africa,265,2579,15,110
2021-06-20,Liberia,Africa,509,3088,28,138
2021-06-27,Liberia,Africa,704,3792,39,177
2021-07-04,Liberia,Africa,1142,4934,33,210
2021-07-11,Liberia,Africa,286,5220,29,239
2021-07-18,Liberia,Africa,240,5460,22,261
2021-07-25,Liberia,Africa,76,5536,12,273
2021-08-01,Liberia,Africa,25,5561,3,276
2021-08-08,Liberia,Africa,31,5592,3,279
2021-08-15,Liberia,Africa,32,5624,2,281
2021-08-22,Liberia,Africa,33,5657,1,282
2021-08-29,Liberia,Africa,61,5718,1,283
2021-09-05,Liberia,Africa,32,5750,0,283
2021-09-12,Liberia,Africa,22,5772,0,283
2021-09-19,Liberia,Africa,21,5793,0,283
2021-09-26,Liberia,Africa,10,5803,2,285
2021-10-03,Liberia,Africa,2,5805,1,286
2021-10-10,Liberia,Africa,2,5807,0,286
2021-10-17,Liberia,Africa,5,5812,0,286
2021-10-24,Liberia,Africa,2,5814,1,287
2021-10-31,Liberia,Africa,4,5818,0,287
2021-11-07,Liberia,Africa,0,5818,0,287
2021-11-14,Liberia,Africa,3,5821,0,287
2021-11-21,Liberia,Africa,2,5823,0,287
2021-11-28,Liberia,Africa,1,5824,0,287
2021-12-05,Liberia,Africa,6,5830,0,287
2021-12-12,Liberia,Africa,17,5847,0,287
2021-12-19,Liberia,Africa,72,5919,0,287
2021-12-26,Liberia,Africa,309,6228,0,287
2022-01-02,Liberia,Africa,516,6744,0,287
2022-01-09,Liberia,Africa,331,7075,0,287
2022-01-16,Liberia,Africa,118,7193,0,287
2022-01-23,Liberia,Africa,53,7246,3,290
2022-01-30,Liberia,Africa,26,7272,0,290
2022-02-06,Liberia,Africa,74,7346,0,290
2022-02-13,Liberia,Africa,14,7360,0,290
2022-02-20,Liberia,Africa,21,7381,4,294
2022-02-27,Liberia,Africa,3,7384,0,294
2022-03-06,Liberia,Africa,9,7393,0,294
2022-03-13,Liberia,Africa,0,7393,0,294
2022-03-20,Liberia,Africa,2,7395,0,294
2022-03-27,Liberia,Africa,4,7399,0,294
2022-04-03,Liberia,Africa,1,7400,0,294
2022-04-10,Liberia,Africa,21,7421,0,294
2022-04-17,Liberia,Africa,13,7434,0,294
2022-04-24,Liberia,Africa,0,7434,0,294
2022-05-01,Liberia,Africa,1,7435,0,294
2022-05-08,Liberia,Africa,16,7451,0,294
2022-05-15,Liberia,Africa,4,7455,0,294
2022-05-22,Liberia,Africa,1,7456,0,294
2022-05-29,Liberia,Africa,0,7456,0,294
2022-06-05,Liberia,Africa,2,7458,0,294
2022-06-12,Liberia,Africa,30,7488,0,294
2022-06-19,Liberia,Africa,5,7493,0,294
2022-06-26,Liberia,Africa,6,7499,0,294
2022-07-03,Liberia,Africa,2,7501,0,294
2022-07-10,Liberia,Africa,3,7504,0,294
2022-07-17,Liberia,Africa,3,7507,0,294
2022-07-24,Liberia,Africa,1,7508,0,294
2022-07-31,Liberia,Africa,40,7548,0,294
2022-08-07,Liberia,Africa,104,7652,0,294
2022-08-14,Liberia,Africa,76,7728,0,294
2022-08-21,Liberia,Africa,102,7830,0,294
2022-08-28,Liberia,Africa,53,7883,0,294
2022-09-04,Liberia,Africa,43,7926,0,294
2022-09-11,Liberia,Africa,18,7944,0,294
2022-09-18,Liberia,Africa,16,7960,0,294
2022-09-25,Liberia,Africa,13,7973,0,294
2022-10-02,Liberia,Africa,3,7976,0,294
2022-10-09,Liberia,Africa,10,7986,0,294
2022-10-16,Liberia,Africa,4,7990,0,294
2022-10-23,Liberia,Africa,3,7993,0,294
2022-10-30,Liberia,Africa,6,7999,0,294
2022-11-06,Liberia,Africa,10,8009,0,294
2022-11-13,Liberia,Africa,5,8014,0,294
2022-11-20,Liberia,Africa,11,8025,0,294
2022-11-27,Liberia,Africa,10,8035,0,294
2022-12-04,Liberia,Africa,8,8043,0,294
2022-12-11,Liberia,Africa,0,8043,0,294
2022-12-18,Liberia,Africa,3,8046,0,294
2022-12-25,Liberia,Africa,4,8050,0,294
2023-01-01,Liberia,Africa,5,8055,0,294
2023-01-08,Liberia,Africa,5,8060,0,294
2023-01-15,Liberia,Africa,0,8060,0,294
2023-01-22,Liberia,Africa,2,8062,0,294
2023-01-29,Liberia,Africa,0,8062,0,294
2023-02-05,Liberia,Africa,15,8077,0,294
2023-02-12,Liberia,Africa,6,8083,0,294
2023-02-19,Liberia,Africa,7,8090,0,294
2023-02-26,Liberia,Africa,0,8090,0,294
2023-03-05,Liberia,Africa,0,8090,0,294
2023-03-12,Liberia,Africa,0,8090,0,294
2023-03-19,Liberia,Africa,0,8090,0,294
2023-03-26,Liberia,Africa,0,8090,0,294
2023-04-02,Liberia,Africa,0,8090,0,294
2023-04-09,Liberia,Africa,0,8090,0,294
2023-04-16,Liberia,Africa,0,8090,0,294
2023-04-23,Liberia,Africa,0,8090,0,294
2023-04-30,Liberia,Africa,0,8090,0,294
2023-05-07,Liberia,Africa,0,8090,0,294
2023-05-14,Liberia,Africa,0,8090,0,294
2023-05-21,Liberia,Africa,0,8090,0,294
2023-05-28,Liberia,Africa,0,8090,0,294
2023-06-04,Liberia,Africa,0,8090,0,294
2023-06-11,Liberia,Africa,0,8090,0,294
2023-06-18,Liberia,Africa,0,8090,0,294
2023-06-25,Liberia,Africa,0,8090,0,294
2023-07-02,Liberia,Africa,0,8090,0,294
2023-07-09,Liberia,Africa,0,8090,0,294
2023-07-16,Liberia,Africa,0,8090,0,294
2023-07-23,Liberia,Africa,0,8090,0,294
2023-07-30,Liberia,Africa,0,8090,0,294
2023-08-06,Liberia,Africa,0,8090,0,294
2023-08-13,Liberia,Africa,-160,7930,0,294
2023-08-20,Liberia,Africa,0,7930,0,294
2023-08-27,Liberia,Africa,0,7930,0,294
2023-09-03,Liberia,Africa,0,7930,0,294
2023-09-10,Liberia,Africa,0,7930,0,294
2023-09-17,Liberia,Africa,0,7930,0,294
2023-09-24,Liberia,Africa,0,7930,0,294
2023-10-01,Liberia,Africa,0,7930,0,294
2023-10-08,Liberia,Africa,0,7930,0,294
2023-10-15,Liberia,Africa,0,7930,0,294
2023-10-22,Liberia,Africa,0,7930,0,294
2023-10-29,Liberia,Africa,0,7930,0,294
2023-11-05,Liberia,Africa,0,7930,0,294
2023-11-12,Liberia,Africa,0,7930,0,294
2023-11-19,Liberia,Africa,0,7930,0,294
2023-11-26,Liberia,Africa,0,7930,0,294
2023-12-03,Liberia,Africa,0,7930,0,294
2023-12-10,Liberia,Africa,0,7930,0,294
2023-12-17,Liberia,Africa,0,7930,0,294
2023-12-24,Liberia,Africa,0,7930,0,294
2023-12-31,Liberia,Africa,0,7930,0,294
2024-01-07,Liberia,Africa,0,7930,0,294
2024-01-14,Liberia,Africa,0,7930,0,294
2024-01-21,Liberia,Africa,0,7930,0,294
2024-01-28,Liberia,Africa,0,7930,0,294
2024-02-04,Liberia,Africa,0,7930,0,294
2024-02-11,Liberia,Africa,0,7930,0,294
2024-02-18,Liberia,Africa,0,7930,0,294
2024-02-25,Liberia,Africa,0,7930,0,294
2024-03-03,Liberia,Africa,0,7930,0,294
2024-03-10,Liberia,Africa,0,7930,0,294
2024-03-17,Liberia,Africa,0,7930,0,294
2024-03-24,Liberia,Africa,0,7930,0,294
2024-03-31,Liberia,Africa,0,7930,0,294
2024-04-07,Liberia,Africa,0,7930,0,294
2024-04-14,Liberia,Africa,0,7930,0,294
2024-04-21,Liberia,Africa,0,7930,0,294
2024-04-28,Liberia,Africa,0,7930,0,294
2024-05-05,Liberia,Africa,0,7930,0,294
2024-05-12,Liberia,Africa,0,7930,0,294
2024-05-19,Liberia,Africa,0,7930,0,294
2024-05-26,Liberia,Africa,0,7930,0,294
2024-06-02,Liberia,Africa,0,7930,0,294
2024-06-09,Liberia,Africa,0,7930,0,294
2024-06-16,Liberia,Africa,0,7930,0,294
2024-06-23,Liberia,Africa,0,7930,0,294
2024-06-30,Liberia,Africa,0,7930,0,294
2024-07-07,Liberia,Africa,0,7930,0,294
2024-07-14,Liberia,Africa,0,7930,0,294
2024-07-21,Liberia,Africa,0,7930,0,294
2024-07-28,Liberia,Africa,0,7930,0,294
2024-08-04,Liberia,Africa,0,7930,0,294
2024-08-11,Liberia,Africa,0,7930,0,294
2024-08-18,Liberia,Africa,0,7930,0,294
2024-08-25,Liberia,Africa,0,7930,0,294
2024-09-01,Liberia,Africa,0,7930,0,294
2020-01-05,Libya,Africa,0,0,0,0
2020-01-12,Libya,Africa,0,0,0,0
2020-01-19,Libya,Africa,0,0,0,0
2020-01-26,Libya,Africa,0,0,0,0
2020-02-02,Libya,Africa,0,0,0,0
2020-02-09,Libya,Africa,0,0,0,0
2020-02-16,Libya,Africa,0,0,0,0
2020-02-23,Libya,Africa,0,0,0,0
2020-03-01,Libya,Africa,0,0,0,0
2020-03-08,Libya,Africa,0,0,0,0
2020-03-15,Libya,Africa,0,0,0,0
2020-03-22,Libya,Africa,0,0,0,0
2020-03-29,Libya,Africa,1,1,0,0
2020-04-05,Libya,Africa,10,11,1,1
2020-04-12,Libya,Africa,13,24,0,1
2020-04-19,Libya,Africa,25,49,0,1
2020-04-26,Libya,Africa,11,60,1,2
2020-05-03,Libya,Africa,3,63,1,3
2020-05-10,Libya,Africa,1,64,0,3
2020-05-17,Libya,Africa,0,64,0,3
2020-05-24,Libya,Africa,8,72,0,3
2020-05-31,Libya,Africa,46,118,2,5
2020-06-07,Libya,Africa,121,239,0,5
2020-06-14,Libya,Africa,170,409,1,6
2020-06-21,Libya,Africa,111,520,4,10
2020-06-28,Libya,Africa,193,713,8,18
2020-07-05,Libya,Africa,205,918,9,27
2020-07-12,Libya,Africa,424,1342,11,38
2020-07-19,Libya,Africa,362,1704,9,47
2020-07-26,Libya,Africa,721,2425,10,57
2020-08-02,Libya,Africa,1196,3621,17,74
2020-08-09,Libya,Africa,1457,5078,34,108
2020-08-16,Libya,Africa,2249,7327,31,139
2020-08-23,Libya,Africa,2794,10121,41,180
2020-08-30,Libya,Africa,2837,12958,51,231
2020-09-06,Libya,Africa,4136,17094,41,272
2020-09-13,Libya,Africa,5254,22348,82,354
2020-09-20,Libya,Africa,4886,27234,72,426
2020-09-27,Libya,Africa,4594,31828,73,499
2020-10-04,Libya,Africa,4259,36087,79,578
2020-10-11,Libya,Africa,5599,41686,45,623
2020-10-18,Libya,Africa,6159,47845,76,699
2020-10-25,Libya,Africa,6529,54374,91,790
2020-11-01,Libya,Africa,6721,61095,67,857
2020-11-08,Libya,Africa,5944,67039,63,920
2020-11-15,Libya,Africa,5589,72628,75,995
2020-11-22,Libya,Africa,4180,76808,73,1068
2020-11-29,Libya,Africa,4465,81273,85,1153
2020-12-06,Libya,Africa,4256,85529,66,1219
2020-12-13,Libya,Africa,4351,89880,59,1278
2020-12-20,Libya,Africa,3892,93772,68,1346
2020-12-27,Libya,Africa,3881,97653,69,1415
2021-01-03,Libya,Africa,3091,100744,72,1487
2021-01-10,Libya,Africa,3258,104002,81,1568
2021-01-17,Libya,Africa,4015,108017,83,1651
2021-01-24,Libya,Africa,4523,112540,86,1737
2021-01-31,Libya,Africa,5110,117650,105,1842
2021-02-07,Libya,Africa,5244,122894,94,1936
2021-02-14,Libya,Africa,3987,126881,78,2014
2021-02-21,Libya,Africa,2444,129325,74,2088
2021-02-28,Libya,Africa,3133,132458,86,2174
2021-03-07,Libya,Africa,5024,137482,62,2236
2021-03-14,Libya,Africa,6161,143643,112,2348
2021-03-21,Libya,Africa,6698,150341,139,2487
2021-03-28,Libya,Africa,5775,156116,115,2602
2021-04-04,Libya,Africa,4972,161088,82,2684
2021-04-11,Libya,Africa,5800,166888,123,2807
2021-04-18,Libya,Africa,4243,171131,75,2882
2021-04-25,Libya,Africa,3621,174752,65,2947
2021-05-02,Libya,Africa,2756,177508,82,3029
2021-05-09,Libya,Africa,2189,179697,34,3063
2021-05-16,Libya,Africa,1482,181179,22,3085
2021-05-23,Libya,Africa,1720,182899,20,3105
2021-05-30,Libya,Africa,1916,184815,11,3116
2021-06-06,Libya,Africa,2138,186953,21,3137
2021-06-13,Libya,Africa,1809,188762,21,3158
2021-06-20,Libya,Africa,1664,190426,15,3173
2021-06-27,Libya,Africa,1703,192129,12,3185
2021-07-04,Libya,Africa,2194,194323,20,3205
2021-07-11,Libya,Africa,6913,201236,27,3232
2021-07-18,Libya,Africa,16198,217434,21,3253
2021-07-25,Libya,Africa,12170,229604,91,3344
2021-08-01,Libya,Africa,19510,249114,165,3509
2021-08-08,Libya,Africa,15713,264827,180,3689
2021-08-15,Libya,Africa,14272,279099,180,3869
2021-08-22,Libya,Africa,14433,293532,148,4017
2021-08-29,Libya,Africa,10258,303790,148,4165
2021-09-05,Libya,Africa,9714,313504,143,4308
2021-09-12,Libya,Africa,8983,322487,102,4410
2021-09-19,Libya,Africa,7337,329824,80,4490
2021-09-26,Libya,Africa,6167,335991,98,4588
2021-10-03,Libya,Africa,5100,341091,76,4664
2021-10-10,Libya,Africa,4360,345451,93,4757
2021-10-17,Libya,Africa,3759,349210,103,4860
2021-10-24,Libya,Africa,3671,352881,122,4982
2021-10-31,Libya,Africa,3774,356655,96,5078
2021-11-07,Libya,Africa,3611,360266,108,5186
2021-11-14,Libya,Africa,3810,364076,89,5275
2021-11-21,Libya,Africa,3142,367218,90,5365
2021-11-28,Libya,Africa,3569,370787,65,5430
2021-12-05,Libya,Africa,3493,374280,50,5480
2021-12-12,Libya,Africa,3170,377450,60,5540
2021-12-19,Libya,Africa,3573,381023,49,5589
2021-12-26,Libya,Africa,3640,384663,52,5641
2022-01-02,Libya,Africa,4071,388734,69,5710
2022-01-09,Libya,Africa,4134,392868,68,5778
2022-01-16,Libya,Africa,3584,396452,50,5828
2022-01-23,Libya,Africa,6692,403144,79,5907
2022-01-30,Libya,Africa,16399,419543,86,5993
2022-02-06,Libya,Africa,26333,445876,59,6052
2022-02-13,Libya,Africa,20790,466666,61,6113
2022-02-20,Libya,Africa,15487,482153,65,6178
2022-02-27,Libya,Africa,10001,492154,63,6241
2022-03-06,Libya,Africa,5125,497279,47,6288
2022-03-13,Libya,Africa,2488,499767,48,6336
2022-03-20,Libya,Africa,1097,500864,32,6368
2022-03-27,Libya,Africa,556,501420,29,6397
2022-04-03,Libya,Africa,318,501738,22,6419
2022-04-10,Libya,Africa,96,501834,10,6429
2022-04-17,Libya,Africa,28,501862,0,6429
2022-04-24,Libya,Africa,42,501904,1,6430
2022-05-01,Libya,Africa,12,501916,0,6430
2022-05-08,Libya,Africa,3,501919,0,6430
2022-05-15,Libya,Africa,35,501954,0,6430
2022-05-22,Libya,Africa,33,501987,0,6430
2022-05-29,Libya,Africa,29,502016,0,6430
2022-06-05,Libya,Africa,24,502040,0,6430
2022-06-12,Libya,Africa,36,502076,0,6430
2022-06-19,Libya,Africa,34,502110,0,6430
2022-06-26,Libya,Africa,28,502138,0,6430
2022-07-03,Libya,Africa,51,502189,0,6430
2022-07-10,Libya,Africa,100,502289,0,6430
2022-07-17,Libya,Africa,353,502642,1,6431
2022-07-24,Libya,Africa,969,503611,0,6431
2022-07-31,Libya,Africa,1138,504749,0,6431
2022-08-07,Libya,Africa,862,505611,2,6433
2022-08-14,Libya,Africa,567,506178,1,6434
2022-08-21,Libya,Africa,337,506515,2,6436
2022-08-28,Libya,Africa,231,506746,0,6436
2022-09-04,Libya,Africa,92,506838,1,6437
2022-09-11,Libya,Africa,51,506889,0,6437
2022-09-18,Libya,Africa,33,506922,0,6437
2022-09-25,Libya,Africa,32,506954,0,6437
2022-10-02,Libya,Africa,40,506994,0,6437
2022-10-09,Libya,Africa,16,507010,0,6437
2022-10-16,Libya,Africa,2,507012,0,6437
2022-10-23,Libya,Africa,12,507024,0,6437
2022-10-30,Libya,Africa,10,507034,0,6437
2022-11-06,Libya,Africa,17,507051,0,6437
2022-11-13,Libya,Africa,9,507060,0,6437
2022-11-20,Libya,Africa,10,507070,0,6437
2022-11-27,Libya,Africa,8,507078,0,6437
2022-12-04,Libya,Africa,6,507084,0,6437
2022-12-11,Libya,Africa,16,507100,0,6437
2022-12-18,Libya,Africa,12,507112,0,6437
2022-12-25,Libya,Africa,9,507121,0,6437
2023-01-01,Libya,Africa,21,507142,0,6437
2023-01-08,Libya,Africa,11,507153,0,6437
2023-01-15,Libya,Africa,1,507154,0,6437
2023-01-22,Libya,Africa,4,507158,0,6437
2023-01-29,Libya,Africa,1,507159,0,6437
2023-02-05,Libya,Africa,3,507162,0,6437
2023-02-12,Libya,Africa,4,507166,0,6437
2023-02-19,Libya,Africa,4,507170,0,6437
2023-02-26,Libya,Africa,1,507171,0,6437
2023-03-05,Libya,Africa,3,507174,0,6437
2023-03-12,Libya,Africa,13,507187,0,6437
2023-03-19,Libya,Africa,14,507201,0,6437
2023-03-26,Libya,Africa,5,507206,0,6437
2023-04-02,Libya,Africa,0,507206,0,6437
2023-04-09,Libya,Africa,23,507229,0,6437
2023-04-16,Libya,Africa,15,507244,0,6437
2023-04-23,Libya,Africa,6,507250,0,6437
2023-04-30,Libya,Africa,2,507252,0,6437
2023-05-07,Libya,Africa,0,507252,0,6437
2023-05-14,Libya,Africa,1,507253,0,6437
2023-05-21,Libya,Africa,2,507255,0,6437
2023-05-28,Libya,Africa,7,507262,0,6437
2023-06-04,Libya,Africa,1,507263,0,6437
2023-06-11,Libya,Africa,1,507264,0,6437
2023-06-18,Libya,Africa,0,507264,0,6437
2023-06-25,Libya,Africa,2,507266,0,6437
2023-07-02,Libya,Africa,0,507266,0,6437
2023-07-09,Libya,Africa,0,507266,0,6437
2023-07-16,Libya,Africa,0,507266,0,6437
2023-07-23,Libya,Africa,0,507266,0,6437
2023-07-30,Libya,Africa,0,507266,0,6437
2023-08-06,Libya,Africa,0,507266,0,6437
2023-08-13,Libya,Africa,0,507266,0,6437
2023-08-20,Libya,Africa,0,507266,0,6437
2023-08-27,Libya,Africa,2,507268,0,6437
2023-09-03,Libya,Africa,1,507269,0,6437
2023-09-10,Libya,Africa,0,507269,0,6437
2023-09-17,Libya,Africa,0,507269,0,6437
2023-09-24,Libya,Africa,0,507269,0,6437
2023-10-01,Libya,Africa,0,507269,0,6437
2023-10-08,Libya,Africa,0,507269,0,6437
2023-10-15,Libya,Africa,0,507269,0,6437
2023-10-22,Libya,Africa,0,507269,0,6437
2023-10-29,Libya,Africa,0,507269,0,6437
2023-11-05,Libya,Africa,0,507269,0,6437
2023-11-12,Libya,Africa,0,507269,0,6437
2023-11-19,Libya,Africa,0,507269,0,6437
2023-11-26,Libya,Africa,0,507269,0,6437
2023-12-03,Libya,Africa,0,507269,0,6437
2023-12-10,Libya,Africa,0,507269,0,6437
2023-12-17,Libya,Africa,0,507269,0,6437
2023-12-24,Libya,Africa,0,507269,0,6437
2023-12-31,Libya,Africa,0,507269,0,6437
2024-01-07,Libya,Africa,0,507269,0,6437
2024-01-14,Libya,Africa,0,507269,0,6437
2024-01-21,Libya,Africa,0,507269,0,6437
2024-01-28,Libya,Africa,0,507269,0,6437
2024-02-04,Libya,Africa,0,507269,0,6437
2024-02-11,Libya,Africa,0,507269,0,6437
2024-02-18,Libya,Africa,0,507269,0,6437
2024-02-25,Libya,Africa,0,507269,0,6437
2024-03-03,Libya,Africa,0,507269,0,6437
2024-03-10,Libya,Africa,0,507269,0,6437
2024-03-17,Libya,Africa,0,507269,0,6437
2024-03-24,Libya,Africa,0,507269,0,6437
2024-03-31,Libya,Africa,0,507269,0,6437
2024-04-07,Libya,Africa,0,507269,0,6437
2024-04-14,Libya,Africa,0,507269,0,6437
2024-04-21,Libya,Africa,0,507269,0,6437
2024-04-28,Libya,Africa,0,507269,0,6437
2024-05-05,Libya,Africa,0,507269,0,6437
2024-05-12,Libya,Africa,0,507269,0,6437
2024-05-19,Libya,Africa,0,507269,0,6437
2024-05-26,Libya,Africa,0,507269,0,6437
2024-06-02,Libya,Africa,0,507269,0,6437
2024-06-09,Libya,Africa,0,507269,0,6437
2024-06-16,Libya,Africa,0,507269,0,6437
2024-06-23,Libya,Africa,0,507269,0,6437
2024-06-30,Libya,Africa,0,507269,0,6437
2024-07-07,Libya,Africa,0,507269,0,6437
2024-07-14,Libya,Africa,0,507269,0,6437
2024-07-21,Libya,Africa,0,507269,0,6437
2024-07-28,Libya,Africa,0,507269,0,6437
2024-08-04,Libya,Africa,0,507269,0,6437
2024-08-11,Libya,Africa,0,507269,0,6437
2024-08-18,Libya,Africa,0,507269,0,6437
2024-08-25,Libya,Africa,0,507269,0,6437
2024-09-01,Libya,Africa,0,507269,0,6437
2020-01-05,Liechtenstein,Europe,0,0,0,0
2020-01-12,Liechtenstein,Europe,0,0,0,0
2020-01-19,Liechtenstein,Europe,0,0,0,0
2020-01-26,Liechtenstein,Europe,0,0,0,0
2020-02-02,Liechtenstein,Europe,0,0,0,0
2020-02-09,Liechtenstein,Europe,0,0,0,0
2020-02-16,Liechtenstein,Europe,0,0,0,0
2020-02-23,Liechtenstein,Europe,0,0,0,0
2020-03-01,Liechtenstein,Europe,0,0,0,0
2020-03-08,Liechtenstein,Europe,1,1,0,0
2020-03-15,Liechtenstein,Europe,10,11,0,0
2020-03-22,Liechtenstein,Europe,35,46,0,0
2020-03-29,Liechtenstein,Europe,18,64,0,0
2020-04-05,Liechtenstein,Europe,14,78,1,1
2020-04-12,Liechtenstein,Europe,3,81,0,1
2020-04-19,Liechtenstein,Europe,1,82,0,1
2020-04-26,Liechtenstein,Europe,1,83,0,1
2020-05-03,Liechtenstein,Europe,0,83,0,1
2020-05-10,Liechtenstein,Europe,0,83,0,1
2020-05-17,Liechtenstein,Europe,0,83,0,1
2020-05-24,Liechtenstein,Europe,0,83,0,1
2020-05-31,Liechtenstein,Europe,0,83,0,1
2020-06-07,Liechtenstein,Europe,0,83,0,1
2020-06-14,Liechtenstein,Europe,0,83,0,1
2020-06-21,Liechtenstein,Europe,0,83,0,1
2020-06-28,Liechtenstein,Europe,0,83,0,1
2020-07-05,Liechtenstein,Europe,1,84,0,1
2020-07-12,Liechtenstein,Europe,1,85,0,1
2020-07-19,Liechtenstein,Europe,2,87,0,1
2020-07-26,Liechtenstein,Europe,0,87,0,1
2020-08-02,Liechtenstein,Europe,2,89,0,1
2020-08-09,Liechtenstein,Europe,0,89,0,1
2020-08-16,Liechtenstein,Europe,5,94,0,1
2020-08-23,Liechtenstein,Europe,7,101,0,1
2020-08-30,Liechtenstein,Europe,7,108,0,1
2020-09-06,Liechtenstein,Europe,0,108,0,1
2020-09-13,Liechtenstein,Europe,3,111,0,1
2020-09-20,Liechtenstein,Europe,3,114,0,1
2020-09-27,Liechtenstein,Europe,5,119,0,1
2020-10-04,Liechtenstein,Europe,9,128,0,1
2020-10-11,Liechtenstein,Europe,22,150,0,1
2020-10-18,Liechtenstein,Europe,77,227,0,1
2020-10-25,Liechtenstein,Europe,186,413,0,1
2020-11-01,Liechtenstein,Europe,190,603,2,3
2020-11-08,Liechtenstein,Europe,217,820,0,3
2020-11-15,Liechtenstein,Europe,193,1013,3,6
2020-11-22,Liechtenstein,Europe,141,1154,4,10
2020-11-29,Liechtenstein,Europe,149,1303,7,17
2020-12-06,Liechtenstein,Europe,130,1433,2,19
2020-12-13,Liechtenstein,Europe,144,1577,2,21
2020-12-20,Liechtenstein,Europe,254,1831,5,26
2020-12-27,Liechtenstein,Europe,257,2088,13,39
2021-01-03,Liechtenstein,Europe,196,2284,5,44
2021-01-10,Liechtenstein,Europe,121,2405,6,50
2021-01-17,Liechtenstein,Europe,49,2454,0,50
2021-01-24,Liechtenstein,Europe,59,2513,3,53
2021-01-31,Liechtenstein,Europe,54,2567,0,53
2021-02-07,Liechtenstein,Europe,30,2597,0,53
2021-02-14,Liechtenstein,Europe,18,2615,2,55
2021-02-21,Liechtenstein,Europe,7,2622,0,55
2021-02-28,Liechtenstein,Europe,28,2650,0,55
2021-03-07,Liechtenstein,Europe,20,2670,1,56
2021-03-14,Liechtenstein,Europe,20,2690,0,56
2021-03-21,Liechtenstein,Europe,21,2711,0,56
2021-03-28,Liechtenstein,Europe,28,2739,0,56
2021-04-04,Liechtenstein,Europe,37,2776,0,56
2021-04-11,Liechtenstein,Europe,61,2837,0,56
2021-04-18,Liechtenstein,Europe,72,2909,0,56
2021-04-25,Liechtenstein,Europe,64,2973,1,57
2021-05-02,Liechtenstein,Europe,62,3035,0,57
2021-05-09,Liechtenstein,Europe,27,3062,1,58
2021-05-16,Liechtenstein,Europe,17,3079,0,58
2021-05-23,Liechtenstein,Europe,12,3091,0,58
2021-05-30,Liechtenstein,Europe,12,3103,0,58
2021-06-06,Liechtenstein,Europe,12,3115,0,58
2021-06-13,Liechtenstein,Europe,5,3120,1,59
2021-06-20,Liechtenstein,Europe,3,3123,0,59
2021-06-27,Liechtenstein,Europe,4,3127,0,59
2021-07-04,Liechtenstein,Europe,13,3140,0,59
2021-07-11,Liechtenstein,Europe,13,3153,0,59
2021-07-18,Liechtenstein,Europe,11,3164,0,59
2021-07-25,Liechtenstein,Europe,15,3179,0,59
2021-08-01,Liechtenstein,Europe,13,3192,0,59
2021-08-08,Liechtenstein,Europe,15,3207,0,59
2021-08-15,Liechtenstein,Europe,63,3270,0,59
2021-08-22,Liechtenstein,Europe,73,3343,0,59
2021-08-29,Liechtenstein,Europe,38,3381,0,59
2021-09-05,Liechtenstein,Europe,64,3445,0,59
2021-09-12,Liechtenstein,Europe,53,3498,1,60
2021-09-19,Liechtenstein,Europe,32,3530,0,60
2021-09-26,Liechtenstein,Europe,25,3555,0,60
2021-10-03,Liechtenstein,Europe,6,3561,0,60
2021-10-10,Liechtenstein,Europe,11,3572,0,60
2021-10-17,Liechtenstein,Europe,31,3603,0,60
2021-10-24,Liechtenstein,Europe,39,3642,1,61
2021-10-31,Liechtenstein,Europe,43,3685,0,61
2021-11-07,Liechtenstein,Europe,93,3778,0,61
2021-11-14,Liechtenstein,Europe,147,3925,0,61
2021-11-21,Liechtenstein,Europe,378,4303,0,61
2021-11-28,Liechtenstein,Europe,400,4703,1,62
2021-12-05,Liechtenstein,Europe,409,5112,0,62
2021-12-12,Liechtenstein,Europe,375,5487,5,67
2021-12-19,Liechtenstein,Europe,304,5791,2,69
2021-12-26,Liechtenstein,Europe,268,6059,0,69
2022-01-02,Liechtenstein,Europe,292,6351,0,69
2022-01-09,Liechtenstein,Europe,481,6832,0,69
2022-01-16,Liechtenstein,Europe,545,7377,1,70
2022-01-23,Liechtenstein,Europe,757,8134,1,71
2022-01-30,Liechtenstein,Europe,910,9044,0,71
2022-02-06,Liechtenstein,Europe,810,9854,0,71
2022-02-13,Liechtenstein,Europe,846,10700,0,71
2022-02-20,Liechtenstein,Europe,615,11315,3,74
2022-02-27,Liechtenstein,Europe,648,11963,1,75
2022-03-06,Liechtenstein,Europe,1143,13106,1,76
2022-03-13,Liechtenstein,Europe,1126,14232,2,78
2022-03-20,Liechtenstein,Europe,1149,15381,2,80
2022-03-27,Liechtenstein,Europe,710,16091,2,82
2022-04-03,Liechtenstein,Europe,406,16497,0,82
2022-04-10,Liechtenstein,Europe,266,16763,0,82
2022-04-17,Liechtenstein,Europe,204,16967,0,82
2022-04-24,Liechtenstein,Europe,112,17079,0,82
2022-05-01,Liechtenstein,Europe,95,17174,1,83
2022-05-08,Liechtenstein,Europe,80,17254,0,83
2022-05-15,Liechtenstein,Europe,67,17321,0,83
2022-05-22,Liechtenstein,Europe,57,17378,0,83
2022-05-29,Liechtenstein,Europe,53,17431,0,83
2022-06-05,Liechtenstein,Europe,95,17526,0,83
2022-06-12,Liechtenstein,Europe,76,17602,1,84
2022-06-19,Liechtenstein,Europe,95,17697,0,84
2022-06-26,Liechtenstein,Europe,124,17821,0,84
2022-07-03,Liechtenstein,Europe,158,17979,1,85
2022-07-10,Liechtenstein,Europe,209,18188,0,85
2022-07-17,Liechtenstein,Europe,205,18393,0,85
2022-07-24,Liechtenstein,Europe,164,18557,0,85
2022-07-31,Liechtenstein,Europe,148,18705,1,86
2022-08-07,Liechtenstein,Europe,113,18818,0,86
2022-08-14,Liechtenstein,Europe,109,18927,0,86
2022-08-21,Liechtenstein,Europe,70,18997,0,86
2022-08-28,Liechtenstein,Europe,105,19102,0,86
2022-09-04,Liechtenstein,Europe,118,19220,0,86
2022-09-11,Liechtenstein,Europe,105,19325,0,86
2022-09-18,Liechtenstein,Europe,111,19436,0,86
2022-09-25,Liechtenstein,Europe,151,19587,0,86
2022-10-02,Liechtenstein,Europe,271,19858,0,86
2022-10-09,Liechtenstein,Europe,304,20162,0,86
2022-10-16,Liechtenstein,Europe,243,20405,0,86
2022-10-23,Liechtenstein,Europe,152,20557,0,86
2022-10-30,Liechtenstein,Europe,87,20644,0,86
2022-11-06,Liechtenstein,Europe,85,20729,0,86
2022-11-13,Liechtenstein,Europe,56,20785,0,86
2022-11-20,Liechtenstein,Europe,61,20846,0,86
2022-11-27,Liechtenstein,Europe,60,20906,0,86
2022-12-04,Liechtenstein,Europe,119,21025,0,86
2022-12-11,Liechtenstein,Europe,91,21116,1,87
2022-12-18,Liechtenstein,Europe,96,21212,0,87
2022-12-25,Liechtenstein,Europe,69,21281,0,87
2023-01-01,Liechtenstein,Europe,23,21304,0,87
2023-01-08,Liechtenstein,Europe,20,21324,0,87
2023-01-15,Liechtenstein,Europe,15,21339,0,87
2023-01-22,Liechtenstein,Europe,1,21340,0,87
2023-01-29,Liechtenstein,Europe,10,21350,0,87
2023-02-05,Liechtenstein,Europe,9,21359,0,87
2023-02-12,Liechtenstein,Europe,13,21372,0,87
2023-02-19,Liechtenstein,Europe,15,21387,0,87
2023-02-26,Liechtenstein,Europe,17,21404,0,87
2023-03-05,Liechtenstein,Europe,28,21432,0,87
2023-03-12,Liechtenstein,Europe,16,21448,0,87
2023-03-19,Liechtenstein,Europe,6,21454,0,87
2023-03-26,Liechtenstein,Europe,4,21458,0,87
2023-04-02,Liechtenstein,Europe,0,21458,0,87
2023-04-09,Liechtenstein,Europe,2,21460,0,87
2023-04-16,Liechtenstein,Europe,0,21460,0,87
2023-04-23,Liechtenstein,Europe,2,21462,0,87
2023-04-30,Liechtenstein,Europe,2,21464,0,87
2023-05-07,Liechtenstein,Europe,1,21465,0,87
2023-05-14,Liechtenstein,Europe,3,21468,0,87
2023-05-21,Liechtenstein,Europe,0,21468,0,87
2023-05-28,Liechtenstein,Europe,1,21469,0,87
2023-06-04,Liechtenstein,Europe,1,21470,0,87
2023-06-11,Liechtenstein,Europe,1,21471,0,87
2023-06-18,Liechtenstein,Europe,0,21471,0,87
2023-06-25,Liechtenstein,Europe,1,21472,0,87
2023-07-02,Liechtenstein,Europe,1,21473,0,87
2023-07-09,Liechtenstein,Europe,0,21473,0,87
2023-07-16,Liechtenstein,Europe,0,21473,0,87
2023-07-23,Liechtenstein,Europe,0,21473,0,87
2023-07-30,Liechtenstein,Europe,0,21473,0,87
2023-08-06,Liechtenstein,Europe,0,21473,0,87
2023-08-13,Liechtenstein,Europe,0,21473,0,87
2023-08-20,Liechtenstein,Europe,1,21474,0,87
2023-08-27,Liechtenstein,Europe,1,21475,0,87
2023-09-03,Liechtenstein,Europe,2,21477,0,87
2023-09-10,Liechtenstein,Europe,2,21479,0,87
2023-09-17,Liechtenstein,Europe,7,21486,0,87
2023-09-24,Liechtenstein,Europe,2,21488,0,87
2023-10-01,Liechtenstein,Europe,3,21491,0,87
2023-10-08,Liechtenstein,Europe,3,21494,0,87
2023-10-15,Liechtenstein,Europe,3,21497,0,87
2023-10-22,Liechtenstein,Europe,7,21504,0,87
2023-10-29,Liechtenstein,Europe,3,21507,0,87
2023-11-05,Liechtenstein,Europe,7,21514,0,87
2023-11-12,Liechtenstein,Europe,5,21519,0,87
2023-11-19,Liechtenstein,Europe,8,21527,0,87
2023-11-26,Liechtenstein,Europe,10,21537,0,87
2023-12-03,Liechtenstein,Europe,8,21545,0,87
2023-12-10,Liechtenstein,Europe,0,21545,0,87
2023-12-17,Liechtenstein,Europe,13,21558,0,87
2023-12-24,Liechtenstein,Europe,6,21564,0,87
2023-12-31,Liechtenstein,Europe,3,21567,1,88
2024-01-07,Liechtenstein,Europe,2,21569,0,88
2024-01-14,Liechtenstein,Europe,1,21570,0,88
2024-01-21,Liechtenstein,Europe,1,21571,0,88
2024-01-28,Liechtenstein,Europe,0,21571,0,88
2024-02-04,Liechtenstein,Europe,1,21572,0,88
2024-02-11,Liechtenstein,Europe,1,21573,0,88
2024-02-18,Liechtenstein,Europe,1,21574,0,88
2024-02-25,Liechtenstein,Europe,0,21574,1,89
2024-03-03,Liechtenstein,Europe,0,21574,0,89
2024-03-10,Liechtenstein,Europe,0,21574,0,89
2024-03-17,Liechtenstein,Europe,0,21574,0,89
2024-03-24,Liechtenstein,Europe,1,21575,0,89
2024-03-31,Liechtenstein,Europe,0,21575,0,89
2024-04-07,Liechtenstein,Europe,0,21575,0,89
2024-04-14,Liechtenstein,Europe,0,21575,0,89
2024-04-21,Liechtenstein,Europe,0,21575,0,89
2024-04-28,Liechtenstein,Europe,0,21575,0,89
2024-05-05,Liechtenstein,Europe,1,21576,0,89
2024-05-12,Liechtenstein,Europe,0,21576,0,89
2024-05-19,Liechtenstein,Europe,0,21576,0,89
2024-05-26,Liechtenstein,Europe,0,21576,0,89
2024-06-02,Liechtenstein,Europe,1,21577,0,89
2024-06-09,Liechtenstein,Europe,0,21577,0,89
2024-06-16,Liechtenstein,Europe,1,21578,0,89
2024-06-23,Liechtenstein,Europe,0,21578,0,89
2024-06-30,Liechtenstein,Europe,1,21579,0,89
2024-07-07,Liechtenstein,Europe,4,21583,0,89
2024-07-14,Liechtenstein,Europe,1,21584,0,89
2024-07-21,Liechtenstein,Europe,3,21587,0,89
2024-07-28,Liechtenstein,Europe,1,21588,0,89
2024-08-04,Liechtenstein,Europe,0,21588,0,89
2024-08-11,Liechtenstein,Europe,0,21588,0,89
2024-08-18,Liechtenstein,Europe,1,21589,0,89
2024-08-25,Liechtenstein,Europe,0,21589,0,89
2024-09-01,Liechtenstein,Europe,0,21589,0,89
2020-01-05,Lithuania,Europe,0,0,0,0
2020-01-12,Lithuania,Europe,0,0,0,0
2020-01-19,Lithuania,Europe,0,0,0,0
2020-01-26,Lithuania,Europe,0,0,0,0
2020-02-02,Lithuania,Europe,0,0,0,0
2020-02-09,Lithuania,Europe,0,0,0,0
2020-02-16,Lithuania,Europe,0,0,0,0
2020-02-23,Lithuania,Europe,0,0,0,0
2020-03-01,Lithuania,Europe,0,0,0,0
2020-03-08,Lithuania,Europe,0,0,0,0
2020-03-15,Lithuania,Europe,0,0,0,0
2020-03-22,Lithuania,Europe,29,29,0,0
2020-03-29,Lithuania,Europe,233,262,4,4
2020-04-05,Lithuania,Europe,354,616,4,8
2020-04-12,Lithuania,Europe,264,880,6,14
2020-04-19,Lithuania,Europe,238,1118,9,23
2020-04-26,Lithuania,Europe,127,1245,8,31
2020-05-03,Lithuania,Europe,82,1327,2,33
2020-05-10,Lithuania,Europe,72,1399,3,36
2020-05-17,Lithuania,Europe,76,1475,7,43
2020-05-24,Lithuania,Europe,82,1557,5,48
2020-05-31,Lithuania,Europe,48,1605,6,54
2020-06-07,Lithuania,Europe,44,1649,2,56
2020-06-14,Lithuania,Europe,52,1701,3,59
2020-06-21,Lithuania,Europe,29,1730,1,60
2020-06-28,Lithuania,Europe,15,1745,1,61
2020-07-05,Lithuania,Europe,26,1771,1,62
2020-07-12,Lithuania,Europe,31,1802,0,62
2020-07-19,Lithuania,Europe,71,1873,1,63
2020-07-26,Lithuania,Europe,30,1903,0,63
2020-08-02,Lithuania,Europe,146,2049,0,63
2020-08-09,Lithuania,Europe,142,2191,1,64
2020-08-16,Lithuania,Europe,192,2383,0,64
2020-08-23,Lithuania,Europe,237,2620,3,67
2020-08-30,Lithuania,Europe,227,2847,2,69
2020-09-06,Lithuania,Europe,214,3061,0,69
2020-09-13,Lithuania,Europe,287,3348,2,71
2020-09-20,Lithuania,Europe,433,3781,0,71
2020-09-27,Lithuania,Europe,710,4491,5,76
2020-10-04,Lithuania,Europe,790,5281,5,81
2020-10-11,Lithuania,Europe,1029,6310,8,89
2020-10-18,Lithuania,Europe,1566,7876,11,100
2020-10-25,Lithuania,Europe,2963,10839,22,122
2020-11-01,Lithuania,Europe,6039,16878,33,155
2020-11-08,Lithuania,Europe,8245,25123,49,204
2020-11-15,Lithuania,Europe,10357,35480,91,295
2020-11-22,Lithuania,Europe,12436,47916,144,439
2020-11-29,Lithuania,Europe,13381,61297,153,592
2020-12-06,Lithuania,Europe,14961,76258,196,788
2020-12-13,Lithuania,Europe,19051,95309,252,1040
2020-12-20,Lithuania,Europe,20737,116046,256,1296
2020-12-27,Lithuania,Europe,18173,134219,321,1617
2021-01-03,Lithuania,Europe,16309,150528,326,1943
2021-01-10,Lithuania,Europe,13460,163988,269,2212
2021-01-17,Lithuania,Europe,8013,172001,248,2460
2021-01-24,Lithuania,Europe,6549,178550,206,2666
2021-01-31,Lithuania,Europe,5897,184447,156,2822
2021-02-07,Lithuania,Europe,4188,188635,133,2955
2021-02-14,Lithuania,Europe,3496,192131,125,3080
2021-02-21,Lithuania,Europe,3340,195471,101,3181
2021-02-28,Lithuania,Europe,3691,199162,77,3258
2021-03-07,Lithuania,Europe,3055,202217,73,3331
2021-03-14,Lithuania,Europe,3205,205422,71,3402
2021-03-21,Lithuania,Europe,3663,209085,78,3480
2021-03-28,Lithuania,Europe,4942,214027,72,3552
2021-04-04,Lithuania,Europe,5630,219657,60,3612
2021-04-11,Lithuania,Europe,6640,226297,83,3695
2021-04-18,Lithuania,Europe,7546,233843,71,3766
2021-04-25,Lithuania,Europe,7750,241593,92,3858
2021-05-02,Lithuania,Europe,8357,249950,97,3955
2021-05-09,Lithuania,Europe,8075,258025,84,4039
2021-05-16,Lithuania,Europe,7845,265870,69,4108
2021-05-23,Lithuania,Europe,5339,271209,85,4193
2021-05-30,Lithuania,Europe,3348,274557,72,4265
2021-06-06,Lithuania,Europe,2273,276830,45,4310
2021-06-13,Lithuania,Europe,1290,278120,32,4342
2021-06-20,Lithuania,Europe,635,278755,26,4368
2021-06-27,Lithuania,Europe,306,279061,14,4382
2021-07-04,Lithuania,Europe,208,279269,8,4390
2021-07-11,Lithuania,Europe,308,279577,7,4397
2021-07-18,Lithuania,Europe,553,280130,6,4403
2021-07-25,Lithuania,Europe,1216,281346,2,4405
2021-08-01,Lithuania,Europe,2080,283426,6,4411
2021-08-08,Lithuania,Europe,3121,286547,10,4421
2021-08-15,Lithuania,Europe,3803,290350,24,4445
2021-08-22,Lithuania,Europe,3971,294321,37,4482
2021-08-29,Lithuania,Europe,4156,298477,54,4536
2021-09-05,Lithuania,Europe,4902,303379,73,4609
2021-09-12,Lithuania,Europe,5950,309329,79,4688
2021-09-19,Lithuania,Europe,7760,317089,105,4793
2021-09-26,Lithuania,Europe,9280,326369,123,4916
2021-10-03,Lithuania,Europe,11865,338234,157,5073
2021-10-10,Lithuania,Europe,14853,353087,167,5240
2021-10-17,Lithuania,Europe,16878,369965,205,5445
2021-10-24,Lithuania,Europe,19829,389794,193,5638
2021-10-31,Lithuania,Europe,21014,410808,250,5888
2021-11-07,Lithuania,Europe,18895,429703,240,6128
2021-11-14,Lithuania,Europe,16387,446090,204,6332
2021-11-21,Lithuania,Europe,12573,458663,209,6541
2021-11-28,Lithuania,Europe,12580,471243,168,6709
2021-12-05,Lithuania,Europe,12206,483449,152,6861
2021-12-12,Lithuania,Europe,11568,495017,129,6990
2021-12-19,Lithuania,Europe,11487,506504,145,7135
2021-12-26,Lithuania,Europe,9502,516006,167,7302
2022-01-02,Lithuania,Europe,11899,527905,130,7432
2022-01-09,Lithuania,Europe,21379,549284,120,7552
2022-01-16,Lithuania,Europe,28303,577587,113,7665
2022-01-23,Lithuania,Europe,46165,623752,100,7765
2022-01-30,Lithuania,Europe,74103,697855,104,7869
2022-02-06,Lithuania,Europe,88302,786157,122,7991
2022-02-13,Lithuania,Europe,77802,863959,131,8122
2022-02-20,Lithuania,Europe,54157,918116,132,8254
2022-02-27,Lithuania,Europe,45304,963420,161,8415
2022-03-06,Lithuania,Europe,37052,1000472,120,8535
2022-03-13,Lithuania,Europe,35485,1035957,106,8641
2022-03-20,Lithuania,Europe,35886,1071843,96,8737
2022-03-27,Lithuania,Europe,27270,1099113,103,8840
2022-04-03,Lithuania,Europe,18874,1117987,76,8916
2022-04-10,Lithuania,Europe,12314,1130301,56,8972
2022-04-17,Lithuania,Europe,9337,1139638,51,9023
2022-04-24,Lithuania,Europe,6163,1145801,47,9070
2022-05-01,Lithuania,Europe,4462,1150263,33,9103
2022-05-08,Lithuania,Europe,1303,1151566,20,9123
2022-05-15,Lithuania,Europe,1181,1152747,9,9132
2022-05-22,Lithuania,Europe,1039,1153786,4,9136
2022-05-29,Lithuania,Europe,909,1154695,8,9144
2022-06-05,Lithuania,Europe,877,1155572,5,9149
2022-06-12,Lithuania,Europe,1101,1156673,4,9153
2022-06-19,Lithuania,Europe,1304,1157977,5,9158
2022-06-26,Lithuania,Europe,1559,1159536,9,9167
2022-07-03,Lithuania,Europe,2628,1162164,8,9175
2022-07-10,Lithuania,Europe,2930,1165094,5,9180
2022-07-17,Lithuania,Europe,4578,1169672,9,9189
2022-07-24,Lithuania,Europe,6345,1176017,10,9199
2022-07-31,Lithuania,Europe,7583,1183600,9,9208
2022-08-07,Lithuania,Europe,8553,1192153,12,9220
2022-08-14,Lithuania,Europe,8562,1200715,17,9237
2022-08-21,Lithuania,Europe,8234,1208949,21,9258
2022-08-28,Lithuania,Europe,6725,1215674,24,9282
2022-09-04,Lithuania,Europe,5172,1220846,12,9294
2022-09-11,Lithuania,Europe,5775,1226621,2,9296
2022-09-18,Lithuania,Europe,8935,1235556,11,9307
2022-09-25,Lithuania,Europe,8787,1244343,10,9317
2022-10-02,Lithuania,Europe,7189,1251532,7,9324
2022-10-09,Lithuania,Europe,5598,1257130,18,9342
2022-10-16,Lithuania,Europe,4520,1261650,21,9363
2022-10-23,Lithuania,Europe,3522,1265172,17,9380
2022-10-30,Lithuania,Europe,2868,1268040,13,9393
2022-11-06,Lithuania,Europe,1765,1269805,9,9402
2022-11-13,Lithuania,Europe,1724,1271529,11,9413
2022-11-20,Lithuania,Europe,1551,1273080,4,9417
2022-11-27,Lithuania,Europe,1837,1274917,13,9430
2022-12-04,Lithuania,Europe,2699,1277616,6,9436
2022-12-11,Lithuania,Europe,3034,1280650,5,9441
2022-12-18,Lithuania,Europe,2822,1283472,13,9454
2022-12-25,Lithuania,Europe,2750,1286222,15,9469
2023-01-01,Lithuania,Europe,2258,1288480,14,9483
2023-01-08,Lithuania,Europe,2485,1290965,19,9502
2023-01-15,Lithuania,Europe,1627,1292592,18,9520
2023-01-22,Lithuania,Europe,1648,1294240,8,9528
2023-01-29,Lithuania,Europe,1730,1295970,9,9537
2023-02-05,Lithuania,Europe,1947,1297917,14,9551
2023-02-12,Lithuania,Europe,2095,1300012,7,9558
2023-02-19,Lithuania,Europe,1907,1301919,16,9574
2023-02-26,Lithuania,Europe,2194,1304113,11,9585
2023-03-05,Lithuania,Europe,2250,1306363,8,9593
2023-03-12,Lithuania,Europe,2181,1308544,9,9602
2023-03-19,Lithuania,Europe,2312,1310856,10,9612
2023-03-26,Lithuania,Europe,2091,1312947,16,9628
2023-04-02,Lithuania,Europe,1675,1314622,8,9636
2023-04-09,Lithuania,Europe,1473,1316095,7,9643
2023-04-16,Lithuania,Europe,968,1317063,10,9653
2023-04-23,Lithuania,Europe,801,1317864,5,9658
2023-04-30,Lithuania,Europe,610,1318474,7,9665
2023-05-07,Lithuania,Europe,505,1318979,7,9672
2023-05-14,Lithuania,Europe,504,1319483,1,9673
2023-05-21,Lithuania,Europe,439,1319922,7,9680
2023-05-28,Lithuania,Europe,393,1320315,2,9682
2023-06-04,Lithuania,Europe,334,1320649,3,9685
2023-06-11,Lithuania,Europe,273,1320922,2,9687
2023-06-18,Lithuania,Europe,219,1321141,3,9690
2023-06-25,Lithuania,Europe,154,1321295,0,9690
2023-07-02,Lithuania,Europe,152,1321447,1,9691
2023-07-09,Lithuania,Europe,93,1321540,0,9691
2023-07-16,Lithuania,Europe,111,1321651,1,9692
2023-07-23,Lithuania,Europe,110,1321761,1,9693
2023-07-30,Lithuania,Europe,117,1321878,1,9694
2023-08-06,Lithuania,Europe,144,1322022,0,9694
2023-08-13,Lithuania,Europe,162,1322184,1,9695
2023-08-20,Lithuania,Europe,263,1322447,0,9695
2023-08-27,Lithuania,Europe,428,1322875,2,9697
2023-09-03,Lithuania,Europe,524,1323399,4,9701
2023-09-10,Lithuania,Europe,924,1324323,2,9703
2023-09-17,Lithuania,Europe,1734,1326057,1,9704
2023-09-24,Lithuania,Europe,1988,1328045,2,9706
2023-10-01,Lithuania,Europe,1893,1329938,4,9710
2023-10-08,Lithuania,Europe,1620,1331558,4,9714
2023-10-15,Lithuania,Europe,1707,1333265,4,9718
2023-10-22,Lithuania,Europe,2308,1335573,11,9729
2023-10-29,Lithuania,Europe,2891,1338464,5,9734
2023-11-05,Lithuania,Europe,2502,1340966,5,9739
2023-11-12,Lithuania,Europe,3869,1344835,11,9750
2023-11-19,Lithuania,Europe,4146,1348981,9,9759
2023-11-26,Lithuania,Europe,1561,1350542,2,9761
2023-12-03,Lithuania,Europe,0,1350542,0,9761
2023-12-10,Lithuania,Europe,4782,1355324,8,9769
2023-12-17,Lithuania,Europe,3906,1359230,4,9773
2023-12-24,Lithuania,Europe,0,1359230,0,9773
2023-12-31,Lithuania,Europe,0,1359230,0,9773
2024-01-07,Lithuania,Europe,0,1359230,0,9773
2024-01-14,Lithuania,Europe,0,1359230,0,9773
2024-01-21,Lithuania,Europe,1398,1360628,9,9782
2024-01-28,Lithuania,Europe,1237,1361865,6,9788
2024-02-04,Lithuania,Europe,1030,1362895,5,9793
2024-02-11,Lithuania,Europe,782,1363677,1,9794
2024-02-18,Lithuania,Europe,474,1364151,3,9797
2024-02-25,Lithuania,Europe,441,1364592,2,9799
2024-03-03,Lithuania,Europe,310,1364902,0,9799
2024-03-10,Lithuania,Europe,229,1365131,1,9800
2024-03-17,Lithuania,Europe,240,1365371,1,9801
2024-03-24,Lithuania,Europe,222,1365593,1,9802
2024-03-31,Lithuania,Europe,190,1365783,0,9802
2024-04-07,Lithuania,Europe,122,1365905,0,9802
2024-04-14,Lithuania,Europe,130,1366035,0,9802
2024-04-21,Lithuania,Europe,88,1366123,1,9803
2024-04-28,Lithuania,Europe,76,1366199,1,9804
2024-05-05,Lithuania,Europe,79,1366278,1,9805
2024-05-12,Lithuania,Europe,68,1366346,0,9805
2024-05-19,Lithuania,Europe,88,1366434,0,9805
2024-05-26,Lithuania,Europe,103,1366537,0,9805
2024-06-02,Lithuania,Europe,80,1366617,0,9805
2024-06-09,Lithuania,Europe,78,1366695,1,9806
2024-06-16,Lithuania,Europe,105,1366800,0,9806
2024-06-23,Lithuania,Europe,169,1366969,0,9806
2024-06-30,Lithuania,Europe,158,1367127,1,9807
2024-07-07,Lithuania,Europe,159,1367286,2,9809
2024-07-14,Lithuania,Europe,267,1367553,0,9809
2024-07-21,Lithuania,Europe,347,1367900,0,9809
2024-07-28,Lithuania,Europe,648,1368548,1,9810
2024-08-04,Lithuania,Europe,807,1369355,0,9810
2024-08-11,Lithuania,Europe,1407,1370762,0,9810
2024-08-18,Lithuania,Europe,1377,1372139,0,9810
2024-08-25,Lithuania,Europe,2131,1374270,2,9812
2024-09-01,Lithuania,Europe,2216,1376486,3,9815
2020-01-05,Luxembourg,Europe,0,0,0,0
2020-01-12,Luxembourg,Europe,0,0,0,0
2020-01-19,Luxembourg,Europe,0,0,0,0
2020-01-26,Luxembourg,Europe,0,0,0,0
2020-02-02,Luxembourg,Europe,0,0,0,0
2020-02-09,Luxembourg,Europe,0,0,0,0
2020-02-16,Luxembourg,Europe,0,0,0,0
2020-02-23,Luxembourg,Europe,0,0,0,0
2020-03-01,Luxembourg,Europe,1,1,0,0
2020-03-08,Luxembourg,Europe,3,4,0,0
2020-03-15,Luxembourg,Europe,83,87,3,3
2020-03-22,Luxembourg,Europe,682,769,12,15
2020-03-29,Luxembourg,Europe,1067,1836,21,36
2020-04-05,Luxembourg,Europe,624,2460,22,58
2020-04-12,Luxembourg,Europe,294,2754,16,74
2020-04-19,Luxembourg,Europe,110,2864,5,79
2020-04-26,Luxembourg,Europe,77,2941,2,81
2020-05-03,Luxembourg,Europe,46,2987,2,83
2020-05-10,Luxembourg,Europe,30,3017,0,83
2020-05-17,Luxembourg,Europe,26,3043,0,83
2020-05-24,Luxembourg,Europe,32,3075,0,83
2020-05-31,Luxembourg,Europe,13,3088,0,83
2020-06-07,Luxembourg,Europe,10,3098,0,83
2020-06-14,Luxembourg,Europe,26,3124,0,83
2020-06-21,Luxembourg,Europe,36,3160,0,83
2020-06-28,Luxembourg,Europe,106,3266,0,83
2020-07-05,Luxembourg,Europe,203,3469,0,83
2020-07-12,Luxembourg,Europe,255,3724,4,87
2020-07-19,Luxembourg,Europe,414,4138,3,90
2020-07-26,Luxembourg,Europe,473,4611,1,91
2020-08-02,Luxembourg,Europe,355,4966,3,94
2020-08-09,Luxembourg,Europe,249,5215,1,95
2020-08-16,Luxembourg,Europe,178,5393,0,95
2020-08-23,Luxembourg,Europe,250,5643,0,95
2020-08-30,Luxembourg,Europe,262,5905,0,95
2020-09-06,Luxembourg,Europe,265,6170,0,95
2020-09-13,Luxembourg,Europe,240,6410,0,95
2020-09-20,Luxembourg,Europe,590,7000,0,95
2020-09-27,Luxembourg,Europe,409,7409,3,98
2020-10-04,Luxembourg,Europe,463,7872,1,99
2020-10-11,Luxembourg,Europe,682,8554,7,106
2020-10-18,Luxembourg,Europe,1110,9664,7,113
2020-10-25,Luxembourg,Europe,2710,12374,13,126
2020-11-01,Luxembourg,Europe,3089,15463,11,137
2020-11-08,Luxembourg,Europe,2634,18097,12,149
2020-11-15,Luxembourg,Europe,2835,20932,11,160
2020-11-22,Luxembourg,Europe,3255,24187,21,181
2020-11-29,Luxembourg,Europe,3410,27597,17,198
2020-12-06,Luxembourg,Europe,3633,31230,20,218
2020-12-13,Luxembourg,Europe,3241,34471,32,250
2020-12-20,Luxembourg,Europe,2623,37094,16,266
2020-12-27,Luxembourg,Europe,1289,38383,19,285
2021-01-03,Luxembourg,Europe,1111,39494,10,295
2021-01-10,Luxembourg,Europe,1035,40529,6,301
2021-01-17,Luxembourg,Europe,857,41386,9,310
2021-01-24,Luxembourg,Europe,853,42239,13,323
2021-01-31,Luxembourg,Europe,1049,43288,14,337
2021-02-07,Luxembourg,Europe,1187,44475,14,351
2021-02-14,Luxembourg,Europe,1131,45606,16,367
2021-02-21,Luxembourg,Europe,1295,46901,11,378
2021-02-28,Luxembourg,Europe,1360,48261,28,406
2021-03-07,Luxembourg,Europe,1251,49512,33,439
2021-03-14,Luxembourg,Europe,1303,50815,23,462
2021-03-21,Luxembourg,Europe,1637,52452,21,483
2021-03-28,Luxembourg,Europe,1760,54212,13,496
2021-04-04,Luxembourg,Europe,1626,55838,10,506
2021-04-11,Luxembourg,Europe,1374,57212,14,520
2021-04-18,Luxembourg,Europe,1332,58544,5,525
2021-04-25,Luxembourg,Europe,1243,59787,2,527
2021-05-02,Luxembourg,Europe,1137,60924,4,531
2021-05-09,Luxembourg,Europe,954,61878,4,535
2021-05-16,Luxembourg,Europe,758,62636,2,537
2021-05-23,Luxembourg,Europe,526,63162,1,538
2021-05-30,Luxembourg,Europe,372,63534,0,538
2021-06-06,Luxembourg,Europe,338,63872,1,539
2021-06-13,Luxembourg,Europe,200,64072,0,539
2021-06-20,Luxembourg,Europe,103,64175,0,539
2021-06-27,Luxembourg,Europe,125,64300,0,539
2021-07-04,Luxembourg,Europe,846,65146,0,539
2021-07-11,Luxembourg,Europe,910,66056,1,540
2021-07-18,Luxembourg,Europe,800,66856,1,541
2021-07-25,Luxembourg,Europe,651,67507,3,544
2021-08-01,Luxembourg,Europe,509,68016,1,545
2021-08-08,Luxembourg,Europe,485,68501,1,546
2021-08-15,Luxembourg,Europe,370,68871,1,547
2021-08-22,Luxembourg,Europe,503,69374,1,548
2021-08-29,Luxembourg,Europe,634,70008,2,550
2021-09-05,Luxembourg,Europe,655,70663,2,552
2021-09-12,Luxembourg,Europe,605,71268,0,552
2021-09-19,Luxembourg,Europe,580,71848,3,555
2021-09-26,Luxembourg,Europe,621,72469,0,555
2021-10-03,Luxembourg,Europe,626,73095,1,556
2021-10-10,Luxembourg,Europe,728,73823,3,559
2021-10-17,Luxembourg,Europe,854,74677,5,564
2021-10-24,Luxembourg,Europe,1046,75723,5,569
2021-10-31,Luxembourg,Europe,1176,76899,6,575
2021-11-07,Luxembourg,Europe,1306,78205,5,580
2021-11-14,Luxembourg,Europe,1564,79769,3,583
2021-11-21,Luxembourg,Europe,1999,81768,8,591
2021-11-28,Luxembourg,Europe,2549,84317,13,604
2021-12-05,Luxembourg,Europe,2880,87197,13,617
2021-12-12,Luxembourg,Europe,2725,89922,4,621
2021-12-19,Luxembourg,Europe,2933,92855,8,629
2021-12-26,Luxembourg,Europe,3033,95888,6,635
2022-01-02,Luxembourg,Europe,6642,102530,5,640
2022-01-09,Luxembourg,Europe,12803,115333,11,651
2022-01-16,Luxembourg,Europe,13715,129048,7,658
2022-01-23,Luxembourg,Europe,18413,147461,15,673
2022-01-30,Luxembourg,Europe,17703,165164,18,691
2022-02-06,Luxembourg,Europe,13029,178193,22,713
2022-02-13,Luxembourg,Europe,6852,185045,15,728
2022-02-20,Luxembourg,Europe,4237,189282,6,734
2022-02-27,Luxembourg,Europe,5666,194948,8,742
2022-03-06,Luxembourg,Europe,5764,200712,9,751
2022-03-13,Luxembourg,Europe,7190,207902,15,766
2022-03-20,Luxembourg,Europe,9459,217361,12,778
2022-03-27,Luxembourg,Europe,11570,228931,13,791
2022-04-03,Luxembourg,Europe,9821,238752,14,805
2022-04-10,Luxembourg,Europe,7285,246037,11,816
2022-04-17,Luxembourg,Europe,6395,252432,13,829
2022-04-24,Luxembourg,Europe,5108,257540,5,834
2022-05-01,Luxembourg,Europe,4363,261903,7,841
2022-05-08,Luxembourg,Europe,3978,265881,11,852
2022-05-15,Luxembourg,Europe,3233,269114,2,854
2022-05-22,Luxembourg,Europe,2283,271397,5,859
2022-05-29,Luxembourg,Europe,1433,272830,4,863
2022-06-05,Luxembourg,Europe,2482,275312,4,867
2022-06-12,Luxembourg,Europe,3668,278980,4,871
2022-06-19,Luxembourg,Europe,5283,284263,2,873
2022-06-26,Luxembourg,Europe,5981,290244,7,880
2022-07-03,Luxembourg,Europe,7840,298084,4,884
2022-07-10,Luxembourg,Europe,7799,305883,5,889
2022-07-17,Luxembourg,Europe,6680,312563,1,890
2022-07-24,Luxembourg,Europe,4808,317371,3,893
2022-07-31,Luxembourg,Europe,2769,320140,3,896
2022-08-07,Luxembourg,Europe,1782,321922,3,899
2022-08-14,Luxembourg,Europe,1244,323166,0,899
2022-08-21,Luxembourg,Europe,1082,324248,2,901
2022-08-28,Luxembourg,Europe,1112,325360,0,901
2022-09-04,Luxembourg,Europe,1046,326406,2,903
2022-09-11,Luxembourg,Europe,1105,327511,0,903
2022-09-18,Luxembourg,Europe,1453,328964,2,905
2022-09-25,Luxembourg,Europe,1951,330915,1,906
2022-10-02,Luxembourg,Europe,3246,334161,1,907
2022-10-09,Luxembourg,Europe,4358,338519,2,909
2022-10-16,Luxembourg,Europe,4038,342557,4,913
2022-10-23,Luxembourg,Europe,3416,345973,5,918
2022-10-30,Luxembourg,Europe,2323,348296,2,920
2022-11-06,Luxembourg,Europe,1362,349658,4,924
2022-11-13,Luxembourg,Europe,1461,351119,3,927
2022-11-20,Luxembourg,Europe,1705,352824,4,931
2022-11-27,Luxembourg,Europe,1938,354762,2,933
2022-12-04,Luxembourg,Europe,2026,356788,8,941
2022-12-11,Luxembourg,Europe,2517,359305,2,943
2022-12-18,Luxembourg,Europe,2689,361994,4,947
2022-12-25,Luxembourg,Europe,2873,364867,8,955
2023-01-01,Luxembourg,Europe,1373,366240,6,961
2023-01-08,Luxembourg,Europe,1053,367293,7,968
2023-01-15,Luxembourg,Europe,672,367965,4,972
2023-01-22,Luxembourg,Europe,551,368516,5,977
2023-01-29,Luxembourg,Europe,646,369162,3,980
2023-02-05,Luxembourg,Europe,849,370011,2,982
2023-02-12,Luxembourg,Europe,940,370951,2,984
2023-02-19,Luxembourg,Europe,884,371835,1,985
2023-02-26,Luxembourg,Europe,1428,373263,5,990
2023-03-05,Luxembourg,Europe,1638,374901,1,991
2023-03-12,Luxembourg,Europe,1818,376719,1,992
2023-03-19,Luxembourg,Europe,1798,378517,2,994
2023-03-26,Luxembourg,Europe,1575,380092,6,1000
2023-04-02,Luxembourg,Europe,1012,381104,0,1000
2023-04-09,Luxembourg,Europe,313,381417,0,1000
2023-04-16,Luxembourg,Europe,232,381649,0,1000
2023-04-23,Luxembourg,Europe,244,381893,0,1000
2023-04-30,Luxembourg,Europe,208,382101,0,1000
2023-05-07,Luxembourg,Europe,198,382299,0,1000
2023-05-14,Luxembourg,Europe,152,382451,0,1000
2023-05-21,Luxembourg,Europe,100,382551,0,1000
2023-05-28,Luxembourg,Europe,106,382657,0,1000
2023-06-04,Luxembourg,Europe,44,382701,0,1000
2023-06-11,Luxembourg,Europe,44,382745,0,1000
2023-06-18,Luxembourg,Europe,40,382785,0,1000
2023-06-25,Luxembourg,Europe,28,382813,0,1000
2023-07-02,Luxembourg,Europe,30,382843,0,1000
2023-07-09,Luxembourg,Europe,36,382879,0,1000
2023-07-16,Luxembourg,Europe,34,382913,0,1000
2023-07-23,Luxembourg,Europe,33,382946,0,1000
2023-07-30,Luxembourg,Europe,74,383020,0,1000
2023-08-06,Luxembourg,Europe,59,383079,0,1000
2023-08-13,Luxembourg,Europe,67,383146,0,1000
2023-08-20,Luxembourg,Europe,119,383265,0,1000
2023-08-27,Luxembourg,Europe,135,383400,0,1000
2023-09-03,Luxembourg,Europe,189,383589,0,1000
2023-09-10,Luxembourg,Europe,246,383835,0,1000
2023-09-17,Luxembourg,Europe,267,384102,0,1000
2023-09-24,Luxembourg,Europe,308,384410,0,1000
2023-10-01,Luxembourg,Europe,355,384765,0,1000
2023-10-08,Luxembourg,Europe,372,385137,0,1000
2023-10-15,Luxembourg,Europe,350,385487,0,1000
2023-10-22,Luxembourg,Europe,259,385746,0,1000
2023-10-29,Luxembourg,Europe,284,386030,0,1000
2023-11-05,Luxembourg,Europe,195,386225,0,1000
2023-11-12,Luxembourg,Europe,294,386519,0,1000
2023-11-19,Luxembourg,Europe,259,386778,0,1000
2023-11-26,Luxembourg,Europe,319,387097,0,1000
2023-12-03,Luxembourg,Europe,460,387557,0,1000
2023-12-10,Luxembourg,Europe,658,388215,0,1000
2023-12-17,Luxembourg,Europe,790,389005,0,1000
2023-12-24,Luxembourg,Europe,686,389691,0,1000
2023-12-31,Luxembourg,Europe,346,390037,0,1000
2024-01-07,Luxembourg,Europe,243,390280,0,1000
2024-01-14,Luxembourg,Europe,199,390479,0,1000
2024-01-21,Luxembourg,Europe,153,390632,0,1000
2024-01-28,Luxembourg,Europe,156,390788,0,1000
2024-02-04,Luxembourg,Europe,140,390928,0,1000
2024-02-11,Luxembourg,Europe,109,391037,0,1000
2024-02-18,Luxembourg,Europe,56,391093,0,1000
2024-02-25,Luxembourg,Europe,41,391134,0,1000
2024-03-03,Luxembourg,Europe,42,391176,0,1000
2024-03-10,Luxembourg,Europe,32,391208,0,1000
2024-03-17,Luxembourg,Europe,21,391229,0,1000
2024-03-24,Luxembourg,Europe,22,391251,0,1000
2024-03-31,Luxembourg,Europe,20,391271,0,1000
2024-04-07,Luxembourg,Europe,13,391284,0,1000
2024-04-14,Luxembourg,Europe,22,391306,0,1000
2024-04-21,Luxembourg,Europe,13,391319,0,1000
2024-04-28,Luxembourg,Europe,28,391347,0,1000
2024-05-05,Luxembourg,Europe,31,391378,0,1000
2024-05-12,Luxembourg,Europe,11,391389,0,1000
2024-05-19,Luxembourg,Europe,40,391429,0,1000
2024-05-26,Luxembourg,Europe,44,391473,0,1000
2024-06-02,Luxembourg,Europe,39,391512,0,1000
2024-06-09,Luxembourg,Europe,71,391583,0,1000
2024-06-16,Luxembourg,Europe,146,391729,0,1000
2024-06-23,Luxembourg,Europe,186,391915,0,1000
2024-06-30,Luxembourg,Europe,287,392202,0,1000
2024-07-07,Luxembourg,Europe,275,392477,0,1000
2024-07-14,Luxembourg,Europe,352,392829,0,1000
2024-07-21,Luxembourg,Europe,311,393140,0,1000
2024-07-28,Luxembourg,Europe,222,393362,0,1000
2024-08-04,Luxembourg,Europe,190,393552,0,1000
2024-08-11,Luxembourg,Europe,178,393730,0,1000
2024-08-18,Luxembourg,Europe,112,393842,0,1000
2024-08-25,Luxembourg,Europe,129,393971,0,1000
2024-09-01,Luxembourg,Europe,131,394102,0,1000
2020-01-05,Madagascar,Africa,0,0,0,0
2020-01-12,Madagascar,Africa,0,0,0,0
2020-01-19,Madagascar,Africa,0,0,0,0
2020-01-26,Madagascar,Africa,0,0,0,0
2020-02-02,Madagascar,Africa,0,0,0,0
2020-02-09,Madagascar,Africa,0,0,0,0
2020-02-16,Madagascar,Africa,0,0,0,0
2020-02-23,Madagascar,Africa,0,0,0,0
2020-03-01,Madagascar,Africa,0,0,0,0
2020-03-08,Madagascar,Africa,0,0,0,0
2020-03-15,Madagascar,Africa,0,0,0,0
2020-03-22,Madagascar,Africa,1,1,0,0
2020-03-29,Madagascar,Africa,41,42,0,0
2020-04-05,Madagascar,Africa,29,71,0,0
2020-04-12,Madagascar,Africa,35,106,0,0
2020-04-19,Madagascar,Africa,14,120,0,0
2020-04-26,Madagascar,Africa,4,124,0,0
2020-05-03,Madagascar,Africa,25,149,1,1
2020-05-10,Madagascar,Africa,20,169,0,1
2020-05-17,Madagascar,Africa,114,283,0,1
2020-05-24,Madagascar,Africa,205,488,2,3
2020-05-31,Madagascar,Africa,270,758,3,6
2020-06-07,Madagascar,Africa,268,1026,2,8
2020-06-14,Madagascar,Africa,226,1252,2,10
2020-06-21,Madagascar,Africa,251,1503,3,13
2020-06-28,Madagascar,Africa,502,2005,3,16
2020-07-05,Madagascar,Africa,936,2941,13,29
2020-07-12,Madagascar,Africa,1637,4578,5,34
2020-07-19,Madagascar,Africa,2271,6849,21,55
2020-07-26,Madagascar,Africa,2017,8866,23,78
2020-08-02,Madagascar,Africa,2407,11273,29,107
2020-08-09,Madagascar,Africa,1649,12922,34,141
2020-08-16,Madagascar,Africa,802,13724,25,166
2020-08-23,Madagascar,Africa,553,14277,12,178
2020-08-30,Madagascar,Africa,514,14791,12,190
2020-09-06,Madagascar,Africa,478,15269,9,199
2020-09-13,Madagascar,Africa,468,15737,11,210
2020-09-20,Madagascar,Africa,283,16020,9,219
2020-09-27,Madagascar,Africa,237,16257,10,229
2020-10-04,Madagascar,Africa,272,16529,3,232
2020-10-11,Madagascar,Africa,173,16702,5,237
2020-10-18,Madagascar,Africa,108,16810,1,238
2020-10-25,Madagascar,Africa,158,16968,6,244
2020-11-01,Madagascar,Africa,143,17111,0,244
2020-11-08,Madagascar,Africa,112,17223,5,249
2020-11-15,Madagascar,Africa,87,17310,1,250
2020-11-22,Madagascar,Africa,31,17341,1,251
2020-11-29,Madagascar,Africa,0,17341,0,251
2020-12-06,Madagascar,Africa,132,17473,4,255
2020-12-13,Madagascar,Africa,114,17587,4,259
2020-12-20,Madagascar,Africa,46,17633,1,260
2020-12-27,Madagascar,Africa,81,17714,1,261
2021-01-03,Madagascar,Africa,53,17767,1,262
2021-01-10,Madagascar,Africa,234,18001,5,267
2021-01-17,Madagascar,Africa,300,18301,6,273
2021-01-24,Madagascar,Africa,442,18743,6,279
2021-01-31,Madagascar,Africa,322,19065,2,281
2021-02-07,Madagascar,Africa,295,19360,4,285
2021-02-14,Madagascar,Africa,238,19598,7,292
2021-02-21,Madagascar,Africa,233,19831,5,297
2021-02-28,Madagascar,Africa,324,20155,3,300
2021-03-07,Madagascar,Africa,563,20718,10,310
2021-03-14,Madagascar,Africa,764,21482,19,329
2021-03-21,Madagascar,Africa,1002,22484,22,351
2021-03-28,Madagascar,Africa,1101,23585,36,387
2021-04-04,Madagascar,Africa,1987,25572,67,454
2021-04-11,Madagascar,Africa,2491,28063,46,500
2021-04-18,Madagascar,Africa,4142,32205,42,542
2021-04-25,Madagascar,Africa,3541,35746,57,599
2021-05-02,Madagascar,Africa,1884,37630,67,666
2021-05-09,Madagascar,Africa,1382,39012,56,722
2021-05-16,Madagascar,Africa,1129,40141,41,763
2021-05-23,Madagascar,Africa,735,40876,37,800
2021-05-30,Madagascar,Africa,390,41266,35,835
2021-06-06,Madagascar,Africa,424,41690,26,861
2021-06-13,Madagascar,Africa,243,41933,26,887
2021-06-20,Madagascar,Africa,190,42123,14,901
2021-06-27,Madagascar,Africa,71,42194,5,906
2021-07-04,Madagascar,Africa,172,42366,19,925
2021-07-11,Madagascar,Africa,116,42482,6,931
2021-07-18,Madagascar,Africa,124,42606,10,941
2021-07-25,Madagascar,Africa,63,42669,2,943
2021-08-01,Madagascar,Africa,66,42735,4,947
2021-08-08,Madagascar,Africa,41,42776,1,948
2021-08-15,Madagascar,Africa,35,42811,4,952
2021-08-22,Madagascar,Africa,34,42845,2,954
2021-08-29,Madagascar,Africa,17,42862,1,955
2021-09-05,Madagascar,Africa,16,42878,1,956
2021-09-12,Madagascar,Africa,0,42878,0,956
2021-09-19,Madagascar,Africa,692,43570,2,958
2021-09-26,Madagascar,Africa,27,43597,2,960
2021-10-03,Madagascar,Africa,13,43610,0,960
2021-10-10,Madagascar,Africa,6,43616,0,960
2021-10-17,Madagascar,Africa,6,43622,0,960
2021-10-24,Madagascar,Africa,4,43626,3,963
2021-10-31,Madagascar,Africa,6,43632,1,964
2021-11-07,Madagascar,Africa,40,43672,0,964
2021-11-14,Madagascar,Africa,0,43672,0,964
2021-11-21,Madagascar,Africa,400,44072,3,967
2021-11-28,Madagascar,Africa,258,44330,0,967
2021-12-05,Madagascar,Africa,470,44800,5,972
2021-12-12,Madagascar,Africa,994,45794,8,980
2021-12-19,Madagascar,Africa,1501,47295,16,996
2021-12-26,Madagascar,Africa,2984,50279,31,1027
2022-01-02,Madagascar,Africa,2155,52434,40,1067
2022-01-09,Madagascar,Africa,1667,54101,50,1117
2022-01-16,Madagascar,Africa,1726,55827,52,1169
2022-01-23,Madagascar,Africa,1548,57375,54,1223
2022-01-30,Madagascar,Africa,1944,59319,51,1274
2022-02-06,Madagascar,Africa,2115,61434,33,1307
2022-02-13,Madagascar,Africa,1410,62844,28,1335
2022-02-20,Madagascar,Africa,589,63433,15,1350
2022-02-27,Madagascar,Africa,226,63659,16,1366
2022-03-06,Madagascar,Africa,132,63791,7,1373
2022-03-13,Madagascar,Africa,79,63870,4,1377
2022-03-20,Madagascar,Africa,58,63928,3,1380
2022-03-27,Madagascar,Africa,81,64009,4,1384
2022-04-03,Madagascar,Africa,41,64050,4,1388
2022-04-10,Madagascar,Africa,39,64089,2,1390
2022-04-17,Madagascar,Africa,32,64121,1,1391
2022-04-24,Madagascar,Africa,31,64152,0,1391
2022-05-01,Madagascar,Africa,29,64181,0,1391
2022-05-08,Madagascar,Africa,55,64236,2,1393
2022-05-15,Madagascar,Africa,40,64276,0,1393
2022-05-22,Madagascar,Africa,38,64314,0,1393
2022-05-29,Madagascar,Africa,63,64377,2,1395
2022-06-05,Madagascar,Africa,101,64478,1,1396
2022-06-12,Madagascar,Africa,207,64685,0,1396
2022-06-19,Madagascar,Africa,324,65009,2,1398
2022-06-26,Madagascar,Africa,372,65381,0,1398
2022-07-03,Madagascar,Africa,406,65787,3,1401
2022-07-10,Madagascar,Africa,311,66098,2,1403
2022-07-17,Madagascar,Africa,191,66289,3,1406
2022-07-24,Madagascar,Africa,127,66416,1,1407
2022-07-31,Madagascar,Africa,75,66491,1,1408
2022-08-07,Madagascar,Africa,66,66557,1,1409
2022-08-14,Madagascar,Africa,42,66599,1,1410
2022-08-21,Madagascar,Africa,16,66615,0,1410
2022-08-28,Madagascar,Africa,11,66626,0,1410
2022-09-04,Madagascar,Africa,14,66640,0,1410
2022-09-11,Madagascar,Africa,12,66652,0,1410
2022-09-18,Madagascar,Africa,8,66660,0,1410
2022-09-25,Madagascar,Africa,16,66676,0,1410
2022-10-02,Madagascar,Africa,8,66684,0,1410
2022-10-09,Madagascar,Africa,3,66687,0,1410
2022-10-16,Madagascar,Africa,0,66687,0,1410
2022-10-23,Madagascar,Africa,19,66706,1,1411
2022-10-30,Madagascar,Africa,40,66746,0,1411
2022-11-06,Madagascar,Africa,42,66788,0,1411
2022-11-13,Madagascar,Africa,71,66859,0,1411
2022-11-20,Madagascar,Africa,195,67054,0,1411
2022-11-27,Madagascar,Africa,205,67259,1,1412
2022-12-04,Madagascar,Africa,229,67488,1,1413
2022-12-11,Madagascar,Africa,133,67621,1,1414
2022-12-18,Madagascar,Africa,63,67684,1,1415
2022-12-25,Madagascar,Africa,51,67735,1,1416
2023-01-01,Madagascar,Africa,15,67750,2,1418
2023-01-08,Madagascar,Africa,10,67760,0,1418
2023-01-15,Madagascar,Africa,28,67788,0,1418
2023-01-22,Madagascar,Africa,29,67817,1,1419
2023-01-29,Madagascar,Africa,10,67827,0,1419
2023-02-05,Madagascar,Africa,15,67842,1,1420
2023-02-12,Madagascar,Africa,7,67849,1,1421
2023-02-19,Madagascar,Africa,3,67852,0,1421
2023-02-26,Madagascar,Africa,13,67865,1,1422
2023-03-05,Madagascar,Africa,24,67889,1,1423
2023-03-12,Madagascar,Africa,52,67941,0,1423
2023-03-19,Madagascar,Africa,30,67971,1,1424
2023-03-26,Madagascar,Africa,78,68049,0,1424
2023-04-02,Madagascar,Africa,56,68105,0,1424
2023-04-09,Madagascar,Africa,0,68105,0,1424
2023-04-16,Madagascar,Africa,72,68177,0,1424
2023-04-23,Madagascar,Africa,34,68211,0,1424
2023-04-30,Madagascar,Africa,25,68236,0,1424
2023-05-07,Madagascar,Africa,17,68253,0,1424
2023-05-14,Madagascar,Africa,13,68266,0,1424
2023-05-21,Madagascar,Africa,15,68281,0,1424
2023-05-28,Madagascar,Africa,7,68288,1,1425
2023-06-04,Madagascar,Africa,1,68289,0,1425
2023-06-11,Madagascar,Africa,0,68289,0,1425
2023-06-18,Madagascar,Africa,0,68289,0,1425
2023-06-25,Madagascar,Africa,0,68289,0,1425
2023-07-02,Madagascar,Africa,0,68289,0,1425
2023-07-09,Madagascar,Africa,0,68289,0,1425
2023-07-16,Madagascar,Africa,0,68289,0,1425
2023-07-23,Madagascar,Africa,0,68289,0,1425
2023-07-30,Madagascar,Africa,28,68317,0,1425
2023-08-06,Madagascar,Africa,2,68319,0,1425
2023-08-13,Madagascar,Africa,0,68319,0,1425
2023-08-20,Madagascar,Africa,11,68330,0,1425
2023-08-27,Madagascar,Africa,2,68332,0,1425
2023-09-03,Madagascar,Africa,5,68337,0,1425
2023-09-10,Madagascar,Africa,1,68338,0,1425
2023-09-17,Madagascar,Africa,4,68342,0,1425
2023-09-24,Madagascar,Africa,2,68344,0,1425
2023-10-01,Madagascar,Africa,0,68344,0,1425
2023-10-08,Madagascar,Africa,3,68347,0,1425
2023-10-15,Madagascar,Africa,3,68350,0,1425
2023-10-22,Madagascar,Africa,4,68354,0,1425
2023-10-29,Madagascar,Africa,2,68356,0,1425
2023-11-05,Madagascar,Africa,14,68370,0,1425
2023-11-12,Madagascar,Africa,7,68377,0,1425
2023-11-19,Madagascar,Africa,9,68386,1,1426
2023-11-26,Madagascar,Africa,8,68394,0,1426
2023-12-03,Madagascar,Africa,27,68421,0,1426
2023-12-10,Madagascar,Africa,15,68436,0,1426
2023-12-17,Madagascar,Africa,15,68451,0,1426
2023-12-24,Madagascar,Africa,20,68471,0,1426
2023-12-31,Madagascar,Africa,11,68482,0,1426
2024-01-07,Madagascar,Africa,4,68486,0,1426
2024-01-14,Madagascar,Africa,0,68486,0,1426
2024-01-21,Madagascar,Africa,5,68491,0,1426
2024-01-28,Madagascar,Africa,8,68499,0,1426
2024-02-04,Madagascar,Africa,3,68502,0,1426
2024-02-11,Madagascar,Africa,4,68506,0,1426
2024-02-18,Madagascar,Africa,0,68506,0,1426
2024-02-25,Madagascar,Africa,0,68506,0,1426
2024-03-03,Madagascar,Africa,0,68506,0,1426
2024-03-10,Madagascar,Africa,4,68510,0,1426
2024-03-17,Madagascar,Africa,0,68510,0,1426
2024-03-24,Madagascar,Africa,1,68511,0,1426
2024-03-31,Madagascar,Africa,2,68513,0,1426
2024-04-07,Madagascar,Africa,0,68513,1,1427
2024-04-14,Madagascar,Africa,2,68515,0,1427
2024-04-21,Madagascar,Africa,2,68517,0,1427
2024-04-28,Madagascar,Africa,4,68521,0,1427
2024-05-05,Madagascar,Africa,4,68525,0,1427
2024-05-12,Madagascar,Africa,5,68530,0,1427
2024-05-19,Madagascar,Africa,5,68535,0,1427
2024-05-26,Madagascar,Africa,11,68546,0,1427
2024-06-02,Madagascar,Africa,3,68549,0,1427
2024-06-09,Madagascar,Africa,3,68552,0,1427
2024-06-16,Madagascar,Africa,2,68554,0,1427
2024-06-23,Madagascar,Africa,0,68554,0,1427
2024-06-30,Madagascar,Africa,1,68555,0,1427
2024-07-07,Madagascar,Africa,5,68560,0,1427
2024-07-14,Madagascar,Africa,2,68562,0,1427
2024-07-21,Madagascar,Africa,2,68564,0,1427
2024-07-28,Madagascar,Africa,2,68566,1,1428
2024-08-04,Madagascar,Africa,1,68567,0,1428
2024-08-11,Madagascar,Africa,1,68568,0,1428
2024-08-18,Madagascar,Africa,2,68570,0,1428
2024-08-25,Madagascar,Africa,1,68571,0,1428
2024-09-01,Madagascar,Africa,1,68572,0,1428
2020-01-05,Malawi,Africa,0,0,0,0
2020-01-12,Malawi,Africa,0,0,0,0
2020-01-19,Malawi,Africa,0,0,0,0
2020-01-26,Malawi,Africa,0,0,0,0
2020-02-02,Malawi,Africa,0,0,0,0
2020-02-09,Malawi,Africa,0,0,0,0
2020-02-16,Malawi,Africa,0,0,0,0
2020-02-23,Malawi,Africa,0,0,0,0
2020-03-01,Malawi,Africa,0,0,0,0
2020-03-08,Malawi,Africa,0,0,0,0
2020-03-15,Malawi,Africa,0,0,0,0
2020-03-22,Malawi,Africa,0,0,0,0
2020-03-29,Malawi,Africa,0,0,0,0
2020-04-05,Malawi,Africa,3,3,0,0
2020-04-12,Malawi,Africa,9,12,1,1
2020-04-19,Malawi,Africa,5,17,1,2
2020-04-26,Malawi,Africa,16,33,1,3
2020-05-03,Malawi,Africa,5,38,0,3
2020-05-10,Malawi,Africa,18,56,0,3
2020-05-17,Malawi,Africa,14,70,0,3
2020-05-24,Malawi,Africa,13,83,1,4
2020-05-31,Malawi,Africa,196,279,0,4
2020-06-07,Malawi,Africa,130,409,0,4
2020-06-14,Malawi,Africa,120,529,1,5
2020-06-21,Malawi,Africa,201,730,6,11
2020-06-28,Malawi,Africa,308,1038,2,13
2020-07-05,Malawi,Africa,575,1613,11,24
2020-07-12,Malawi,Africa,648,2261,10,34
2020-07-19,Malawi,Africa,646,2907,26,60
2020-07-26,Malawi,Africa,650,3557,34,94
2020-08-02,Malawi,Africa,629,4186,28,122
2020-08-09,Malawi,Africa,438,4624,21,143
2020-08-16,Malawi,Africa,402,5026,14,157
2020-08-23,Malawi,Africa,356,5382,11,168
2020-08-30,Malawi,Africa,146,5528,6,174
2020-09-06,Malawi,Africa,83,5611,1,175
2020-09-13,Malawi,Africa,65,5676,2,177
2020-09-20,Malawi,Africa,42,5718,2,179
2020-09-27,Malawi,Africa,48,5766,0,179
2020-10-04,Malawi,Africa,17,5783,0,179
2020-10-11,Malawi,Africa,38,5821,1,180
2020-10-18,Malawi,Africa,31,5852,1,181
2020-10-25,Malawi,Africa,35,5887,2,183
2020-11-01,Malawi,Africa,43,5930,1,184
2020-11-08,Malawi,Africa,18,5948,0,184
2020-11-15,Malawi,Africa,16,5964,1,185
2020-11-22,Malawi,Africa,39,6003,0,185
2020-11-29,Malawi,Africa,22,6025,0,185
2020-12-06,Malawi,Africa,24,6049,0,185
2020-12-13,Malawi,Africa,14,6063,1,186
2020-12-20,Malawi,Africa,90,6153,1,187
2020-12-27,Malawi,Africa,190,6343,1,188
2021-01-03,Malawi,Africa,367,6710,4,192
2021-01-10,Malawi,Africa,1594,8304,28,220
2021-01-17,Malawi,Africa,3479,11783,107,327
2021-01-24,Malawi,Africa,6656,18439,193,520
2021-01-31,Malawi,Africa,5058,23497,187,707
2021-02-07,Malawi,Africa,3378,26875,135,842
2021-02-14,Malawi,Africa,2001,28876,100,942
2021-02-21,Malawi,Africa,1652,30528,62,1004
2021-02-28,Malawi,Africa,1270,31798,37,1041
2021-03-07,Malawi,Africa,600,32398,26,1067
2021-03-14,Malawi,Africa,391,32789,15,1082
2021-03-21,Malawi,Africa,427,33216,11,1093
2021-03-28,Malawi,Africa,242,33458,20,1113
2021-04-04,Malawi,Africa,189,33647,7,1120
2021-04-11,Malawi,Africa,158,33805,7,1127
2021-04-18,Malawi,Africa,129,33934,11,1138
2021-04-25,Malawi,Africa,77,34011,9,1147
2021-05-02,Malawi,Africa,84,34095,1,1148
2021-05-09,Malawi,Africa,71,34166,5,1153
2021-05-16,Malawi,Africa,44,34210,0,1153
2021-05-23,Malawi,Africa,64,34274,0,1153
2021-05-30,Malawi,Africa,55,34329,1,1154
2021-06-06,Malawi,Africa,55,34384,2,1156
2021-06-13,Malawi,Africa,101,34485,3,1159
2021-06-20,Malawi,Africa,347,34832,9,1168
2021-06-27,Malawi,Africa,722,35554,13,1181
2021-07-04,Malawi,Africa,1266,36820,24,1205
2021-07-11,Malawi,Africa,2126,38946,37,1242
2021-07-18,Malawi,Africa,4097,43043,83,1325
2021-07-25,Malawi,Africa,5023,48066,133,1458
2021-08-01,Malawi,Africa,4281,52347,177,1635
2021-08-08,Malawi,Africa,3352,55699,170,1805
2021-08-15,Malawi,Africa,2197,57896,150,1955
2021-08-22,Malawi,Africa,1503,59399,104,2059
2021-08-29,Malawi,Africa,914,60313,98,2157
2021-09-05,Malawi,Africa,490,60803,49,2206
2021-09-12,Malawi,Africa,295,61098,30,2236
2021-09-19,Malawi,Africa,239,61337,20,2256
2021-09-26,Malawi,Africa,160,61497,19,2275
2021-10-03,Malawi,Africa,112,61609,8,2283
2021-10-10,Malawi,Africa,63,61672,5,2288
2021-10-17,Malawi,Africa,40,61712,4,2292
2021-10-24,Malawi,Africa,45,61757,4,2296
2021-10-31,Malawi,Africa,37,61794,4,2300
2021-11-07,Malawi,Africa,21,61815,2,2302
2021-11-14,Malawi,Africa,28,61843,0,2302
2021-11-21,Malawi,Africa,20,61863,2,2304
2021-11-28,Malawi,Africa,26,61889,0,2304
2021-12-05,Malawi,Africa,77,61966,3,2307
2021-12-12,Malawi,Africa,264,62230,0,2307
2021-12-19,Malawi,Africa,2182,64412,4,2311
2021-12-26,Malawi,Africa,6270,70682,17,2328
2022-01-02,Malawi,Africa,5146,75828,40,2368
2022-01-09,Malawi,Africa,3885,79713,43,2411
2022-01-16,Malawi,Africa,2793,82506,48,2459
2022-01-23,Malawi,Africa,1259,83765,60,2519
2022-01-30,Malawi,Africa,624,84389,38,2557
2022-02-06,Malawi,Africa,406,84795,13,2570
2022-02-13,Malawi,Africa,214,85009,24,2594
2022-02-20,Malawi,Africa,196,85205,11,2605
2022-02-27,Malawi,Africa,109,85314,8,2613
2022-03-06,Malawi,Africa,97,85411,5,2618
2022-03-13,Malawi,Africa,84,85495,2,2620
2022-03-20,Malawi,Africa,61,85556,6,2626
2022-03-27,Malawi,Africa,52,85608,0,2626
2022-04-03,Malawi,Africa,49,85657,0,2626
2022-04-10,Malawi,Africa,45,85702,2,2628
2022-04-17,Malawi,Africa,25,85727,3,2631
2022-04-24,Malawi,Africa,20,85747,2,2633
2022-05-01,Malawi,Africa,34,85781,1,2634
2022-05-08,Malawi,Africa,30,85811,0,2634
2022-05-15,Malawi,Africa,76,85887,2,2636
2022-05-22,Malawi,Africa,42,85929,2,2638
2022-05-29,Malawi,Africa,35,85964,1,2639
2022-06-05,Malawi,Africa,37,86001,3,2642
2022-06-12,Malawi,Africa,89,86090,0,2642
2022-06-19,Malawi,Africa,99,86189,1,2643
2022-06-26,Malawi,Africa,159,86348,2,2645
2022-07-03,Malawi,Africa,186,86534,0,2645
2022-07-10,Malawi,Africa,200,86734,2,2647
2022-07-17,Malawi,Africa,89,86823,4,2651
2022-07-24,Malawi,Africa,393,87216,6,2657
2022-07-31,Malawi,Africa,149,87365,7,2664
2022-08-07,Malawi,Africa,252,87617,6,2670
2022-08-14,Malawi,Africa,93,87710,3,2673
2022-08-21,Malawi,Africa,69,87779,2,2675
2022-08-28,Malawi,Africa,55,87834,0,2675
2022-09-04,Malawi,Africa,67,87901,3,2678
2022-09-11,Malawi,Africa,35,87936,1,2679
2022-09-18,Malawi,Africa,44,87980,1,2680
2022-09-25,Malawi,Africa,29,88009,0,2680
2022-10-02,Malawi,Africa,19,88028,2,2682
2022-10-09,Malawi,Africa,13,88041,0,2682
2022-10-16,Malawi,Africa,16,88057,0,2682
2022-10-23,Malawi,Africa,16,88073,1,2683
2022-10-30,Malawi,Africa,24,88097,0,2683
2022-11-06,Malawi,Africa,-88,88009,2,2685
2022-11-13,Malawi,Africa,0,88009,0,2685
2022-11-20,Malawi,Africa,36,88045,0,2685
2022-11-27,Malawi,Africa,25,88070,0,2685
2022-12-04,Malawi,Africa,53,88123,0,2685
2022-12-11,Malawi,Africa,0,88123,0,2685
2022-12-18,Malawi,Africa,5,88128,0,2685
2022-12-25,Malawi,Africa,32,88160,0,2685
2023-01-01,Malawi,Africa,51,88211,0,2685
2023-01-08,Malawi,Africa,3,88214,0,2685
2023-01-15,Malawi,Africa,68,88282,0,2685
2023-01-22,Malawi,Africa,67,88349,1,2686
2023-01-29,Malawi,Africa,59,88408,0,2686
2023-02-05,Malawi,Africa,54,88462,0,2686
2023-02-12,Malawi,Africa,41,88503,0,2686
2023-02-19,Malawi,Africa,40,88543,0,2686
2023-02-26,Malawi,Africa,41,88584,0,2686
2023-03-05,Malawi,Africa,21,88605,0,2686
2023-03-12,Malawi,Africa,5,88610,0,2686
2023-03-19,Malawi,Africa,3,88613,0,2686
2023-03-26,Malawi,Africa,1,88614,0,2686
2023-04-02,Malawi,Africa,2,88616,0,2686
2023-04-09,Malawi,Africa,4,88620,0,2686
2023-04-16,Malawi,Africa,0,88620,0,2686
2023-04-23,Malawi,Africa,5,88625,0,2686
2023-04-30,Malawi,Africa,6,88631,0,2686
2023-05-07,Malawi,Africa,7,88638,0,2686
2023-05-14,Malawi,Africa,0,88638,0,2686
2023-05-21,Malawi,Africa,0,88638,0,2686
2023-05-28,Malawi,Africa,2,88640,0,2686
2023-06-04,Malawi,Africa,13,88653,0,2686
2023-06-11,Malawi,Africa,9,88662,0,2686
2023-06-18,Malawi,Africa,12,88674,0,2686
2023-06-25,Malawi,Africa,29,88703,0,2686
2023-07-02,Malawi,Africa,36,88739,0,2686
2023-07-09,Malawi,Africa,31,88770,0,2686
2023-07-16,Malawi,Africa,21,88791,0,2686
2023-07-23,Malawi,Africa,13,88804,0,2686
2023-07-30,Malawi,Africa,21,88825,0,2686
2023-08-06,Malawi,Africa,10,88835,0,2686
2023-08-13,Malawi,Africa,23,88858,0,2686
2023-08-20,Malawi,Africa,18,88876,0,2686
2023-08-27,Malawi,Africa,17,88893,0,2686
2023-09-03,Malawi,Africa,28,88921,0,2686
2023-09-10,Malawi,Africa,12,88933,0,2686
2023-09-17,Malawi,Africa,12,88945,0,2686
2023-09-24,Malawi,Africa,15,88960,0,2686
2023-10-01,Malawi,Africa,26,88986,0,2686
2023-10-08,Malawi,Africa,31,89017,0,2686
2023-10-15,Malawi,Africa,23,89040,0,2686
2023-10-22,Malawi,Africa,19,89059,0,2686
2023-10-29,Malawi,Africa,23,89082,0,2686
2023-11-05,Malawi,Africa,29,89111,0,2686
2023-11-12,Malawi,Africa,16,89127,0,2686
2023-11-19,Malawi,Africa,16,89143,0,2686
2023-11-26,Malawi,Africa,9,89152,0,2686
2023-12-03,Malawi,Africa,10,89162,0,2686
2023-12-10,Malawi,Africa,6,89168,0,2686
2023-12-17,Malawi,Africa,0,89168,0,2686
2023-12-24,Malawi,Africa,0,89168,0,2686
2023-12-31,Malawi,Africa,0,89168,0,2686
2024-01-07,Malawi,Africa,0,89168,0,2686
2024-01-14,Malawi,Africa,0,89168,0,2686
2024-01-21,Malawi,Africa,0,89168,0,2686
2024-01-28,Malawi,Africa,0,89168,0,2686
2024-02-04,Malawi,Africa,0,89168,0,2686
2024-02-11,Malawi,Africa,0,89168,0,2686
2024-02-18,Malawi,Africa,0,89168,0,2686
2024-02-25,Malawi,Africa,0,89168,0,2686
2024-03-03,Malawi,Africa,0,89168,0,2686
2024-03-10,Malawi,Africa,0,89168,0,2686
2024-03-17,Malawi,Africa,0,89168,0,2686
2024-03-24,Malawi,Africa,0,89168,0,2686
2024-03-31,Malawi,Africa,0,89168,0,2686
2024-04-07,Malawi,Africa,0,89168,0,2686
2024-04-14,Malawi,Africa,0,89168,0,2686
2024-04-21,Malawi,Africa,0,89168,0,2686
2024-04-28,Malawi,Africa,0,89168,0,2686
2024-05-05,Malawi,Africa,0,89168,0,2686
2024-05-12,Malawi,Africa,0,89168,0,2686
2024-05-19,Malawi,Africa,0,89168,0,2686
2024-05-26,Malawi,Africa,0,89168,0,2686
2024-06-02,Malawi,Africa,0,89168,0,2686
2024-06-09,Malawi,Africa,0,89168,0,2686
2024-06-16,Malawi,Africa,0,89168,0,2686
2024-06-23,Malawi,Africa,0,89168,0,2686
2024-06-30,Malawi,Africa,0,89168,0,2686
2024-07-07,Malawi,Africa,0,89168,0,2686
2024-07-14,Malawi,Africa,0,89168,0,2686
2024-07-21,Malawi,Africa,0,89168,0,2686
2024-07-28,Malawi,Africa,0,89168,0,2686
2024-08-04,Malawi,Africa,0,89168,0,2686
2024-08-11,Malawi,Africa,0,89168,0,2686
2024-08-18,Malawi,Africa,0,89168,0,2686
2024-08-25,Malawi,Africa,0,89168,0,2686
2024-09-01,Malawi,Africa,0,89168,0,2686
2020-01-05,Malaysia,Asia,0,0,0,0
2020-01-12,Malaysia,Asia,0,0,0,0
2020-01-19,Malaysia,Asia,0,0,0,0
2020-01-26,Malaysia,Asia,4,4,0,0
2020-02-02,Malaysia,Asia,4,8,0,0
2020-02-09,Malaysia,Asia,8,16,0,0
2020-02-16,Malaysia,Asia,6,22,0,0
2020-02-23,Malaysia,Asia,0,22,0,0
2020-03-01,Malaysia,Asia,3,25,0,0
2020-03-08,Malaysia,Asia,68,93,0,0
2020-03-15,Malaysia,Asia,145,238,0,0
2020-03-22,Malaysia,Asia,945,1183,10,10
2020-03-29,Malaysia,Asia,1137,2320,17,27
2020-04-05,Malaysia,Asia,1163,3483,30,57
2020-04-12,Malaysia,Asia,1047,4530,16,73
2020-04-19,Malaysia,Asia,775,5305,15,88
2020-04-26,Malaysia,Asia,437,5742,10,98
2020-05-03,Malaysia,Asia,434,6176,5,103
2020-05-10,Malaysia,Asia,413,6589,5,108
2020-05-17,Malaysia,Asia,283,6872,5,113
2020-05-24,Malaysia,Asia,313,7185,2,115
2020-05-31,Malaysia,Asia,577,7762,0,115
2020-06-07,Malaysia,Asia,541,8303,2,117
2020-06-14,Malaysia,Asia,142,8445,3,120
2020-06-21,Malaysia,Asia,111,8556,1,121
2020-06-28,Malaysia,Asia,60,8616,0,121
2020-07-05,Malaysia,Asia,42,8658,0,121
2020-07-12,Malaysia,Asia,46,8704,1,122
2020-07-19,Malaysia,Asia,60,8764,0,122
2020-07-26,Malaysia,Asia,120,8884,1,123
2020-08-02,Malaysia,Asia,101,8985,2,125
2020-08-09,Malaysia,Asia,85,9070,0,125
2020-08-16,Malaysia,Asia,105,9175,0,125
2020-08-23,Malaysia,Asia,82,9257,0,125
2020-08-30,Malaysia,Asia,60,9317,0,125
2020-09-06,Malaysia,Asia,74,9391,3,128
2020-09-13,Malaysia,Asia,477,9868,0,128
2020-09-20,Malaysia,Asia,299,10167,2,130
2020-09-27,Malaysia,Asia,602,10769,3,133
2020-10-04,Malaysia,Asia,1319,12088,4,137
2020-10-11,Malaysia,Asia,3008,15096,18,155
2020-10-18,Malaysia,Asia,4531,19627,25,180
2020-10-25,Malaysia,Asia,6115,25742,41,221
2020-11-01,Malaysia,Asia,5806,31548,28,249
2020-11-08,Malaysia,Asia,7809,39357,33,282
2020-11-15,Malaysia,Asia,6852,46209,24,306
2020-11-22,Malaysia,Asia,7470,53679,26,332
2020-11-29,Malaysia,Asia,9497,63176,22,354
2020-12-06,Malaysia,Asia,8183,71359,26,380
2020-12-13,Malaysia,Asia,10887,82246,31,411
2020-12-20,Malaysia,Asia,9723,91969,22,433
2020-12-27,Malaysia,Asia,11931,103900,18,451
2021-01-03,Malaysia,Asia,15177,119077,32,483
2021-01-10,Malaysia,Asia,16915,135992,59,542
2021-01-17,Malaysia,Asia,22442,158434,52,594
2021-01-24,Malaysia,Asia,25367,183801,73,667
2021-01-31,Malaysia,Asia,31158,214959,79,746
2021-02-07,Malaysia,Asia,27493,242452,111,857
2021-02-14,Malaysia,Asia,21817,264269,101,958
2021-02-21,Malaysia,Asia,19300,283569,93,1051
2021-02-28,Malaysia,Asia,17183,300752,70,1121
2021-03-07,Malaysia,Asia,12708,313460,45,1166
2021-03-14,Malaysia,Asia,10303,323763,40,1206
2021-03-21,Malaysia,Asia,9277,333040,23,1229
2021-03-28,Malaysia,Asia,8904,341944,22,1251
2021-04-04,Malaysia,Asia,9015,350959,35,1286
2021-04-11,Malaysia,Asia,9897,360856,35,1321
2021-04-18,Malaysia,Asia,14198,375054,49,1370
2021-04-25,Malaysia,Asia,17888,392942,56,1426
2021-05-02,Malaysia,Asia,22070,415012,107,1533
2021-05-09,Malaysia,Asia,25665,440677,150,1683
2021-05-16,Malaysia,Asia,29433,470110,219,1902
2021-05-23,Malaysia,Asia,41981,512091,346,2248
2021-05-30,Malaysia,Asia,53442,565533,481,2729
2021-06-06,Malaysia,Asia,51282,616815,649,3378
2021-06-13,Malaysia,Asia,40693,657508,530,3908
2021-06-20,Malaysia,Asia,38900,696408,500,4408
2021-06-27,Malaysia,Asia,37640,734048,536,4944
2021-07-04,Malaysia,Asia,44604,778652,553,5497
2021-07-11,Malaysia,Asia,57644,836296,661,6158
2021-07-18,Malaysia,Asia,80265,916561,861,7019
2021-07-25,Malaysia,Asia,96877,1013438,975,7994
2021-08-01,Malaysia,Asia,116984,1130422,1190,9184
2021-08-08,Malaysia,Asia,132118,1262540,1565,10749
2021-08-15,Malaysia,Asia,142359,1404899,1761,12510
2021-08-22,Malaysia,Asia,150194,1555093,1658,14168
2021-08-29,Malaysia,Asia,150996,1706089,1919,16087
2021-09-05,Malaysia,Asia,138746,1844835,2132,18219
2021-09-12,Malaysia,Asia,134863,1979698,2492,20711
2021-09-19,Malaysia,Asia,118132,2097830,2732,23443
2021-09-26,Malaysia,Asia,100405,2198235,1994,25437
2021-10-03,Malaysia,Asia,79330,2277565,1246,26683
2021-10-10,Malaysia,Asia,62029,2339594,646,27329
2021-10-17,Malaysia,Asia,51093,2390687,592,27921
2021-10-24,Malaysia,Asia,41029,2431716,479,28400
2021-10-31,Malaysia,Asia,39926,2471642,512,28912
2021-11-07,Malaysia,Asia,34667,2506309,379,29291
2021-11-14,Malaysia,Asia,40000,2546309,385,29676
2021-11-21,Malaysia,Asia,40292,2586601,326,30002
2021-11-28,Malaysia,Asia,37215,2623816,307,30309
2021-12-05,Malaysia,Asia,34956,2658772,305,30614
2021-12-12,Malaysia,Asia,32867,2691639,265,30879
2021-12-19,Malaysia,Asia,27316,2718955,213,31092
2021-12-26,Malaysia,Asia,22224,2741179,242,31334
2022-01-02,Malaysia,Asia,23175,2764354,198,31532
2022-01-09,Malaysia,Asia,21865,2786219,146,31678
2022-01-16,Malaysia,Asia,22128,2808347,115,31793
2022-01-23,Malaysia,Asia,24598,2832945,99,31892
2022-01-30,Malaysia,Asia,33039,2865984,73,31965
2022-02-06,Malaysia,Asia,48236,2914220,69,32034
2022-02-13,Malaysia,Asia,126015,3040235,91,32125
2022-02-20,Malaysia,Asia,181445,3221680,222,32347
2022-02-27,Malaysia,Asia,197956,3419636,327,32674
2022-03-06,Malaysia,Asia,202971,3622607,554,33228
2022-03-13,Malaysia,Asia,200964,3823571,579,33807
2022-03-20,Malaysia,Asia,169553,3993124,593,34400
2022-03-27,Malaysia,Asia,145743,4138867,388,34788
2022-04-03,Malaysia,Asia,107600,4246467,311,35099
2022-04-10,Malaysia,Asia,79351,4325818,193,35292
2022-04-17,Malaysia,Asia,63207,4389025,129,35421
2022-04-24,Malaysia,Asia,42048,4431073,78,35499
2022-05-01,Malaysia,Asia,18434,4449507,51,35550
2022-05-08,Malaysia,Asia,9382,4458889,33,35583
2022-05-15,Malaysia,Asia,19223,4478112,32,35615
2022-05-22,Malaysia,Asia,13208,4491320,28,35643
2022-05-29,Malaysia,Asia,12414,4503734,22,35665
2022-06-05,Malaysia,Asia,11255,4514989,25,35690
2022-06-12,Malaysia,Asia,11309,4526298,26,35716
2022-06-19,Malaysia,Asia,14314,4540612,19,35735
2022-06-26,Malaysia,Asia,16052,4556664,19,35754
2022-07-03,Malaysia,Asia,14691,4571355,30,35784
2022-07-10,Malaysia,Asia,21355,4592710,32,35816
2022-07-17,Malaysia,Asia,26315,4619025,46,35862
2022-07-24,Malaysia,Asia,29906,4648931,61,35923
2022-07-31,Malaysia,Asia,28339,4677270,54,35977
2022-08-07,Malaysia,Asia,28554,4705824,55,36032
2022-08-14,Malaysia,Asia,26678,4732502,61,36093
2022-08-21,Malaysia,Asia,22786,4755288,62,36155
2022-08-28,Malaysia,Asia,18715,4774003,51,36206
2022-09-04,Malaysia,Asia,15549,4789552,43,36249
2022-09-11,Malaysia,Asia,14072,4803624,36,36285
2022-09-18,Malaysia,Asia,13627,4817251,32,36317
2022-09-25,Malaysia,Asia,12963,4830214,40,36357
2022-10-02,Malaysia,Asia,12291,4842505,23,36380
2022-10-09,Malaysia,Asia,11018,4853523,23,36403
2022-10-16,Malaysia,Asia,11957,4865480,20,36423
2022-10-23,Malaysia,Asia,14525,4880005,24,36447
2022-10-30,Malaysia,Asia,16750,4896755,28,36475
2022-11-06,Malaysia,Asia,26783,4923538,20,36495
2022-11-13,Malaysia,Asia,23045,4946583,59,36554
2022-11-20,Malaysia,Asia,19083,4965666,55,36609
2022-11-27,Malaysia,Asia,18606,4984272,48,36657
2022-12-04,Malaysia,Asia,14558,4998830,59,36716
2022-12-11,Malaysia,Asia,10937,5009767,53,36769
2022-12-18,Malaysia,Asia,7249,5017016,39,36808
2022-12-25,Malaysia,Asia,6290,5023306,27,36835
2023-01-01,Malaysia,Asia,3371,5026677,23,36858
2023-01-08,Malaysia,Asia,3231,5029908,8,36866
2023-01-15,Malaysia,Asia,2525,5032433,0,36866
2023-01-22,Malaysia,Asia,2088,5034521,0,36866
2023-01-29,Malaysia,Asia,1350,5035871,0,36866
2023-02-05,Malaysia,Asia,1913,5037784,77,36943
2023-02-12,Malaysia,Asia,1542,5039326,8,36951
2023-02-19,Malaysia,Asia,1495,5040821,5,36956
2023-02-26,Malaysia,Asia,1367,5042188,1,36957
2023-03-05,Malaysia,Asia,1438,5043626,9,36966
2023-03-12,Malaysia,Asia,1566,5045192,1,36967
2023-03-19,Malaysia,Asia,1848,5047040,0,36967
2023-03-26,Malaysia,Asia,2228,5049268,12,36979
2023-04-02,Malaysia,Asia,3069,5052337,0,36979
2023-04-09,Malaysia,Asia,4574,5056911,3,36982
2023-04-16,Malaysia,Asia,4268,5061179,12,36994
2023-04-23,Malaysia,Asia,5698,5066877,17,37011
2023-04-30,Malaysia,Asia,4817,5071694,9,37020
2023-05-07,Malaysia,Asia,146,5071840,8,37028
2023-05-14,Malaysia,Asia,7596,5079436,0,37028
2023-05-21,Malaysia,Asia,12209,5091645,42,37070
2023-05-28,Malaysia,Asia,6439,5098084,31,37101
2023-06-04,Malaysia,Asia,5801,5103885,15,37116
2023-06-11,Malaysia,Asia,4523,5108408,10,37126
2023-06-18,Malaysia,Asia,760,5109168,10,37136
2023-06-25,Malaysia,Asia,3433,5112601,11,37147
2023-07-02,Malaysia,Asia,0,5112601,2,37149
2023-07-09,Malaysia,Asia,2698,5115299,7,37156
2023-07-16,Malaysia,Asia,1548,5116847,2,37158
2023-07-23,Malaysia,Asia,1222,5118069,3,37161
2023-07-30,Malaysia,Asia,1202,5119271,1,37162
2023-08-06,Malaysia,Asia,958,5120229,2,37164
2023-08-13,Malaysia,Asia,934,5121163,0,37164
2023-08-20,Malaysia,Asia,695,5121858,0,37164
2023-08-27,Malaysia,Asia,710,5122568,0,37164
2023-09-03,Malaysia,Asia,1233,5123801,3,37167
2023-09-10,Malaysia,Asia,680,5124481,4,37171
2023-09-17,Malaysia,Asia,728,5125209,1,37172
2023-09-24,Malaysia,Asia,691,5125900,0,37172
2023-10-01,Malaysia,Asia,783,5126683,2,37174
2023-10-08,Malaysia,Asia,933,5127616,5,37179
2023-10-15,Malaysia,Asia,1052,5128668,2,37181
2023-10-22,Malaysia,Asia,1132,5129800,3,37184
2023-10-29,Malaysia,Asia,1339,5131139,0,37184
2023-11-05,Malaysia,Asia,1692,5132831,6,37190
2023-11-12,Malaysia,Asia,1801,5134632,1,37191
2023-11-19,Malaysia,Asia,2305,5136937,3,37194
2023-11-26,Malaysia,Asia,3626,5140563,7,37201
2023-12-03,Malaysia,Asia,6796,5147359,6,37207
2023-12-10,Malaysia,Asia,12757,5160116,11,37218
2023-12-17,Malaysia,Asia,20696,5180812,28,37246
2023-12-24,Malaysia,Asia,25912,5206724,22,37268
2023-12-31,Malaysia,Asia,20598,5227322,25,37293
2024-01-07,Malaysia,Asia,0,5227322,22,37315
2024-01-14,Malaysia,Asia,29687,5257009,8,37323
2024-01-21,Malaysia,Asia,8358,5265367,12,37335
2024-01-28,Malaysia,Asia,4600,5269967,5,37340
2024-02-04,Malaysia,Asia,2550,5272517,7,37347
2024-02-11,Malaysia,Asia,1479,5273996,0,37347
2024-02-18,Malaysia,Asia,790,5274786,0,37347
2024-02-25,Malaysia,Asia,881,5275667,0,37347
2024-03-03,Malaysia,Asia,645,5276312,1,37348
2024-03-10,Malaysia,Asia,568,5276880,0,37348
2024-03-17,Malaysia,Asia,593,5277473,0,37348
2024-03-24,Malaysia,Asia,512,5277985,0,37348
2024-03-31,Malaysia,Asia,421,5278406,0,37348
2024-04-07,Malaysia,Asia,493,5278899,1,37349
2024-04-14,Malaysia,Asia,246,5279145,0,37349
2024-04-21,Malaysia,Asia,710,5279855,0,37349
2024-04-28,Malaysia,Asia,734,5280589,1,37350
2024-05-05,Malaysia,Asia,734,5281323,0,37350
2024-05-12,Malaysia,Asia,1071,5282394,0,37350
2024-05-19,Malaysia,Asia,1230,5283624,0,37350
2024-05-26,Malaysia,Asia,1368,5284992,0,37350
2024-06-02,Malaysia,Asia,1780,5286772,1,37351
2024-06-09,Malaysia,Asia,2069,5288841,0,37351
2024-06-16,Malaysia,Asia,2875,5291716,0,37351
2024-06-23,Malaysia,Asia,2821,5294537,0,37351
2024-06-30,Malaysia,Asia,3810,5298347,0,37351
2024-07-07,Malaysia,Asia,3670,5302017,0,37351
2024-07-14,Malaysia,Asia,2833,5304850,0,37351
2024-07-21,Malaysia,Asia,1984,5306834,0,37351
2024-07-28,Malaysia,Asia,1491,5308325,0,37351
2024-08-04,Malaysia,Asia,1085,5309410,0,37351
2024-08-11,Malaysia,Asia,930,5310340,0,37351
2024-08-18,Malaysia,Asia,766,5311106,0,37351
2024-08-25,Malaysia,Asia,814,5311920,0,37351
2024-09-01,Malaysia,Asia,699,5312619,0,37351
2020-01-05,Maldives,Asia,0,0,0,0
2020-01-12,Maldives,Asia,0,0,0,0
2020-01-19,Maldives,Asia,0,0,0,0
2020-01-26,Maldives,Asia,0,0,0,0
2020-02-02,Maldives,Asia,0,0,0,0
2020-02-09,Maldives,Asia,0,0,0,0
2020-02-16,Maldives,Asia,0,0,0,0
2020-02-23,Maldives,Asia,0,0,0,0
2020-03-01,Maldives,Asia,0,0,0,0
2020-03-08,Maldives,Asia,2,2,0,0
2020-03-15,Maldives,Asia,9,11,0,0
2020-03-22,Maldives,Asia,6,17,0,0
2020-03-29,Maldives,Asia,-1,16,0,0
2020-04-05,Maldives,Asia,3,19,0,0
2020-04-12,Maldives,Asia,1,20,0,0
2020-04-19,Maldives,Asia,31,51,0,0
2020-04-26,Maldives,Asia,137,188,0,0
2020-05-03,Maldives,Asia,339,527,1,1
2020-05-10,Maldives,Asia,308,835,2,3
2020-05-17,Maldives,Asia,259,1094,1,4
2020-05-24,Maldives,Asia,277,1371,0,4
2020-05-31,Maldives,Asia,301,1672,1,5
2020-06-07,Maldives,Asia,231,1903,3,8
2020-06-14,Maldives,Asia,132,2035,0,8
2020-06-21,Maldives,Asia,168,2203,0,8
2020-06-28,Maldives,Asia,121,2324,0,8
2020-07-05,Maldives,Asia,144,2468,3,11
2020-07-12,Maldives,Asia,263,2731,2,13
2020-07-19,Maldives,Asia,235,2966,2,15
2020-07-26,Maldives,Asia,336,3302,0,15
2020-08-02,Maldives,Asia,862,4164,3,18
2020-08-09,Maldives,Asia,877,5041,1,19
2020-08-16,Maldives,Asia,744,5785,3,22
2020-08-23,Maldives,Asia,994,6779,4,26
2020-08-30,Maldives,Asia,888,7667,2,28
2020-09-06,Maldives,Asia,917,8584,1,29
2020-09-13,Maldives,Asia,589,9173,3,32
2020-09-20,Maldives,Asia,551,9724,1,33
2020-09-27,Maldives,Asia,374,10098,1,34
2020-10-04,Maldives,Asia,432,10530,0,34
2020-10-11,Maldives,Asia,364,10894,1,35
2020-10-18,Maldives,Asia,316,11210,2,37
2020-10-25,Maldives,Asia,295,11505,0,37
2020-11-01,Maldives,Asia,196,11701,1,38
2020-11-08,Maldives,Asia,285,11986,2,40
2020-11-15,Maldives,Asia,218,12204,3,43
2020-11-22,Maldives,Asia,404,12608,3,46
2020-11-29,Maldives,Asia,386,12994,0,46
2020-12-06,Maldives,Asia,204,13198,1,47
2020-12-13,Maldives,Asia,170,13368,1,48
2020-12-20,Maldives,Asia,125,13493,0,48
2020-12-27,Maldives,Asia,151,13644,0,48
2021-01-03,Maldives,Asia,223,13867,0,48
2021-01-10,Maldives,Asia,242,14109,1,49
2021-01-17,Maldives,Asia,404,14513,0,49
2021-01-24,Maldives,Asia,480,14993,2,51
2021-01-31,Maldives,Asia,848,15841,1,52
2021-02-07,Maldives,Asia,942,16783,3,55
2021-02-14,Maldives,Asia,1045,17828,3,58
2021-02-21,Maldives,Asia,941,18769,2,60
2021-02-28,Maldives,Asia,1024,19793,2,62
2021-03-07,Maldives,Asia,1001,20794,2,64
2021-03-14,Maldives,Asia,778,21572,0,64
2021-03-21,Maldives,Asia,941,22513,2,66
2021-03-28,Maldives,Asia,1011,23524,0,66
2021-04-04,Maldives,Asia,1259,24783,1,67
2021-04-11,Maldives,Asia,834,25617,0,67
2021-04-18,Maldives,Asia,731,26348,3,70
2021-04-25,Maldives,Asia,1526,27874,1,71
2021-05-02,Maldives,Asia,2871,30745,3,74
2021-05-09,Maldives,Asia,5070,35815,10,84
2021-05-16,Maldives,Asia,8708,44523,13,97
2021-05-23,Maldives,Asia,11401,55924,32,129
2021-05-30,Maldives,Asia,7762,63686,29,158
2021-06-06,Maldives,Asia,4264,67950,27,185
2021-06-13,Maldives,Asia,2351,70301,12,197
2021-06-20,Maldives,Asia,1595,71896,9,206
2021-06-27,Maldives,Asia,1431,73327,3,209
2021-07-04,Maldives,Asia,1024,74351,4,213
2021-07-11,Maldives,Asia,720,75071,1,214
2021-07-18,Maldives,Asia,808,75879,2,216
2021-07-25,Maldives,Asia,871,76750,3,219
2021-08-01,Maldives,Asia,797,77547,2,221
2021-08-08,Maldives,Asia,809,78356,1,222
2021-08-15,Maldives,Asia,781,79137,0,222
2021-08-22,Maldives,Asia,822,79959,1,223
2021-08-29,Maldives,Asia,832,80791,3,226
2021-09-05,Maldives,Asia,1188,81979,0,226
2021-09-12,Maldives,Asia,843,82822,1,227
2021-09-19,Maldives,Asia,754,83576,2,229
2021-09-26,Maldives,Asia,786,84362,2,231
2021-10-03,Maldives,Asia,680,85042,0,231
2021-10-10,Maldives,Asia,506,85548,3,234
2021-10-17,Maldives,Asia,617,86165,4,238
2021-10-24,Maldives,Asia,757,86922,2,240
2021-10-31,Maldives,Asia,862,87784,3,243
2021-11-07,Maldives,Asia,1033,88817,2,245
2021-11-14,Maldives,Asia,1023,89840,2,247
2021-11-21,Maldives,Asia,885,90725,1,248
2021-11-28,Maldives,Asia,739,91464,0,248
2021-12-05,Maldives,Asia,747,92211,6,254
2021-12-12,Maldives,Asia,908,93119,4,258
2021-12-19,Maldives,Asia,838,93957,1,259
2021-12-26,Maldives,Asia,907,94864,2,261
2022-01-02,Maldives,Asia,1188,96052,1,262
2022-01-09,Maldives,Asia,2000,98052,2,264
2022-01-16,Maldives,Asia,5529,103581,1,265
2022-01-23,Maldives,Asia,13880,117461,5,270
2022-01-30,Maldives,Asia,18665,136126,5,275
2022-02-06,Maldives,Asia,14211,150337,8,283
2022-02-13,Maldives,Asia,8724,159061,6,289
2022-02-20,Maldives,Asia,6012,165073,2,291
2022-02-27,Maldives,Asia,4559,169632,6,297
2022-03-06,Maldives,Asia,2944,172576,0,297
2022-03-13,Maldives,Asia,2082,174658,0,297
2022-03-20,Maldives,Asia,1341,175999,0,297
2022-03-27,Maldives,Asia,1104,177103,1,298
2022-04-03,Maldives,Asia,656,177759,0,298
2022-04-10,Maldives,Asia,718,178477,0,298
2022-04-17,Maldives,Asia,441,178918,0,298
2022-04-24,Maldives,Asia,282,179200,0,298
2022-05-01,Maldives,Asia,179,179379,0,298
2022-05-08,Maldives,Asia,123,179502,0,298
2022-05-15,Maldives,Asia,67,179569,0,298
2022-05-22,Maldives,Asia,101,179670,0,298
2022-05-29,Maldives,Asia,95,179765,0,298
2022-06-05,Maldives,Asia,90,179855,1,299
2022-06-12,Maldives,Asia,160,180015,0,299
2022-06-19,Maldives,Asia,528,180543,1,300
2022-06-26,Maldives,Asia,1043,181586,5,305
2022-07-03,Maldives,Asia,1134,182720,1,306
2022-07-10,Maldives,Asia,771,183491,1,307
2022-07-17,Maldives,Asia,417,183908,0,307
2022-07-24,Maldives,Asia,394,184302,0,307
2022-07-31,Maldives,Asia,183,184485,0,307
2022-08-07,Maldives,Asia,106,184591,0,307
2022-08-14,Maldives,Asia,98,184689,0,307
2022-08-21,Maldives,Asia,99,184788,0,307
2022-08-28,Maldives,Asia,68,184856,1,308
2022-09-04,Maldives,Asia,68,184924,0,308
2022-09-11,Maldives,Asia,42,184966,0,308
2022-09-18,Maldives,Asia,38,185004,0,308
2022-09-25,Maldives,Asia,38,185042,0,308
2022-10-02,Maldives,Asia,40,185082,0,308
2022-10-09,Maldives,Asia,43,185125,0,308
2022-10-16,Maldives,Asia,69,185194,0,308
2022-10-23,Maldives,Asia,86,185280,0,308
2022-10-30,Maldives,Asia,84,185364,0,308
2022-11-06,Maldives,Asia,90,185454,1,309
2022-11-13,Maldives,Asia,95,185549,1,310
2022-11-20,Maldives,Asia,35,185584,1,311
2022-11-27,Maldives,Asia,34,185618,0,311
2022-12-04,Maldives,Asia,14,185632,0,311
2022-12-11,Maldives,Asia,19,185651,0,311
2022-12-18,Maldives,Asia,15,185666,0,311
2022-12-25,Maldives,Asia,12,185678,0,311
2023-01-01,Maldives,Asia,15,185693,0,311
2023-01-08,Maldives,Asia,9,185702,0,311
2023-01-15,Maldives,Asia,6,185708,0,311
2023-01-22,Maldives,Asia,5,185713,0,311
2023-01-29,Maldives,Asia,2,185715,0,311
2023-02-05,Maldives,Asia,6,185721,0,311
2023-02-12,Maldives,Asia,2,185723,0,311
2023-02-19,Maldives,Asia,6,185729,0,311
2023-02-26,Maldives,Asia,3,185732,0,311
2023-03-05,Maldives,Asia,6,185738,0,311
2023-03-12,Maldives,Asia,6,185744,0,311
2023-03-19,Maldives,Asia,11,185755,0,311
2023-03-26,Maldives,Asia,16,185771,0,311
2023-04-02,Maldives,Asia,39,185810,0,311
2023-04-09,Maldives,Asia,84,185894,0,311
2023-04-16,Maldives,Asia,148,186042,0,311
2023-04-23,Maldives,Asia,199,186241,2,313
2023-04-30,Maldives,Asia,194,186435,0,313
2023-05-07,Maldives,Asia,91,186526,1,314
2023-05-14,Maldives,Asia,63,186589,0,314
2023-05-21,Maldives,Asia,36,186625,1,315
2023-05-28,Maldives,Asia,26,186651,0,315
2023-06-04,Maldives,Asia,21,186672,1,316
2023-06-11,Maldives,Asia,11,186683,0,316
2023-06-18,Maldives,Asia,0,186683,0,316
2023-06-25,Maldives,Asia,0,186683,0,316
2023-07-02,Maldives,Asia,4,186687,0,316
2023-07-09,Maldives,Asia,0,186687,0,316
2023-07-16,Maldives,Asia,0,186687,0,316
2023-07-23,Maldives,Asia,0,186687,0,316
2023-07-30,Maldives,Asia,0,186687,0,316
2023-08-06,Maldives,Asia,7,186694,0,316
2023-08-13,Maldives,Asia,0,186694,0,316
2023-08-20,Maldives,Asia,0,186694,0,316
2023-08-27,Maldives,Asia,0,186694,0,316
2023-09-03,Maldives,Asia,0,186694,0,316
2023-09-10,Maldives,Asia,0,186694,0,316
2023-09-17,Maldives,Asia,0,186694,0,316
2023-09-24,Maldives,Asia,0,186694,0,316
2023-10-01,Maldives,Asia,0,186694,0,316
2023-10-08,Maldives,Asia,0,186694,0,316
2023-10-15,Maldives,Asia,0,186694,0,316
2023-10-22,Maldives,Asia,0,186694,0,316
2023-10-29,Maldives,Asia,0,186694,0,316
2023-11-05,Maldives,Asia,0,186694,0,316
2023-11-12,Maldives,Asia,0,186694,0,316
2023-11-19,Maldives,Asia,0,186694,0,316
2023-11-26,Maldives,Asia,0,186694,0,316
2023-12-03,Maldives,Asia,0,186694,0,316
2023-12-10,Maldives,Asia,0,186694,0,316
2023-12-17,Maldives,Asia,0,186694,0,316
2023-12-24,Maldives,Asia,0,186694,0,316
2023-12-31,Maldives,Asia,0,186694,0,316
2024-01-07,Maldives,Asia,0,186694,0,316
2024-01-14,Maldives,Asia,0,186694,0,316
2024-01-21,Maldives,Asia,0,186694,0,316
2024-01-28,Maldives,Asia,0,186694,0,316
2024-02-04,Maldives,Asia,0,186694,0,316
2024-02-11,Maldives,Asia,0,186694,0,316
2024-02-18,Maldives,Asia,0,186694,0,316
2024-02-25,Maldives,Asia,0,186694,0,316
2024-03-03,Maldives,Asia,0,186694,0,316
2024-03-10,Maldives,Asia,0,186694,0,316
2024-03-17,Maldives,Asia,0,186694,0,316
2024-03-24,Maldives,Asia,0,186694,0,316
2024-03-31,Maldives,Asia,0,186694,0,316
2024-04-07,Maldives,Asia,0,186694,0,316
2024-04-14,Maldives,Asia,0,186694,0,316
2024-04-21,Maldives,Asia,0,186694,0,316
2024-04-28,Maldives,Asia,0,186694,0,316
2024-05-05,Maldives,Asia,0,186694,0,316
2024-05-12,Maldives,Asia,0,186694,0,316
2024-05-19,Maldives,Asia,0,186694,0,316
2024-05-26,Maldives,Asia,0,186694,0,316
2024-06-02,Maldives,Asia,0,186694,0,316
2024-06-09,Maldives,Asia,0,186694,0,316
2024-06-16,Maldives,Asia,0,186694,0,316
2024-06-23,Maldives,Asia,0,186694,0,316
2024-06-30,Maldives,Asia,0,186694,0,316
2024-07-07,Maldives,Asia,0,186694,0,316
2024-07-14,Maldives,Asia,0,186694,0,316
2024-07-21,Maldives,Asia,0,186694,0,316
2024-07-28,Maldives,Asia,0,186694,0,316
2024-08-04,Maldives,Asia,0,186694,0,316
2024-08-11,Maldives,Asia,0,186694,0,316
2024-08-18,Maldives,Asia,0,186694,0,316
2024-08-25,Maldives,Asia,0,186694,0,316
2024-09-01,Maldives,Asia,0,186694,0,316
2020-01-05,Mali,Africa,0,0,0,0
2020-01-12,Mali,Africa,0,0,0,0
2020-01-19,Mali,Africa,0,0,0,0
2020-01-26,Mali,Africa,0,0,0,0
2020-02-02,Mali,Africa,0,0,0,0
2020-02-09,Mali,Africa,0,0,0,0
2020-02-16,Mali,Africa,0,0,0,0
2020-02-23,Mali,Africa,0,0,0,0
2020-03-01,Mali,Africa,0,0,0,0
2020-03-08,Mali,Africa,0,0,0,0
2020-03-15,Mali,Africa,0,0,0,0
2020-03-22,Mali,Africa,0,0,0,0
2020-03-29,Mali,Africa,17,17,1,1
2020-04-05,Mali,Africa,22,39,2,3
2020-04-12,Mali,Africa,66,105,6,9
2020-04-19,Mali,Africa,111,216,4,13
2020-04-26,Mali,Africa,154,370,8,21
2020-05-03,Mali,Africa,174,544,5,26
2020-05-10,Mali,Africa,148,692,12,38
2020-05-17,Mali,Africa,143,835,10,48
2020-05-24,Mali,Africa,178,1013,15,63
2020-05-31,Mali,Africa,235,1248,13,76
2020-06-07,Mali,Africa,273,1521,14,90
2020-06-14,Mali,Africa,253,1774,14,104
2020-06-21,Mali,Africa,157,1931,5,109
2020-06-28,Mali,Africa,127,2058,4,113
2020-07-05,Mali,Africa,202,2260,5,118
2020-07-12,Mali,Africa,31,2291,3,121
2020-07-19,Mali,Africa,66,2357,0,121
2020-07-26,Mali,Africa,31,2388,2,123
2020-08-02,Mali,Africa,32,2420,1,124
2020-08-09,Mali,Africa,30,2450,1,125
2020-08-16,Mali,Africa,162,2612,0,125
2020-08-23,Mali,Africa,87,2699,0,125
2020-08-30,Mali,Africa,58,2757,1,126
2020-09-06,Mali,Africa,76,2833,0,126
2020-09-13,Mali,Africa,83,2916,2,128
2020-09-20,Mali,Africa,90,3006,0,128
2020-09-27,Mali,Africa,74,3080,2,130
2020-10-04,Mali,Africa,90,3170,1,131
2020-10-11,Mali,Africa,103,3273,1,132
2020-10-18,Mali,Africa,106,3379,0,132
2020-10-25,Mali,Africa,93,3472,0,132
2020-11-01,Mali,Africa,82,3554,4,136
2020-11-08,Mali,Africa,122,3676,1,137
2020-11-15,Mali,Africa,192,3868,2,139
2020-11-22,Mali,Africa,338,4206,4,143
2020-11-29,Mali,Africa,453,4659,6,149
2020-12-06,Mali,Africa,403,5062,14,163
2020-12-13,Mali,Africa,659,5721,26,189
2020-12-20,Mali,Africa,443,6164,31,220
2020-12-27,Mali,Africa,410,6574,30,250
2021-01-03,Mali,Africa,652,7226,26,276
2021-01-10,Mali,Africa,339,7565,19,295
2021-01-17,Mali,Africa,258,7823,13,308
2021-01-24,Mali,Africa,142,7965,15,323
2021-01-31,Mali,Africa,104,8069,7,330
2021-02-07,Mali,Africa,91,8160,8,338
2021-02-14,Mali,Africa,66,8226,4,342
2021-02-21,Mali,Africa,66,8292,5,347
2021-02-28,Mali,Africa,73,8365,5,352
2021-03-07,Mali,Africa,195,8560,6,358
2021-03-14,Mali,Africa,302,8862,2,360
2021-03-21,Mali,Africa,408,9270,2,362
2021-03-28,Mali,Africa,503,9773,14,376
2021-04-04,Mali,Africa,659,10432,15,391
2021-04-11,Mali,Africa,1273,11705,14,405
2021-04-18,Mali,Africa,1275,12980,24,429
2021-04-25,Mali,Africa,580,13560,33,462
2021-05-02,Mali,Africa,336,13896,23,485
2021-05-09,Mali,Africa,186,14082,14,499
2021-05-16,Mali,Africa,94,14176,12,511
2021-05-23,Mali,Africa,64,14240,2,513
2021-05-30,Mali,Africa,25,14265,4,517
2021-06-06,Mali,Africa,31,14296,1,518
2021-06-13,Mali,Africa,53,14349,5,523
2021-06-20,Mali,Africa,31,14380,1,524
2021-06-27,Mali,Africa,34,14414,1,525
2021-07-04,Mali,Africa,24,14438,1,526
2021-07-11,Mali,Africa,23,14461,2,528
2021-07-18,Mali,Africa,48,14509,2,530
2021-07-25,Mali,Africa,31,14540,0,530
2021-08-01,Mali,Africa,44,14584,2,532
2021-08-08,Mali,Africa,53,14637,2,534
2021-08-15,Mali,Africa,55,14692,0,534
2021-08-22,Mali,Africa,57,14749,2,536
2021-08-29,Mali,Africa,97,14846,3,539
2021-09-05,Mali,Africa,84,14930,2,541
2021-09-12,Mali,Africa,51,14981,2,543
2021-09-19,Mali,Africa,79,15060,2,545
2021-09-26,Mali,Africa,93,15153,2,547
2021-10-03,Mali,Africa,125,15278,2,549
2021-10-10,Mali,Africa,172,15450,4,553
2021-10-17,Mali,Africa,153,15603,4,557
2021-10-24,Mali,Africa,206,15809,1,558
2021-10-31,Mali,Africa,229,16038,5,563
2021-11-07,Mali,Africa,304,16342,11,574
2021-11-14,Mali,Africa,301,16643,11,585
2021-11-21,Mali,Africa,276,16919,6,591
2021-11-28,Mali,Africa,381,17300,12,603
2021-12-05,Mali,Africa,512,17812,14,617
2021-12-12,Mali,Africa,692,18504,11,628
2021-12-19,Mali,Africa,688,19192,11,639
2021-12-26,Mali,Africa,819,20011,14,653
2022-01-02,Mali,Africa,1367,21378,15,668
2022-01-09,Mali,Africa,3819,25197,4,672
2022-01-16,Mali,Africa,3124,28321,16,688
2022-01-23,Mali,Africa,1276,29597,16,704
2022-01-30,Mali,Africa,411,30008,7,711
2022-02-06,Mali,Africa,148,30156,4,715
2022-02-13,Mali,Africa,95,30251,0,715
2022-02-20,Mali,Africa,87,30338,2,717
2022-02-27,Mali,Africa,33,30371,5,722
2022-03-06,Mali,Africa,27,30398,2,724
2022-03-13,Mali,Africa,16,30414,2,726
2022-03-20,Mali,Africa,34,30448,1,727
2022-03-27,Mali,Africa,22,30470,0,727
2022-04-03,Mali,Africa,23,30493,1,728
2022-04-10,Mali,Africa,53,30546,1,729
2022-04-17,Mali,Africa,105,30651,0,729
2022-04-24,Mali,Africa,76,30727,2,731
2022-05-01,Mali,Africa,106,30833,1,732
2022-05-08,Mali,Africa,94,30927,1,733
2022-05-15,Mali,Africa,76,31003,0,733
2022-05-22,Mali,Africa,51,31054,1,734
2022-05-29,Mali,Africa,34,31088,0,734
2022-06-05,Mali,Africa,21,31109,1,735
2022-06-12,Mali,Africa,13,31122,0,735
2022-06-19,Mali,Africa,15,31137,1,736
2022-06-26,Mali,Africa,16,31153,1,737
2022-07-03,Mali,Africa,18,31171,0,737
2022-07-10,Mali,Africa,15,31186,0,737
2022-07-17,Mali,Africa,12,31198,0,737
2022-07-24,Mali,Africa,14,31212,0,737
2022-07-31,Mali,Africa,10,31222,2,739
2022-08-07,Mali,Africa,14,31236,0,739
2022-08-14,Mali,Africa,8,31244,0,739
2022-08-21,Mali,Africa,15,31259,0,739
2022-08-28,Mali,Africa,55,31314,0,739
2022-09-04,Mali,Africa,262,31576,0,739
2022-09-11,Mali,Africa,629,32205,0,739
2022-09-18,Mali,Africa,292,32497,0,739
2022-09-25,Mali,Africa,104,32601,2,741
2022-10-02,Mali,Africa,40,32641,1,742
2022-10-09,Mali,Africa,56,32697,0,742
2022-10-16,Mali,Africa,9,32706,0,742
2022-10-23,Mali,Africa,9,32715,0,742
2022-10-30,Mali,Africa,16,32731,0,742
2022-11-06,Mali,Africa,7,32738,0,742
2022-11-13,Mali,Africa,7,32745,0,742
2022-11-20,Mali,Africa,10,32755,0,742
2022-11-27,Mali,Africa,3,32758,0,742
2022-12-04,Mali,Africa,2,32760,0,742
2022-12-11,Mali,Africa,3,32763,0,742
2022-12-18,Mali,Africa,4,32767,1,743
2022-12-25,Mali,Africa,1,32768,0,743
2023-01-01,Mali,Africa,2,32770,0,743
2023-01-08,Mali,Africa,1,32771,0,743
2023-01-15,Mali,Africa,1,32772,0,743
2023-01-22,Mali,Africa,3,32775,0,743
2023-01-29,Mali,Africa,3,32778,0,743
2023-02-05,Mali,Africa,12,32790,0,743
2023-02-12,Mali,Africa,43,32833,0,743
2023-02-19,Mali,Africa,62,32895,0,743
2023-02-26,Mali,Africa,102,32997,0,743
2023-03-05,Mali,Africa,57,33054,0,743
2023-03-12,Mali,Africa,11,33065,0,743
2023-03-19,Mali,Africa,9,33074,0,743
2023-03-26,Mali,Africa,32,33106,0,743
2023-04-02,Mali,Africa,11,33117,0,743
2023-04-09,Mali,Africa,5,33122,0,743
2023-04-16,Mali,Africa,12,33134,0,743
2023-04-23,Mali,Africa,10,33144,0,743
2023-04-30,Mali,Africa,0,33144,0,743
2023-05-07,Mali,Africa,0,33144,0,743
2023-05-14,Mali,Africa,3,33147,0,743
2023-05-21,Mali,Africa,1,33148,0,743
2023-05-28,Mali,Africa,0,33148,0,743
2023-06-04,Mali,Africa,2,33150,0,743
2023-06-11,Mali,Africa,0,33150,0,743
2023-06-18,Mali,Africa,0,33150,0,743
2023-06-25,Mali,Africa,1,33151,0,743
2023-07-02,Mali,Africa,0,33151,0,743
2023-07-09,Mali,Africa,0,33151,0,743
2023-07-16,Mali,Africa,0,33151,0,743
2023-07-23,Mali,Africa,0,33151,0,743
2023-07-30,Mali,Africa,0,33151,0,743
2023-08-06,Mali,Africa,0,33151,0,743
2023-08-13,Mali,Africa,0,33151,0,743
2023-08-20,Mali,Africa,1,33152,0,743
2023-08-27,Mali,Africa,1,33153,0,743
2023-09-03,Mali,Africa,0,33153,0,743
2023-09-10,Mali,Africa,1,33154,0,743
2023-09-17,Mali,Africa,3,33157,0,743
2023-09-24,Mali,Africa,0,33157,0,743
2023-10-01,Mali,Africa,0,33157,0,743
2023-10-08,Mali,Africa,0,33157,0,743
2023-10-15,Mali,Africa,1,33158,0,743
2023-10-22,Mali,Africa,1,33159,0,743
2023-10-29,Mali,Africa,1,33160,0,743
2023-11-05,Mali,Africa,1,33161,0,743
2023-11-12,Mali,Africa,0,33161,0,743
2023-11-19,Mali,Africa,0,33161,0,743
2023-11-26,Mali,Africa,0,33161,0,743
2023-12-03,Mali,Africa,1,33162,0,743
2023-12-10,Mali,Africa,0,33162,0,743
2023-12-17,Mali,Africa,2,33164,0,743
2023-12-24,Mali,Africa,0,33164,0,743
2023-12-31,Mali,Africa,0,33164,0,743
2024-01-07,Mali,Africa,0,33164,0,743
2024-01-14,Mali,Africa,0,33164,0,743
2024-01-21,Mali,Africa,0,33164,0,743
2024-01-28,Mali,Africa,0,33164,0,743
2024-02-04,Mali,Africa,0,33164,0,743
2024-02-11,Mali,Africa,0,33164,0,743
2024-02-18,Mali,Africa,0,33164,0,743
2024-02-25,Mali,Africa,0,33164,0,743
2024-03-03,Mali,Africa,0,33164,0,743
2024-03-10,Mali,Africa,0,33164,0,743
2024-03-17,Mali,Africa,0,33164,0,743
2024-03-24,Mali,Africa,0,33164,0,743
2024-03-31,Mali,Africa,0,33164,0,743
2024-04-07,Mali,Africa,0,33164,0,743
2024-04-14,Mali,Africa,0,33164,0,743
2024-04-21,Mali,Africa,0,33164,0,743
2024-04-28,Mali,Africa,0,33164,0,743
2024-05-05,Mali,Africa,0,33164,0,743
2024-05-12,Mali,Africa,0,33164,0,743
2024-05-19,Mali,Africa,0,33164,0,743
2024-05-26,Mali,Africa,0,33164,0,743
2024-06-02,Mali,Africa,0,33164,0,743
2024-06-09,Mali,Africa,0,33164,0,743
2024-06-16,Mali,Africa,0,33164,0,743
2024-06-23,Mali,Africa,0,33164,0,743
2024-06-30,Mali,Africa,0,33164,0,743
2024-07-07,Mali,Africa,2,33166,0,743
2024-07-14,Mali,Africa,0,33166,0,743
2024-07-21,Mali,Africa,0,33166,0,743
2024-07-28,Mali,Africa,0,33166,0,743
2024-08-04,Mali,Africa,0,33166,0,743
2024-08-11,Mali,Africa,0,33166,0,743
2024-08-18,Mali,Africa,0,33166,0,743
2024-08-25,Mali,Africa,0,33166,0,743
2024-09-01,Mali,Africa,0,33166,0,743
2020-01-05,Malta,Europe,0,0,0,0
2020-01-12,Malta,Europe,0,0,0,0
2020-01-19,Malta,Europe,0,0,0,0
2020-01-26,Malta,Europe,0,0,0,0
2020-02-02,Malta,Europe,0,0,0,0
2020-02-09,Malta,Europe,0,0,0,0
2020-02-16,Malta,Europe,0,0,0,0
2020-02-23,Malta,Europe,0,0,0,0
2020-03-01,Malta,Europe,0,0,0,0
2020-03-08,Malta,Europe,3,3,0,0
2020-03-15,Malta,Europe,28,31,0,0
2020-03-22,Malta,Europe,78,109,0,0
2020-03-29,Malta,Europe,50,159,0,0
2020-04-05,Malta,Europe,79,238,0,0
2020-04-12,Malta,Europe,149,387,3,3
2020-04-19,Malta,Europe,44,431,0,3
2020-04-26,Malta,Europe,20,451,1,4
2020-05-03,Malta,Europe,30,481,0,4
2020-05-10,Malta,Europe,23,504,1,5
2020-05-17,Malta,Europe,54,558,1,6
2020-05-24,Malta,Europe,56,614,0,6
2020-05-31,Malta,Europe,7,621,3,9
2020-06-07,Malta,Europe,11,632,0,9
2020-06-14,Malta,Europe,21,653,0,9
2020-06-21,Malta,Europe,15,668,0,9
2020-06-28,Malta,Europe,5,673,0,9
2020-07-05,Malta,Europe,2,675,0,9
2020-07-12,Malta,Europe,2,677,0,9
2020-07-19,Malta,Europe,3,680,0,9
2020-07-26,Malta,Europe,24,704,0,9
2020-08-02,Malta,Europe,167,871,0,9
2020-08-09,Malta,Europe,243,1114,0,9
2020-08-16,Malta,Europe,368,1482,0,9
2020-08-23,Malta,Europe,295,1777,1,10
2020-08-30,Malta,Europe,249,2026,2,12
2020-09-06,Malta,Europe,233,2259,3,15
2020-09-13,Malta,Europe,326,2585,1,16
2020-09-20,Malta,Europe,376,2961,6,22
2020-09-27,Malta,Europe,230,3191,11,33
2020-10-04,Malta,Europe,320,3511,7,40
2020-10-11,Malta,Europe,519,4030,4,44
2020-10-18,Malta,Europe,891,4921,2,46
2020-10-25,Malta,Europe,841,5762,8,54
2020-11-01,Malta,Europe,800,6562,11,65
2020-11-08,Malta,Europe,871,7433,16,81
2020-11-15,Malta,Europe,907,8340,21,102
2020-11-22,Malta,Europe,854,9194,15,117
2020-11-29,Malta,Europe,871,10065,26,143
2020-12-06,Malta,Europe,778,10843,14,157
2020-12-13,Malta,Europe,600,11443,23,180
2020-12-20,Malta,Europe,558,12001,22,202
2020-12-27,Malta,Europe,615,12616,25,227
2021-01-03,Malta,Europe,925,13541,6,233
2021-01-10,Malta,Europe,1286,14827,8,241
2021-01-17,Malta,Europe,1211,16038,12,253
2021-01-24,Malta,Europe,1133,17171,16,269
2021-01-31,Malta,Europe,1143,18314,15,284
2021-02-07,Malta,Europe,704,19018,14,298
2021-02-14,Malta,Europe,1128,20146,15,313
2021-02-21,Malta,Europe,1133,21279,12,325
2021-02-28,Malta,Europe,1607,22886,10,335
2021-03-07,Malta,Europe,1904,24790,20,355
2021-03-14,Malta,Europe,2094,26884,10,365
2021-03-21,Malta,Europe,1572,28456,21,386
2021-03-28,Malta,Europe,617,29073,18,404
2021-04-04,Malta,Europe,340,29413,11,415
2021-04-11,Malta,Europe,380,29793,3,418
2021-04-18,Malta,Europe,362,30155,8,426
2021-04-25,Malta,Europe,165,30320,5,431
2021-05-02,Malta,Europe,166,30486,0,431
2021-05-09,Malta,Europe,105,30591,0,431
2021-05-16,Malta,Europe,56,30647,1,432
2021-05-23,Malta,Europe,23,30670,0,432
2021-05-30,Malta,Europe,29,30699,2,434
2021-06-06,Malta,Europe,35,30734,0,434
2021-06-13,Malta,Europe,11,30745,0,434
2021-06-20,Malta,Europe,16,30761,1,435
2021-06-27,Malta,Europe,23,30784,0,435
2021-07-04,Malta,Europe,51,30835,0,435
2021-07-11,Malta,Europe,622,31457,1,436
2021-07-18,Malta,Europe,1383,32840,1,437
2021-07-25,Malta,Europe,1133,33973,1,438
2021-08-01,Malta,Europe,633,34606,2,440
2021-08-08,Malta,Europe,469,35075,4,444
2021-08-15,Malta,Europe,474,35549,4,448
2021-08-22,Malta,Europe,454,36003,5,453
2021-08-29,Malta,Europe,291,36294,5,458
2021-09-05,Malta,Europe,384,36678,5,463
2021-09-12,Malta,Europe,285,36963,5,468
2021-09-19,Malta,Europe,204,37167,5,473
2021-09-26,Malta,Europe,109,37276,1,474
2021-10-03,Malta,Europe,118,37394,3,477
2021-10-10,Malta,Europe,137,37531,0,477
2021-10-17,Malta,Europe,108,37639,1,478
2021-10-24,Malta,Europe,98,37737,1,479
2021-10-31,Malta,Europe,108,37845,2,481
2021-11-07,Malta,Europe,258,38103,0,481
2021-11-14,Malta,Europe,323,38426,0,481
2021-11-21,Malta,Europe,518,38944,2,483
2021-11-28,Malta,Europe,559,39503,5,488
2021-12-05,Malta,Europe,681,40184,0,488
2021-12-12,Malta,Europe,625,40809,3,491
2021-12-19,Malta,Europe,1466,42275,0,491
2021-12-26,Malta,Europe,5161,47436,2,493
2022-01-02,Malta,Europe,8118,55554,5,498
2022-01-09,Malta,Europe,5468,61022,11,509
2022-01-16,Malta,Europe,2968,63990,18,527
2022-01-23,Malta,Europe,2073,66063,26,553
2022-01-30,Malta,Europe,1641,67704,15,568
2022-02-06,Malta,Europe,1428,69132,22,590
2022-02-13,Malta,Europe,823,69955,20,610
2022-02-20,Malta,Europe,637,70592,7,617
2022-02-27,Malta,Europe,540,71132,8,625
2022-03-06,Malta,Europe,664,71796,4,629
2022-03-13,Malta,Europe,962,72758,6,635
2022-03-20,Malta,Europe,1906,74664,8,643
2022-03-27,Malta,Europe,2570,77234,9,652
2022-04-03,Malta,Europe,4491,81725,10,662
2022-04-10,Malta,Europe,4557,86282,21,683
2022-04-17,Malta,Europe,2664,88946,13,696
2022-04-24,Malta,Europe,1764,90710,13,709
2022-05-01,Malta,Europe,1250,91960,10,719
2022-05-08,Malta,Europe,984,92944,11,730
2022-05-15,Malta,Europe,658,93602,4,734
2022-05-22,Malta,Europe,537,94139,4,738
2022-05-29,Malta,Europe,532,94671,4,742
2022-06-05,Malta,Europe,615,95286,2,744
2022-06-12,Malta,Europe,934,96220,3,747
2022-06-19,Malta,Europe,1720,97940,4,751
2022-06-26,Malta,Europe,3160,101100,10,761
2022-07-03,Malta,Europe,3860,104960,8,769
2022-07-10,Malta,Europe,3765,108725,11,780
2022-07-17,Malta,Europe,2275,111000,13,793
2022-07-24,Malta,Europe,1249,112249,13,806
2022-07-31,Malta,Europe,608,112857,9,815
2022-08-07,Malta,Europe,417,113274,1,816
2022-08-14,Malta,Europe,287,113561,2,818
2022-08-21,Malta,Europe,242,113803,2,820
2022-08-28,Malta,Europe,189,113992,2,822
2022-09-04,Malta,Europe,139,114131,1,823
2022-09-11,Malta,Europe,130,114261,0,823
2022-09-18,Malta,Europe,149,114410,2,825
2022-09-25,Malta,Europe,156,114566,0,825
2022-10-02,Malta,Europe,155,114721,2,827
2022-10-09,Malta,Europe,146,114867,0,827
2022-10-16,Malta,Europe,147,115014,0,827
2022-10-23,Malta,Europe,184,115198,2,829
2022-10-30,Malta,Europe,141,115339,0,829
2022-11-06,Malta,Europe,123,115462,0,829
2022-11-13,Malta,Europe,128,115590,0,829
2022-11-20,Malta,Europe,98,115688,0,829
2022-11-27,Malta,Europe,81,115769,1,830
2022-12-04,Malta,Europe,91,115860,0,830
2022-12-11,Malta,Europe,103,115963,0,830
2022-12-18,Malta,Europe,141,116104,2,832
2022-12-25,Malta,Europe,133,116237,2,834
2023-01-01,Malta,Europe,167,116404,4,838
2023-01-08,Malta,Europe,241,116645,4,842
2023-01-15,Malta,Europe,165,116810,1,843
2023-01-22,Malta,Europe,133,116943,2,845
2023-01-29,Malta,Europe,109,117052,0,845
2023-02-05,Malta,Europe,104,117156,2,847
2023-02-12,Malta,Europe,82,117238,0,847
2023-02-19,Malta,Europe,90,117328,1,848
2023-02-26,Malta,Europe,139,117467,0,848
2023-03-05,Malta,Europe,133,117600,1,849
2023-03-12,Malta,Europe,139,117739,0,849
2023-03-19,Malta,Europe,148,117887,2,851
2023-03-26,Malta,Europe,106,117993,1,852
2023-04-02,Malta,Europe,129,118122,0,852
2023-04-09,Malta,Europe,81,118203,1,853
2023-04-16,Malta,Europe,103,118306,1,854
2023-04-23,Malta,Europe,124,118430,1,855
2023-04-30,Malta,Europe,83,118513,0,855
2023-05-07,Malta,Europe,50,118563,0,855
2023-05-14,Malta,Europe,57,118620,0,855
2023-05-21,Malta,Europe,46,118666,1,856
2023-05-28,Malta,Europe,79,118745,1,857
2023-06-04,Malta,Europe,59,118804,2,859
2023-06-11,Malta,Europe,43,118847,1,860
2023-06-18,Malta,Europe,60,118907,1,861
2023-06-25,Malta,Europe,59,118966,0,861
2023-07-02,Malta,Europe,86,119052,3,864
2023-07-09,Malta,Europe,60,119112,1,865
2023-07-16,Malta,Europe,102,119214,3,868
2023-07-23,Malta,Europe,74,119288,1,869
2023-07-30,Malta,Europe,135,119423,3,872
2023-08-06,Malta,Europe,151,119574,1,873
2023-08-13,Malta,Europe,150,119724,2,875
2023-08-20,Malta,Europe,140,119864,1,876
2023-08-27,Malta,Europe,180,120044,1,877
2023-09-03,Malta,Europe,134,120178,1,878
2023-09-10,Malta,Europe,107,120285,2,880
2023-09-17,Malta,Europe,62,120347,1,881
2023-09-24,Malta,Europe,75,120422,1,882
2023-10-01,Malta,Europe,79,120501,0,882
2023-10-08,Malta,Europe,63,120564,1,883
2023-10-15,Malta,Europe,68,120632,0,883
2023-10-22,Malta,Europe,43,120675,2,885
2023-10-29,Malta,Europe,30,120705,0,885
2023-11-05,Malta,Europe,0,120705,3,888
2023-11-12,Malta,Europe,0,120705,4,892
2023-11-19,Malta,Europe,0,120705,4,896
2023-11-26,Malta,Europe,0,120705,3,899
2023-12-03,Malta,Europe,0,120705,4,903
2023-12-10,Malta,Europe,0,120705,2,905
2023-12-17,Malta,Europe,0,120705,3,908
2023-12-24,Malta,Europe,0,120705,7,915
2023-12-31,Malta,Europe,0,120705,3,918
2024-01-07,Malta,Europe,0,120705,3,921
2024-01-14,Malta,Europe,0,120705,7,928
2024-01-21,Malta,Europe,0,120705,8,936
2024-01-28,Malta,Europe,0,120705,9,945
2024-02-04,Malta,Europe,0,120705,5,950
2024-02-11,Malta,Europe,0,120705,2,952
2024-02-18,Malta,Europe,0,120705,2,954
2024-02-25,Malta,Europe,0,120705,5,959
2024-03-03,Malta,Europe,0,120705,5,964
2024-03-10,Malta,Europe,0,120705,4,968
2024-03-17,Malta,Europe,0,120705,1,969
2024-03-24,Malta,Europe,0,120705,6,975
2024-03-31,Malta,Europe,0,120705,1,976
2024-04-07,Malta,Europe,0,120705,4,980
2024-04-14,Malta,Europe,0,120705,5,985
2024-04-21,Malta,Europe,0,120705,2,987
2024-04-28,Malta,Europe,0,120705,4,991
2024-05-05,Malta,Europe,0,120705,3,994
2024-05-12,Malta,Europe,0,120705,5,999
2024-05-19,Malta,Europe,0,120705,5,1004
2024-05-26,Malta,Europe,0,120705,5,1009
2024-06-02,Malta,Europe,0,120705,3,1012
2024-06-09,Malta,Europe,0,120705,5,1017
2024-06-16,Malta,Europe,0,120705,4,1021
2024-06-23,Malta,Europe,0,120705,5,1026
2024-06-30,Malta,Europe,0,120705,4,1030
2024-07-07,Malta,Europe,0,120705,10,1040
2024-07-14,Malta,Europe,0,120705,5,1045
2024-07-21,Malta,Europe,0,120705,9,1054
2024-07-28,Malta,Europe,0,120705,7,1061
2024-08-04,Malta,Europe,0,120705,12,1073
2024-08-11,Malta,Europe,0,120705,9,1082
2024-08-18,Malta,Europe,0,120705,6,1088
2024-08-25,Malta,Europe,0,120705,3,1091
2024-09-01,Malta,Europe,0,120705,9,1100
2020-01-05,Marshall Islands,Oceania,0,0,0,0
2020-01-12,Marshall Islands,Oceania,0,0,0,0
2020-01-19,Marshall Islands,Oceania,0,0,0,0
2020-01-26,Marshall Islands,Oceania,0,0,0,0
2020-02-02,Marshall Islands,Oceania,0,0,0,0
2020-02-09,Marshall Islands,Oceania,0,0,0,0
2020-02-16,Marshall Islands,Oceania,0,0,0,0
2020-02-23,Marshall Islands,Oceania,0,0,0,0
2020-03-01,Marshall Islands,Oceania,0,0,0,0
2020-03-08,Marshall Islands,Oceania,0,0,0,0
2020-03-15,Marshall Islands,Oceania,0,0,0,0
2020-03-22,Marshall Islands,Oceania,0,0,0,0
2020-03-29,Marshall Islands,Oceania,0,0,0,0
2020-04-05,Marshall Islands,Oceania,0,0,0,0
2020-04-12,Marshall Islands,Oceania,0,0,0,0
2020-04-19,Marshall Islands,Oceania,0,0,0,0
2020-04-26,Marshall Islands,Oceania,0,0,0,0
2020-05-03,Marshall Islands,Oceania,0,0,0,0
2020-05-10,Marshall Islands,Oceania,0,0,0,0
2020-05-17,Marshall Islands,Oceania,0,0,0,0
2020-05-24,Marshall Islands,Oceania,0,0,0,0
2020-05-31,Marshall Islands,Oceania,0,0,0,0
2020-06-07,Marshall Islands,Oceania,0,0,0,0
2020-06-14,Marshall Islands,Oceania,0,0,0,0
2020-06-21,Marshall Islands,Oceania,0,0,0,0
2020-06-28,Marshall Islands,Oceania,0,0,0,0
2020-07-05,Marshall Islands,Oceania,0,0,0,0
2020-07-12,Marshall Islands,Oceania,0,0,0,0
2020-07-19,Marshall Islands,Oceania,0,0,0,0
2020-07-26,Marshall Islands,Oceania,0,0,0,0
2020-08-02,Marshall Islands,Oceania,0,0,0,0
2020-08-09,Marshall Islands,Oceania,0,0,0,0
2020-08-16,Marshall Islands,Oceania,0,0,0,0
2020-08-23,Marshall Islands,Oceania,0,0,0,0
2020-08-30,Marshall Islands,Oceania,0,0,0,0
2020-09-06,Marshall Islands,Oceania,0,0,0,0
2020-09-13,Marshall Islands,Oceania,0,0,0,0
2020-09-20,Marshall Islands,Oceania,0,0,0,0
2020-09-27,Marshall Islands,Oceania,0,0,0,0
2020-10-04,Marshall Islands,Oceania,0,0,0,0
2020-10-11,Marshall Islands,Oceania,0,0,0,0
2020-10-18,Marshall Islands,Oceania,0,0,0,0
2020-10-25,Marshall Islands,Oceania,0,0,0,0
2020-11-01,Marshall Islands,Oceania,1,1,0,0
2020-11-08,Marshall Islands,Oceania,0,1,0,0
2020-11-15,Marshall Islands,Oceania,0,1,0,0
2020-11-22,Marshall Islands,Oceania,3,4,0,0
2020-11-29,Marshall Islands,Oceania,0,4,0,0
2020-12-06,Marshall Islands,Oceania,0,4,0,0
2020-12-13,Marshall Islands,Oceania,0,4,0,0
2020-12-20,Marshall Islands,Oceania,0,4,0,0
2020-12-27,Marshall Islands,Oceania,0,4,0,0
2021-01-03,Marshall Islands,Oceania,0,4,0,0
2021-01-10,Marshall Islands,Oceania,0,4,0,0
2021-01-17,Marshall Islands,Oceania,0,4,0,0
2021-01-24,Marshall Islands,Oceania,0,4,0,0
2021-01-31,Marshall Islands,Oceania,0,4,0,0
2021-02-07,Marshall Islands,Oceania,0,4,0,0
2021-02-14,Marshall Islands,Oceania,0,4,0,0
2021-02-21,Marshall Islands,Oceania,0,4,0,0
2021-02-28,Marshall Islands,Oceania,0,4,0,0
2021-03-07,Marshall Islands,Oceania,0,4,0,0
2021-03-14,Marshall Islands,Oceania,0,4,0,0
2021-03-21,Marshall Islands,Oceania,0,4,0,0
2021-03-28,Marshall Islands,Oceania,0,4,0,0
2021-04-04,Marshall Islands,Oceania,0,4,0,0
2021-04-11,Marshall Islands,Oceania,0,4,0,0
2021-04-18,Marshall Islands,Oceania,0,4,0,0
2021-04-25,Marshall Islands,Oceania,0,4,0,0
2021-05-02,Marshall Islands,Oceania,0,4,0,0
2021-05-09,Marshall Islands,Oceania,0,4,0,0
2021-05-16,Marshall Islands,Oceania,0,4,0,0
2021-05-23,Marshall Islands,Oceania,0,4,0,0
2021-05-30,Marshall Islands,Oceania,0,4,0,0
2021-06-06,Marshall Islands,Oceania,0,4,0,0
2021-06-13,Marshall Islands,Oceania,0,4,0,0
2021-06-20,Marshall Islands,Oceania,0,4,0,0
2021-06-27,Marshall Islands,Oceania,0,4,0,0
2021-07-04,Marshall Islands,Oceania,0,4,0,0
2021-07-11,Marshall Islands,Oceania,0,4,0,0
2021-07-18,Marshall Islands,Oceania,0,4,0,0
2021-07-25,Marshall Islands,Oceania,0,4,0,0
2021-08-01,Marshall Islands,Oceania,0,4,0,0
2021-08-08,Marshall Islands,Oceania,0,4,0,0
2021-08-15,Marshall Islands,Oceania,0,4,0,0
2021-08-22,Marshall Islands,Oceania,0,4,0,0
2021-08-29,Marshall Islands,Oceania,0,4,0,0
2021-09-05,Marshall Islands,Oceania,0,4,0,0
2021-09-12,Marshall Islands,Oceania,0,4,0,0
2021-09-19,Marshall Islands,Oceania,0,4,0,0
2021-09-26,Marshall Islands,Oceania,0,4,0,0
2021-10-03,Marshall Islands,Oceania,0,4,0,0
2021-10-10,Marshall Islands,Oceania,0,4,0,0
2021-10-17,Marshall Islands,Oceania,0,4,0,0
2021-10-24,Marshall Islands,Oceania,0,4,0,0
2021-10-31,Marshall Islands,Oceania,0,4,0,0
2021-11-07,Marshall Islands,Oceania,0,4,0,0
2021-11-14,Marshall Islands,Oceania,0,4,0,0
2021-11-21,Marshall Islands,Oceania,0,4,0,0
2021-11-28,Marshall Islands,Oceania,0,4,0,0
2021-12-05,Marshall Islands,Oceania,0,4,0,0
2021-12-12,Marshall Islands,Oceania,0,4,0,0
2021-12-19,Marshall Islands,Oceania,0,4,0,0
2021-12-26,Marshall Islands,Oceania,0,4,0,0
2022-01-02,Marshall Islands,Oceania,0,4,0,0
2022-01-09,Marshall Islands,Oceania,0,4,0,0
2022-01-16,Marshall Islands,Oceania,0,4,0,0
2022-01-23,Marshall Islands,Oceania,0,4,0,0
2022-01-30,Marshall Islands,Oceania,3,7,0,0
2022-02-06,Marshall Islands,Oceania,0,7,0,0
2022-02-13,Marshall Islands,Oceania,0,7,0,0
2022-02-20,Marshall Islands,Oceania,0,7,0,0
2022-02-27,Marshall Islands,Oceania,0,7,0,0
2022-03-06,Marshall Islands,Oceania,0,7,0,0
2022-03-13,Marshall Islands,Oceania,0,7,0,0
2022-03-20,Marshall Islands,Oceania,0,7,0,0
2022-03-27,Marshall Islands,Oceania,0,7,0,0
2022-04-03,Marshall Islands,Oceania,0,7,0,0
2022-04-10,Marshall Islands,Oceania,0,7,0,0
2022-04-17,Marshall Islands,Oceania,0,7,0,0
2022-04-24,Marshall Islands,Oceania,8,15,0,0
2022-05-01,Marshall Islands,Oceania,2,17,0,0
2022-05-08,Marshall Islands,Oceania,0,17,0,0
2022-05-15,Marshall Islands,Oceania,0,17,0,0
2022-05-22,Marshall Islands,Oceania,0,17,0,0
2022-05-29,Marshall Islands,Oceania,0,17,0,0
2022-06-05,Marshall Islands,Oceania,1,18,0,0
2022-06-12,Marshall Islands,Oceania,0,18,0,0
2022-06-19,Marshall Islands,Oceania,0,18,0,0
2022-06-26,Marshall Islands,Oceania,0,18,0,0
2022-07-03,Marshall Islands,Oceania,8,26,0,0
2022-07-10,Marshall Islands,Oceania,21,47,0,0
2022-07-17,Marshall Islands,Oceania,2,49,0,0
2022-07-24,Marshall Islands,Oceania,10,59,0,0
2022-07-31,Marshall Islands,Oceania,5,64,0,0
2022-08-07,Marshall Islands,Oceania,4,68,0,0
2022-08-14,Marshall Islands,Oceania,758,826,5,5
2022-08-21,Marshall Islands,Oceania,9086,9912,9,14
2022-08-28,Marshall Islands,Oceania,4885,14797,2,16
2022-09-04,Marshall Islands,Oceania,266,15063,1,17
2022-09-11,Marshall Islands,Oceania,9,15072,0,17
2022-09-18,Marshall Islands,Oceania,141,15213,0,17
2022-09-25,Marshall Islands,Oceania,62,15275,0,17
2022-10-02,Marshall Islands,Oceania,30,15305,0,17
2022-10-09,Marshall Islands,Oceania,0,15305,0,17
2022-10-16,Marshall Islands,Oceania,57,15362,0,17
2022-10-23,Marshall Islands,Oceania,0,15362,0,17
2022-10-30,Marshall Islands,Oceania,13,15375,0,17
2022-11-06,Marshall Islands,Oceania,7,15382,0,17
2022-11-13,Marshall Islands,Oceania,4,15386,0,17
2022-11-20,Marshall Islands,Oceania,115,15501,0,17
2022-11-27,Marshall Islands,Oceania,40,15541,0,17
2022-12-04,Marshall Islands,Oceania,3,15544,0,17
2022-12-11,Marshall Islands,Oceania,0,15544,0,17
2022-12-18,Marshall Islands,Oceania,0,15544,0,17
2022-12-25,Marshall Islands,Oceania,0,15544,0,17
2023-01-01,Marshall Islands,Oceania,0,15544,0,17
2023-01-08,Marshall Islands,Oceania,0,15544,0,17
2023-01-15,Marshall Islands,Oceania,0,15544,0,17
2023-01-22,Marshall Islands,Oceania,0,15544,0,17
2023-01-29,Marshall Islands,Oceania,40,15584,0,17
2023-02-05,Marshall Islands,Oceania,0,15584,0,17
2023-02-12,Marshall Islands,Oceania,6,15590,0,17
2023-02-19,Marshall Islands,Oceania,11,15601,0,17
2023-02-26,Marshall Islands,Oceania,17,15618,0,17
2023-03-05,Marshall Islands,Oceania,31,15649,0,17
2023-03-12,Marshall Islands,Oceania,0,15649,0,17
2023-03-19,Marshall Islands,Oceania,74,15723,0,17
2023-03-26,Marshall Islands,Oceania,0,15723,0,17
2023-04-02,Marshall Islands,Oceania,290,16013,0,17
2023-04-09,Marshall Islands,Oceania,68,16081,0,17
2023-04-16,Marshall Islands,Oceania,0,16081,0,17
2023-04-23,Marshall Islands,Oceania,0,16081,0,17
2023-04-30,Marshall Islands,Oceania,0,16081,0,17
2023-05-07,Marshall Islands,Oceania,0,16081,0,17
2023-05-14,Marshall Islands,Oceania,0,16081,0,17
2023-05-21,Marshall Islands,Oceania,0,16081,0,17
2023-05-28,Marshall Islands,Oceania,0,16081,0,17
2023-06-04,Marshall Islands,Oceania,0,16081,0,17
2023-06-11,Marshall Islands,Oceania,17,16098,0,17
2023-06-18,Marshall Islands,Oceania,0,16098,0,17
2023-06-25,Marshall Islands,Oceania,0,16098,0,17
2023-07-02,Marshall Islands,Oceania,0,16098,0,17
2023-07-09,Marshall Islands,Oceania,0,16098,0,17
2023-07-16,Marshall Islands,Oceania,0,16098,0,17
2023-07-23,Marshall Islands,Oceania,0,16098,0,17
2023-07-30,Marshall Islands,Oceania,0,16098,0,17
2023-08-06,Marshall Islands,Oceania,0,16098,0,17
2023-08-13,Marshall Islands,Oceania,0,16098,0,17
2023-08-20,Marshall Islands,Oceania,0,16098,0,17
2023-08-27,Marshall Islands,Oceania,0,16098,0,17
2023-09-03,Marshall Islands,Oceania,21,16119,0,17
2023-09-10,Marshall Islands,Oceania,14,16133,0,17
2023-09-17,Marshall Islands,Oceania,0,16133,0,17
2023-09-24,Marshall Islands,Oceania,0,16133,0,17
2023-10-01,Marshall Islands,Oceania,0,16133,0,17
2023-10-08,Marshall Islands,Oceania,5,16138,0,17
2023-10-15,Marshall Islands,Oceania,0,16138,0,17
2023-10-22,Marshall Islands,Oceania,0,16138,0,17
2023-10-29,Marshall Islands,Oceania,0,16138,0,17
2023-11-05,Marshall Islands,Oceania,0,16138,0,17
2023-11-12,Marshall Islands,Oceania,0,16138,0,17
2023-11-19,Marshall Islands,Oceania,0,16138,0,17
2023-11-26,Marshall Islands,Oceania,0,16138,0,17
2023-12-03,Marshall Islands,Oceania,0,16138,0,17
2023-12-10,Marshall Islands,Oceania,0,16138,0,17
2023-12-17,Marshall Islands,Oceania,0,16138,0,17
2023-12-24,Marshall Islands,Oceania,0,16138,0,17
2023-12-31,Marshall Islands,Oceania,0,16138,0,17
2024-01-07,Marshall Islands,Oceania,0,16138,0,17
2024-01-14,Marshall Islands,Oceania,0,16138,0,17
2024-01-21,Marshall Islands,Oceania,0,16138,0,17
2024-01-28,Marshall Islands,Oceania,0,16138,0,17
2024-02-04,Marshall Islands,Oceania,0,16138,0,17
2024-02-11,Marshall Islands,Oceania,0,16138,0,17
2024-02-18,Marshall Islands,Oceania,0,16138,0,17
2024-02-25,Marshall Islands,Oceania,0,16138,0,17
2024-03-03,Marshall Islands,Oceania,0,16138,0,17
2024-03-10,Marshall Islands,Oceania,0,16138,0,17
2024-03-17,Marshall Islands,Oceania,0,16138,0,17
2024-03-24,Marshall Islands,Oceania,40,16178,0,17
2024-03-31,Marshall Islands,Oceania,0,16178,0,17
2024-04-07,Marshall Islands,Oceania,0,16178,0,17
2024-04-14,Marshall Islands,Oceania,0,16178,0,17
2024-04-21,Marshall Islands,Oceania,0,16178,0,17
2024-04-28,Marshall Islands,Oceania,0,16178,0,17
2024-05-05,Marshall Islands,Oceania,0,16178,0,17
2024-05-12,Marshall Islands,Oceania,0,16178,0,17
2024-05-19,Marshall Islands,Oceania,0,16178,0,17
2024-05-26,Marshall Islands,Oceania,70,16248,0,17
2024-06-02,Marshall Islands,Oceania,0,16248,0,17
2024-06-09,Marshall Islands,Oceania,0,16248,0,17
2024-06-16,Marshall Islands,Oceania,0,16248,0,17
2024-06-23,Marshall Islands,Oceania,4,16252,0,17
2024-06-30,Marshall Islands,Oceania,0,16252,0,17
2024-07-07,Marshall Islands,Oceania,0,16252,0,17
2024-07-14,Marshall Islands,Oceania,0,16252,0,17
2024-07-21,Marshall Islands,Oceania,0,16252,0,17
2024-07-28,Marshall Islands,Oceania,45,16297,0,17
2024-08-04,Marshall Islands,Oceania,0,16297,0,17
2024-08-11,Marshall Islands,Oceania,0,16297,0,17
2024-08-18,Marshall Islands,Oceania,0,16297,0,17
2024-08-25,Marshall Islands,Oceania,0,16297,0,17
2024-09-01,Marshall Islands,Oceania,0,16297,0,17
2020-01-05,Martinique,North America,0,0,0,0
2020-01-12,Martinique,North America,0,0,0,0
2020-01-19,Martinique,North America,0,0,0,0
2020-01-26,Martinique,North America,0,0,0,0
2020-02-02,Martinique,North America,0,0,0,0
2020-02-09,Martinique,North America,0,0,0,0
2020-02-16,Martinique,North America,0,0,0,0
2020-02-23,Martinique,North America,0,0,0,0
2020-03-01,Martinique,North America,0,0,0,0
2020-03-08,Martinique,North America,2,2,0,0
2020-03-15,Martinique,North America,5,7,0,0
2020-03-22,Martinique,North America,25,32,0,0
2020-03-29,Martinique,North America,61,93,1,1
2020-04-05,Martinique,North America,52,145,2,3
2020-04-12,Martinique,North America,10,155,3,6
2020-04-19,Martinique,North America,8,163,6,12
2020-04-26,Martinique,North America,7,170,2,14
2020-05-03,Martinique,North America,10,180,0,14
2020-05-10,Martinique,North America,6,186,0,14
2020-05-17,Martinique,North America,6,192,0,14
2020-05-24,Martinique,North America,5,197,0,14
2020-05-31,Martinique,North America,3,200,0,14
2020-06-07,Martinique,North America,2,202,0,14
2020-06-14,Martinique,North America,0,202,0,14
2020-06-21,Martinique,North America,34,236,0,14
2020-06-28,Martinique,North America,6,242,0,14
2020-07-05,Martinique,North America,7,249,0,14
2020-07-12,Martinique,North America,6,255,1,15
2020-07-19,Martinique,North America,7,262,0,15
2020-07-26,Martinique,North America,7,269,0,15
2020-08-02,Martinique,North America,0,269,0,15
2020-08-09,Martinique,North America,67,336,1,16
2020-08-16,Martinique,North America,0,336,0,16
2020-08-23,Martinique,North America,128,464,0,16
2020-08-30,Martinique,North America,132,596,0,16
2020-09-06,Martinique,North America,162,758,2,18
2020-09-13,Martinique,North America,181,939,0,18
2020-09-20,Martinique,North America,183,1122,0,18
2020-09-27,Martinique,North America,176,1298,2,20
2020-10-04,Martinique,North America,245,1543,1,21
2020-10-11,Martinique,North America,308,1851,1,22
2020-10-18,Martinique,North America,415,2266,3,25
2020-10-25,Martinique,North America,534,2800,2,27
2020-11-01,Martinique,North America,1018,3818,4,31
2020-11-08,Martinique,North America,397,4215,2,33
2020-11-15,Martinique,North America,517,4732,4,37
2020-11-22,Martinique,North America,359,5091,2,39
2020-11-29,Martinique,North America,322,5413,1,40
2020-12-06,Martinique,North America,107,5520,1,41
2020-12-13,Martinique,North America,33,5553,0,41
2020-12-20,Martinique,North America,81,5634,1,42
2020-12-27,Martinique,North America,438,6072,0,42
2021-01-03,Martinique,North America,19,6091,1,43
2021-01-10,Martinique,North America,26,6117,0,43
2021-01-17,Martinique,North America,110,6227,0,43
2021-01-24,Martinique,North America,143,6370,1,44
2021-01-31,Martinique,North America,0,6370,0,44
2021-02-07,Martinique,North America,72,6442,1,45
2021-02-14,Martinique,North America,151,6593,0,45
2021-02-21,Martinique,North America,0,6593,0,45
2021-02-28,Martinique,North America,153,6746,0,45
2021-03-07,Martinique,North America,140,6886,2,47
2021-03-14,Martinique,North America,151,7037,0,47
2021-03-21,Martinique,North America,227,7264,0,47
2021-03-28,Martinique,North America,285,7549,3,50
2021-04-04,Martinique,North America,614,8163,4,54
2021-04-11,Martinique,North America,724,8887,5,59
2021-04-18,Martinique,North America,871,9758,7,66
2021-04-25,Martinique,North America,733,10491,4,70
2021-05-02,Martinique,North America,648,11139,9,79
2021-05-09,Martinique,North America,351,11490,8,87
2021-05-16,Martinique,North America,179,11669,3,90
2021-05-23,Martinique,North America,120,11789,3,93
2021-05-30,Martinique,North America,190,11979,2,95
2021-06-06,Martinique,North America,81,12060,2,97
2021-06-13,Martinique,North America,70,12130,1,98
2021-06-20,Martinique,North America,69,12199,0,98
2021-06-27,Martinique,North America,87,12286,0,98
2021-07-04,Martinique,North America,110,12396,0,98
2021-07-11,Martinique,North America,411,12807,0,98
2021-07-18,Martinique,North America,2157,14964,4,102
2021-07-25,Martinique,North America,2251,17215,2,104
2021-08-01,Martinique,North America,5224,22439,25,129
2021-08-08,Martinique,North America,4308,26747,38,167
2021-08-15,Martinique,North America,3500,30247,54,221
2021-08-22,Martinique,North America,3574,33821,57,278
2021-08-29,Martinique,North America,2132,35953,133,411
2021-09-05,Martinique,North America,2245,38198,76,487
2021-09-12,Martinique,North America,1175,39373,69,556
2021-09-19,Martinique,North America,866,40239,32,588
2021-09-26,Martinique,North America,644,40883,27,615
2021-10-03,Martinique,North America,474,41357,17,632
2021-10-10,Martinique,North America,561,41918,18,650
2021-10-17,Martinique,North America,510,42428,12,662
2021-10-24,Martinique,North America,475,42903,11,673
2021-10-31,Martinique,North America,444,43347,10,683
2021-11-07,Martinique,North America,318,43665,11,694
2021-11-14,Martinique,North America,297,43962,6,700
2021-11-21,Martinique,North America,656,44618,4,704
2021-11-28,Martinique,North America,558,45176,6,710
2021-12-05,Martinique,North America,635,45811,14,724
2021-12-12,Martinique,North America,599,46410,13,737
2021-12-19,Martinique,North America,579,46989,26,763
2021-12-26,Martinique,North America,839,47828,12,775
2022-01-02,Martinique,North America,2177,50005,9,784
2022-01-09,Martinique,North America,1835,51840,4,788
2022-01-16,Martinique,North America,13540,65380,17,805
2022-01-23,Martinique,North America,11695,77075,16,821
2022-01-30,Martinique,North America,10559,87634,11,832
2022-02-06,Martinique,North America,8985,96619,10,842
2022-02-13,Martinique,North America,8478,105097,15,857
2022-02-20,Martinique,North America,5637,110734,4,861
2022-02-27,Martinique,North America,3734,114468,33,894
2022-03-06,Martinique,North America,3216,117684,1,895
2022-03-13,Martinique,North America,13686,131370,9,904
2022-03-20,Martinique,North America,6669,138039,5,909
2022-03-27,Martinique,North America,5136,143175,3,912
2022-04-03,Martinique,North America,2791,145966,4,916
2022-04-10,Martinique,North America,2082,148048,2,918
2022-04-17,Martinique,North America,1211,149259,0,918
2022-04-24,Martinique,North America,818,150077,0,918
2022-05-01,Martinique,North America,1895,151972,0,918
2022-05-08,Martinique,North America,2022,153994,0,918
2022-05-15,Martinique,North America,3298,157292,0,918
2022-05-22,Martinique,North America,4871,162163,0,918
2022-05-29,Martinique,North America,5353,167516,20,938
2022-06-05,Martinique,North America,5367,172883,4,942
2022-06-12,Martinique,North America,8000,180883,8,950
2022-06-19,Martinique,North America,8076,188959,7,957
2022-06-26,Martinique,North America,6953,195912,8,965
2022-07-03,Martinique,North America,5299,201211,6,971
2022-07-10,Martinique,North America,4050,205261,10,981
2022-07-17,Martinique,North America,2742,208003,5,986
2022-07-24,Martinique,North America,1855,209858,6,992
2022-07-31,Martinique,North America,1714,211572,6,998
2022-08-07,Martinique,North America,1330,212902,7,1005
2022-08-14,Martinique,North America,987,213889,4,1009
2022-08-21,Martinique,North America,836,214725,9,1018
2022-08-28,Martinique,North America,857,215582,4,1022
2022-09-04,Martinique,North America,0,215582,0,1022
2022-09-11,Martinique,North America,3947,219529,14,1036
2022-09-18,Martinique,North America,0,219529,0,1036
2022-09-25,Martinique,North America,663,220192,6,1042
2022-10-02,Martinique,North America,2140,222332,5,1047
2022-10-09,Martinique,North America,498,222830,0,1047
2022-10-16,Martinique,North America,462,223292,0,1047
2022-10-23,Martinique,North America,436,223728,0,1047
2022-10-30,Martinique,North America,0,223728,0,1047
2022-11-06,Martinique,North America,68,223796,7,1054
2022-11-13,Martinique,North America,81,223877,3,1057
2022-11-20,Martinique,North America,771,224648,0,1057
2022-11-27,Martinique,North America,0,224648,0,1057
2022-12-04,Martinique,North America,621,225269,3,1060
2022-12-11,Martinique,North America,634,225903,16,1076
2022-12-18,Martinique,North America,817,226720,3,1079
2022-12-25,Martinique,North America,670,227390,0,1079
2023-01-01,Martinique,North America,414,227804,5,1084
2023-01-08,Martinique,North America,367,228171,1,1085
2023-01-15,Martinique,North America,194,228365,1,1086
2023-01-22,Martinique,North America,147,228512,3,1089
2023-01-29,Martinique,North America,135,228647,0,1089
2023-02-05,Martinique,North America,109,228756,2,1091
2023-02-12,Martinique,North America,68,228824,1,1092
2023-02-19,Martinique,North America,51,228875,0,1092
2023-02-26,Martinique,North America,68,228943,0,1092
2023-03-05,Martinique,North America,77,229020,0,1092
2023-03-12,Martinique,North America,141,229161,0,1092
2023-03-19,Martinique,North America,204,229365,1,1093
2023-03-26,Martinique,North America,114,229479,2,1095
2023-04-02,Martinique,North America,0,229479,0,1095
2023-04-09,Martinique,North America,0,229479,0,1095
2023-04-16,Martinique,North America,195,229674,2,1097
2023-04-23,Martinique,North America,110,229784,0,1097
2023-04-30,Martinique,North America,116,229900,3,1100
2023-05-07,Martinique,North America,0,229900,0,1100
2023-05-14,Martinique,North America,0,229900,0,1100
2023-05-21,Martinique,North America,75,229975,2,1102
2023-05-28,Martinique,North America,0,229975,0,1102
2023-06-04,Martinique,North America,0,229975,0,1102
2023-06-11,Martinique,North America,0,229975,0,1102
2023-06-18,Martinique,North America,0,229975,0,1102
2023-06-25,Martinique,North America,379,230354,2,1104
2023-07-02,Martinique,North America,0,230354,0,1104
2023-07-09,Martinique,North America,0,230354,0,1104
2023-07-16,Martinique,North America,0,230354,0,1104
2023-07-23,Martinique,North America,0,230354,0,1104
2023-07-30,Martinique,North America,0,230354,0,1104
2023-08-06,Martinique,North America,0,230354,0,1104
2023-08-13,Martinique,North America,0,230354,0,1104
2023-08-20,Martinique,North America,0,230354,0,1104
2023-08-27,Martinique,North America,0,230354,0,1104
2023-09-03,Martinique,North America,0,230354,0,1104
2023-09-10,Martinique,North America,0,230354,0,1104
2023-09-17,Martinique,North America,0,230354,0,1104
2023-09-24,Martinique,North America,0,230354,0,1104
2023-10-01,Martinique,North America,0,230354,0,1104
2023-10-08,Martinique,North America,0,230354,0,1104
2023-10-15,Martinique,North America,0,230354,0,1104
2023-10-22,Martinique,North America,0,230354,0,1104
2023-10-29,Martinique,North America,0,230354,0,1104
2023-11-05,Martinique,North America,0,230354,0,1104
2023-11-12,Martinique,North America,0,230354,0,1104
2023-11-19,Martinique,North America,0,230354,0,1104
2023-11-26,Martinique,North America,0,230354,0,1104
2023-12-03,Martinique,North America,0,230354,0,1104
2023-12-10,Martinique,North America,0,230354,0,1104
2023-12-17,Martinique,North America,0,230354,0,1104
2023-12-24,Martinique,North America,0,230354,0,1104
2023-12-31,Martinique,North America,0,230354,0,1104
2024-01-07,Martinique,North America,0,230354,0,1104
2024-01-14,Martinique,North America,0,230354,0,1104
2024-01-21,Martinique,North America,0,230354,0,1104
2024-01-28,Martinique,North America,0,230354,0,1104
2024-02-04,Martinique,North America,0,230354,0,1104
2024-02-11,Martinique,North America,0,230354,0,1104
2024-02-18,Martinique,North America,0,230354,0,1104
2024-02-25,Martinique,North America,0,230354,0,1104
2024-03-03,Martinique,North America,0,230354,0,1104
2024-03-10,Martinique,North America,0,230354,0,1104
2024-03-17,Martinique,North America,0,230354,0,1104
2024-03-24,Martinique,North America,0,230354,0,1104
2024-03-31,Martinique,North America,0,230354,0,1104
2024-04-07,Martinique,North America,0,230354,0,1104
2024-04-14,Martinique,North America,0,230354,0,1104
2024-04-21,Martinique,North America,0,230354,0,1104
2024-04-28,Martinique,North America,0,230354,0,1104
2024-05-05,Martinique,North America,0,230354,0,1104
2024-05-12,Martinique,North America,0,230354,0,1104
2024-05-19,Martinique,North America,0,230354,0,1104
2024-05-26,Martinique,North America,0,230354,0,1104
2024-06-02,Martinique,North America,0,230354,0,1104
2024-06-09,Martinique,North America,0,230354,0,1104
2024-06-16,Martinique,North America,0,230354,0,1104
2024-06-23,Martinique,North America,0,230354,0,1104
2024-06-30,Martinique,North America,0,230354,0,1104
2024-07-07,Martinique,North America,0,230354,0,1104
2024-07-14,Martinique,North America,0,230354,0,1104
2024-07-21,Martinique,North America,0,230354,0,1104
2024-07-28,Martinique,North America,0,230354,0,1104
2024-08-04,Martinique,North America,0,230354,0,1104
2024-08-11,Martinique,North America,0,230354,0,1104
2024-08-18,Martinique,North America,0,230354,0,1104
2024-08-25,Martinique,North America,0,230354,0,1104
2024-09-01,Martinique,North America,0,230354,0,1104
2020-01-05,Mauritania,Africa,0,0,0,0
2020-01-12,Mauritania,Africa,0,0,0,0
2020-01-19,Mauritania,Africa,0,0,0,0
2020-01-26,Mauritania,Africa,0,0,0,0
2020-02-02,Mauritania,Africa,0,0,0,0
2020-02-09,Mauritania,Africa,0,0,0,0
2020-02-16,Mauritania,Africa,0,0,0,0
2020-02-23,Mauritania,Africa,0,0,0,0
2020-03-01,Mauritania,Africa,0,0,0,0
2020-03-08,Mauritania,Africa,0,0,0,0
2020-03-15,Mauritania,Africa,1,1,0,0
2020-03-22,Mauritania,Africa,1,2,0,0
2020-03-29,Mauritania,Africa,3,5,0,0
2020-04-05,Mauritania,Africa,1,6,149,149
2020-04-12,Mauritania,Africa,1,7,0,149
2020-04-19,Mauritania,Africa,0,7,0,149
2020-04-26,Mauritania,Africa,0,7,0,149
2020-05-03,Mauritania,Africa,1,8,0,149
2020-05-10,Mauritania,Africa,0,8,0,149
2020-05-17,Mauritania,Africa,32,40,0,149
2020-05-24,Mauritania,Africa,187,227,5,154
2020-05-31,Mauritania,Africa,256,483,17,171
2020-06-07,Mauritania,Africa,464,947,26,197
2020-06-14,Mauritania,Africa,735,1682,34,231
2020-06-21,Mauritania,Africa,1131,2813,25,256
2020-06-28,Mauritania,Africa,1212,4025,13,269
2020-07-05,Mauritania,Africa,802,4827,8,277
2020-07-12,Mauritania,Africa,448,5275,15,292
2020-07-19,Mauritania,Africa,538,5813,9,301
2020-07-26,Mauritania,Africa,338,6151,3,304
2020-08-02,Mauritania,Africa,168,6319,1,305
2020-08-09,Mauritania,Africa,191,6510,0,305
2020-08-16,Mauritania,Africa,183,6693,0,305
2020-08-23,Mauritania,Africa,201,6894,1,306
2020-08-30,Mauritania,Africa,124,7018,0,306
2020-09-06,Mauritania,Africa,116,7134,1,307
2020-09-13,Mauritania,Africa,140,7274,1,308
2020-09-20,Mauritania,Africa,91,7365,0,308
2020-09-27,Mauritania,Africa,97,7462,0,308
2020-10-04,Mauritania,Africa,55,7517,0,308
2020-10-11,Mauritania,Africa,33,7550,0,308
2020-10-18,Mauritania,Africa,57,7607,0,308
2020-10-25,Mauritania,Africa,56,7663,0,308
2020-11-01,Mauritania,Africa,54,7717,0,308
2020-11-08,Mauritania,Africa,97,7814,0,308
2020-11-15,Mauritania,Africa,134,7948,2,310
2020-11-22,Mauritania,Africa,340,8288,4,314
2020-11-29,Mauritania,Africa,259,8547,1,315
2020-12-06,Mauritania,Africa,812,9359,2,317
2020-12-13,Mauritania,Africa,1421,10780,17,334
2020-12-20,Mauritania,Africa,2736,13516,3,337
2020-12-27,Mauritania,Africa,0,13516,0,337
2021-01-03,Mauritania,Africa,1161,14677,17,354
2021-01-10,Mauritania,Africa,752,15429,30,384
2021-01-17,Mauritania,Africa,570,15999,18,402
2021-01-24,Mauritania,Africa,398,16397,15,417
2021-01-31,Mauritania,Africa,211,16608,3,420
2021-02-07,Mauritania,Africa,184,16792,5,425
2021-02-14,Mauritania,Africa,173,16965,3,428
2021-02-21,Mauritania,Africa,118,17083,6,434
2021-02-28,Mauritania,Africa,104,17187,6,440
2021-03-07,Mauritania,Africa,122,17309,2,442
2021-03-14,Mauritania,Africa,115,17424,1,443
2021-03-21,Mauritania,Africa,163,17587,3,446
2021-03-28,Mauritania,Africa,169,17756,2,448
2021-04-04,Mauritania,Africa,161,17917,1,449
2021-04-11,Mauritania,Africa,95,18012,1,450
2021-04-18,Mauritania,Africa,109,18121,2,452
2021-04-25,Mauritania,Africa,71,18192,2,454
2021-05-02,Mauritania,Africa,237,18429,1,455
2021-05-09,Mauritania,Africa,207,18636,1,456
2021-05-16,Mauritania,Africa,170,18806,1,457
2021-05-23,Mauritania,Africa,308,19114,1,458
2021-05-30,Mauritania,Africa,349,19463,5,463
2021-06-06,Mauritania,Africa,322,19785,3,466
2021-06-13,Mauritania,Africa,255,20040,9,475
2021-06-20,Mauritania,Africa,274,20314,5,480
2021-06-27,Mauritania,Africa,290,20604,6,486
2021-07-04,Mauritania,Africa,423,21027,3,489
2021-07-11,Mauritania,Africa,563,21590,5,494
2021-07-18,Mauritania,Africa,918,22508,14,508
2021-07-25,Mauritania,Africa,1047,23555,20,528
2021-08-01,Mauritania,Africa,2136,25691,34,562
2021-08-08,Mauritania,Africa,2266,27957,37,599
2021-08-15,Mauritania,Africa,1927,29884,37,636
2021-08-22,Mauritania,Africa,1758,31642,36,672
2021-08-29,Mauritania,Africa,1516,33158,30,702
2021-09-05,Mauritania,Africa,953,34111,31,733
2021-09-12,Mauritania,Africa,660,34771,16,749
2021-09-19,Mauritania,Africa,557,35328,14,763
2021-09-26,Mauritania,Africa,491,35819,5,768
2021-10-03,Mauritania,Africa,295,36114,9,777
2021-10-10,Mauritania,Africa,273,36387,7,784
2021-10-17,Mauritania,Africa,258,36645,4,788
2021-10-24,Mauritania,Africa,265,36910,4,792
2021-10-31,Mauritania,Africa,312,37222,2,794
2021-11-07,Mauritania,Africa,437,37659,7,801
2021-11-14,Mauritania,Africa,410,38069,6,807
2021-11-21,Mauritania,Africa,514,38583,9,816
2021-11-28,Mauritania,Africa,532,39115,15,831
2021-12-05,Mauritania,Africa,395,39510,7,838
2021-12-12,Mauritania,Africa,268,39778,11,849
2021-12-19,Mauritania,Africa,249,40027,3,852
2021-12-26,Mauritania,Africa,426,40453,10,862
2022-01-02,Mauritania,Africa,1414,41867,8,870
2022-01-09,Mauritania,Africa,6238,48105,15,885
2022-01-16,Mauritania,Africa,6288,54393,18,903
2022-01-23,Mauritania,Africa,2779,57172,21,924
2022-01-30,Mauritania,Africa,957,58129,25,949
2022-02-06,Mauritania,Africa,314,58443,15,964
2022-02-13,Mauritania,Africa,120,58563,8,972
2022-02-20,Mauritania,Africa,41,58604,4,976
2022-02-27,Mauritania,Africa,25,58629,3,979
2022-03-06,Mauritania,Africa,17,58646,1,980
2022-03-13,Mauritania,Africa,11,58657,1,981
2022-03-20,Mauritania,Africa,5,58662,0,981
2022-03-27,Mauritania,Africa,4,58666,1,982
2022-04-03,Mauritania,Africa,4,58670,0,982
2022-04-10,Mauritania,Africa,6,58676,0,982
2022-04-17,Mauritania,Africa,5,58681,0,982
2022-04-24,Mauritania,Africa,2,58683,0,982
2022-05-01,Mauritania,Africa,5,58688,0,982
2022-05-08,Mauritania,Africa,48,58736,0,982
2022-05-15,Mauritania,Africa,104,58840,0,982
2022-05-22,Mauritania,Africa,132,58972,0,982
2022-05-29,Mauritania,Africa,130,59102,0,982
2022-06-05,Mauritania,Africa,81,59183,0,982
2022-06-12,Mauritania,Africa,110,59293,0,982
2022-06-19,Mauritania,Africa,0,59293,0,982
2022-06-26,Mauritania,Africa,135,59428,0,982
2022-07-03,Mauritania,Africa,699,60127,2,984
2022-07-10,Mauritania,Africa,1056,61183,2,986
2022-07-17,Mauritania,Africa,682,61865,0,986
2022-07-24,Mauritania,Africa,415,62280,3,989
2022-07-31,Mauritania,Africa,260,62540,2,991
2022-08-07,Mauritania,Africa,112,62652,1,992
2022-08-14,Mauritania,Africa,53,62705,0,992
2022-08-21,Mauritania,Africa,24,62729,0,992
2022-08-28,Mauritania,Africa,30,62759,0,992
2022-09-04,Mauritania,Africa,11,62770,1,993
2022-09-11,Mauritania,Africa,6,62776,0,993
2022-09-18,Mauritania,Africa,6,62782,1,994
2022-09-25,Mauritania,Africa,9,62791,0,994
2022-10-02,Mauritania,Africa,32,62823,1,995
2022-10-09,Mauritania,Africa,85,62908,0,995
2022-10-16,Mauritania,Africa,137,63045,0,995
2022-10-23,Mauritania,Africa,219,63264,2,997
2022-10-30,Mauritania,Africa,85,63349,0,997
2022-11-06,Mauritania,Africa,43,63392,0,997
2022-11-13,Mauritania,Africa,20,63412,0,997
2022-11-20,Mauritania,Africa,4,63416,0,997
2022-11-27,Mauritania,Africa,3,63419,0,997
2022-12-04,Mauritania,Africa,0,63419,0,997
2022-12-11,Mauritania,Africa,2,63421,0,997
2022-12-18,Mauritania,Africa,2,63423,0,997
2022-12-25,Mauritania,Africa,5,63428,0,997
2023-01-01,Mauritania,Africa,1,63429,0,997
2023-01-08,Mauritania,Africa,3,63432,0,997
2023-01-15,Mauritania,Africa,3,63435,0,997
2023-01-22,Mauritania,Africa,1,63436,0,997
2023-01-29,Mauritania,Africa,0,63436,0,997
2023-02-05,Mauritania,Africa,126,63562,0,997
2023-02-12,Mauritania,Africa,-124,63438,0,997
2023-02-19,Mauritania,Africa,0,63438,0,997
2023-02-26,Mauritania,Africa,0,63438,0,997
2023-03-05,Mauritania,Africa,1,63439,0,997
2023-03-12,Mauritania,Africa,1,63440,0,997
2023-03-19,Mauritania,Africa,0,63440,0,997
2023-03-26,Mauritania,Africa,25,63465,0,997
2023-04-02,Mauritania,Africa,50,63515,0,997
2023-04-09,Mauritania,Africa,47,63562,0,997
2023-04-16,Mauritania,Africa,20,63582,0,997
2023-04-23,Mauritania,Africa,27,63609,0,997
2023-04-30,Mauritania,Africa,8,63617,0,997
2023-05-07,Mauritania,Africa,36,63653,0,997
2023-05-14,Mauritania,Africa,10,63663,0,997
2023-05-21,Mauritania,Africa,6,63669,0,997
2023-05-28,Mauritania,Africa,12,63681,0,997
2023-06-04,Mauritania,Africa,14,63695,0,997
2023-06-11,Mauritania,Africa,5,63700,0,997
2023-06-18,Mauritania,Africa,7,63707,0,997
2023-06-25,Mauritania,Africa,3,63710,0,997
2023-07-02,Mauritania,Africa,0,63710,0,997
2023-07-09,Mauritania,Africa,2,63712,0,997
2023-07-16,Mauritania,Africa,0,63712,0,997
2023-07-23,Mauritania,Africa,0,63712,0,997
2023-07-30,Mauritania,Africa,0,63712,0,997
2023-08-06,Mauritania,Africa,0,63712,0,997
2023-08-13,Mauritania,Africa,1,63713,0,997
2023-08-20,Mauritania,Africa,1,63714,0,997
2023-08-27,Mauritania,Africa,0,63714,0,997
2023-09-03,Mauritania,Africa,2,63716,0,997
2023-09-10,Mauritania,Africa,14,63730,0,997
2023-09-17,Mauritania,Africa,16,63746,0,997
2023-09-24,Mauritania,Africa,11,63757,0,997
2023-10-01,Mauritania,Africa,0,63757,0,997
2023-10-08,Mauritania,Africa,0,63757,0,997
2023-10-15,Mauritania,Africa,2,63759,0,997
2023-10-22,Mauritania,Africa,2,63761,0,997
2023-10-29,Mauritania,Africa,0,63761,0,997
2023-11-05,Mauritania,Africa,1,63762,0,997
2023-11-12,Mauritania,Africa,0,63762,0,997
2023-11-19,Mauritania,Africa,0,63762,0,997
2023-11-26,Mauritania,Africa,2,63764,0,997
2023-12-03,Mauritania,Africa,0,63764,0,997
2023-12-10,Mauritania,Africa,4,63768,0,997
2023-12-17,Mauritania,Africa,3,63771,0,997
2023-12-24,Mauritania,Africa,2,63773,0,997
2023-12-31,Mauritania,Africa,14,63787,0,997
2024-01-07,Mauritania,Africa,11,63798,0,997
2024-01-14,Mauritania,Africa,10,63808,0,997
2024-01-21,Mauritania,Africa,11,63819,0,997
2024-01-28,Mauritania,Africa,4,63823,0,997
2024-02-04,Mauritania,Africa,9,63832,0,997
2024-02-11,Mauritania,Africa,7,63839,0,997
2024-02-18,Mauritania,Africa,6,63845,0,997
2024-02-25,Mauritania,Africa,1,63846,0,997
2024-03-03,Mauritania,Africa,0,63846,0,997
2024-03-10,Mauritania,Africa,2,63848,0,997
2024-03-17,Mauritania,Africa,0,63848,0,997
2024-03-24,Mauritania,Africa,0,63848,0,997
2024-03-31,Mauritania,Africa,0,63848,0,997
2024-04-07,Mauritania,Africa,0,63848,0,997
2024-04-14,Mauritania,Africa,0,63848,0,997
2024-04-21,Mauritania,Africa,0,63848,0,997
2024-04-28,Mauritania,Africa,0,63848,0,997
2024-05-05,Mauritania,Africa,0,63848,0,997
2024-05-12,Mauritania,Africa,0,63848,0,997
2024-05-19,Mauritania,Africa,16,63864,0,997
2024-05-26,Mauritania,Africa,1,63865,0,997
2024-06-02,Mauritania,Africa,1,63866,0,997
2024-06-09,Mauritania,Africa,0,63866,0,997
2024-06-16,Mauritania,Africa,0,63866,0,997
2024-06-23,Mauritania,Africa,1,63867,0,997
2024-06-30,Mauritania,Africa,1,63868,0,997
2024-07-07,Mauritania,Africa,0,63868,0,997
2024-07-14,Mauritania,Africa,1,63869,0,997
2024-07-21,Mauritania,Africa,0,63869,0,997
2024-07-28,Mauritania,Africa,3,63872,0,997
2024-08-04,Mauritania,Africa,0,63872,0,997
2024-08-11,Mauritania,Africa,0,63872,0,997
2024-08-18,Mauritania,Africa,2,63874,0,997
2024-08-25,Mauritania,Africa,1,63875,0,997
2024-09-01,Mauritania,Africa,0,63875,0,997
2020-01-05,Mauritius,Africa,0,0,0,0
2020-01-12,Mauritius,Africa,0,0,0,0
2020-01-19,Mauritius,Africa,0,0,0,0
2020-01-26,Mauritius,Africa,0,0,0,0
2020-02-02,Mauritius,Africa,0,0,0,0
2020-02-09,Mauritius,Africa,0,0,0,0
2020-02-16,Mauritius,Africa,0,0,0,0
2020-02-23,Mauritius,Africa,0,0,0,0
2020-03-01,Mauritius,Africa,0,0,0,0
2020-03-08,Mauritius,Africa,0,0,0,0
2020-03-15,Mauritius,Africa,0,0,0,0
2020-03-22,Mauritius,Africa,14,14,1,1
2020-03-29,Mauritius,Africa,88,102,1,2
2020-04-05,Mauritius,Africa,94,196,5,7
2020-04-12,Mauritius,Africa,123,319,2,9
2020-04-19,Mauritius,Africa,6,325,0,9
2020-04-26,Mauritius,Africa,6,331,0,9
2020-05-03,Mauritius,Africa,1,332,1,10
2020-05-10,Mauritius,Africa,0,332,0,10
2020-05-17,Mauritius,Africa,0,332,0,10
2020-05-24,Mauritius,Africa,0,332,0,10
2020-05-31,Mauritius,Africa,3,335,0,10
2020-06-07,Mauritius,Africa,2,337,0,10
2020-06-14,Mauritius,Africa,0,337,0,10
2020-06-21,Mauritius,Africa,0,337,0,10
2020-06-28,Mauritius,Africa,4,341,0,10
2020-07-05,Mauritius,Africa,0,341,0,10
2020-07-12,Mauritius,Africa,1,342,0,10
2020-07-19,Mauritius,Africa,1,343,0,10
2020-07-26,Mauritius,Africa,1,344,0,10
2020-08-02,Mauritius,Africa,0,344,0,10
2020-08-09,Mauritius,Africa,0,344,0,10
2020-08-16,Mauritius,Africa,2,346,0,10
2020-08-23,Mauritius,Africa,0,346,0,10
2020-08-30,Mauritius,Africa,0,346,0,10
2020-09-06,Mauritius,Africa,10,356,0,10
2020-09-13,Mauritius,Africa,5,361,0,10
2020-09-20,Mauritius,Africa,6,367,0,10
2020-09-27,Mauritius,Africa,0,367,0,10
2020-10-04,Mauritius,Africa,18,385,0,10
2020-10-11,Mauritius,Africa,10,395,0,10
2020-10-18,Mauritius,Africa,12,407,0,10
2020-10-25,Mauritius,Africa,28,435,0,10
2020-11-01,Mauritius,Africa,6,441,0,10
2020-11-08,Mauritius,Africa,14,455,0,10
2020-11-15,Mauritius,Africa,15,470,0,10
2020-11-22,Mauritius,Africa,25,495,0,10
2020-11-29,Mauritius,Africa,8,503,0,10
2020-12-06,Mauritius,Africa,2,505,0,10
2020-12-13,Mauritius,Africa,18,523,0,10
2020-12-20,Mauritius,Africa,1,524,0,10
2020-12-27,Mauritius,Africa,3,527,0,10
2021-01-03,Mauritius,Africa,0,527,0,10
2021-01-10,Mauritius,Africa,12,539,0,10
2021-01-17,Mauritius,Africa,8,547,0,10
2021-01-24,Mauritius,Africa,9,556,0,10
2021-01-31,Mauritius,Africa,12,568,0,10
2021-02-07,Mauritius,Africa,16,584,0,10
2021-02-14,Mauritius,Africa,11,595,0,10
2021-02-21,Mauritius,Africa,8,603,0,10
2021-02-28,Mauritius,Africa,7,610,0,10
2021-03-07,Mauritius,Africa,29,639,0,10
2021-03-14,Mauritius,Africa,52,691,0,10
2021-03-21,Mauritius,Africa,121,812,0,10
2021-03-28,Mauritius,Africa,58,870,0,10
2021-04-04,Mauritius,Africa,242,1112,2,12
2021-04-11,Mauritius,Africa,64,1176,0,12
2021-04-18,Mauritius,Africa,27,1203,3,15
2021-04-25,Mauritius,Africa,3,1206,1,16
2021-05-02,Mauritius,Africa,35,1241,1,17
2021-05-09,Mauritius,Africa,5,1246,0,17
2021-05-16,Mauritius,Africa,42,1288,0,17
2021-05-23,Mauritius,Africa,34,1322,0,17
2021-05-30,Mauritius,Africa,71,1393,0,17
2021-06-06,Mauritius,Africa,65,1458,1,18
2021-06-13,Mauritius,Africa,251,1709,0,18
2021-06-20,Mauritius,Africa,64,1773,0,18
2021-06-27,Mauritius,Africa,107,1880,0,18
2021-07-04,Mauritius,Africa,104,1984,0,18
2021-07-11,Mauritius,Africa,147,2131,0,18
2021-07-18,Mauritius,Africa,404,2535,1,19
2021-07-25,Mauritius,Africa,1194,3729,0,19
2021-08-01,Mauritius,Africa,485,4214,1,20
2021-08-08,Mauritius,Africa,796,5010,0,20
2021-08-15,Mauritius,Africa,955,5965,1,21
2021-08-22,Mauritius,Africa,1849,7814,2,23
2021-08-29,Mauritius,Africa,2382,10196,6,29
2021-09-05,Mauritius,Africa,1840,12036,5,34
2021-09-12,Mauritius,Africa,1253,13289,9,43
2021-09-19,Mauritius,Africa,4012,17301,11,54
2021-09-26,Mauritius,Africa,4422,21723,25,79
2021-10-03,Mauritius,Africa,4076,25799,11,90
2021-10-10,Mauritius,Africa,3364,29163,20,110
2021-10-17,Mauritius,Africa,3859,33022,24,134
2021-10-24,Mauritius,Africa,4618,37640,19,153
2021-10-31,Mauritius,Africa,6128,43768,23,176
2021-11-07,Mauritius,Africa,7193,50961,37,213
2021-11-14,Mauritius,Africa,11906,62867,54,267
2021-11-21,Mauritius,Africa,9474,72341,105,372
2021-11-28,Mauritius,Africa,7272,79613,96,468
2021-12-05,Mauritius,Africa,4470,84083,126,594
2021-12-12,Mauritius,Africa,2950,87033,72,666
2021-12-19,Mauritius,Africa,1841,88874,80,746
2021-12-26,Mauritius,Africa,1216,90090,16,762
2022-01-02,Mauritius,Africa,1387,91477,24,786
2022-01-09,Mauritius,Africa,1895,93372,12,798
2022-01-16,Mauritius,Africa,2438,95810,15,813
2022-01-23,Mauritius,Africa,3165,98975,9,822
2022-01-30,Mauritius,Africa,5827,104802,0,822
2022-02-06,Mauritius,Africa,9768,114570,0,822
2022-02-13,Mauritius,Africa,14875,129445,19,841
2022-02-20,Mauritius,Africa,19687,149132,37,878
2022-02-27,Mauritius,Africa,16531,165663,17,895
2022-03-06,Mauritius,Africa,13983,179646,9,904
2022-03-13,Mauritius,Africa,11458,191104,30,934
2022-03-20,Mauritius,Africa,10686,201790,0,934
2022-03-27,Mauritius,Africa,7759,209549,34,968
2022-04-03,Mauritius,Africa,4876,214425,0,968
2022-04-10,Mauritius,Africa,3450,217875,17,985
2022-04-17,Mauritius,Africa,2239,220114,5,990
2022-04-24,Mauritius,Africa,1502,221616,0,990
2022-05-01,Mauritius,Africa,1107,222723,6,996
2022-05-08,Mauritius,Africa,965,223688,0,996
2022-05-15,Mauritius,Africa,901,224589,0,996
2022-05-22,Mauritius,Africa,1133,225722,0,996
2022-05-29,Mauritius,Africa,1039,226761,0,996
2022-06-05,Mauritius,Africa,739,227500,2,998
2022-06-12,Mauritius,Africa,743,228243,2,1000
2022-06-19,Mauritius,Africa,1066,229309,1,1001
2022-06-26,Mauritius,Africa,1416,230725,1,1002
2022-07-03,Mauritius,Africa,2080,232805,4,1006
2022-07-10,Mauritius,Africa,2745,235550,1,1007
2022-07-17,Mauritius,Africa,4294,239844,1,1008
2022-07-24,Mauritius,Africa,4551,244395,0,1008
2022-07-31,Mauritius,Africa,3932,248327,6,1014
2022-08-07,Mauritius,Africa,3080,251407,2,1016
2022-08-14,Mauritius,Africa,2464,253871,4,1020
2022-08-21,Mauritius,Africa,2314,256185,0,1020
2022-08-28,Mauritius,Africa,1937,258122,3,1023
2022-09-04,Mauritius,Africa,1470,259592,0,1023
2022-09-11,Mauritius,Africa,1234,260826,1,1024
2022-09-18,Mauritius,Africa,1077,261903,1,1025
2022-09-25,Mauritius,Africa,680,262583,1,1026
2022-10-02,Mauritius,Africa,534,263117,1,1027
2022-10-09,Mauritius,Africa,587,263704,4,1031
2022-10-16,Mauritius,Africa,680,264384,1,1032
2022-10-23,Mauritius,Africa,831,265215,0,1032
2022-10-30,Mauritius,Africa,1120,266335,0,1032
2022-11-06,Mauritius,Africa,1787,268122,1,1033
2022-11-13,Mauritius,Africa,3282,271404,0,1033
2022-11-20,Mauritius,Africa,4504,275908,1,1034
2022-11-27,Mauritius,Africa,4740,280648,1,1035
2022-12-04,Mauritius,Africa,3899,284547,2,1037
2022-12-11,Mauritius,Africa,3183,287730,1,1038
2022-12-18,Mauritius,Africa,2098,289828,0,1038
2022-12-25,Mauritius,Africa,1378,291206,1,1039
2023-01-01,Mauritius,Africa,1090,292296,2,1041
2023-01-08,Mauritius,Africa,985,293281,1,1042
2023-01-15,Mauritius,Africa,734,294015,1,1043
2023-01-22,Mauritius,Africa,539,294554,0,1043
2023-01-29,Mauritius,Africa,320,294874,0,1043
2023-02-05,Mauritius,Africa,258,295132,1,1044
2023-02-12,Mauritius,Africa,271,295403,0,1044
2023-02-19,Mauritius,Africa,316,295719,0,1044
2023-02-26,Mauritius,Africa,34,295753,0,1044
2023-03-05,Mauritius,Africa,575,296328,0,1044
2023-03-12,Mauritius,Africa,399,296727,0,1044
2023-03-19,Mauritius,Africa,143,296870,0,1044
2023-03-26,Mauritius,Africa,392,297262,0,1044
2023-04-02,Mauritius,Africa,498,297760,0,1044
2023-04-09,Mauritius,Africa,339,298099,0,1044
2023-04-16,Mauritius,Africa,715,298814,0,1044
2023-04-23,Mauritius,Africa,962,299776,0,1044
2023-04-30,Mauritius,Africa,1320,301096,2,1046
2023-05-07,Mauritius,Africa,1599,302695,2,1048
2023-05-14,Mauritius,Africa,1538,304233,2,1050
2023-05-21,Mauritius,Africa,1230,305463,0,1050
2023-05-28,Mauritius,Africa,860,306323,0,1050
2023-06-04,Mauritius,Africa,646,306969,1,1051
2023-06-11,Mauritius,Africa,516,307485,1,1052
2023-06-18,Mauritius,Africa,333,307818,0,1052
2023-06-25,Mauritius,Africa,226,308044,0,1052
2023-07-02,Mauritius,Africa,165,308209,1,1053
2023-07-09,Mauritius,Africa,136,308345,0,1053
2023-07-16,Mauritius,Africa,138,308483,0,1053
2023-07-23,Mauritius,Africa,146,308629,0,1053
2023-07-30,Mauritius,Africa,110,308739,0,1053
2023-08-06,Mauritius,Africa,85,308824,0,1053
2023-08-13,Mauritius,Africa,644,309468,1,1054
2023-08-20,Mauritius,Africa,67,309535,0,1054
2023-08-27,Mauritius,Africa,79,309614,0,1054
2023-09-03,Mauritius,Africa,63,309677,0,1054
2023-09-10,Mauritius,Africa,64,309741,0,1054
2023-09-17,Mauritius,Africa,45,309786,0,1054
2023-09-24,Mauritius,Africa,44,309830,0,1054
2023-10-01,Mauritius,Africa,39,309869,0,1054
2023-10-08,Mauritius,Africa,48,309917,0,1054
2023-10-15,Mauritius,Africa,66,309983,0,1054
2023-10-22,Mauritius,Africa,72,310055,0,1054
2023-10-29,Mauritius,Africa,127,310182,0,1054
2023-11-05,Mauritius,Africa,158,310340,0,1054
2023-11-12,Mauritius,Africa,317,310657,1,1055
2023-11-19,Mauritius,Africa,808,311465,0,1055
2023-11-26,Mauritius,Africa,1507,312972,1,1056
2023-12-03,Mauritius,Africa,2128,315100,0,1056
2023-12-10,Mauritius,Africa,3091,318191,1,1057
2023-12-17,Mauritius,Africa,3228,321419,1,1058
2023-12-24,Mauritius,Africa,0,321419,0,1058
2023-12-31,Mauritius,Africa,2301,323720,2,1060
2024-01-07,Mauritius,Africa,1649,325369,4,1064
2024-01-14,Mauritius,Africa,1027,326396,4,1068
2024-01-21,Mauritius,Africa,346,326742,0,1068
2024-01-28,Mauritius,Africa,213,326955,1,1069
2024-02-04,Mauritius,Africa,172,327127,1,1070
2024-02-11,Mauritius,Africa,129,327256,0,1070
2024-02-18,Mauritius,Africa,66,327322,0,1070
2024-02-25,Mauritius,Africa,34,327356,0,1070
2024-03-03,Mauritius,Africa,24,327380,0,1070
2024-03-10,Mauritius,Africa,26,327406,0,1070
2024-03-17,Mauritius,Africa,24,327430,1,1071
2024-03-24,Mauritius,Africa,24,327454,0,1071
2024-03-31,Mauritius,Africa,14,327468,0,1071
2024-04-07,Mauritius,Africa,25,327493,1,1072
2024-04-14,Mauritius,Africa,26,327519,0,1072
2024-04-21,Mauritius,Africa,39,327558,0,1072
2024-04-28,Mauritius,Africa,48,327606,0,1072
2024-05-05,Mauritius,Africa,57,327663,0,1072
2024-05-12,Mauritius,Africa,50,327713,0,1072
2024-05-19,Mauritius,Africa,57,327770,0,1072
2024-05-26,Mauritius,Africa,54,327824,0,1072
2024-06-02,Mauritius,Africa,34,327858,0,1072
2024-06-09,Mauritius,Africa,40,327898,0,1072
2024-06-16,Mauritius,Africa,30,327928,0,1072
2024-06-23,Mauritius,Africa,39,327967,0,1072
2024-06-30,Mauritius,Africa,45,328012,0,1072
2024-07-07,Mauritius,Africa,40,328052,1,1073
2024-07-14,Mauritius,Africa,61,328113,0,1073
2024-07-21,Mauritius,Africa,54,328167,0,1073
2024-07-28,Mauritius,Africa,55,328222,1,1074
2024-08-04,Mauritius,Africa,54,328276,0,1074
2024-08-11,Mauritius,Africa,59,328335,0,1074
2024-08-18,Mauritius,Africa,0,328335,0,1074
2024-08-25,Mauritius,Africa,0,328335,0,1074
2024-09-01,Mauritius,Africa,0,328335,0,1074
2020-01-05,Mayotte,Africa,0,0,0,0
2020-01-12,Mayotte,Africa,0,0,0,0
2020-01-19,Mayotte,Africa,0,0,0,0
2020-01-26,Mayotte,Africa,0,0,0,0
2020-02-02,Mayotte,Africa,0,0,0,0
2020-02-09,Mayotte,Africa,0,0,0,0
2020-02-16,Mayotte,Africa,0,0,0,0
2020-02-23,Mayotte,Africa,0,0,0,0
2020-03-01,Mayotte,Africa,0,0,0,0
2020-03-08,Mayotte,Africa,0,0,0,0
2020-03-15,Mayotte,Africa,5,5,0,0
2020-03-22,Mayotte,Africa,6,11,0,0
2020-03-29,Mayotte,Africa,39,50,0,0
2020-04-05,Mayotte,Africa,97,147,2,2
2020-04-12,Mayotte,Africa,44,191,0,2
2020-04-19,Mayotte,Africa,54,245,2,4
2020-04-26,Mayotte,Africa,109,354,0,4
2020-05-03,Mayotte,Africa,242,596,2,6
2020-05-10,Mayotte,Africa,294,890,5,11
2020-05-17,Mayotte,Africa,368,1258,5,16
2020-05-24,Mayotte,Africa,263,1521,3,19
2020-05-31,Mayotte,Africa,222,1743,2,21
2020-06-07,Mayotte,Africa,336,2079,4,25
2020-06-14,Mayotte,Africa,203,2282,4,29
2020-06-21,Mayotte,Africa,122,2404,2,31
2020-06-28,Mayotte,Africa,136,2540,4,35
2020-07-05,Mayotte,Africa,128,2668,1,36
2020-07-12,Mayotte,Africa,43,2711,1,37
2020-07-19,Mayotte,Africa,71,2782,0,37
2020-07-26,Mayotte,Africa,91,2873,1,38
2020-08-02,Mayotte,Africa,89,2962,1,39
2020-08-09,Mayotte,Africa,106,3068,0,39
2020-08-16,Mayotte,Africa,51,3119,0,39
2020-08-23,Mayotte,Africa,118,3237,0,39
2020-08-30,Mayotte,Africa,64,3301,1,40
2020-09-06,Mayotte,Africa,73,3374,0,40
2020-09-13,Mayotte,Africa,0,3374,0,40
2020-09-20,Mayotte,Africa,167,3541,0,40
2020-09-27,Mayotte,Africa,0,3541,0,40
2020-10-04,Mayotte,Africa,238,3779,2,42
2020-10-11,Mayotte,Africa,210,3989,1,43
2020-10-18,Mayotte,Africa,41,4030,0,43
2020-10-25,Mayotte,Africa,246,4276,1,44
2020-11-01,Mayotte,Africa,90,4366,0,44
2020-11-08,Mayotte,Africa,184,4550,1,45
2020-11-15,Mayotte,Africa,371,4921,1,46
2020-11-22,Mayotte,Africa,115,5036,2,48
2020-11-29,Mayotte,Africa,145,5181,1,49
2020-12-06,Mayotte,Africa,0,5181,0,49
2020-12-13,Mayotte,Africa,370,5551,3,52
2020-12-20,Mayotte,Africa,157,5708,1,53
2020-12-27,Mayotte,Africa,59,5767,1,54
2021-01-03,Mayotte,Africa,123,5890,1,55
2021-01-10,Mayotte,Africa,342,6232,1,56
2021-01-17,Mayotte,Africa,379,6611,2,58
2021-01-24,Mayotte,Africa,933,7544,1,59
2021-01-31,Mayotte,Africa,687,8231,2,61
2021-02-07,Mayotte,Africa,2524,10755,3,64
2021-02-14,Mayotte,Africa,2780,13535,14,78
2021-02-21,Mayotte,Africa,2257,15792,14,92
2021-02-28,Mayotte,Africa,1069,16861,10,102
2021-03-07,Mayotte,Africa,1279,18140,23,125
2021-03-14,Mayotte,Africa,502,18642,4,129
2021-03-21,Mayotte,Africa,364,19006,22,151
2021-03-28,Mayotte,Africa,300,19306,3,154
2021-04-04,Mayotte,Africa,184,19490,8,162
2021-04-11,Mayotte,Africa,153,19643,5,167
2021-04-18,Mayotte,Africa,146,19789,1,168
2021-04-25,Mayotte,Africa,107,19896,1,169
2021-05-02,Mayotte,Africa,198,20094,1,170
2021-05-09,Mayotte,Africa,40,20134,0,170
2021-05-16,Mayotte,Africa,42,20176,1,171
2021-05-23,Mayotte,Africa,-875,19301,0,171
2021-05-30,Mayotte,Africa,24,19325,2,173
2021-06-06,Mayotte,Africa,22,19347,0,173
2021-06-13,Mayotte,Africa,26,19373,0,173
2021-06-20,Mayotte,Africa,16,19389,1,174
2021-06-27,Mayotte,Africa,16,19405,0,174
2021-07-04,Mayotte,Africa,7,19412,0,174
2021-07-11,Mayotte,Africa,13,19425,0,174
2021-07-18,Mayotte,Africa,26,19451,0,174
2021-07-25,Mayotte,Africa,14,19465,0,174
2021-08-01,Mayotte,Africa,29,19494,0,174
2021-08-08,Mayotte,Africa,24,19518,0,174
2021-08-15,Mayotte,Africa,49,19567,1,175
2021-08-22,Mayotte,Africa,97,19664,0,175
2021-08-29,Mayotte,Africa,75,19739,0,175
2021-09-05,Mayotte,Africa,136,19875,0,175
2021-09-12,Mayotte,Africa,140,20015,0,175
2021-09-19,Mayotte,Africa,92,20107,1,176
2021-09-26,Mayotte,Africa,112,20219,2,178
2021-10-03,Mayotte,Africa,104,20323,2,180
2021-10-10,Mayotte,Africa,62,20385,0,180
2021-10-17,Mayotte,Africa,54,20439,1,181
2021-10-24,Mayotte,Africa,46,20485,1,182
2021-10-31,Mayotte,Africa,70,20555,3,185
2021-11-07,Mayotte,Africa,96,20651,0,185
2021-11-14,Mayotte,Africa,118,20769,0,185
2021-11-21,Mayotte,Africa,91,20860,0,185
2021-11-28,Mayotte,Africa,78,20938,0,185
2021-12-05,Mayotte,Africa,35,20973,0,185
2021-12-12,Mayotte,Africa,115,21088,0,185
2021-12-19,Mayotte,Africa,92,21180,0,185
2021-12-26,Mayotte,Africa,108,21288,0,185
2022-01-02,Mayotte,Africa,623,21911,0,185
2022-01-09,Mayotte,Africa,2760,24671,1,186
2022-01-16,Mayotte,Africa,9086,33757,0,186
2022-01-23,Mayotte,Africa,1934,35691,1,187
2022-01-30,Mayotte,Africa,591,36282,0,187
2022-02-06,Mayotte,Africa,192,36474,0,187
2022-02-13,Mayotte,Africa,98,36572,0,187
2022-02-20,Mayotte,Africa,0,36572,0,187
2022-02-27,Mayotte,Africa,59,36631,0,187
2022-03-06,Mayotte,Africa,72,36703,0,187
2022-03-13,Mayotte,Africa,42,36745,0,187
2022-03-20,Mayotte,Africa,0,36745,0,187
2022-03-27,Mayotte,Africa,94,36839,0,187
2022-04-03,Mayotte,Africa,0,36839,0,187
2022-04-10,Mayotte,Africa,119,36958,0,187
2022-04-17,Mayotte,Africa,80,37038,0,187
2022-04-24,Mayotte,Africa,0,37038,0,187
2022-05-01,Mayotte,Africa,325,37363,0,187
2022-05-08,Mayotte,Africa,0,37363,0,187
2022-05-15,Mayotte,Africa,0,37363,0,187
2022-05-22,Mayotte,Africa,160,37523,0,187
2022-05-29,Mayotte,Africa,0,37523,0,187
2022-06-05,Mayotte,Africa,134,37657,0,187
2022-06-12,Mayotte,Africa,94,37751,0,187
2022-06-19,Mayotte,Africa,69,37820,0,187
2022-06-26,Mayotte,Africa,57,37877,0,187
2022-07-03,Mayotte,Africa,81,37958,0,187
2022-07-10,Mayotte,Africa,181,38139,0,187
2022-07-17,Mayotte,Africa,262,38401,0,187
2022-07-24,Mayotte,Africa,245,38646,0,187
2022-07-31,Mayotte,Africa,313,38959,0,187
2022-08-07,Mayotte,Africa,433,39392,0,187
2022-08-14,Mayotte,Africa,312,39704,0,187
2022-08-21,Mayotte,Africa,191,39895,0,187
2022-08-28,Mayotte,Africa,109,40004,0,187
2022-09-04,Mayotte,Africa,91,40095,0,187
2022-09-11,Mayotte,Africa,66,40161,0,187
2022-09-18,Mayotte,Africa,43,40204,0,187
2022-09-25,Mayotte,Africa,39,40243,0,187
2022-10-02,Mayotte,Africa,18,40261,0,187
2022-10-09,Mayotte,Africa,16,40277,0,187
2022-10-16,Mayotte,Africa,20,40297,0,187
2022-10-23,Mayotte,Africa,23,40320,0,187
2022-10-30,Mayotte,Africa,0,40320,0,187
2022-11-06,Mayotte,Africa,19,40339,0,187
2022-11-13,Mayotte,Africa,76,40415,0,187
2022-11-20,Mayotte,Africa,197,40612,0,187
2022-11-27,Mayotte,Africa,594,41206,0,187
2022-12-04,Mayotte,Africa,473,41679,0,187
2022-12-11,Mayotte,Africa,174,41853,0,187
2022-12-18,Mayotte,Africa,68,41921,0,187
2022-12-25,Mayotte,Africa,48,41969,0,187
2023-01-01,Mayotte,Africa,24,41993,0,187
2023-01-08,Mayotte,Africa,9,42002,0,187
2023-01-15,Mayotte,Africa,0,42002,0,187
2023-01-22,Mayotte,Africa,0,42002,0,187
2023-01-29,Mayotte,Africa,0,42002,0,187
2023-02-05,Mayotte,Africa,0,42002,0,187
2023-02-12,Mayotte,Africa,2,42004,0,187
2023-02-19,Mayotte,Africa,0,42004,0,187
2023-02-26,Mayotte,Africa,0,42004,0,187
2023-03-05,Mayotte,Africa,0,42004,0,187
2023-03-12,Mayotte,Africa,0,42004,0,187
2023-03-19,Mayotte,Africa,0,42004,0,187
2023-03-26,Mayotte,Africa,3,42007,0,187
2023-04-02,Mayotte,Africa,1,42008,0,187
2023-04-09,Mayotte,Africa,0,42008,0,187
2023-04-16,Mayotte,Africa,19,42027,0,187
2023-04-23,Mayotte,Africa,0,42027,0,187
2023-04-30,Mayotte,Africa,0,42027,0,187
2023-05-07,Mayotte,Africa,0,42027,0,187
2023-05-14,Mayotte,Africa,0,42027,0,187
2023-05-21,Mayotte,Africa,0,42027,0,187
2023-05-28,Mayotte,Africa,0,42027,0,187
2023-06-04,Mayotte,Africa,0,42027,0,187
2023-06-11,Mayotte,Africa,0,42027,0,187
2023-06-18,Mayotte,Africa,0,42027,0,187
2023-06-25,Mayotte,Africa,0,42027,0,187
2023-07-02,Mayotte,Africa,0,42027,0,187
2023-07-09,Mayotte,Africa,0,42027,0,187
2023-07-16,Mayotte,Africa,0,42027,0,187
2023-07-23,Mayotte,Africa,0,42027,0,187
2023-07-30,Mayotte,Africa,0,42027,0,187
2023-08-06,Mayotte,Africa,0,42027,0,187
2023-08-13,Mayotte,Africa,0,42027,0,187
2023-08-20,Mayotte,Africa,0,42027,0,187
2023-08-27,Mayotte,Africa,0,42027,0,187
2023-09-03,Mayotte,Africa,0,42027,0,187
2023-09-10,Mayotte,Africa,0,42027,0,187
2023-09-17,Mayotte,Africa,0,42027,0,187
2023-09-24,Mayotte,Africa,0,42027,0,187
2023-10-01,Mayotte,Africa,0,42027,0,187
2023-10-08,Mayotte,Africa,0,42027,0,187
2023-10-15,Mayotte,Africa,0,42027,0,187
2023-10-22,Mayotte,Africa,0,42027,0,187
2023-10-29,Mayotte,Africa,0,42027,0,187
2023-11-05,Mayotte,Africa,0,42027,0,187
2023-11-12,Mayotte,Africa,0,42027,0,187
2023-11-19,Mayotte,Africa,0,42027,0,187
2023-11-26,Mayotte,Africa,0,42027,0,187
2023-12-03,Mayotte,Africa,0,42027,0,187
2023-12-10,Mayotte,Africa,0,42027,0,187
2023-12-17,Mayotte,Africa,0,42027,0,187
2023-12-24,Mayotte,Africa,0,42027,0,187
2023-12-31,Mayotte,Africa,0,42027,0,187
2024-01-07,Mayotte,Africa,0,42027,0,187
2024-01-14,Mayotte,Africa,0,42027,0,187
2024-01-21,Mayotte,Africa,0,42027,0,187
2024-01-28,Mayotte,Africa,0,42027,0,187
2024-02-04,Mayotte,Africa,0,42027,0,187
2024-02-11,Mayotte,Africa,0,42027,0,187
2024-02-18,Mayotte,Africa,0,42027,0,187
2024-02-25,Mayotte,Africa,0,42027,0,187
2024-03-03,Mayotte,Africa,0,42027,0,187
2024-03-10,Mayotte,Africa,0,42027,0,187
2024-03-17,Mayotte,Africa,0,42027,0,187
2024-03-24,Mayotte,Africa,0,42027,0,187
2024-03-31,Mayotte,Africa,0,42027,0,187
2024-04-07,Mayotte,Africa,0,42027,0,187
2024-04-14,Mayotte,Africa,0,42027,0,187
2024-04-21,Mayotte,Africa,0,42027,0,187
2024-04-28,Mayotte,Africa,0,42027,0,187
2024-05-05,Mayotte,Africa,0,42027,0,187
2024-05-12,Mayotte,Africa,0,42027,0,187
2024-05-19,Mayotte,Africa,0,42027,0,187
2024-05-26,Mayotte,Africa,0,42027,0,187
2024-06-02,Mayotte,Africa,0,42027,0,187
2024-06-09,Mayotte,Africa,0,42027,0,187
2024-06-16,Mayotte,Africa,0,42027,0,187
2024-06-23,Mayotte,Africa,0,42027,0,187
2024-06-30,Mayotte,Africa,0,42027,0,187
2024-07-07,Mayotte,Africa,0,42027,0,187
2024-07-14,Mayotte,Africa,0,42027,0,187
2024-07-21,Mayotte,Africa,0,42027,0,187
2024-07-28,Mayotte,Africa,0,42027,0,187
2024-08-04,Mayotte,Africa,0,42027,0,187
2024-08-11,Mayotte,Africa,0,42027,0,187
2024-08-18,Mayotte,Africa,0,42027,0,187
2024-08-25,Mayotte,Africa,0,42027,0,187
2024-09-01,Mayotte,Africa,0,42027,0,187
2020-01-05,Mexico,North America,0,0,0,0
2020-01-12,Mexico,North America,0,0,0,0
2020-01-19,Mexico,North America,0,0,0,0
2020-01-26,Mexico,North America,0,0,0,0
2020-02-02,Mexico,North America,0,0,0,0
2020-02-09,Mexico,North America,0,0,0,0
2020-02-16,Mexico,North America,0,0,0,0
2020-02-23,Mexico,North America,1,1,0,0
2020-03-01,Mexico,North America,5,6,0,0
2020-03-08,Mexico,North America,45,51,0,0
2020-03-15,Mexico,North America,183,234,0,0
2020-03-22,Mexico,North America,669,903,4,4
2020-03-29,Mexico,North America,1214,2117,24,28
2020-04-05,Mexico,North America,2134,4251,146,174
2020-04-12,Mexico,North America,3291,7542,382,556
2020-04-19,Mexico,North America,5958,13500,749,1305
2020-04-26,Mexico,North America,9264,22764,1453,2758
2020-05-03,Mexico,North America,11571,34335,2361,5119
2020-05-10,Mexico,North America,15196,49531,2893,8012
2020-05-17,Mexico,North America,19538,69069,3414,11426
2020-05-24,Mexico,North America,24187,93256,3994,15420
2020-05-31,Mexico,North America,26973,120229,4178,19598
2020-06-07,Mexico,North America,30556,150785,4512,24110
2020-06-14,Mexico,North America,34822,185607,4891,29001
2020-06-21,Mexico,North America,37587,223194,4986,33987
2020-06-28,Mexico,North America,39306,262500,4569,38556
2020-07-05,Mexico,North America,43553,306053,4971,43527
2020-07-12,Mexico,North America,44406,350459,5374,48901
2020-07-19,Mexico,North America,49775,400234,5534,54435
2020-07-26,Mexico,North America,50177,450411,5464,59899
2020-08-02,Mexico,North America,45999,496410,5258,65157
2020-08-09,Mexico,North America,41814,538224,5027,70184
2020-08-16,Mexico,North America,39452,577676,4522,74706
2020-08-23,Mexico,North America,37867,615543,4065,78771
2020-08-30,Mexico,North America,39230,654773,3731,82502
2020-09-06,Mexico,North America,38873,693646,3556,86058
2020-09-13,Mexico,North America,35339,728985,3208,89266
2020-09-20,Mexico,North America,29659,758644,2955,92221
2020-09-27,Mexico,North America,33716,792360,2840,95061
2020-10-04,Mexico,North America,32636,824996,2586,97647
2020-10-11,Mexico,North America,33071,858067,2488,100135
2020-10-18,Mexico,North America,38778,896845,2689,102824
2020-10-25,Mexico,North America,44301,941146,3107,105931
2020-11-01,Mexico,North America,42679,983825,3336,109267
2020-11-08,Mexico,North America,40741,1024566,3482,112749
2020-11-15,Mexico,North America,48200,1072766,3561,116310
2020-11-22,Mexico,North America,44816,1117582,3709,120019
2020-11-29,Mexico,North America,56457,1174039,4060,124079
2020-12-06,Mexico,North America,64076,1238115,4235,128314
2020-12-13,Mexico,North America,73050,1311165,4644,132958
2020-12-20,Mexico,North America,77433,1388598,5157,138115
2020-12-27,Mexico,North America,64816,1453414,5775,143890
2021-01-03,Mexico,North America,72877,1526291,6552,150442
2021-01-10,Mexico,North America,105375,1631666,7632,158074
2021-01-17,Mexico,North America,110588,1742254,8745,166819
2021-01-24,Mexico,North America,104374,1846628,9877,176696
2021-01-31,Mexico,North America,90123,1936751,9495,186191
2021-02-07,Mexico,North America,61598,1998349,8292,194483
2021-02-14,Mexico,North America,53192,2051541,6731,201214
2021-02-21,Mexico,North America,43136,2094677,5321,206535
2021-02-28,Mexico,North America,42204,2136881,4449,210984
2021-03-07,Mexico,North America,40192,2177073,3889,214873
2021-03-14,Mexico,North America,34305,2211378,3411,218284
2021-03-21,Mexico,North America,28302,2239680,2881,221165
2021-03-28,Mexico,North America,28664,2268344,2442,223607
2021-04-04,Mexico,North America,21218,2289562,2273,225880
2021-04-11,Mexico,North America,26011,2315573,2060,227940
2021-04-18,Mexico,North America,23767,2339340,1923,229863
2021-04-25,Mexico,North America,20925,2360265,1611,231474
2021-05-02,Mexico,North America,19142,2379407,1400,232874
2021-05-09,Mexico,North America,16175,2395582,1164,234038
2021-05-16,Mexico,North America,14482,2410064,963,235001
2021-05-23,Mexico,North America,14750,2424814,827,235828
2021-05-30,Mexico,North America,15313,2440127,746,236574
2021-06-06,Mexico,North America,16193,2456320,654,237228
2021-06-13,Mexico,North America,19451,2475771,708,237936
2021-06-20,Mexico,North America,22779,2498550,686,238622
2021-06-27,Mexico,North America,29738,2528288,769,239391
2021-07-04,Mexico,North America,37423,2565711,931,240322
2021-07-11,Mexico,North America,55106,2620817,1114,241436
2021-07-18,Mexico,North America,78515,2699332,1460,242896
2021-07-25,Mexico,North America,102995,2802327,2197,245093
2021-08-01,Mexico,North America,122311,2924638,3135,248228
2021-08-08,Mexico,North America,128282,3052920,4191,252419
2021-08-15,Mexico,North America,135141,3188061,4909,257328
2021-08-22,Mexico,North America,120883,3308944,5528,262856
2021-08-29,Mexico,North America,103015,3411959,5539,268395
2021-09-05,Mexico,North America,87342,3499301,5103,273498
2021-09-12,Mexico,North America,76284,3575585,4561,278059
2021-09-19,Mexico,North America,57961,3633546,3950,282009
2021-09-26,Mexico,North America,58868,3692414,3416,285425
2021-10-03,Mexico,North America,44758,3737172,2863,288288
2021-10-10,Mexico,North America,36194,3773366,2389,290677
2021-10-17,Mexico,North America,31059,3804425,2006,292683
2021-10-24,Mexico,North America,25762,3830187,1633,294316
2021-10-31,Mexico,North America,23445,3853632,1375,295691
2021-11-07,Mexico,North America,18907,3872539,1159,296850
2021-11-14,Mexico,North America,20001,3892540,1012,297862
2021-11-21,Mexico,North America,17228,3909768,965,298827
2021-11-28,Mexico,North America,19349,3929117,927,299754
2021-12-05,Mexico,North America,18247,3947364,940,300694
2021-12-12,Mexico,North America,17484,3964848,903,301597
2021-12-19,Mexico,North America,16128,3980976,848,302445
2021-12-26,Mexico,North America,21003,4001979,810,303255
2022-01-02,Mexico,North America,56920,4058899,770,304025
2022-01-09,Mexico,North America,194803,4253702,909,304934
2022-01-16,Mexico,North America,406782,4660484,1385,306319
2022-01-23,Mexico,North America,406815,5067299,2395,308714
2022-01-30,Mexico,North America,282729,5350028,3603,312317
2022-02-06,Mexico,North America,166547,5516575,3901,316218
2022-02-13,Mexico,North America,86372,5602947,3308,319526
2022-02-20,Mexico,North America,61576,5664523,2385,321911
2022-02-27,Mexico,North America,37281,5701804,1571,323482
2022-03-06,Mexico,North America,21369,5723173,930,324412
2022-03-13,Mexico,North America,14069,5737242,532,324944
2022-03-20,Mexico,North America,10068,5747310,349,325293
2022-03-27,Mexico,North America,6920,5754230,209,325502
2022-04-03,Mexico,North America,6523,5760753,153,325655
2022-04-10,Mexico,North America,4757,5765510,117,325772
2022-04-17,Mexico,North America,3205,5768715,71,325843
2022-04-24,Mexico,North America,3846,5772561,70,325913
2022-05-01,Mexico,North America,3993,5776554,41,325954
2022-05-08,Mexico,North America,4324,5780878,42,325996
2022-05-15,Mexico,North America,5359,5786237,34,326030
2022-05-22,Mexico,North America,7750,5793987,40,326070
2022-05-29,Mexico,North America,12237,5806224,38,326108
2022-06-05,Mexico,North America,19550,5825774,35,326143
2022-06-12,Mexico,North America,34371,5860145,37,326180
2022-06-19,Mexico,North America,55313,5915458,76,326256
2022-06-26,Mexico,North America,97266,6012724,118,326374
2022-07-03,Mexico,North America,152465,6165189,186,326560
2022-07-10,Mexico,North America,200105,6365294,315,326875
2022-07-17,Mexico,North America,213873,6579167,559,327434
2022-07-24,Mexico,North America,179987,6759154,607,328041
2022-07-31,Mexico,North America,122038,6881192,638,328679
2022-08-07,Mexico,North America,80263,6961455,596,329275
2022-08-14,Mexico,North America,53654,7015109,423,329698
2022-08-21,Mexico,North America,33244,7048353,292,329990
2022-08-28,Mexico,North America,22956,7071309,231,330221
2022-09-04,Mexico,North America,16411,7087720,171,330392
2022-09-11,Mexico,North America,12055,7099775,105,330497
2022-09-18,Mexico,North America,7691,7107466,86,330583
2022-09-25,Mexico,North America,7673,7115139,55,330638
2022-10-02,Mexico,North America,5199,7120338,55,330693
2022-10-09,Mexico,North America,3878,7124216,53,330746
2022-10-16,Mexico,North America,2867,7127083,22,330768
2022-10-23,Mexico,North America,2657,7129740,25,330793
2022-10-30,Mexico,North America,2840,7132580,25,330818
2022-11-06,Mexico,North America,2896,7135476,24,330842
2022-11-13,Mexico,North America,4403,7139879,19,330861
2022-11-20,Mexico,North America,5670,7145549,33,330894
2022-11-27,Mexico,North America,7419,7152968,22,330916
2022-12-04,Mexico,North America,12749,7165717,61,330977
2022-12-11,Mexico,North America,19203,7184920,69,331046
2022-12-18,Mexico,North America,26720,7211640,117,331163
2022-12-25,Mexico,North America,33950,7245590,159,331322
2023-01-01,Mexico,North America,30816,7276406,206,331528
2023-01-08,Mexico,North America,31932,7308338,280,331808
2023-01-15,Mexico,North America,29637,7337975,301,332109
2023-01-22,Mexico,North America,25514,7363489,261,332370
2023-01-29,Mexico,North America,23596,7387085,251,332621
2023-02-05,Mexico,North America,20573,7407658,194,332815
2023-02-12,Mexico,North America,18694,7426352,148,332963
2023-02-19,Mexico,North America,19702,7446054,170,333133
2023-02-26,Mexico,North America,20305,7466359,117,333250
2023-03-05,Mexico,North America,19418,7485777,98,333348
2023-03-12,Mexico,North America,20313,7506090,107,333455
2023-03-19,Mexico,North America,19021,7525111,74,333529
2023-03-26,Mexico,North America,15357,7540468,111,333640
2023-04-02,Mexico,North America,15113,7555581,96,333736
2023-04-09,Mexico,North America,8608,7564189,84,333820
2023-04-16,Mexico,North America,9869,7574058,69,333889
2023-04-23,Mexico,North America,9401,7583459,73,333962
2023-04-30,Mexico,North America,9419,7592878,72,334034
2023-05-07,Mexico,North America,8109,7600987,54,334088
2023-05-14,Mexico,North America,7429,7608416,38,334126
2023-05-21,Mexico,North America,0,7608416,0,334126
2023-05-28,Mexico,North America,0,7608416,0,334126
2023-06-04,Mexico,North America,0,7608416,0,334126
2023-06-11,Mexico,North America,0,7608416,0,334126
2023-06-18,Mexico,North America,0,7608416,0,334126
2023-06-25,Mexico,North America,0,7608416,0,334126
2023-07-02,Mexico,North America,0,7608416,0,334126
2023-07-09,Mexico,North America,0,7608416,0,334126
2023-07-16,Mexico,North America,0,7608416,0,334126
2023-07-23,Mexico,North America,0,7608416,0,334126
2023-07-30,Mexico,North America,0,7608416,0,334126
2023-08-06,Mexico,North America,0,7608416,0,334126
2023-08-13,Mexico,North America,0,7608416,0,334126
2023-08-20,Mexico,North America,0,7608416,0,334126
2023-08-27,Mexico,North America,0,7608416,0,334126
2023-09-03,Mexico,North America,0,7608416,0,334126
2023-09-10,Mexico,North America,0,7608416,0,334126
2023-09-17,Mexico,North America,0,7608416,0,334126
2023-09-24,Mexico,North America,0,7608416,0,334126
2023-10-01,Mexico,North America,0,7608416,0,334126
2023-10-08,Mexico,North America,0,7608416,0,334126
2023-10-15,Mexico,North America,0,7608416,0,334126
2023-10-22,Mexico,North America,0,7608416,0,334126
2023-10-29,Mexico,North America,0,7608416,0,334126
2023-11-05,Mexico,North America,0,7608416,0,334126
2023-11-12,Mexico,North America,0,7608416,0,334126
2023-11-19,Mexico,North America,0,7608416,0,334126
2023-11-26,Mexico,North America,0,7608416,0,334126
2023-12-03,Mexico,North America,0,7608416,0,334126
2023-12-10,Mexico,North America,0,7608416,0,334126
2023-12-17,Mexico,North America,0,7608416,0,334126
2023-12-24,Mexico,North America,0,7608416,0,334126
2023-12-31,Mexico,North America,0,7608416,0,334126
2024-01-07,Mexico,North America,208,7608624,5,334131
2024-01-14,Mexico,North America,303,7608927,10,334141
2024-01-21,Mexico,North America,548,7609475,15,334156
2024-01-28,Mexico,North America,625,7610100,23,334179
2024-02-04,Mexico,North America,661,7610761,20,334199
2024-02-11,Mexico,North America,731,7611492,21,334220
2024-02-18,Mexico,North America,678,7612170,23,334243
2024-02-25,Mexico,North America,610,7612780,23,334266
2024-03-03,Mexico,North America,551,7613331,25,334291
2024-03-10,Mexico,North America,388,7613719,38,334329
2024-03-17,Mexico,North America,261,7613980,18,334347
2024-03-24,Mexico,North America,220,7614200,26,334373
2024-03-31,Mexico,North America,145,7614345,13,334386
2024-04-07,Mexico,North America,208,7614553,14,334400
2024-04-14,Mexico,North America,135,7614688,9,334409
2024-04-21,Mexico,North America,142,7614830,9,334418
2024-04-28,Mexico,North America,124,7614954,10,334428
2024-05-05,Mexico,North America,93,7615047,9,334437
2024-05-12,Mexico,North America,110,7615157,7,334444
2024-05-19,Mexico,North America,142,7615299,13,334457
2024-05-26,Mexico,North America,126,7615425,12,334469
2024-06-02,Mexico,North America,123,7615548,9,334478
2024-06-09,Mexico,North America,147,7615695,11,334489
2024-06-16,Mexico,North America,185,7615880,6,334495
2024-06-23,Mexico,North America,199,7616079,12,334507
2024-06-30,Mexico,North America,265,7616344,5,334512
2024-07-07,Mexico,North America,409,7616753,11,334523
2024-07-14,Mexico,North America,546,7617299,13,334536
2024-07-21,Mexico,North America,968,7618267,19,334555
2024-07-28,Mexico,North America,908,7619175,26,334581
2024-08-04,Mexico,North America,688,7619863,29,334610
2024-08-11,Mexico,North America,626,7620489,31,334641
2024-08-18,Mexico,North America,476,7620965,20,334661
2024-08-25,Mexico,North America,324,7621289,12,334673
2024-09-01,Mexico,North America,118,7621407,0,334673
2020-01-05,Micronesia (Federated States of),island,0,0,0,0
2020-01-12,Micronesia (Federated States of),island,0,0,0,0
2020-01-19,Micronesia (Federated States of),island,0,0,0,0
2020-01-26,Micronesia (Federated States of),island,0,0,0,0
2020-02-02,Micronesia (Federated States of),island,0,0,0,0
2020-02-09,Micronesia (Federated States of),island,0,0,0,0
2020-02-16,Micronesia (Federated States of),island,0,0,0,0
2020-02-23,Micronesia (Federated States of),island,0,0,0,0
2020-03-01,Micronesia (Federated States of),island,0,0,0,0
2020-03-08,Micronesia (Federated States of),island,0,0,0,0
2020-03-15,Micronesia (Federated States of),island,0,0,0,0
2020-03-22,Micronesia (Federated States of),island,0,0,0,0
2020-03-29,Micronesia (Federated States of),island,0,0,0,0
2020-04-05,Micronesia (Federated States of),island,0,0,0,0
2020-04-12,Micronesia (Federated States of),island,0,0,0,0
2020-04-19,Micronesia (Federated States of),island,0,0,0,0
2020-04-26,Micronesia (Federated States of),island,0,0,0,0
2020-05-03,Micronesia (Federated States of),island,0,0,0,0
2020-05-10,Micronesia (Federated States of),island,0,0,0,0
2020-05-17,Micronesia (Federated States of),island,0,0,0,0
2020-05-24,Micronesia (Federated States of),island,0,0,0,0
2020-05-31,Micronesia (Federated States of),island,0,0,0,0
2020-06-07,Micronesia (Federated States of),island,0,0,0,0
2020-06-14,Micronesia (Federated States of),island,0,0,0,0
2020-06-21,Micronesia (Federated States of),island,0,0,0,0
2020-06-28,Micronesia (Federated States of),island,0,0,0,0
2020-07-05,Micronesia (Federated States of),island,0,0,0,0
2020-07-12,Micronesia (Federated States of),island,0,0,0,0
2020-07-19,Micronesia (Federated States of),island,0,0,0,0
2020-07-26,Micronesia (Federated States of),island,0,0,0,0
2020-08-02,Micronesia (Federated States of),island,0,0,0,0
2020-08-09,Micronesia (Federated States of),island,0,0,0,0
2020-08-16,Micronesia (Federated States of),island,0,0,0,0
2020-08-23,Micronesia (Federated States of),island,0,0,0,0
2020-08-30,Micronesia (Federated States of),island,0,0,0,0
2020-09-06,Micronesia (Federated States of),island,0,0,0,0
2020-09-13,Micronesia (Federated States of),island,0,0,0,0
2020-09-20,Micronesia (Federated States of),island,0,0,0,0
2020-09-27,Micronesia (Federated States of),island,0,0,0,0
2020-10-04,Micronesia (Federated States of),island,0,0,0,0
2020-10-11,Micronesia (Federated States of),island,0,0,0,0
2020-10-18,Micronesia (Federated States of),island,0,0,0,0
2020-10-25,Micronesia (Federated States of),island,0,0,0,0
2020-11-01,Micronesia (Federated States of),island,0,0,0,0
2020-11-08,Micronesia (Federated States of),island,0,0,0,0
2020-11-15,Micronesia (Federated States of),island,0,0,0,0
2020-11-22,Micronesia (Federated States of),island,0,0,0,0
2020-11-29,Micronesia (Federated States of),island,0,0,0,0
2020-12-06,Micronesia (Federated States of),island,0,0,0,0
2020-12-13,Micronesia (Federated States of),island,0,0,0,0
2020-12-20,Micronesia (Federated States of),island,0,0,0,0
2020-12-27,Micronesia (Federated States of),island,0,0,0,0
2021-01-03,Micronesia (Federated States of),island,0,0,0,0
2021-01-10,Micronesia (Federated States of),island,0,0,0,0
2021-01-17,Micronesia (Federated States of),island,0,0,0,0
2021-01-24,Micronesia (Federated States of),island,0,0,0,0
2021-01-31,Micronesia (Federated States of),island,0,0,0,0
2021-02-07,Micronesia (Federated States of),island,0,0,0,0
2021-02-14,Micronesia (Federated States of),island,0,0,0,0
2021-02-21,Micronesia (Federated States of),island,0,0,0,0
2021-02-28,Micronesia (Federated States of),island,0,0,0,0
2021-03-07,Micronesia (Federated States of),island,0,0,0,0
2021-03-14,Micronesia (Federated States of),island,0,0,0,0
2021-03-21,Micronesia (Federated States of),island,0,0,0,0
2021-03-28,Micronesia (Federated States of),island,0,0,0,0
2021-04-04,Micronesia (Federated States of),island,0,0,0,0
2021-04-11,Micronesia (Federated States of),island,0,0,0,0
2021-04-18,Micronesia (Federated States of),island,0,0,0,0
2021-04-25,Micronesia (Federated States of),island,0,0,0,0
2021-05-02,Micronesia (Federated States of),island,0,0,0,0
2021-05-09,Micronesia (Federated States of),island,0,0,0,0
2021-05-16,Micronesia (Federated States of),island,0,0,0,0
2021-05-23,Micronesia (Federated States of),island,0,0,0,0
2021-05-30,Micronesia (Federated States of),island,0,0,0,0
2021-06-06,Micronesia (Federated States of),island,0,0,0,0
2021-06-13,Micronesia (Federated States of),island,0,0,0,0
2021-06-20,Micronesia (Federated States of),island,0,0,0,0
2021-06-27,Micronesia (Federated States of),island,0,0,0,0
2021-07-04,Micronesia (Federated States of),island,0,0,0,0
2021-07-11,Micronesia (Federated States of),island,0,0,0,0
2021-07-18,Micronesia (Federated States of),island,0,0,0,0
2021-07-25,Micronesia (Federated States of),island,0,0,0,0
2021-08-01,Micronesia (Federated States of),island,0,0,0,0
2021-08-08,Micronesia (Federated States of),island,0,0,0,0
2021-08-15,Micronesia (Federated States of),island,0,0,0,0
2021-08-22,Micronesia (Federated States of),island,0,0,0,0
2021-08-29,Micronesia (Federated States of),island,0,0,0,0
2021-09-05,Micronesia (Federated States of),island,0,0,0,0
2021-09-12,Micronesia (Federated States of),island,0,0,0,0
2021-09-19,Micronesia (Federated States of),island,0,0,0,0
2021-09-26,Micronesia (Federated States of),island,0,0,0,0
2021-10-03,Micronesia (Federated States of),island,0,0,0,0
2021-10-10,Micronesia (Federated States of),island,0,0,0,0
2021-10-17,Micronesia (Federated States of),island,0,0,0,0
2021-10-24,Micronesia (Federated States of),island,0,0,0,0
2021-10-31,Micronesia (Federated States of),island,0,0,0,0
2021-11-07,Micronesia (Federated States of),island,0,0,0,0
2021-11-14,Micronesia (Federated States of),island,0,0,0,0
2021-11-21,Micronesia (Federated States of),island,0,0,0,0
2021-11-28,Micronesia (Federated States of),island,0,0,0,0
2021-12-05,Micronesia (Federated States of),island,0,0,0,0
2021-12-12,Micronesia (Federated States of),island,0,0,0,0
2021-12-19,Micronesia (Federated States of),island,0,0,0,0
2021-12-26,Micronesia (Federated States of),island,0,0,0,0
2022-01-02,Micronesia (Federated States of),island,0,0,0,0
2022-01-09,Micronesia (Federated States of),island,0,0,0,0
2022-01-16,Micronesia (Federated States of),island,0,0,0,0
2022-01-23,Micronesia (Federated States of),island,0,0,0,0
2022-01-30,Micronesia (Federated States of),island,0,0,0,0
2022-02-06,Micronesia (Federated States of),island,0,0,0,0
2022-02-13,Micronesia (Federated States of),island,0,0,0,0
2022-02-20,Micronesia (Federated States of),island,0,0,0,0
2022-02-27,Micronesia (Federated States of),island,0,0,0,0
2022-03-06,Micronesia (Federated States of),island,0,0,0,0
2022-03-13,Micronesia (Federated States of),island,0,0,0,0
2022-03-20,Micronesia (Federated States of),island,0,0,0,0
2022-03-27,Micronesia (Federated States of),island,0,0,0,0
2022-04-03,Micronesia (Federated States of),island,0,0,0,0
2022-04-10,Micronesia (Federated States of),island,0,0,0,0
2022-04-17,Micronesia (Federated States of),island,0,0,0,0
2022-04-24,Micronesia (Federated States of),island,2,2,0,0
2022-05-01,Micronesia (Federated States of),island,5,7,0,0
2022-05-08,Micronesia (Federated States of),island,0,7,0,0
2022-05-15,Micronesia (Federated States of),island,0,7,0,0
2022-05-22,Micronesia (Federated States of),island,23,30,0,0
2022-05-29,Micronesia (Federated States of),island,0,30,0,0
2022-06-05,Micronesia (Federated States of),island,8,38,0,0
2022-06-12,Micronesia (Federated States of),island,0,38,0,0
2022-06-19,Micronesia (Federated States of),island,0,38,0,0
2022-06-26,Micronesia (Federated States of),island,0,38,0,0
2022-07-03,Micronesia (Federated States of),island,0,38,0,0
2022-07-10,Micronesia (Federated States of),island,0,38,0,0
2022-07-17,Micronesia (Federated States of),island,0,38,0,0
2022-07-24,Micronesia (Federated States of),island,111,149,1,1
2022-07-31,Micronesia (Federated States of),island,5109,5258,9,10
2022-08-07,Micronesia (Federated States of),island,1176,6434,6,16
2022-08-14,Micronesia (Federated States of),island,447,6881,5,21
2022-08-21,Micronesia (Federated States of),island,0,6881,0,21
2022-08-28,Micronesia (Federated States of),island,182,7063,5,26
2022-09-04,Micronesia (Federated States of),island,1486,8549,1,27
2022-09-11,Micronesia (Federated States of),island,827,9376,2,29
2022-09-18,Micronesia (Federated States of),island,660,10036,2,31
2022-09-25,Micronesia (Federated States of),island,47,10083,0,31
2022-10-02,Micronesia (Federated States of),island,4383,14466,2,33
2022-10-09,Micronesia (Federated States of),island,6367,20833,18,51
2022-10-16,Micronesia (Federated States of),island,982,21815,4,55
2022-10-23,Micronesia (Federated States of),island,217,22032,0,55
2022-10-30,Micronesia (Federated States of),island,0,22032,0,55
2022-11-06,Micronesia (Federated States of),island,0,22032,0,55
2022-11-13,Micronesia (Federated States of),island,0,22032,0,55
2022-11-20,Micronesia (Federated States of),island,2,22034,3,58
2022-11-27,Micronesia (Federated States of),island,2,22036,0,58
2022-12-04,Micronesia (Federated States of),island,0,22036,0,58
2022-12-11,Micronesia (Federated States of),island,0,22036,0,58
2022-12-18,Micronesia (Federated States of),island,12,22048,0,58
2022-12-25,Micronesia (Federated States of),island,21,22069,0,58
2023-01-01,Micronesia (Federated States of),island,165,22234,0,58
2023-01-08,Micronesia (Federated States of),island,13,22247,0,58
2023-01-15,Micronesia (Federated States of),island,1219,23466,0,58
2023-01-22,Micronesia (Federated States of),island,0,23466,0,58
2023-01-29,Micronesia (Federated States of),island,205,23671,0,58
2023-02-05,Micronesia (Federated States of),island,0,23671,2,60
2023-02-12,Micronesia (Federated States of),island,277,23948,1,61
2023-02-19,Micronesia (Federated States of),island,0,23948,0,61
2023-02-26,Micronesia (Federated States of),island,0,23948,0,61
2023-03-05,Micronesia (Federated States of),island,247,24195,2,63
2023-03-12,Micronesia (Federated States of),island,0,24195,0,63
2023-03-19,Micronesia (Federated States of),island,1066,25261,0,63
2023-03-26,Micronesia (Federated States of),island,442,25703,0,63
2023-04-02,Micronesia (Federated States of),island,0,25703,0,63
2023-04-09,Micronesia (Federated States of),island,226,25929,0,63
2023-04-16,Micronesia (Federated States of),island,115,26044,1,64
2023-04-23,Micronesia (Federated States of),island,36,26080,0,64
2023-04-30,Micronesia (Federated States of),island,0,26080,0,64
2023-05-07,Micronesia (Federated States of),island,373,26453,0,64
2023-05-14,Micronesia (Federated States of),island,0,26453,1,65
2023-05-21,Micronesia (Federated States of),island,5,26458,0,65
2023-05-28,Micronesia (Federated States of),island,0,26458,0,65
2023-06-04,Micronesia (Federated States of),island,0,26458,0,65
2023-06-11,Micronesia (Federated States of),island,1,26459,0,65
2023-06-18,Micronesia (Federated States of),island,0,26459,0,65
2023-06-25,Micronesia (Federated States of),island,0,26459,0,65
2023-07-02,Micronesia (Federated States of),island,1,26460,0,65
2023-07-09,Micronesia (Federated States of),island,2,26462,0,65
2023-07-16,Micronesia (Federated States of),island,4,26466,0,65
2023-07-23,Micronesia (Federated States of),island,6,26472,0,65
2023-07-30,Micronesia (Federated States of),island,0,26472,0,65
2023-08-06,Micronesia (Federated States of),island,0,26472,0,65
2023-08-13,Micronesia (Federated States of),island,69,26541,0,65
2023-08-20,Micronesia (Federated States of),island,0,26541,0,65
2023-08-27,Micronesia (Federated States of),island,0,26541,0,65
2023-09-03,Micronesia (Federated States of),island,0,26541,0,65
2023-09-10,Micronesia (Federated States of),island,5,26546,0,65
2023-09-17,Micronesia (Federated States of),island,1,26547,0,65
2023-09-24,Micronesia (Federated States of),island,0,26547,0,65
2023-10-01,Micronesia (Federated States of),island,0,26547,0,65
2023-10-08,Micronesia (Federated States of),island,0,26547,0,65
2023-10-15,Micronesia (Federated States of),island,0,26547,0,65
2023-10-22,Micronesia (Federated States of),island,0,26547,0,65
2023-10-29,Micronesia (Federated States of),island,0,26547,0,65
2023-11-05,Micronesia (Federated States of),island,0,26547,0,65
2023-11-12,Micronesia (Federated States of),island,0,26547,0,65
2023-11-19,Micronesia (Federated States of),island,0,26547,0,65
2023-11-26,Micronesia (Federated States of),island,0,26547,0,65
2023-12-03,Micronesia (Federated States of),island,0,26547,0,65
2023-12-10,Micronesia (Federated States of),island,0,26547,0,65
2023-12-17,Micronesia (Federated States of),island,0,26547,0,65
2023-12-24,Micronesia (Federated States of),island,0,26547,0,65
2023-12-31,Micronesia (Federated States of),island,0,26547,0,65
2024-01-07,Micronesia (Federated States of),island,0,26547,0,65
2024-01-14,Micronesia (Federated States of),island,0,26547,0,65
2024-01-21,Micronesia (Federated States of),island,0,26547,0,65
2024-01-28,Micronesia (Federated States of),island,0,26547,0,65
2024-02-04,Micronesia (Federated States of),island,0,26547,0,65
2024-02-11,Micronesia (Federated States of),island,0,26547,0,65
2024-02-18,Micronesia (Federated States of),island,0,26547,0,65
2024-02-25,Micronesia (Federated States of),island,0,26547,0,65
2024-03-03,Micronesia (Federated States of),island,0,26547,0,65
2024-03-10,Micronesia (Federated States of),island,0,26547,0,65
2024-03-17,Micronesia (Federated States of),island,0,26547,0,65
2024-03-24,Micronesia (Federated States of),island,0,26547,0,65
2024-03-31,Micronesia (Federated States of),island,0,26547,0,65
2024-04-07,Micronesia (Federated States of),island,0,26547,0,65
2024-04-14,Micronesia (Federated States of),island,0,26547,0,65
2024-04-21,Micronesia (Federated States of),island,0,26547,0,65
2024-04-28,Micronesia (Federated States of),island,0,26547,0,65
2024-05-05,Micronesia (Federated States of),island,0,26547,0,65
2024-05-12,Micronesia (Federated States of),island,0,26547,0,65
2024-05-19,Micronesia (Federated States of),island,0,26547,0,65
2024-05-26,Micronesia (Federated States of),island,0,26547,0,65
2024-06-02,Micronesia (Federated States of),island,-87,26460,0,65
2024-06-09,Micronesia (Federated States of),island,0,26460,0,65
2024-06-16,Micronesia (Federated States of),island,0,26460,0,65
2024-06-23,Micronesia (Federated States of),island,0,26460,0,65
2024-06-30,Micronesia (Federated States of),island,0,26460,0,65
2024-07-07,Micronesia (Federated States of),island,5305,31765,-3,62
2024-07-14,Micronesia (Federated States of),island,0,31765,0,62
2024-07-21,Micronesia (Federated States of),island,0,31765,0,62
2024-07-28,Micronesia (Federated States of),island,0,31765,0,62
2024-08-04,Micronesia (Federated States of),island,0,31765,0,62
2024-08-11,Micronesia (Federated States of),island,0,31765,0,62
2024-08-18,Micronesia (Federated States of),island,0,31765,0,62
2024-08-25,Micronesia (Federated States of),island,0,31765,0,62
2024-09-01,Micronesia (Federated States of),island,0,31765,0,62
2020-01-05,Monaco,Europe,0,0,0,0
2020-01-12,Monaco,Europe,1,1,0,0
2020-01-19,Monaco,Europe,0,1,0,0
2020-01-26,Monaco,Europe,0,1,0,0
2020-02-02,Monaco,Europe,0,1,0,0
2020-02-09,Monaco,Europe,0,1,0,0
2020-02-16,Monaco,Europe,0,1,0,0
2020-02-23,Monaco,Europe,0,1,0,0
2020-03-01,Monaco,Europe,1,2,0,0
2020-03-08,Monaco,Europe,0,2,0,0
2020-03-15,Monaco,Europe,5,7,0,0
2020-03-22,Monaco,Europe,5,12,0,0
2020-03-29,Monaco,Europe,15,27,0,0
2020-04-05,Monaco,Europe,14,41,0,0
2020-04-12,Monaco,Europe,12,53,1,1
2020-04-19,Monaco,Europe,1,54,0,1
2020-04-26,Monaco,Europe,2,56,0,1
2020-05-03,Monaco,Europe,0,56,0,1
2020-05-10,Monaco,Europe,0,56,0,1
2020-05-17,Monaco,Europe,1,57,0,1
2020-05-24,Monaco,Europe,2,59,0,1
2020-05-31,Monaco,Europe,0,59,0,1
2020-06-07,Monaco,Europe,0,59,0,1
2020-06-14,Monaco,Europe,0,59,0,1
2020-06-21,Monaco,Europe,0,59,0,1
2020-06-28,Monaco,Europe,2,61,0,1
2020-07-05,Monaco,Europe,5,66,0,1
2020-07-12,Monaco,Europe,2,68,0,1
2020-07-19,Monaco,Europe,0,68,0,1
2020-07-26,Monaco,Europe,3,71,0,1
2020-08-02,Monaco,Europe,3,74,0,1
2020-08-09,Monaco,Europe,3,77,0,1
2020-08-16,Monaco,Europe,6,83,0,1
2020-08-23,Monaco,Europe,18,101,0,1
2020-08-30,Monaco,Europe,22,123,0,1
2020-09-06,Monaco,Europe,24,147,0,1
2020-09-13,Monaco,Europe,13,160,0,1
2020-09-20,Monaco,Europe,14,174,0,1
2020-09-27,Monaco,Europe,8,182,1,2
2020-10-04,Monaco,Europe,9,191,0,2
2020-10-11,Monaco,Europe,14,205,0,2
2020-10-18,Monaco,Europe,22,227,0,2
2020-10-25,Monaco,Europe,32,259,0,2
2020-11-01,Monaco,Europe,55,314,0,2
2020-11-08,Monaco,Europe,55,369,0,2
2020-11-15,Monaco,Europe,54,423,0,2
2020-11-22,Monaco,Europe,28,451,1,3
2020-11-29,Monaco,Europe,18,469,0,3
2020-12-06,Monaco,Europe,20,489,0,3
2020-12-13,Monaco,Europe,31,520,0,3
2020-12-20,Monaco,Europe,64,584,0,3
2020-12-27,Monaco,Europe,61,645,0,3
2021-01-03,Monaco,Europe,119,764,1,4
2021-01-10,Monaco,Europe,124,888,1,5
2021-01-17,Monaco,Europe,141,1029,3,8
2021-01-24,Monaco,Europe,154,1183,1,9
2021-01-31,Monaco,Europe,127,1310,3,12
2021-02-07,Monaco,Europe,159,1469,8,20
2021-02-14,Monaco,Europe,113,1582,1,21
2021-02-21,Monaco,Europe,110,1692,1,22
2021-02-28,Monaco,Europe,82,1774,2,24
2021-03-07,Monaco,Europe,72,1846,2,26
2021-03-14,Monaco,Europe,83,1929,1,27
2021-03-21,Monaco,Europe,66,1995,0,27
2021-03-28,Monaco,Europe,83,2078,1,28
2021-04-04,Monaco,Europe,66,2144,1,29
2021-04-11,Monaco,Europe,42,2186,2,31
2021-04-18,Monaco,Europe,24,2210,0,31
2021-04-25,Monaco,Europe,35,2245,0,31
2021-05-02,Monaco,Europe,32,2277,1,32
2021-05-09,Monaco,Europe,27,2304,0,32
2021-05-16,Monaco,Europe,14,2318,0,32
2021-05-23,Monaco,Europe,8,2326,0,32
2021-05-30,Monaco,Europe,3,2329,0,32
2021-06-06,Monaco,Europe,4,2333,1,33
2021-06-13,Monaco,Europe,17,2350,0,33
2021-06-20,Monaco,Europe,18,2368,0,33
2021-06-27,Monaco,Europe,18,2386,0,33
2021-07-04,Monaco,Europe,17,2403,0,33
2021-07-11,Monaco,Europe,43,2446,0,33
2021-07-18,Monaco,Europe,62,2508,0,33
2021-07-25,Monaco,Europe,120,2628,0,33
2021-08-01,Monaco,Europe,105,2733,0,33
2021-08-08,Monaco,Europe,109,2842,0,33
2021-08-15,Monaco,Europe,75,2917,2,35
2021-08-22,Monaco,Europe,84,3001,0,35
2021-08-29,Monaco,Europe,48,3049,0,35
2021-09-05,Monaco,Europe,51,3100,0,35
2021-09-12,Monaco,Europe,32,3132,0,35
2021-09-19,Monaco,Europe,15,3147,0,35
2021-09-26,Monaco,Europe,13,3160,0,35
2021-10-03,Monaco,Europe,12,3172,0,35
2021-10-10,Monaco,Europe,16,3188,0,35
2021-10-17,Monaco,Europe,23,3211,0,35
2021-10-24,Monaco,Europe,32,3243,0,35
2021-10-31,Monaco,Europe,25,3268,1,36
2021-11-07,Monaco,Europe,20,3288,0,36
2021-11-14,Monaco,Europe,37,3325,0,36
2021-11-21,Monaco,Europe,67,3392,0,36
2021-11-28,Monaco,Europe,156,3548,0,36
2021-12-05,Monaco,Europe,156,3704,0,36
2021-12-12,Monaco,Europe,196,3900,0,36
2021-12-19,Monaco,Europe,328,4228,0,36
2021-12-26,Monaco,Europe,377,4605,2,38
2022-01-02,Monaco,Europe,523,5128,1,39
2022-01-09,Monaco,Europe,943,6071,3,42
2022-01-16,Monaco,Europe,913,6984,2,44
2022-01-23,Monaco,Europe,949,7933,1,45
2022-01-30,Monaco,Europe,696,8629,1,46
2022-02-06,Monaco,Europe,467,9096,2,48
2022-02-13,Monaco,Europe,249,9345,2,50
2022-02-20,Monaco,Europe,171,9516,1,51
2022-02-27,Monaco,Europe,201,9717,0,51
2022-03-06,Monaco,Europe,178,9895,0,51
2022-03-13,Monaco,Europe,265,10160,1,52
2022-03-20,Monaco,Europe,374,10534,2,54
2022-03-27,Monaco,Europe,421,10955,0,54
2022-04-03,Monaco,Europe,334,11289,0,54
2022-04-10,Monaco,Europe,334,11623,1,55
2022-04-17,Monaco,Europe,274,11897,1,56
2022-04-24,Monaco,Europe,203,12100,1,57
2022-05-01,Monaco,Europe,172,12272,0,57
2022-05-08,Monaco,Europe,156,12428,0,57
2022-05-15,Monaco,Europe,90,12518,0,57
2022-05-22,Monaco,Europe,86,12604,0,57
2022-05-29,Monaco,Europe,62,12666,0,57
2022-06-05,Monaco,Europe,144,12810,0,57
2022-06-12,Monaco,Europe,191,13001,0,57
2022-06-19,Monaco,Europe,161,13162,0,57
2022-06-26,Monaco,Europe,207,13369,0,57
2022-07-03,Monaco,Europe,334,13703,2,59
2022-07-10,Monaco,Europe,354,14057,1,60
2022-07-17,Monaco,Europe,291,14348,1,61
2022-07-24,Monaco,Europe,168,14516,0,61
2022-07-31,Monaco,Europe,111,14627,0,61
2022-08-07,Monaco,Europe,93,14720,0,61
2022-08-14,Monaco,Europe,98,14818,0,61
2022-08-21,Monaco,Europe,36,14854,0,61
2022-08-28,Monaco,Europe,41,14895,0,61
2022-09-04,Monaco,Europe,36,14931,0,61
2022-09-11,Monaco,Europe,33,14964,2,63
2022-09-18,Monaco,Europe,66,15030,0,63
2022-09-25,Monaco,Europe,56,15086,0,63
2022-10-02,Monaco,Europe,86,15172,0,63
2022-10-09,Monaco,Europe,87,15259,0,63
2022-10-16,Monaco,Europe,81,15340,0,63
2022-10-23,Monaco,Europe,80,15420,1,64
2022-10-30,Monaco,Europe,67,15487,1,65
2022-11-06,Monaco,Europe,63,15550,0,65
2022-11-13,Monaco,Europe,94,15644,0,65
2022-11-20,Monaco,Europe,93,15737,0,65
2022-11-27,Monaco,Europe,152,15889,0,65
2022-12-04,Monaco,Europe,209,16098,0,65
2022-12-11,Monaco,Europe,175,16273,0,65
2022-12-18,Monaco,Europe,100,16373,0,65
2022-12-25,Monaco,Europe,66,16439,0,65
2023-01-01,Monaco,Europe,37,16476,0,65
2023-01-08,Monaco,Europe,47,16523,0,65
2023-01-15,Monaco,Europe,23,16546,0,65
2023-01-22,Monaco,Europe,18,16564,0,65
2023-01-29,Monaco,Europe,13,16577,0,65
2023-02-05,Monaco,Europe,31,16608,2,67
2023-02-12,Monaco,Europe,14,16622,0,67
2023-02-19,Monaco,Europe,7,16629,0,67
2023-02-26,Monaco,Europe,5,16634,0,67
2023-03-05,Monaco,Europe,6,16640,0,67
2023-03-12,Monaco,Europe,7,16647,0,67
2023-03-19,Monaco,Europe,24,16671,0,67
2023-03-26,Monaco,Europe,15,16686,0,67
2023-04-02,Monaco,Europe,19,16705,0,67
2023-04-09,Monaco,Europe,19,16724,0,67
2023-04-16,Monaco,Europe,15,16739,0,67
2023-04-23,Monaco,Europe,11,16750,0,67
2023-04-30,Monaco,Europe,5,16755,0,67
2023-05-07,Monaco,Europe,8,16763,0,67
2023-05-14,Monaco,Europe,12,16775,0,67
2023-05-21,Monaco,Europe,9,16784,0,67
2023-05-28,Monaco,Europe,9,16793,0,67
2023-06-04,Monaco,Europe,5,16798,0,67
2023-06-11,Monaco,Europe,16,16814,0,67
2023-06-18,Monaco,Europe,3,16817,0,67
2023-06-25,Monaco,Europe,9,16826,0,67
2023-07-02,Monaco,Europe,12,16838,0,67
2023-07-09,Monaco,Europe,2,16840,0,67
2023-07-16,Monaco,Europe,2,16842,0,67
2023-07-23,Monaco,Europe,6,16848,0,67
2023-07-30,Monaco,Europe,4,16852,0,67
2023-08-06,Monaco,Europe,6,16858,0,67
2023-08-13,Monaco,Europe,13,16871,0,67
2023-08-20,Monaco,Europe,10,16881,0,67
2023-08-27,Monaco,Europe,20,16901,0,67
2023-09-03,Monaco,Europe,17,16918,0,67
2023-09-10,Monaco,Europe,13,16931,0,67
2023-09-17,Monaco,Europe,13,16944,0,67
2023-09-24,Monaco,Europe,31,16975,0,67
2023-10-01,Monaco,Europe,26,17001,0,67
2023-10-08,Monaco,Europe,26,17027,0,67
2023-10-15,Monaco,Europe,22,17049,0,67
2023-10-22,Monaco,Europe,23,17072,0,67
2023-10-29,Monaco,Europe,18,17090,0,67
2023-11-05,Monaco,Europe,19,17109,0,67
2023-11-12,Monaco,Europe,11,17120,0,67
2023-11-19,Monaco,Europe,46,17166,0,67
2023-11-26,Monaco,Europe,15,17181,0,67
2023-12-03,Monaco,Europe,0,17181,0,67
2023-12-10,Monaco,Europe,0,17181,0,67
2023-12-17,Monaco,Europe,0,17181,0,67
2023-12-24,Monaco,Europe,0,17181,0,67
2023-12-31,Monaco,Europe,0,17181,0,67
2024-01-07,Monaco,Europe,0,17181,0,67
2024-01-14,Monaco,Europe,0,17181,0,67
2024-01-21,Monaco,Europe,0,17181,0,67
2024-01-28,Monaco,Europe,0,17181,0,67
2024-02-04,Monaco,Europe,0,17181,0,67
2024-02-11,Monaco,Europe,0,17181,0,67
2024-02-18,Monaco,Europe,0,17181,0,67
2024-02-25,Monaco,Europe,0,17181,0,67
2024-03-03,Monaco,Europe,0,17181,0,67
2024-03-10,Monaco,Europe,0,17181,0,67
2024-03-17,Monaco,Europe,0,17181,0,67
2024-03-24,Monaco,Europe,0,17181,0,67
2024-03-31,Monaco,Europe,0,17181,0,67
2024-04-07,Monaco,Europe,0,17181,0,67
2024-04-14,Monaco,Europe,0,17181,0,67
2024-04-21,Monaco,Europe,0,17181,0,67
2024-04-28,Monaco,Europe,0,17181,0,67
2024-05-05,Monaco,Europe,0,17181,0,67
2024-05-12,Monaco,Europe,0,17181,0,67
2024-05-19,Monaco,Europe,0,17181,0,67
2024-05-26,Monaco,Europe,0,17181,0,67
2024-06-02,Monaco,Europe,0,17181,0,67
2024-06-09,Monaco,Europe,0,17181,0,67
2024-06-16,Monaco,Europe,0,17181,0,67
2024-06-23,Monaco,Europe,0,17181,0,67
2024-06-30,Monaco,Europe,0,17181,0,67
2024-07-07,Monaco,Europe,0,17181,0,67
2024-07-14,Monaco,Europe,0,17181,0,67
2024-07-21,Monaco,Europe,0,17181,0,67
2024-07-28,Monaco,Europe,0,17181,0,67
2024-08-04,Monaco,Europe,0,17181,0,67
2024-08-11,Monaco,Europe,0,17181,0,67
2024-08-18,Monaco,Europe,0,17181,0,67
2024-08-25,Monaco,Europe,0,17181,0,67
2024-09-01,Monaco,Europe,0,17181,0,67
2020-01-05,Mongolia,Asia,0,0,0,0
2020-01-12,Mongolia,Asia,0,0,0,0
2020-01-19,Mongolia,Asia,0,0,0,0
2020-01-26,Mongolia,Asia,0,0,0,0
2020-02-02,Mongolia,Asia,0,0,0,0
2020-02-09,Mongolia,Asia,0,0,0,0
2020-02-16,Mongolia,Asia,0,0,0,0
2020-02-23,Mongolia,Asia,0,0,0,0
2020-03-01,Mongolia,Asia,0,0,0,0
2020-03-08,Mongolia,Asia,0,0,0,0
2020-03-15,Mongolia,Asia,1,1,0,0
2020-03-22,Mongolia,Asia,9,10,0,0
2020-03-29,Mongolia,Asia,2,12,0,0
2020-04-05,Mongolia,Asia,2,14,0,0
2020-04-12,Mongolia,Asia,2,16,0,0
2020-04-19,Mongolia,Asia,16,32,0,0
2020-04-26,Mongolia,Asia,6,38,0,0
2020-05-03,Mongolia,Asia,1,39,0,0
2020-05-10,Mongolia,Asia,3,42,0,0
2020-05-17,Mongolia,Asia,94,136,0,0
2020-05-24,Mongolia,Asia,5,141,0,0
2020-05-31,Mongolia,Asia,38,179,0,0
2020-06-07,Mongolia,Asia,14,193,0,0
2020-06-14,Mongolia,Asia,4,197,0,0
2020-06-21,Mongolia,Asia,7,204,0,0
2020-06-28,Mongolia,Asia,15,219,0,0
2020-07-05,Mongolia,Asia,1,220,0,0
2020-07-12,Mongolia,Asia,10,230,0,0
2020-07-19,Mongolia,Asia,57,287,0,0
2020-07-26,Mongolia,Asia,1,288,0,0
2020-08-02,Mongolia,Asia,5,293,0,0
2020-08-09,Mongolia,Asia,0,293,0,0
2020-08-16,Mongolia,Asia,5,298,0,0
2020-08-23,Mongolia,Asia,0,298,0,0
2020-08-30,Mongolia,Asia,3,301,0,0
2020-09-06,Mongolia,Asia,9,310,0,0
2020-09-13,Mongolia,Asia,1,311,0,0
2020-09-20,Mongolia,Asia,0,311,0,0
2020-09-27,Mongolia,Asia,2,313,0,0
2020-10-04,Mongolia,Asia,0,313,0,0
2020-10-11,Mongolia,Asia,2,315,0,0
2020-10-18,Mongolia,Asia,5,320,0,0
2020-10-25,Mongolia,Asia,17,337,0,0
2020-11-01,Mongolia,Asia,9,346,0,0
2020-11-08,Mongolia,Asia,11,357,0,0
2020-11-15,Mongolia,Asia,59,416,0,0
2020-11-22,Mongolia,Asia,213,629,0,0
2020-11-29,Mongolia,Asia,155,784,0,0
2020-12-06,Mongolia,Asia,65,849,0,0
2020-12-13,Mongolia,Asia,58,907,0,0
2020-12-20,Mongolia,Asia,54,961,1,1
2020-12-27,Mongolia,Asia,160,1121,0,1
2021-01-03,Mongolia,Asia,165,1286,0,1
2021-01-10,Mongolia,Asia,156,1442,0,1
2021-01-17,Mongolia,Asia,84,1526,0,1
2021-01-24,Mongolia,Asia,117,1643,1,2
2021-01-31,Mongolia,Asia,171,1814,0,2
2021-02-07,Mongolia,Asia,259,2073,0,2
2021-02-14,Mongolia,Asia,310,2383,0,2
2021-02-21,Mongolia,Asia,310,2693,0,2
2021-02-28,Mongolia,Asia,259,2952,0,2
2021-03-07,Mongolia,Asia,384,3336,1,3
2021-03-14,Mongolia,Asia,747,4083,1,4
2021-03-21,Mongolia,Asia,1103,5186,1,5
2021-03-28,Mongolia,Asia,2403,7589,1,6
2021-04-04,Mongolia,Asia,3231,10820,6,12
2021-04-11,Mongolia,Asia,4898,15718,11,23
2021-04-18,Mongolia,Asia,7166,22884,26,49
2021-04-25,Mongolia,Asia,8455,31339,34,83
2021-05-02,Mongolia,Asia,8042,39381,48,131
2021-05-09,Mongolia,Asia,6078,45459,34,165
2021-05-16,Mongolia,Asia,3716,49175,37,202
2021-05-23,Mongolia,Asia,3925,53100,21,223
2021-05-30,Mongolia,Asia,5339,58439,30,253
2021-06-06,Mongolia,Asia,8004,66443,35,288
2021-06-13,Mongolia,Asia,11904,78347,57,345
2021-06-20,Mongolia,Asia,17472,95819,74,419
2021-06-27,Mongolia,Asia,15686,111505,60,479
2021-07-04,Mongolia,Asia,15306,126811,69,548
2021-07-11,Mongolia,Asia,12473,139284,57,605
2021-07-18,Mongolia,Asia,10449,149733,32,637
2021-07-25,Mongolia,Asia,8241,157974,51,688
2021-08-01,Mongolia,Asia,9255,167229,34,722
2021-08-08,Mongolia,Asia,8331,175560,31,753
2021-08-15,Mongolia,Asia,8092,183652,23,776
2021-08-22,Mongolia,Asia,11593,195245,26,802
2021-08-29,Mongolia,Asia,16030,211275,33,835
2021-09-05,Mongolia,Asia,24999,236274,50,885
2021-09-12,Mongolia,Asia,32709,268983,88,973
2021-09-19,Mongolia,Asia,38895,307878,73,1046
2021-09-26,Mongolia,Asia,50789,358667,106,1152
2021-10-03,Mongolia,Asia,46698,405365,122,1274
2021-10-10,Mongolia,Asia,46988,452353,103,1377
2021-10-17,Mongolia,Asia,46550,498903,106,1483
2021-10-24,Mongolia,Asia,40294,539197,110,1593
2021-10-31,Mongolia,Asia,53797,592994,79,1672
2021-11-07,Mongolia,Asia,27029,620023,72,1744
2021-11-14,Mongolia,Asia,18494,638517,71,1815
2021-11-21,Mongolia,Asia,16310,654827,60,1875
2021-11-28,Mongolia,Asia,12534,667361,47,1922
2021-12-05,Mongolia,Asia,9498,676859,22,1944
2021-12-12,Mongolia,Asia,5868,682727,19,1963
2021-12-19,Mongolia,Asia,4705,687432,9,1972
2021-12-26,Mongolia,Asia,3518,690950,9,1981
2022-01-02,Mongolia,Asia,2899,693849,6,1987
2022-01-09,Mongolia,Asia,12137,705986,14,2001
2022-01-16,Mongolia,Asia,35696,741682,12,2013
2022-01-23,Mongolia,Asia,53226,794908,8,2021
2022-01-30,Mongolia,Asia,46940,841848,15,2036
2022-02-06,Mongolia,Asia,19128,860976,19,2055
2022-02-13,Mongolia,Asia,26778,887754,19,2074
2022-02-20,Mongolia,Asia,11952,899706,13,2087
2022-02-27,Mongolia,Asia,8451,908157,9,2096
2022-03-06,Mongolia,Asia,5098,913255,8,2104
2022-03-13,Mongolia,Asia,2556,915811,1,2105
2022-03-20,Mongolia,Asia,1402,917213,3,2108
2022-03-27,Mongolia,Asia,1691,918904,0,2108
2022-04-03,Mongolia,Asia,640,919544,0,2108
2022-04-10,Mongolia,Asia,460,920004,0,2108
2022-04-17,Mongolia,Asia,202,920206,0,2108
2022-04-24,Mongolia,Asia,230,920436,0,2108
2022-05-01,Mongolia,Asia,989,921425,2,2110
2022-05-08,Mongolia,Asia,802,922227,1,2111
2022-05-15,Mongolia,Asia,0,922227,2,2113
2022-05-22,Mongolia,Asia,1808,924035,1,2114
2022-05-29,Mongolia,Asia,1038,925073,1,2115
2022-06-05,Mongolia,Asia,2199,927272,1,2116
2022-06-12,Mongolia,Asia,741,928013,0,2116
2022-06-19,Mongolia,Asia,573,928586,0,2116
2022-06-26,Mongolia,Asia,0,928586,0,2116
2022-07-03,Mongolia,Asia,395,928981,2,2118
2022-07-10,Mongolia,Asia,672,929653,1,2119
2022-07-17,Mongolia,Asia,1024,930677,0,2119
2022-07-24,Mongolia,Asia,7066,937743,0,2119
2022-07-31,Mongolia,Asia,9279,947022,0,2119
2022-08-07,Mongolia,Asia,13970,960992,4,2123
2022-08-14,Mongolia,Asia,5431,966423,0,2123
2022-08-21,Mongolia,Asia,7810,974233,2,2125
2022-08-28,Mongolia,Asia,3023,977256,3,2128
2022-09-04,Mongolia,Asia,2388,979644,1,2129
2022-09-11,Mongolia,Asia,1506,981150,1,2130
2022-09-18,Mongolia,Asia,1157,982307,1,2131
2022-09-25,Mongolia,Asia,393,982700,0,2131
2022-10-02,Mongolia,Asia,304,983004,0,2131
2022-10-09,Mongolia,Asia,606,983610,0,2131
2022-10-16,Mongolia,Asia,378,983988,0,2131
2022-10-23,Mongolia,Asia,343,984331,0,2131
2022-10-30,Mongolia,Asia,492,984823,0,2131
2022-11-06,Mongolia,Asia,829,985652,0,2131
2022-11-13,Mongolia,Asia,1588,987240,1,2132
2022-11-20,Mongolia,Asia,2473,989713,2,2134
2022-11-27,Mongolia,Asia,2388,992101,0,2134
2022-12-04,Mongolia,Asia,1271,993372,1,2135
2022-12-11,Mongolia,Asia,707,994079,0,2135
2022-12-18,Mongolia,Asia,12991,1007070,0,2135
2022-12-25,Mongolia,Asia,244,1007314,1,2136
2023-01-01,Mongolia,Asia,108,1007422,0,2136
2023-01-08,Mongolia,Asia,343,1007765,0,2136
2023-01-15,Mongolia,Asia,61,1007826,0,2136
2023-01-22,Mongolia,Asia,31,1007857,0,2136
2023-01-29,Mongolia,Asia,12,1007869,0,2136
2023-02-05,Mongolia,Asia,7,1007876,0,2136
2023-02-12,Mongolia,Asia,18,1007894,0,2136
2023-02-19,Mongolia,Asia,1,1007895,0,2136
2023-02-26,Mongolia,Asia,2,1007897,0,2136
2023-03-05,Mongolia,Asia,3,1007900,0,2136
2023-03-12,Mongolia,Asia,5,1007905,0,2136
2023-03-19,Mongolia,Asia,2,1007907,0,2136
2023-03-26,Mongolia,Asia,4,1007911,0,2136
2023-04-02,Mongolia,Asia,9,1007920,0,2136
2023-04-09,Mongolia,Asia,0,1007920,0,2136
2023-04-16,Mongolia,Asia,23,1007943,0,2136
2023-04-23,Mongolia,Asia,27,1007970,0,2136
2023-04-30,Mongolia,Asia,29,1007999,0,2136
2023-05-07,Mongolia,Asia,39,1008038,0,2136
2023-05-14,Mongolia,Asia,227,1008265,0,2136
2023-05-21,Mongolia,Asia,390,1008655,0,2136
2023-05-28,Mongolia,Asia,671,1009326,0,2136
2023-06-04,Mongolia,Asia,708,1010034,0,2136
2023-06-11,Mongolia,Asia,369,1010403,0,2136
2023-06-18,Mongolia,Asia,277,1010680,0,2136
2023-06-25,Mongolia,Asia,116,1010796,0,2136
2023-07-02,Mongolia,Asia,54,1010850,0,2136
2023-07-09,Mongolia,Asia,29,1010879,0,2136
2023-07-16,Mongolia,Asia,6,1010885,0,2136
2023-07-23,Mongolia,Asia,6,1010891,0,2136
2023-07-30,Mongolia,Asia,7,1010898,0,2136
2023-08-06,Mongolia,Asia,9,1010907,0,2136
2023-08-13,Mongolia,Asia,8,1010915,0,2136
2023-08-20,Mongolia,Asia,4,1010919,0,2136
2023-08-27,Mongolia,Asia,9,1010928,0,2136
2023-09-03,Mongolia,Asia,11,1010939,0,2136
2023-09-10,Mongolia,Asia,16,1010955,0,2136
2023-09-17,Mongolia,Asia,34,1010989,0,2136
2023-09-24,Mongolia,Asia,41,1011030,0,2136
2023-10-01,Mongolia,Asia,30,1011060,0,2136
2023-10-08,Mongolia,Asia,24,1011084,0,2136
2023-10-15,Mongolia,Asia,18,1011102,0,2136
2023-10-22,Mongolia,Asia,18,1011120,0,2136
2023-10-29,Mongolia,Asia,18,1011138,0,2136
2023-11-05,Mongolia,Asia,21,1011159,0,2136
2023-11-12,Mongolia,Asia,16,1011175,0,2136
2023-11-19,Mongolia,Asia,19,1011194,0,2136
2023-11-26,Mongolia,Asia,17,1011211,0,2136
2023-12-03,Mongolia,Asia,22,1011233,0,2136
2023-12-10,Mongolia,Asia,34,1011267,0,2136
2023-12-17,Mongolia,Asia,35,1011302,0,2136
2023-12-24,Mongolia,Asia,19,1011321,0,2136
2023-12-31,Mongolia,Asia,13,1011334,0,2136
2024-01-07,Mongolia,Asia,11,1011345,0,2136
2024-01-14,Mongolia,Asia,12,1011357,0,2136
2024-01-21,Mongolia,Asia,8,1011365,0,2136
2024-01-28,Mongolia,Asia,2,1011367,0,2136
2024-02-04,Mongolia,Asia,3,1011370,0,2136
2024-02-11,Mongolia,Asia,3,1011373,0,2136
2024-02-18,Mongolia,Asia,11,1011384,0,2136
2024-02-25,Mongolia,Asia,9,1011393,0,2136
2024-03-03,Mongolia,Asia,11,1011404,0,2136
2024-03-10,Mongolia,Asia,6,1011410,0,2136
2024-03-17,Mongolia,Asia,7,1011417,0,2136
2024-03-24,Mongolia,Asia,4,1011421,0,2136
2024-03-31,Mongolia,Asia,10,1011431,0,2136
2024-04-07,Mongolia,Asia,9,1011440,0,2136
2024-04-14,Mongolia,Asia,8,1011448,0,2136
2024-04-21,Mongolia,Asia,7,1011455,0,2136
2024-04-28,Mongolia,Asia,8,1011463,0,2136
2024-05-05,Mongolia,Asia,6,1011469,0,2136
2024-05-12,Mongolia,Asia,6,1011475,0,2136
2024-05-19,Mongolia,Asia,3,1011478,0,2136
2024-05-26,Mongolia,Asia,3,1011481,0,2136
2024-06-02,Mongolia,Asia,3,1011484,0,2136
2024-06-09,Mongolia,Asia,5,1011489,0,2136
2024-06-16,Mongolia,Asia,0,1011489,0,2136
2024-06-23,Mongolia,Asia,0,1011489,0,2136
2024-06-30,Mongolia,Asia,0,1011489,0,2136
2024-07-07,Mongolia,Asia,0,1011489,0,2136
2024-07-14,Mongolia,Asia,0,1011489,0,2136
2024-07-21,Mongolia,Asia,0,1011489,0,2136
2024-07-28,Mongolia,Asia,0,1011489,0,2136
2024-08-04,Mongolia,Asia,0,1011489,0,2136
2024-08-11,Mongolia,Asia,0,1011489,0,2136
2024-08-18,Mongolia,Asia,0,1011489,0,2136
2024-08-25,Mongolia,Asia,0,1011489,0,2136
2024-09-01,Mongolia,Asia,0,1011489,0,2136
2020-01-05,Montenegro,Europe,0,0,0,0
2020-01-12,Montenegro,Europe,0,0,0,0
2020-01-19,Montenegro,Europe,0,0,0,0
2020-01-26,Montenegro,Europe,0,0,0,0
2020-02-02,Montenegro,Europe,0,0,0,0
2020-02-09,Montenegro,Europe,0,0,0,0
2020-02-16,Montenegro,Europe,0,0,0,0
2020-02-23,Montenegro,Europe,0,0,0,0
2020-03-01,Montenegro,Europe,0,0,0,0
2020-03-08,Montenegro,Europe,0,0,0,0
2020-03-15,Montenegro,Europe,0,0,0,0
2020-03-22,Montenegro,Europe,0,0,0,0
2020-03-29,Montenegro,Europe,0,0,0,0
2020-04-05,Montenegro,Europe,0,0,0,0
2020-04-12,Montenegro,Europe,0,0,0,0
2020-04-19,Montenegro,Europe,0,0,0,0
2020-04-26,Montenegro,Europe,0,0,0,0
2020-05-03,Montenegro,Europe,2,2,1,1
2020-05-10,Montenegro,Europe,1,3,1,2
2020-05-17,Montenegro,Europe,0,3,0,2
2020-05-24,Montenegro,Europe,0,3,0,2
2020-05-31,Montenegro,Europe,0,3,0,2
2020-06-07,Montenegro,Europe,0,3,0,2
2020-06-14,Montenegro,Europe,0,3,0,2
2020-06-21,Montenegro,Europe,37,40,0,2
2020-06-28,Montenegro,Europe,0,40,0,2
2020-07-05,Montenegro,Europe,0,40,0,2
2020-07-12,Montenegro,Europe,0,40,0,2
2020-07-19,Montenegro,Europe,0,40,0,2
2020-07-26,Montenegro,Europe,0,40,0,2
2020-08-02,Montenegro,Europe,429,469,8,10
2020-08-09,Montenegro,Europe,384,853,16,26
2020-08-16,Montenegro,Europe,394,1247,11,37
2020-08-23,Montenegro,Europe,300,1547,6,43
2020-08-30,Montenegro,Europe,461,2008,15,58
2020-09-06,Montenegro,Europe,788,2796,9,67
2020-09-13,Montenegro,Europe,1568,4364,12,79
2020-09-20,Montenegro,Europe,1666,6030,16,95
2020-09-27,Montenegro,Europe,1730,7760,22,117
2020-10-04,Montenegro,Europe,1679,9439,21,138
2020-10-11,Montenegro,Europe,1736,11175,23,161
2020-10-18,Montenegro,Europe,1746,12921,32,193
2020-10-25,Montenegro,Europe,1138,14059,30,223
2020-11-01,Montenegro,Europe,2090,16149,44,267
2020-11-08,Montenegro,Europe,0,16149,0,267
2020-11-15,Montenegro,Europe,0,16149,0,267
2020-11-22,Montenegro,Europe,3808,19957,48,315
2020-11-29,Montenegro,Europe,3742,23699,48,363
2020-12-06,Montenegro,Europe,3318,27017,46,409
2020-12-13,Montenegro,Europe,3014,30031,49,458
2020-12-20,Montenegro,Europe,2534,32565,44,502
2020-12-27,Montenegro,Europe,2645,35210,41,543
2021-01-03,Montenegro,Europe,2546,37756,23,566
2021-01-10,Montenegro,Europe,3265,41021,36,602
2021-01-17,Montenegro,Europe,12597,53618,32,634
2021-01-24,Montenegro,Europe,2903,56521,23,657
2021-01-31,Montenegro,Europe,3292,59813,37,694
2021-02-07,Montenegro,Europe,3665,63478,33,727
2021-02-14,Montenegro,Europe,3621,67099,52,779
2021-02-21,Montenegro,Europe,3621,70720,60,839
2021-02-28,Montenegro,Europe,3877,74597,53,892
2021-03-07,Montenegro,Europe,3896,78493,64,956
2021-03-14,Montenegro,Europe,3958,82451,62,1018
2021-03-21,Montenegro,Europe,3475,85926,70,1088
2021-03-28,Montenegro,Europe,2757,88683,46,1134
2021-04-04,Montenegro,Europe,2315,90998,60,1194
2021-04-11,Montenegro,Europe,1676,92674,68,1262
2021-04-18,Montenegro,Europe,1274,93948,56,1318
2021-04-25,Montenegro,Europe,1081,95029,52,1370
2021-05-02,Montenegro,Europe,938,95967,40,1410
2021-05-09,Montenegro,Europe,647,96614,35,1445
2021-05-16,Montenegro,Europe,531,97145,21,1466
2021-05-23,Montenegro,Europe,393,97538,13,1479
2021-05-30,Montenegro,Europe,333,97871,9,1488
2021-06-06,Montenegro,Europe,211,98082,9,1497
2021-06-13,Montenegro,Europe,129,98211,9,1506
2021-06-20,Montenegro,Europe,128,98339,4,1510
2021-06-27,Montenegro,Europe,110,98449,4,1514
2021-07-04,Montenegro,Europe,134,98583,10,1524
2021-07-11,Montenegro,Europe,147,98730,5,1529
2021-07-18,Montenegro,Europe,195,98925,3,1532
2021-07-25,Montenegro,Europe,517,99442,1,1533
2021-08-01,Montenegro,Europe,977,100419,6,1539
2021-08-08,Montenegro,Europe,1747,102166,5,1544
2021-08-15,Montenegro,Europe,2560,104726,9,1553
2021-08-22,Montenegro,Europe,4401,109127,45,1598
2021-08-29,Montenegro,Europe,0,109127,0,1598
2021-09-05,Montenegro,Europe,3676,112803,41,1639
2021-09-12,Montenegro,Europe,3896,116699,43,1682
2021-09-19,Montenegro,Europe,4298,120997,49,1731
2021-09-26,Montenegro,Europe,3301,124298,46,1777
2021-10-03,Montenegro,Europe,2994,127292,39,1816
2021-10-10,Montenegro,Europe,2519,129811,52,1868
2021-10-17,Montenegro,Europe,2507,132318,37,1905
2021-10-24,Montenegro,Europe,3237,135555,42,1947
2021-10-31,Montenegro,Europe,3384,138939,38,1985
2021-11-07,Montenegro,Europe,4302,143241,45,2030
2021-11-14,Montenegro,Europe,3396,146637,59,2089
2021-11-21,Montenegro,Europe,2571,149208,38,2127
2021-11-28,Montenegro,Europe,2061,151269,40,2167
2021-12-05,Montenegro,Europe,1518,152787,44,2211
2021-12-12,Montenegro,Europe,1249,154036,21,2232
2021-12-19,Montenegro,Europe,1184,155220,25,2257
2021-12-26,Montenegro,Europe,2790,158010,19,2276
2022-01-02,Montenegro,Europe,10890,168900,22,2298
2022-01-09,Montenegro,Europe,17071,185971,26,2324
2022-01-16,Montenegro,Europe,0,185971,0,2324
2022-01-23,Montenegro,Europe,0,185971,0,2324
2022-01-30,Montenegro,Europe,5801,191772,42,2366
2022-02-06,Montenegro,Europe,3928,195700,46,2412
2022-02-13,Montenegro,Europe,2860,198560,34,2446
2022-02-20,Montenegro,Europe,2216,200776,23,2469
2022-02-27,Montenegro,Europe,1219,201995,18,2487
2022-03-06,Montenegro,Europe,787,202782,9,2496
2022-03-13,Montenegro,Europe,590,203372,8,2504
2022-03-20,Montenegro,Europe,629,204001,23,2527
2022-03-27,Montenegro,Europe,575,204576,4,2531
2022-04-03,Montenegro,Europe,521,205097,8,2539
2022-04-10,Montenegro,Europe,375,205472,1,2540
2022-04-17,Montenegro,Europe,490,205962,3,2543
2022-04-24,Montenegro,Europe,506,206468,4,2547
2022-05-01,Montenegro,Europe,576,207044,2,2549
2022-05-08,Montenegro,Europe,494,207538,2,2551
2022-05-15,Montenegro,Europe,482,208020,2,2553
2022-05-22,Montenegro,Europe,435,208455,0,2553
2022-05-29,Montenegro,Europe,384,208839,1,2554
2022-06-05,Montenegro,Europe,413,209252,0,2554
2022-06-12,Montenegro,Europe,380,209632,2,2556
2022-06-19,Montenegro,Europe,598,210230,1,2557
2022-06-26,Montenegro,Europe,995,211225,1,2558
2022-07-03,Montenegro,Europe,1633,212858,5,2563
2022-07-10,Montenegro,Europe,0,212858,0,2563
2022-07-17,Montenegro,Europe,0,212858,0,2563
2022-07-24,Montenegro,Europe,0,212858,0,2563
2022-07-31,Montenegro,Europe,6602,219460,8,2571
2022-08-07,Montenegro,Europe,5656,225116,9,2580
2022-08-14,Montenegro,Europe,4398,229514,4,2584
2022-08-21,Montenegro,Europe,3110,232624,7,2591
2022-08-28,Montenegro,Europe,1907,234531,5,2596
2022-09-04,Montenegro,Europe,1342,235873,7,2603
2022-09-11,Montenegro,Europe,988,236861,0,2603
2022-09-18,Montenegro,Europe,1064,237925,1,2604
2022-09-25,Montenegro,Europe,986,238911,2,2606
2022-10-02,Montenegro,Europe,1063,239974,1,2607
2022-10-09,Montenegro,Europe,702,240676,0,2607
2022-10-16,Montenegro,Europe,620,241296,2,2609
2022-10-23,Montenegro,Europe,423,241719,1,2610
2022-10-30,Montenegro,Europe,448,242167,0,2610
2022-11-06,Montenegro,Europe,352,242519,2,2612
2022-11-13,Montenegro,Europe,227,242746,1,2613
2022-11-20,Montenegro,Europe,168,242914,1,2614
2022-11-27,Montenegro,Europe,147,243061,0,2614
2022-12-04,Montenegro,Europe,184,243245,1,2615
2022-12-11,Montenegro,Europe,291,243536,0,2615
2022-12-18,Montenegro,Europe,237,243773,0,2615
2022-12-25,Montenegro,Europe,200,243973,1,2616
2023-01-01,Montenegro,Europe,225,244198,0,2616
2023-01-08,Montenegro,Europe,363,244561,0,2616
2023-01-15,Montenegro,Europe,471,245032,3,2619
2023-01-22,Montenegro,Europe,365,245397,1,2620
2023-01-29,Montenegro,Europe,289,245686,1,2621
2023-02-05,Montenegro,Europe,260,245946,1,2622
2023-02-12,Montenegro,Europe,407,246353,2,2624
2023-02-19,Montenegro,Europe,595,246948,2,2626
2023-02-26,Montenegro,Europe,634,247582,1,2627
2023-03-05,Montenegro,Europe,428,248010,4,2631
2023-03-12,Montenegro,Europe,379,248389,3,2634
2023-03-19,Montenegro,Europe,365,248754,0,2634
2023-03-26,Montenegro,Europe,417,249171,6,2640
2023-04-02,Montenegro,Europe,375,249546,1,2641
2023-04-09,Montenegro,Europe,344,249890,1,2642
2023-04-16,Montenegro,Europe,327,250217,4,2646
2023-04-23,Montenegro,Europe,380,250597,4,2650
2023-04-30,Montenegro,Europe,276,250873,2,2652
2023-05-07,Montenegro,Europe,187,251060,0,2652
2023-05-14,Montenegro,Europe,134,251194,1,2653
2023-05-21,Montenegro,Europe,27,251221,0,2653
2023-05-28,Montenegro,Europe,40,251261,1,2654
2023-06-04,Montenegro,Europe,19,251280,0,2654
2023-06-11,Montenegro,Europe,0,251280,0,2654
2023-06-18,Montenegro,Europe,0,251280,0,2654
2023-06-25,Montenegro,Europe,0,251280,0,2654
2023-07-02,Montenegro,Europe,0,251280,0,2654
2023-07-09,Montenegro,Europe,0,251280,0,2654
2023-07-16,Montenegro,Europe,0,251280,0,2654
2023-07-23,Montenegro,Europe,0,251280,0,2654
2023-07-30,Montenegro,Europe,0,251280,0,2654
2023-08-06,Montenegro,Europe,0,251280,0,2654
2023-08-13,Montenegro,Europe,0,251280,0,2654
2023-08-20,Montenegro,Europe,0,251280,0,2654
2023-08-27,Montenegro,Europe,0,251280,0,2654
2023-09-03,Montenegro,Europe,0,251280,0,2654
2023-09-10,Montenegro,Europe,0,251280,0,2654
2023-09-17,Montenegro,Europe,0,251280,0,2654
2023-09-24,Montenegro,Europe,0,251280,0,2654
2023-10-01,Montenegro,Europe,0,251280,0,2654
2023-10-08,Montenegro,Europe,0,251280,0,2654
2023-10-15,Montenegro,Europe,0,251280,0,2654
2023-10-22,Montenegro,Europe,0,251280,0,2654
2023-10-29,Montenegro,Europe,0,251280,0,2654
2023-11-05,Montenegro,Europe,0,251280,0,2654
2023-11-12,Montenegro,Europe,0,251280,0,2654
2023-11-19,Montenegro,Europe,0,251280,0,2654
2023-11-26,Montenegro,Europe,0,251280,0,2654
2023-12-03,Montenegro,Europe,0,251280,0,2654
2023-12-10,Montenegro,Europe,0,251280,0,2654
2023-12-17,Montenegro,Europe,0,251280,0,2654
2023-12-24,Montenegro,Europe,0,251280,0,2654
2023-12-31,Montenegro,Europe,0,251280,0,2654
2024-01-07,Montenegro,Europe,0,251280,0,2654
2024-01-14,Montenegro,Europe,0,251280,0,2654
2024-01-21,Montenegro,Europe,0,251280,0,2654
2024-01-28,Montenegro,Europe,0,251280,0,2654
2024-02-04,Montenegro,Europe,0,251280,0,2654
2024-02-11,Montenegro,Europe,0,251280,0,2654
2024-02-18,Montenegro,Europe,0,251280,0,2654
2024-02-25,Montenegro,Europe,0,251280,0,2654
2024-03-03,Montenegro,Europe,0,251280,0,2654
2024-03-10,Montenegro,Europe,0,251280,0,2654
2024-03-17,Montenegro,Europe,0,251280,0,2654
2024-03-24,Montenegro,Europe,0,251280,0,2654
2024-03-31,Montenegro,Europe,0,251280,0,2654
2024-04-07,Montenegro,Europe,0,251280,0,2654
2024-04-14,Montenegro,Europe,0,251280,0,2654
2024-04-21,Montenegro,Europe,0,251280,0,2654
2024-04-28,Montenegro,Europe,0,251280,0,2654
2024-05-05,Montenegro,Europe,0,251280,0,2654
2024-05-12,Montenegro,Europe,0,251280,0,2654
2024-05-19,Montenegro,Europe,0,251280,0,2654
2024-05-26,Montenegro,Europe,0,251280,0,2654
2024-06-02,Montenegro,Europe,0,251280,0,2654
2024-06-09,Montenegro,Europe,0,251280,0,2654
2024-06-16,Montenegro,Europe,0,251280,0,2654
2024-06-23,Montenegro,Europe,0,251280,0,2654
2024-06-30,Montenegro,Europe,0,251280,0,2654
2024-07-07,Montenegro,Europe,0,251280,0,2654
2024-07-14,Montenegro,Europe,0,251280,0,2654
2024-07-21,Montenegro,Europe,0,251280,0,2654
2024-07-28,Montenegro,Europe,0,251280,0,2654
2024-08-04,Montenegro,Europe,0,251280,0,2654
2024-08-11,Montenegro,Europe,0,251280,0,2654
2024-08-18,Montenegro,Europe,0,251280,0,2654
2024-08-25,Montenegro,Europe,0,251280,0,2654
2024-09-01,Montenegro,Europe,0,251280,0,2654
2020-01-05,Montserrat,North America,0,0,0,0
2020-01-12,Montserrat,North America,0,0,0,0
2020-01-19,Montserrat,North America,0,0,0,0
2020-01-26,Montserrat,North America,0,0,0,0
2020-02-02,Montserrat,North America,0,0,0,0
2020-02-09,Montserrat,North America,0,0,0,0
2020-02-16,Montserrat,North America,0,0,0,0
2020-02-23,Montserrat,North America,0,0,0,0
2020-03-01,Montserrat,North America,0,0,0,0
2020-03-08,Montserrat,North America,0,0,0,0
2020-03-15,Montserrat,North America,0,0,0,0
2020-03-22,Montserrat,North America,1,1,0,0
2020-03-29,Montserrat,North America,4,5,0,0
2020-04-05,Montserrat,North America,1,6,0,0
2020-04-12,Montserrat,North America,3,9,0,0
2020-04-19,Montserrat,North America,2,11,0,0
2020-04-26,Montserrat,North America,0,11,1,1
2020-05-03,Montserrat,North America,0,11,0,1
2020-05-10,Montserrat,North America,0,11,0,1
2020-05-17,Montserrat,North America,0,11,0,1
2020-05-24,Montserrat,North America,0,11,0,1
2020-05-31,Montserrat,North America,0,11,0,1
2020-06-07,Montserrat,North America,0,11,0,1
2020-06-14,Montserrat,North America,0,11,0,1
2020-06-21,Montserrat,North America,0,11,0,1
2020-06-28,Montserrat,North America,0,11,0,1
2020-07-05,Montserrat,North America,0,11,0,1
2020-07-12,Montserrat,North America,1,12,0,1
2020-07-19,Montserrat,North America,0,12,0,1
2020-07-26,Montserrat,North America,1,13,0,1
2020-08-02,Montserrat,North America,0,13,0,1
2020-08-09,Montserrat,North America,0,13,0,1
2020-08-16,Montserrat,North America,0,13,0,1
2020-08-23,Montserrat,North America,0,13,0,1
2020-08-30,Montserrat,North America,0,13,0,1
2020-09-06,Montserrat,North America,0,13,0,1
2020-09-13,Montserrat,North America,0,13,0,1
2020-09-20,Montserrat,North America,0,13,0,1
2020-09-27,Montserrat,North America,0,13,0,1
2020-10-04,Montserrat,North America,0,13,0,1
2020-10-11,Montserrat,North America,0,13,0,1
2020-10-18,Montserrat,North America,0,13,0,1
2020-10-25,Montserrat,North America,0,13,0,1
2020-11-01,Montserrat,North America,0,13,0,1
2020-11-08,Montserrat,North America,0,13,0,1
2020-11-15,Montserrat,North America,0,13,0,1
2020-11-22,Montserrat,North America,0,13,0,1
2020-11-29,Montserrat,North America,0,13,0,1
2020-12-06,Montserrat,North America,0,13,0,1
2020-12-13,Montserrat,North America,0,13,0,1
2020-12-20,Montserrat,North America,0,13,0,1
2020-12-27,Montserrat,North America,0,13,0,1
2021-01-03,Montserrat,North America,0,13,0,1
2021-01-10,Montserrat,North America,0,13,0,1
2021-01-17,Montserrat,North America,0,13,0,1
2021-01-24,Montserrat,North America,0,13,0,1
2021-01-31,Montserrat,North America,0,13,0,1
2021-02-07,Montserrat,North America,2,15,0,1
2021-02-14,Montserrat,North America,4,19,0,1
2021-02-21,Montserrat,North America,1,20,0,1
2021-02-28,Montserrat,North America,0,20,0,1
2021-03-07,Montserrat,North America,0,20,0,1
2021-03-14,Montserrat,North America,0,20,0,1
2021-03-21,Montserrat,North America,0,20,0,1
2021-03-28,Montserrat,North America,0,20,0,1
2021-04-04,Montserrat,North America,0,20,0,1
2021-04-11,Montserrat,North America,0,20,0,1
2021-04-18,Montserrat,North America,0,20,0,1
2021-04-25,Montserrat,North America,0,20,0,1
2021-05-02,Montserrat,North America,0,20,0,1
2021-05-09,Montserrat,North America,0,20,0,1
2021-05-16,Montserrat,North America,0,20,0,1
2021-05-23,Montserrat,North America,0,20,0,1
2021-05-30,Montserrat,North America,0,20,0,1
2021-06-06,Montserrat,North America,0,20,0,1
2021-06-13,Montserrat,North America,0,20,0,1
2021-06-20,Montserrat,North America,0,20,0,1
2021-06-27,Montserrat,North America,0,20,0,1
2021-07-04,Montserrat,North America,0,20,0,1
2021-07-11,Montserrat,North America,1,21,0,1
2021-07-18,Montserrat,North America,0,21,0,1
2021-07-25,Montserrat,North America,0,21,0,1
2021-08-01,Montserrat,North America,0,21,0,1
2021-08-08,Montserrat,North America,1,22,0,1
2021-08-15,Montserrat,North America,0,22,0,1
2021-08-22,Montserrat,North America,3,25,0,1
2021-08-29,Montserrat,North America,1,26,0,1
2021-09-05,Montserrat,North America,5,31,0,1
2021-09-12,Montserrat,North America,1,32,0,1
2021-09-19,Montserrat,North America,1,33,0,1
2021-09-26,Montserrat,North America,0,33,0,1
2021-10-03,Montserrat,North America,1,34,0,1
2021-10-10,Montserrat,North America,7,41,0,1
2021-10-17,Montserrat,North America,0,41,0,1
2021-10-24,Montserrat,North America,0,41,0,1
2021-10-31,Montserrat,North America,0,41,0,1
2021-11-07,Montserrat,North America,0,41,0,1
2021-11-14,Montserrat,North America,0,41,0,1
2021-11-21,Montserrat,North America,3,44,0,1
2021-11-28,Montserrat,North America,0,44,0,1
2021-12-05,Montserrat,North America,0,44,0,1
2021-12-12,Montserrat,North America,0,44,0,1
2021-12-19,Montserrat,North America,1,45,0,1
2021-12-26,Montserrat,North America,0,45,0,1
2022-01-02,Montserrat,North America,5,50,0,1
2022-01-09,Montserrat,North America,60,110,0,1
2022-01-16,Montserrat,North America,19,129,0,1
2022-01-23,Montserrat,North America,23,152,0,1
2022-01-30,Montserrat,North America,10,162,0,1
2022-02-06,Montserrat,North America,1,163,0,1
2022-02-13,Montserrat,North America,0,163,1,2
2022-02-20,Montserrat,North America,0,163,0,2
2022-02-27,Montserrat,North America,0,163,0,2
2022-03-06,Montserrat,North America,1,164,0,2
2022-03-13,Montserrat,North America,2,166,0,2
2022-03-20,Montserrat,North America,8,174,0,2
2022-03-27,Montserrat,North America,1,175,0,2
2022-04-03,Montserrat,North America,0,175,0,2
2022-04-10,Montserrat,North America,0,175,0,2
2022-04-17,Montserrat,North America,1,176,0,2
2022-04-24,Montserrat,North America,1,177,0,2
2022-05-01,Montserrat,North America,39,216,0,2
2022-05-08,Montserrat,North America,236,452,0,2
2022-05-15,Montserrat,North America,295,747,0,2
2022-05-22,Montserrat,North America,139,886,2,4
2022-05-29,Montserrat,North America,72,958,0,4
2022-06-05,Montserrat,North America,45,1003,4,8
2022-06-12,Montserrat,North America,7,1010,0,8
2022-06-19,Montserrat,North America,5,1015,0,8
2022-06-26,Montserrat,North America,1,1016,0,8
2022-07-03,Montserrat,North America,4,1020,0,8
2022-07-10,Montserrat,North America,3,1023,0,8
2022-07-17,Montserrat,North America,2,1025,0,8
2022-07-24,Montserrat,North America,7,1032,0,8
2022-07-31,Montserrat,North America,22,1054,0,8
2022-08-07,Montserrat,North America,23,1077,0,8
2022-08-14,Montserrat,North America,20,1097,0,8
2022-08-21,Montserrat,North America,9,1106,0,8
2022-08-28,Montserrat,North America,20,1126,0,8
2022-09-04,Montserrat,North America,64,1190,0,8
2022-09-11,Montserrat,North America,86,1276,0,8
2022-09-18,Montserrat,North America,80,1356,0,8
2022-09-25,Montserrat,North America,36,1392,0,8
2022-10-02,Montserrat,North America,11,1403,0,8
2022-10-09,Montserrat,North America,0,1403,0,8
2022-10-16,Montserrat,North America,0,1403,0,8
2022-10-23,Montserrat,North America,0,1403,0,8
2022-10-30,Montserrat,North America,0,1403,0,8
2022-11-06,Montserrat,North America,0,1403,0,8
2022-11-13,Montserrat,North America,0,1403,0,8
2022-11-20,Montserrat,North America,0,1403,0,8
2022-11-27,Montserrat,North America,0,1403,0,8
2022-12-04,Montserrat,North America,0,1403,0,8
2022-12-11,Montserrat,North America,0,1403,0,8
2022-12-18,Montserrat,North America,0,1403,0,8
2022-12-25,Montserrat,North America,0,1403,0,8
2023-01-01,Montserrat,North America,0,1403,0,8
2023-01-08,Montserrat,North America,0,1403,0,8
2023-01-15,Montserrat,North America,0,1403,0,8
2023-01-22,Montserrat,North America,0,1403,0,8
2023-01-29,Montserrat,North America,0,1403,0,8
2023-02-05,Montserrat,North America,0,1403,0,8
2023-02-12,Montserrat,North America,0,1403,0,8
2023-02-19,Montserrat,North America,0,1403,0,8
2023-02-26,Montserrat,North America,0,1403,0,8
2023-03-05,Montserrat,North America,0,1403,0,8
2023-03-12,Montserrat,North America,0,1403,0,8
2023-03-19,Montserrat,North America,0,1403,0,8
2023-03-26,Montserrat,North America,0,1403,0,8
2023-04-02,Montserrat,North America,0,1403,0,8
2023-04-09,Montserrat,North America,0,1403,0,8
2023-04-16,Montserrat,North America,0,1403,0,8
2023-04-23,Montserrat,North America,0,1403,0,8
2023-04-30,Montserrat,North America,0,1403,0,8
2023-05-07,Montserrat,North America,0,1403,0,8
2023-05-14,Montserrat,North America,0,1403,0,8
2023-05-21,Montserrat,North America,0,1403,0,8
2023-05-28,Montserrat,North America,0,1403,0,8
2023-06-04,Montserrat,North America,0,1403,0,8
2023-06-11,Montserrat,North America,0,1403,0,8
2023-06-18,Montserrat,North America,0,1403,0,8
2023-06-25,Montserrat,North America,0,1403,0,8
2023-07-02,Montserrat,North America,0,1403,0,8
2023-07-09,Montserrat,North America,0,1403,0,8
2023-07-16,Montserrat,North America,0,1403,0,8
2023-07-23,Montserrat,North America,0,1403,0,8
2023-07-30,Montserrat,North America,0,1403,0,8
2023-08-06,Montserrat,North America,0,1403,0,8
2023-08-13,Montserrat,North America,0,1403,0,8
2023-08-20,Montserrat,North America,0,1403,0,8
2023-08-27,Montserrat,North America,0,1403,0,8
2023-09-03,Montserrat,North America,0,1403,0,8
2023-09-10,Montserrat,North America,0,1403,0,8
2023-09-17,Montserrat,North America,0,1403,0,8
2023-09-24,Montserrat,North America,0,1403,0,8
2023-10-01,Montserrat,North America,0,1403,0,8
2023-10-08,Montserrat,North America,0,1403,0,8
2023-10-15,Montserrat,North America,0,1403,0,8
2023-10-22,Montserrat,North America,0,1403,0,8
2023-10-29,Montserrat,North America,0,1403,0,8
2023-11-05,Montserrat,North America,0,1403,0,8
2023-11-12,Montserrat,North America,0,1403,0,8
2023-11-19,Montserrat,North America,0,1403,0,8
2023-11-26,Montserrat,North America,0,1403,0,8
2023-12-03,Montserrat,North America,0,1403,0,8
2023-12-10,Montserrat,North America,0,1403,0,8
2023-12-17,Montserrat,North America,0,1403,0,8
2023-12-24,Montserrat,North America,0,1403,0,8
2023-12-31,Montserrat,North America,0,1403,0,8
2024-01-07,Montserrat,North America,0,1403,0,8
2024-01-14,Montserrat,North America,0,1403,0,8
2024-01-21,Montserrat,North America,0,1403,0,8
2024-01-28,Montserrat,North America,0,1403,0,8
2024-02-04,Montserrat,North America,0,1403,0,8
2024-02-11,Montserrat,North America,0,1403,0,8
2024-02-18,Montserrat,North America,0,1403,0,8
2024-02-25,Montserrat,North America,0,1403,0,8
2024-03-03,Montserrat,North America,0,1403,0,8
2024-03-10,Montserrat,North America,0,1403,0,8
2024-03-17,Montserrat,North America,0,1403,0,8
2024-03-24,Montserrat,North America,0,1403,0,8
2024-03-31,Montserrat,North America,0,1403,0,8
2024-04-07,Montserrat,North America,0,1403,0,8
2024-04-14,Montserrat,North America,0,1403,0,8
2024-04-21,Montserrat,North America,0,1403,0,8
2024-04-28,Montserrat,North America,0,1403,0,8
2024-05-05,Montserrat,North America,0,1403,0,8
2024-05-12,Montserrat,North America,0,1403,0,8
2024-05-19,Montserrat,North America,0,1403,0,8
2024-05-26,Montserrat,North America,0,1403,0,8
2024-06-02,Montserrat,North America,0,1403,0,8
2024-06-09,Montserrat,North America,0,1403,0,8
2024-06-16,Montserrat,North America,0,1403,0,8
2024-06-23,Montserrat,North America,0,1403,0,8
2024-06-30,Montserrat,North America,0,1403,0,8
2024-07-07,Montserrat,North America,0,1403,0,8
2024-07-14,Montserrat,North America,0,1403,0,8
2024-07-21,Montserrat,North America,0,1403,0,8
2024-07-28,Montserrat,North America,0,1403,0,8
2024-08-04,Montserrat,North America,0,1403,0,8
2024-08-11,Montserrat,North America,0,1403,0,8
2024-08-18,Montserrat,North America,0,1403,0,8
2024-08-25,Montserrat,North America,0,1403,0,8
2024-09-01,Montserrat,North America,0,1403,0,8
2020-01-05,Morocco,Africa,0,0,0,0
2020-01-12,Morocco,Africa,0,0,0,0
2020-01-19,Morocco,Africa,0,0,0,0
2020-01-26,Morocco,Africa,0,0,0,0
2020-02-02,Morocco,Africa,0,0,0,0
2020-02-09,Morocco,Africa,0,0,0,0
2020-02-16,Morocco,Africa,0,0,0,0
2020-02-23,Morocco,Africa,0,0,0,0
2020-03-01,Morocco,Africa,0,0,0,0
2020-03-08,Morocco,Africa,2,2,0,0
2020-03-15,Morocco,Africa,15,17,1,1
2020-03-22,Morocco,Africa,79,96,2,3
2020-03-29,Morocco,Africa,294,390,22,25
2020-04-05,Morocco,Africa,529,919,34,59
2020-04-12,Morocco,Africa,626,1545,52,111
2020-04-19,Morocco,Africa,1140,2685,26,137
2020-04-26,Morocco,Africa,1212,3897,22,159
2020-05-03,Morocco,Africa,832,4729,14,173
2020-05-10,Morocco,Africa,1181,5910,13,186
2020-05-17,Morocco,Africa,831,6741,6,192
2020-05-24,Morocco,Africa,665,7406,6,198
2020-05-31,Morocco,Africa,374,7780,6,204
2020-06-07,Morocco,Africa,371,8151,4,208
2020-06-14,Morocco,Africa,541,8692,4,212
2020-06-21,Morocco,Africa,1147,9839,1,213
2020-06-28,Morocco,Africa,2038,11877,7,220
2020-07-05,Morocco,Africa,1945,13822,12,232
2020-07-12,Morocco,Africa,1720,15542,13,245
2020-07-19,Morocco,Africa,1473,17015,24,269
2020-07-26,Morocco,Africa,2630,19645,36,305
2020-08-02,Morocco,Africa,5406,25051,62,367
2020-08-09,Morocco,Africa,6956,32007,113,480
2020-08-16,Morocco,Africa,9010,41017,152,632
2020-08-23,Morocco,Africa,9795,50812,226,858
2020-08-30,Morocco,Africa,9244,60056,220,1078
2020-09-06,Morocco,Africa,10104,70160,251,1329
2020-09-13,Morocco,Africa,14275,84435,224,1553
2020-09-20,Morocco,Africa,15381,99816,242,1795
2020-09-27,Morocco,Africa,15425,115241,246,2041
2020-10-04,Morocco,Africa,15987,131228,252,2293
2020-10-11,Morocco,Africa,18613,149841,279,2572
2020-10-18,Morocco,Africa,21070,170911,306,2878
2020-10-25,Morocco,Africa,23550,194461,377,3255
2020-11-01,Morocco,Africa,24623,219084,440,3695
2020-11-08,Morocco,Africa,33101,252185,502,4197
2020-11-15,Morocco,Africa,36026,288211,500,4697
2020-11-22,Morocco,Africa,32751,320962,559,5256
2020-11-29,Morocco,Africa,28726,349688,483,5739
2020-12-06,Morocco,Africa,27050,376738,445,6184
2020-12-13,Morocco,Africa,20859,397597,405,6589
2020-12-20,Morocco,Africa,17629,415226,320,6909
2020-12-27,Morocco,Africa,15336,430562,295,7204
2021-01-03,Morocco,Africa,11579,442141,248,7452
2021-01-10,Morocco,Africa,9496,451637,257,7709
2021-01-17,Morocco,Africa,7228,458865,202,7911
2021-01-24,Morocco,Africa,6904,465769,217,8128
2021-01-31,Morocco,Africa,4922,470691,131,8259
2021-02-07,Morocco,Africa,4275,474966,122,8381
2021-02-14,Morocco,Africa,3169,478135,79,8460
2021-02-21,Morocco,Africa,2813,480948,88,8548
2021-02-28,Morocco,Africa,2462,483410,67,8615
2021-03-07,Morocco,Africa,2564,485974,61,8676
2021-03-14,Morocco,Africa,2658,488632,42,8718
2021-03-21,Morocco,Africa,2831,491463,45,8763
2021-03-28,Morocco,Africa,2895,494358,35,8798
2021-04-04,Morocco,Africa,3474,497832,44,8842
2021-04-11,Morocco,Africa,3856,501688,49,8891
2021-04-18,Morocco,Africa,3759,505447,53,8944
2021-04-25,Morocco,Africa,3590,509037,44,8988
2021-05-02,Morocco,Africa,2525,511562,38,9026
2021-05-09,Morocco,Africa,2066,513628,38,9064
2021-05-16,Morocco,Africa,1189,514817,34,9098
2021-05-23,Morocco,Africa,1995,516812,21,9119
2021-05-30,Morocco,Africa,2056,518868,19,9138
2021-06-06,Morocco,Africa,2327,521195,35,9173
2021-06-13,Morocco,Africa,2425,523620,34,9207
2021-06-20,Morocco,Africa,2743,526363,30,9237
2021-06-27,Morocco,Africa,2861,529224,36,9273
2021-07-04,Morocco,Africa,4721,533945,42,9315
2021-07-11,Morocco,Africa,7460,541405,45,9360
2021-07-18,Morocco,Africa,14083,555488,74,9434
2021-07-25,Morocco,Africa,19674,575162,125,9559
2021-08-01,Morocco,Africa,48366,623528,226,9785
2021-08-08,Morocco,Africa,63764,687292,470,10255
2021-08-15,Morocco,Africa,64784,752076,678,10933
2021-08-22,Morocco,Africa,54212,806288,744,11677
2021-08-29,Morocco,Africa,43244,849532,684,12361
2021-09-05,Morocco,Africa,31510,881042,632,12993
2021-09-12,Morocco,Africa,21652,902694,495,13488
2021-09-19,Morocco,Africa,15432,918126,388,13876
2021-09-26,Morocco,Africa,10445,928571,256,14132
2021-10-03,Morocco,Africa,6257,934828,183,14315
2021-10-10,Morocco,Africa,3973,938801,128,14443
2021-10-17,Morocco,Africa,3062,941863,94,14537
2021-10-24,Morocco,Africa,2213,944076,69,14606
2021-10-31,Morocco,Africa,1884,945960,61,14667
2021-11-07,Morocco,Africa,1347,947307,39,14706
2021-11-14,Morocco,Africa,850,948157,34,14740
2021-11-21,Morocco,Africa,673,948830,21,14761
2021-11-28,Morocco,Africa,818,949648,13,14774
2021-12-05,Morocco,Africa,853,950501,13,14787
2021-12-12,Morocco,Africa,879,951380,9,14796
2021-12-19,Morocco,Africa,1248,952628,12,14808
2021-12-26,Morocco,Africa,2959,955587,19,14827
2022-01-02,Morocco,Africa,9833,965420,24,14851
2022-01-09,Morocco,Africa,31701,997121,53,14904
2022-01-16,Morocco,Africa,46104,1043225,59,14963
2022-01-23,Morocco,Africa,50753,1093978,150,15113
2022-01-30,Morocco,Africa,35162,1129140,215,15328
2022-02-06,Morocco,Africa,16901,1146041,247,15575
2022-02-13,Morocco,Africa,8490,1154531,191,15766
2022-02-20,Morocco,Africa,4138,1158669,115,15881
2022-02-27,Morocco,Africa,2081,1160750,89,15970
2022-03-06,Morocco,Africa,836,1161586,45,16015
2022-03-13,Morocco,Africa,454,1162040,21,16036
2022-03-20,Morocco,Africa,404,1162444,15,16051
2022-03-27,Morocco,Africa,479,1162923,6,16057
2022-04-03,Morocco,Africa,549,1163472,3,16060
2022-04-10,Morocco,Africa,490,1163962,1,16061
2022-04-17,Morocco,Africa,383,1164345,1,16062
2022-04-24,Morocco,Africa,325,1164670,3,16065
2022-05-01,Morocco,Africa,283,1164953,4,16069
2022-05-08,Morocco,Africa,253,1165206,1,16070
2022-05-15,Morocco,Africa,500,1165706,1,16071
2022-05-22,Morocco,Africa,824,1166530,4,16075
2022-05-29,Morocco,Africa,1202,1167732,1,16076
2022-06-05,Morocco,Africa,2188,1169920,3,16079
2022-06-12,Morocco,Africa,5184,1175104,3,16082
2022-06-19,Morocco,Africa,9628,1184732,4,16086
2022-06-26,Morocco,Africa,17729,1202461,12,16098
2022-07-03,Morocco,Africa,21124,1223585,18,16116
2022-07-10,Morocco,Africa,17262,1240847,35,16151
2022-07-17,Morocco,Africa,9663,1250510,27,16178
2022-07-24,Morocco,Africa,6810,1257320,33,16211
2022-07-31,Morocco,Africa,3439,1260759,23,16234
2022-08-07,Morocco,Africa,1742,1262501,22,16256
2022-08-14,Morocco,Africa,872,1263373,12,16268
2022-08-21,Morocco,Africa,570,1263943,2,16270
2022-08-28,Morocco,Africa,343,1264286,1,16271
2022-09-04,Morocco,Africa,245,1264531,3,16274
2022-09-11,Morocco,Africa,117,1264648,2,16276
2022-09-18,Morocco,Africa,114,1264762,1,16277
2022-09-25,Morocco,Africa,110,1264872,1,16278
2022-10-02,Morocco,Africa,89,1264961,0,16278
2022-10-09,Morocco,Africa,125,1265086,0,16278
2022-10-16,Morocco,Africa,115,1265201,0,16278
2022-10-23,Morocco,Africa,181,1265382,2,16280
2022-10-30,Morocco,Africa,190,1265572,1,16281
2022-11-06,Morocco,Africa,393,1265965,0,16281
2022-11-13,Morocco,Africa,596,1266561,2,16283
2022-11-20,Morocco,Africa,705,1267266,0,16283
2022-11-27,Morocco,Africa,1029,1268295,1,16284
2022-12-04,Morocco,Africa,1001,1269296,1,16285
2022-12-11,Morocco,Africa,823,1270119,3,16288
2022-12-18,Morocco,Africa,663,1270782,6,16294
2022-12-25,Morocco,Africa,462,1271244,0,16294
2023-01-01,Morocco,Africa,351,1271595,0,16294
2023-01-08,Morocco,Africa,273,1271868,1,16295
2023-01-15,Morocco,Africa,188,1272056,0,16295
2023-01-22,Morocco,Africa,119,1272175,1,16296
2023-01-29,Morocco,Africa,47,1272222,0,16296
2023-02-05,Morocco,Africa,54,1272276,0,16296
2023-02-12,Morocco,Africa,56,1272332,0,16296
2023-02-19,Morocco,Africa,39,1272371,0,16296
2023-02-26,Morocco,Africa,71,1272442,0,16296
2023-03-05,Morocco,Africa,44,1272486,0,16296
2023-03-12,Morocco,Africa,40,1272526,0,16296
2023-03-19,Morocco,Africa,59,1272585,0,16296
2023-03-26,Morocco,Africa,37,1272622,0,16296
2023-04-02,Morocco,Africa,57,1272679,0,16296
2023-04-09,Morocco,Africa,54,1272733,0,16296
2023-04-16,Morocco,Africa,156,1272889,0,16296
2023-04-23,Morocco,Africa,241,1273130,1,16297
2023-04-30,Morocco,Africa,333,1273463,0,16297
2023-05-07,Morocco,Africa,369,1273832,0,16297
2023-05-14,Morocco,Africa,348,1274180,0,16297
2023-05-21,Morocco,Africa,373,1274553,0,16297
2023-05-28,Morocco,Africa,180,1274733,0,16297
2023-06-04,Morocco,Africa,168,1274901,0,16297
2023-06-11,Morocco,Africa,102,1275003,0,16297
2023-06-18,Morocco,Africa,86,1275089,0,16297
2023-06-25,Morocco,Africa,47,1275136,0,16297
2023-07-02,Morocco,Africa,32,1275168,0,16297
2023-07-09,Morocco,Africa,23,1275191,0,16297
2023-07-16,Morocco,Africa,33,1275224,0,16297
2023-07-23,Morocco,Africa,21,1275245,0,16297
2023-07-30,Morocco,Africa,28,1275273,0,16297
2023-08-06,Morocco,Africa,20,1275293,0,16297
2023-08-13,Morocco,Africa,27,1275320,0,16297
2023-08-20,Morocco,Africa,74,1275394,0,16297
2023-08-27,Morocco,Africa,161,1275555,0,16297
2023-09-03,Morocco,Africa,309,1275864,0,16297
2023-09-10,Morocco,Africa,312,1276176,0,16297
2023-09-17,Morocco,Africa,254,1276430,0,16297
2023-09-24,Morocco,Africa,205,1276635,0,16297
2023-10-01,Morocco,Africa,177,1276812,0,16297
2023-10-08,Morocco,Africa,138,1276950,0,16297
2023-10-15,Morocco,Africa,132,1277082,0,16297
2023-10-22,Morocco,Africa,136,1277218,0,16297
2023-10-29,Morocco,Africa,124,1277342,0,16297
2023-11-05,Morocco,Africa,0,1277342,0,16297
2023-11-12,Morocco,Africa,196,1277538,0,16297
2023-11-19,Morocco,Africa,104,1277642,0,16297
2023-11-26,Morocco,Africa,104,1277746,0,16297
2023-12-03,Morocco,Africa,116,1277862,1,16298
2023-12-10,Morocco,Africa,94,1277956,0,16298
2023-12-17,Morocco,Africa,99,1278055,0,16298
2023-12-24,Morocco,Africa,109,1278164,0,16298
2023-12-31,Morocco,Africa,105,1278269,2,16300
2024-01-07,Morocco,Africa,130,1278399,0,16300
2024-01-14,Morocco,Africa,113,1278512,1,16301
2024-01-21,Morocco,Africa,154,1278666,0,16301
2024-01-28,Morocco,Africa,86,1278752,0,16301
2024-02-04,Morocco,Africa,92,1278844,0,16301
2024-02-11,Morocco,Africa,100,1278944,1,16302
2024-02-18,Morocco,Africa,44,1278988,1,16303
2024-02-25,Morocco,Africa,46,1279034,0,16303
2024-03-03,Morocco,Africa,10,1279044,0,16303
2024-03-10,Morocco,Africa,4,1279048,0,16303
2024-03-17,Morocco,Africa,14,1279062,1,16304
2024-03-24,Morocco,Africa,11,1279073,0,16304
2024-03-31,Morocco,Africa,7,1279080,0,16304
2024-04-07,Morocco,Africa,4,1279084,0,16304
2024-04-14,Morocco,Africa,10,1279094,0,16304
2024-04-21,Morocco,Africa,11,1279105,1,16305
2024-04-28,Morocco,Africa,10,1279115,0,16305
2024-05-05,Morocco,Africa,0,1279115,0,16305
2024-05-12,Morocco,Africa,0,1279115,0,16305
2024-05-19,Morocco,Africa,0,1279115,0,16305
2024-05-26,Morocco,Africa,0,1279115,0,16305
2024-06-02,Morocco,Africa,0,1279115,0,16305
2024-06-09,Morocco,Africa,0,1279115,0,16305
2024-06-16,Morocco,Africa,0,1279115,0,16305
2024-06-23,Morocco,Africa,0,1279115,0,16305
2024-06-30,Morocco,Africa,0,1279115,0,16305
2024-07-07,Morocco,Africa,0,1279115,0,16305
2024-07-14,Morocco,Africa,0,1279115,0,16305
2024-07-21,Morocco,Africa,0,1279115,0,16305
2024-07-28,Morocco,Africa,0,1279115,0,16305
2024-08-04,Morocco,Africa,0,1279115,0,16305
2024-08-11,Morocco,Africa,0,1279115,0,16305
2024-08-18,Morocco,Africa,0,1279115,0,16305
2024-08-25,Morocco,Africa,0,1279115,0,16305
2024-09-01,Morocco,Africa,0,1279115,0,16305
2020-01-05,Mozambique,Africa,0,0,0,0
2020-01-12,Mozambique,Africa,0,0,0,0
2020-01-19,Mozambique,Africa,0,0,0,0
2020-01-26,Mozambique,Africa,0,0,0,0
2020-02-02,Mozambique,Africa,0,0,0,0
2020-02-09,Mozambique,Africa,0,0,0,0
2020-02-16,Mozambique,Africa,0,0,0,0
2020-02-23,Mozambique,Africa,0,0,0,0
2020-03-01,Mozambique,Africa,0,0,0,0
2020-03-08,Mozambique,Africa,0,0,0,0
2020-03-15,Mozambique,Africa,0,0,0,0
2020-03-22,Mozambique,Africa,0,0,0,0
2020-03-29,Mozambique,Africa,8,8,0,0
2020-04-05,Mozambique,Africa,2,10,0,0
2020-04-12,Mozambique,Africa,10,20,0,0
2020-04-19,Mozambique,Africa,15,35,0,0
2020-04-26,Mozambique,Africa,35,70,0,0
2020-05-03,Mozambique,Africa,10,80,0,0
2020-05-10,Mozambique,Africa,7,87,0,0
2020-05-17,Mozambique,Africa,42,129,0,0
2020-05-24,Mozambique,Africa,39,168,0,0
2020-05-31,Mozambique,Africa,76,244,2,2
2020-06-07,Mozambique,Africa,167,411,0,2
2020-06-14,Mozambique,Africa,142,553,0,2
2020-06-21,Mozambique,Africa,135,688,2,4
2020-06-28,Mozambique,Africa,151,839,1,5
2020-07-05,Mozambique,Africa,130,969,2,7
2020-07-12,Mozambique,Africa,166,1135,2,9
2020-07-19,Mozambique,Africa,300,1435,1,10
2020-07-26,Mozambique,Africa,181,1616,1,11
2020-08-02,Mozambique,Africa,291,1907,1,12
2020-08-09,Mozambique,Africa,334,2241,6,18
2020-08-16,Mozambique,Africa,550,2791,1,19
2020-08-23,Mozambique,Africa,513,3304,1,20
2020-08-30,Mozambique,Africa,456,3760,2,22
2020-09-06,Mozambique,Africa,581,4341,4,26
2020-09-13,Mozambique,Africa,699,5040,9,35
2020-09-20,Mozambique,Africa,1497,6537,6,41
2020-09-27,Mozambique,Africa,1220,7757,13,54
2020-10-04,Mozambique,Africa,1292,9049,10,64
2020-10-11,Mozambique,Africa,795,9844,7,71
2020-10-18,Mozambique,Africa,863,10707,3,74
2020-10-25,Mozambique,Africa,1188,11895,11,85
2020-11-01,Mozambique,Africa,974,12869,7,92
2020-11-08,Mozambique,Africa,708,13577,7,99
2020-11-15,Mozambique,Africa,763,14340,11,110
2020-11-22,Mozambique,Africa,641,14981,13,123
2020-11-29,Mozambique,Africa,605,15586,6,129
2020-12-06,Mozambique,Africa,547,16133,4,133
2020-12-13,Mozambique,Africa,679,16812,7,140
2020-12-20,Mozambique,Africa,665,17477,7,147
2020-12-27,Mozambique,Africa,685,18162,12,159
2021-01-03,Mozambique,Africa,806,18968,9,168
2021-01-10,Mozambique,Africa,2393,21361,19,187
2021-01-17,Mozambique,Africa,4501,25862,47,234
2021-01-24,Mozambique,Africa,5766,31628,63,297
2021-01-31,Mozambique,Africa,6077,37705,66,363
2021-02-07,Mozambique,Africa,6407,44112,88,451
2021-02-14,Mozambique,Africa,5339,49451,74,525
2021-02-21,Mozambique,Africa,5517,54968,62,587
2021-02-28,Mozambique,Africa,3804,58772,43,630
2021-03-07,Mozambique,Africa,3359,62131,56,686
2021-03-14,Mozambique,Africa,2165,64296,36,722
2021-03-21,Mozambique,Africa,1768,66064,24,746
2021-03-28,Mozambique,Africa,947,67011,16,762
2021-04-04,Mozambique,Africa,994,68005,20,782
2021-04-11,Mozambique,Africa,573,68578,7,789
2021-04-18,Mozambique,Africa,556,69134,9,798
2021-04-25,Mozambique,Africa,509,69643,9,807
2021-05-02,Mozambique,Africa,322,69965,7,814
2021-05-09,Mozambique,Africa,201,70166,7,821
2021-05-16,Mozambique,Africa,244,70410,5,826
2021-05-23,Mozambique,Africa,158,70568,5,831
2021-05-30,Mozambique,Africa,156,70724,5,836
2021-06-06,Mozambique,Africa,358,71082,1,837
2021-06-13,Mozambique,Africa,379,71461,3,840
2021-06-20,Mozambique,Africa,906,72367,7,847
2021-06-27,Mozambique,Africa,2337,74704,20,867
2021-07-04,Mozambique,Africa,4509,79213,30,897
2021-07-11,Mozambique,Africa,8722,87935,65,962
2021-07-18,Mozambique,Africa,10217,98152,137,1099
2021-07-25,Mozambique,Africa,10608,108760,158,1257
2021-08-01,Mozambique,Africa,13268,122028,177,1434
2021-08-08,Mozambique,Africa,9771,131799,166,1600
2021-08-15,Mozambique,Africa,6545,138344,107,1707
2021-08-22,Mozambique,Africa,4179,142523,78,1785
2021-08-29,Mozambique,Africa,3201,145724,57,1842
2021-09-05,Mozambique,Africa,2061,147785,35,1877
2021-09-12,Mozambique,Africa,1303,149088,15,1892
2021-09-19,Mozambique,Africa,893,149981,11,1903
2021-09-26,Mozambique,Africa,513,150494,6,1909
2021-10-03,Mozambique,Africa,296,150790,9,1918
2021-10-10,Mozambique,Africa,173,150963,4,1922
2021-10-17,Mozambique,Africa,134,151097,3,1925
2021-10-24,Mozambique,Africa,123,151220,3,1928
2021-10-31,Mozambique,Africa,68,151288,2,1930
2021-11-07,Mozambique,Africa,79,151367,4,1934
2021-11-14,Mozambique,Africa,55,151422,0,1934
2021-11-21,Mozambique,Africa,66,151488,2,1936
2021-11-28,Mozambique,Africa,32,151520,4,1940
2021-12-05,Mozambique,Africa,348,151868,1,1941
2021-12-12,Mozambique,Africa,1540,153408,1,1942
2021-12-19,Mozambique,Africa,5955,159363,8,1950
2021-12-26,Mozambique,Africa,5499,164862,10,1960
2022-01-02,Mozambique,Africa,26860,191722,52,2012
2022-01-09,Mozambique,Africa,17667,209389,65,2077
2022-01-16,Mozambique,Africa,9408,218797,46,2123
2022-01-23,Mozambique,Africa,3618,222415,30,2153
2022-01-30,Mozambique,Africa,1323,223738,14,2167
2022-02-06,Mozambique,Africa,571,224309,16,2183
2022-02-13,Mozambique,Africa,344,224653,6,2189
2022-02-20,Mozambique,Africa,229,224882,0,2189
2022-02-27,Mozambique,Africa,154,225036,3,2192
2022-03-06,Mozambique,Africa,99,225135,4,2196
2022-03-13,Mozambique,Africa,38,225173,2,2198
2022-03-20,Mozambique,Africa,33,225206,1,2199
2022-03-27,Mozambique,Africa,31,225237,1,2200
2022-04-03,Mozambique,Africa,27,225264,0,2200
2022-04-10,Mozambique,Africa,16,225280,0,2200
2022-04-17,Mozambique,Africa,43,225323,0,2200
2022-04-24,Mozambique,Africa,35,225358,1,2201
2022-05-01,Mozambique,Africa,29,225387,0,2201
2022-05-08,Mozambique,Africa,32,225419,0,2201
2022-05-15,Mozambique,Africa,74,225493,0,2201
2022-05-22,Mozambique,Africa,70,225563,0,2201
2022-05-29,Mozambique,Africa,138,225701,2,2203
2022-06-05,Mozambique,Africa,232,225933,1,2204
2022-06-12,Mozambique,Africa,392,226325,2,2206
2022-06-19,Mozambique,Africa,758,227083,3,2209
2022-06-26,Mozambique,Africa,444,227527,3,2212
2022-07-03,Mozambique,Africa,495,228022,0,2212
2022-07-10,Mozambique,Africa,617,228639,1,2213
2022-07-17,Mozambique,Africa,381,229020,2,2215
2022-07-24,Mozambique,Africa,331,229351,0,2215
2022-07-31,Mozambique,Africa,213,229564,0,2215
2022-08-07,Mozambique,Africa,132,229696,1,2216
2022-08-14,Mozambique,Africa,182,229878,3,2219
2022-08-21,Mozambique,Africa,114,229992,0,2219
2022-08-28,Mozambique,Africa,72,230064,1,2220
2022-09-04,Mozambique,Africa,61,230125,0,2220
2022-09-11,Mozambique,Africa,46,230171,2,2222
2022-09-18,Mozambique,Africa,48,230219,0,2222
2022-09-25,Mozambique,Africa,0,230219,0,2222
2022-10-02,Mozambique,Africa,93,230312,0,2222
2022-10-09,Mozambique,Africa,58,230370,2,2224
2022-10-16,Mozambique,Africa,31,230401,0,2224
2022-10-23,Mozambique,Africa,30,230431,0,2224
2022-10-30,Mozambique,Africa,44,230475,0,2224
2022-11-06,Mozambique,Africa,24,230499,0,2224
2022-11-13,Mozambique,Africa,44,230543,0,2224
2022-11-20,Mozambique,Africa,47,230590,0,2224
2022-11-27,Mozambique,Africa,34,230624,2,2226
2022-12-04,Mozambique,Africa,91,230715,0,2226
2022-12-11,Mozambique,Africa,101,230816,3,2229
2022-12-18,Mozambique,Africa,102,230918,0,2229
2022-12-25,Mozambique,Africa,52,230970,1,2230
2023-01-01,Mozambique,Africa,69,231039,2,2232
2023-01-08,Mozambique,Africa,180,231219,0,2232
2023-01-15,Mozambique,Africa,185,231404,0,2232
2023-01-22,Mozambique,Africa,590,231994,1,2233
2023-01-29,Mozambique,Africa,516,232510,3,2236
2023-02-05,Mozambique,Africa,309,232819,1,2237
2023-02-12,Mozambique,Africa,184,233003,2,2239
2023-02-19,Mozambique,Africa,95,233098,3,2242
2023-02-26,Mozambique,Africa,50,233148,0,2242
2023-03-05,Mozambique,Africa,66,233214,0,2242
2023-03-12,Mozambique,Africa,0,233214,0,2242
2023-03-19,Mozambique,Africa,0,233214,0,2242
2023-03-26,Mozambique,Africa,120,233334,0,2242
2023-04-02,Mozambique,Africa,9,233343,0,2242
2023-04-09,Mozambique,Africa,27,233370,0,2242
2023-04-16,Mozambique,Africa,12,233382,0,2242
2023-04-23,Mozambique,Africa,16,233398,0,2242
2023-04-30,Mozambique,Africa,19,233417,1,2243
2023-05-07,Mozambique,Africa,0,233417,0,2243
2023-05-14,Mozambique,Africa,0,233417,0,2243
2023-05-21,Mozambique,Africa,0,233417,0,2243
2023-05-28,Mozambique,Africa,0,233417,0,2243
2023-06-04,Mozambique,Africa,0,233417,0,2243
2023-06-11,Mozambique,Africa,0,233417,0,2243
2023-06-18,Mozambique,Africa,0,233417,0,2243
2023-06-25,Mozambique,Africa,0,233417,0,2243
2023-07-02,Mozambique,Africa,0,233417,0,2243
2023-07-09,Mozambique,Africa,0,233417,0,2243
2023-07-16,Mozambique,Africa,0,233417,0,2243
2023-07-23,Mozambique,Africa,0,233417,0,2243
2023-07-30,Mozambique,Africa,0,233417,0,2243
2023-08-06,Mozambique,Africa,0,233417,0,2243
2023-08-13,Mozambique,Africa,214,233631,6,2249
2023-08-20,Mozambique,Africa,3,233634,0,2249
2023-08-27,Mozambique,Africa,4,233638,0,2249
2023-09-03,Mozambique,Africa,4,233642,0,2249
2023-09-10,Mozambique,Africa,3,233645,0,2249
2023-09-17,Mozambique,Africa,4,233649,0,2249
2023-09-24,Mozambique,Africa,2,233651,0,2249
2023-10-01,Mozambique,Africa,1,233652,0,2249
2023-10-08,Mozambique,Africa,2,233654,0,2249
2023-10-15,Mozambique,Africa,4,233658,0,2249
2023-10-22,Mozambique,Africa,1,233659,0,2249
2023-10-29,Mozambique,Africa,3,233662,0,2249
2023-11-05,Mozambique,Africa,2,233664,1,2250
2023-11-12,Mozambique,Africa,4,233668,0,2250
2023-11-19,Mozambique,Africa,12,233680,0,2250
2023-11-26,Mozambique,Africa,31,233711,0,2250
2023-12-03,Mozambique,Africa,9,233720,0,2250
2023-12-10,Mozambique,Africa,11,233731,0,2250
2023-12-17,Mozambique,Africa,0,233731,0,2250
2023-12-24,Mozambique,Africa,0,233731,0,2250
2023-12-31,Mozambique,Africa,0,233731,0,2250
2024-01-07,Mozambique,Africa,0,233731,0,2250
2024-01-14,Mozambique,Africa,22,233753,1,2251
2024-01-21,Mozambique,Africa,6,233759,0,2251
2024-01-28,Mozambique,Africa,4,233763,1,2252
2024-02-04,Mozambique,Africa,1,233764,0,2252
2024-02-11,Mozambique,Africa,1,233765,0,2252
2024-02-18,Mozambique,Africa,0,233765,0,2252
2024-02-25,Mozambique,Africa,0,233765,0,2252
2024-03-03,Mozambique,Africa,0,233765,0,2252
2024-03-10,Mozambique,Africa,0,233765,0,2252
2024-03-17,Mozambique,Africa,7,233772,0,2252
2024-03-24,Mozambique,Africa,0,233772,0,2252
2024-03-31,Mozambique,Africa,0,233772,0,2252
2024-04-07,Mozambique,Africa,5,233777,0,2252
2024-04-14,Mozambique,Africa,3,233780,0,2252
2024-04-21,Mozambique,Africa,3,233783,0,2252
2024-04-28,Mozambique,Africa,9,233792,0,2252
2024-05-05,Mozambique,Africa,2,233794,0,2252
2024-05-12,Mozambique,Africa,9,233803,0,2252
2024-05-19,Mozambique,Africa,5,233808,0,2252
2024-05-26,Mozambique,Africa,3,233811,0,2252
2024-06-02,Mozambique,Africa,10,233821,0,2252
2024-06-09,Mozambique,Africa,4,233825,0,2252
2024-06-16,Mozambique,Africa,3,233828,0,2252
2024-06-23,Mozambique,Africa,0,233828,0,2252
2024-06-30,Mozambique,Africa,6,233834,0,2252
2024-07-07,Mozambique,Africa,1,233835,0,2252
2024-07-14,Mozambique,Africa,0,233835,0,2252
2024-07-21,Mozambique,Africa,6,233841,0,2252
2024-07-28,Mozambique,Africa,1,233842,0,2252
2024-08-04,Mozambique,Africa,1,233843,0,2252
2024-08-11,Mozambique,Africa,0,233843,0,2252
2024-08-18,Mozambique,Africa,0,233843,0,2252
2024-08-25,Mozambique,Africa,0,233843,0,2252
2024-09-01,Mozambique,Africa,0,233843,0,2252
2020-01-05,Myanmar,Asia,0,0,0,0
2020-01-12,Myanmar,Asia,0,0,0,0
2020-01-19,Myanmar,Asia,0,0,0,0
2020-01-26,Myanmar,Asia,0,0,0,0
2020-02-02,Myanmar,Asia,0,0,0,0
2020-02-09,Myanmar,Asia,0,0,0,0
2020-02-16,Myanmar,Asia,0,0,0,0
2020-02-23,Myanmar,Asia,0,0,0,0
2020-03-01,Myanmar,Asia,0,0,0,0
2020-03-08,Myanmar,Asia,0,0,0,0
2020-03-15,Myanmar,Asia,0,0,0,0
2020-03-22,Myanmar,Asia,0,0,0,0
2020-03-29,Myanmar,Asia,8,8,0,0
2020-04-05,Myanmar,Asia,13,21,1,1
2020-04-12,Myanmar,Asia,17,38,2,3
2020-04-19,Myanmar,Asia,69,107,2,5
2020-04-26,Myanmar,Asia,39,146,0,5
2020-05-03,Myanmar,Asia,5,151,1,6
2020-05-10,Myanmar,Asia,27,178,0,6
2020-05-17,Myanmar,Asia,6,184,0,6
2020-05-24,Myanmar,Asia,17,201,0,6
2020-05-31,Myanmar,Asia,23,224,0,6
2020-06-07,Myanmar,Asia,18,242,0,6
2020-06-14,Myanmar,Asia,19,261,0,6
2020-06-21,Myanmar,Asia,29,290,0,6
2020-06-28,Myanmar,Asia,9,299,0,6
2020-07-05,Myanmar,Asia,14,313,0,6
2020-07-12,Myanmar,Asia,18,331,0,6
2020-07-19,Myanmar,Asia,10,341,0,6
2020-07-26,Myanmar,Asia,9,350,0,6
2020-08-02,Myanmar,Asia,3,353,0,6
2020-08-09,Myanmar,Asia,7,360,0,6
2020-08-16,Myanmar,Asia,14,374,0,6
2020-08-23,Myanmar,Asia,70,444,0,6
2020-08-30,Myanmar,Asia,331,775,0,6
2020-09-06,Myanmar,Asia,644,1419,2,8
2020-09-13,Myanmar,Asia,1513,2932,12,20
2020-09-20,Myanmar,Asia,2331,5263,69,89
2020-09-27,Myanmar,Asia,4728,9991,109,198
2020-10-04,Myanmar,Asia,6512,16503,173,371
2020-10-11,Myanmar,Asia,9561,26064,227,598
2020-10-18,Myanmar,Asia,8811,34875,240,838
2020-10-25,Myanmar,Asia,8913,43788,228,1066
2020-11-01,Myanmar,Asia,8918,52706,171,1237
2020-11-08,Myanmar,Asia,7642,60348,159,1396
2020-11-15,Myanmar,Asia,7530,67878,156,1552
2020-11-22,Myanmar,Asia,9970,77848,170,1722
2020-11-29,Myanmar,Asia,10129,87977,165,1887
2020-12-06,Myanmar,Asia,10070,98047,194,2081
2020-12-13,Myanmar,Asia,9168,107215,164,2245
2020-12-20,Myanmar,Asia,7972,115187,179,2424
2020-12-27,Myanmar,Asia,6699,121886,177,2601
2021-01-03,Myanmar,Asia,4459,126345,127,2728
2021-01-10,Myanmar,Asia,4259,130604,118,2846
2021-01-17,Myanmar,Asia,3714,134318,109,2955
2021-01-24,Myanmar,Asia,3256,137574,107,3062
2021-01-31,Myanmar,Asia,2571,140145,69,3131
2021-02-07,Myanmar,Asia,1159,141304,37,3168
2021-02-14,Myanmar,Asia,297,141601,21,3189
2021-02-21,Myanmar,Asia,149,141750,7,3196
2021-02-28,Myanmar,Asia,146,141896,3,3199
2021-03-07,Myanmar,Asia,138,142034,1,3200
2021-03-14,Myanmar,Asia,113,142147,2,3202
2021-03-21,Myanmar,Asia,65,142212,2,3204
2021-03-28,Myanmar,Asia,173,142385,2,3206
2021-04-04,Myanmar,Asia,126,142511,0,3206
2021-04-11,Myanmar,Asia,76,142587,0,3206
2021-04-18,Myanmar,Asia,57,142644,0,3206
2021-04-25,Myanmar,Asia,78,142722,1,3207
2021-05-02,Myanmar,Asia,116,142838,2,3209
2021-05-09,Myanmar,Asia,116,142954,1,3210
2021-05-16,Myanmar,Asia,111,143065,2,3212
2021-05-23,Myanmar,Asia,169,143234,4,3216
2021-05-30,Myanmar,Asia,337,143571,0,3216
2021-06-06,Myanmar,Asia,746,144317,9,3225
2021-06-13,Myanmar,Asia,1286,145603,19,3244
2021-06-20,Myanmar,Asia,2419,148022,18,3262
2021-06-27,Myanmar,Asia,5138,153160,35,3297
2021-07-04,Myanmar,Asia,12245,165405,122,3419
2021-07-11,Myanmar,Asia,26808,192213,419,3838
2021-07-18,Myanmar,Asia,37308,229521,1162,5000
2021-07-25,Myanmar,Asia,40004,269525,2111,7111
2021-08-01,Myanmar,Asia,33140,302665,2620,9731
2021-08-08,Myanmar,Asia,26851,329516,2045,11776
2021-08-15,Myanmar,Asia,24763,354279,1487,13263
2021-08-22,Myanmar,Asia,19406,373685,1111,14374
2021-08-29,Myanmar,Asia,18615,392300,809,15183
2021-09-05,Myanmar,Asia,23116,415416,708,15891
2021-09-12,Myanmar,Asia,16417,431833,639,16530
2021-09-19,Myanmar,Asia,14740,446573,543,17073
2021-09-26,Myanmar,Asia,11581,458154,454,17527
2021-10-03,Myanmar,Asia,10309,468463,356,17883
2021-10-10,Myanmar,Asia,10188,478651,251,18134
2021-10-17,Myanmar,Asia,9202,487853,225,18359
2021-10-24,Myanmar,Asia,6410,494263,179,18538
2021-10-31,Myanmar,Asia,5810,500073,159,18697
2021-11-07,Myanmar,Asia,6743,506816,124,18821
2021-11-14,Myanmar,Asia,6446,513262,108,18929
2021-11-21,Myanmar,Asia,4660,517922,96,19025
2021-11-28,Myanmar,Asia,3639,521561,63,19088
2021-12-05,Myanmar,Asia,2846,524407,53,19141
2021-12-12,Myanmar,Asia,2254,526661,42,19183
2021-12-19,Myanmar,Asia,1592,528253,37,19220
2021-12-26,Myanmar,Asia,1360,529613,34,19254
2022-01-02,Myanmar,Asia,1412,531025,20,19274
2022-01-09,Myanmar,Asia,1037,532062,17,19291
2022-01-16,Myanmar,Asia,1082,533144,11,19302
2022-01-23,Myanmar,Asia,927,534071,8,19310
2022-01-30,Myanmar,Asia,1183,535254,0,19310
2022-02-06,Myanmar,Asia,2647,537901,0,19310
2022-02-13,Myanmar,Asia,8870,546771,0,19310
2022-02-20,Myanmar,Asia,18896,565667,21,19331
2022-02-27,Myanmar,Asia,20531,586198,34,19365
2022-03-06,Myanmar,Asia,12248,598446,24,19389
2022-03-13,Myanmar,Asia,6901,605347,20,19409
2022-03-20,Myanmar,Asia,3643,608990,16,19425
2022-03-27,Myanmar,Asia,1868,610858,5,19430
2022-04-03,Myanmar,Asia,1017,611875,3,19433
2022-04-10,Myanmar,Asia,466,612341,1,19434
2022-04-17,Myanmar,Asia,224,612565,0,19434
2022-04-24,Myanmar,Asia,184,612749,0,19434
2022-05-01,Myanmar,Asia,151,612900,0,19434
2022-05-08,Myanmar,Asia,153,613053,0,19434
2022-05-15,Myanmar,Asia,87,613140,0,19434
2022-05-22,Myanmar,Asia,82,613222,0,19434
2022-05-29,Myanmar,Asia,93,613315,0,19434
2022-06-05,Myanmar,Asia,67,613382,0,19434
2022-06-12,Myanmar,Asia,61,613443,0,19434
2022-06-19,Myanmar,Asia,47,613490,0,19434
2022-06-26,Myanmar,Asia,66,613556,0,19434
2022-07-03,Myanmar,Asia,92,613648,0,19434
2022-07-10,Myanmar,Asia,88,613736,0,19434
2022-07-17,Myanmar,Asia,80,613816,0,19434
2022-07-24,Myanmar,Asia,135,613951,0,19434
2022-07-31,Myanmar,Asia,141,614092,0,19434
2022-08-07,Myanmar,Asia,106,614198,0,19434
2022-08-14,Myanmar,Asia,191,614389,1,19435
2022-08-21,Myanmar,Asia,265,614654,2,19437
2022-08-28,Myanmar,Asia,308,614962,0,19437
2022-09-04,Myanmar,Asia,597,615559,3,19440
2022-09-11,Myanmar,Asia,1293,616852,2,19442
2022-09-18,Myanmar,Asia,2046,618898,4,19446
2022-09-25,Myanmar,Asia,2504,621402,9,19455
2022-10-02,Myanmar,Asia,2512,623914,6,19461
2022-10-09,Myanmar,Asia,2544,626458,6,19467
2022-10-16,Myanmar,Asia,2119,628577,3,19470
2022-10-23,Myanmar,Asia,2026,630603,6,19476
2022-10-30,Myanmar,Asia,1022,631625,6,19482
2022-11-06,Myanmar,Asia,649,632274,3,19485
2022-11-13,Myanmar,Asia,405,632679,1,19486
2022-11-20,Myanmar,Asia,326,633005,1,19487
2022-11-27,Myanmar,Asia,162,633167,1,19488
2022-12-04,Myanmar,Asia,151,633318,0,19488
2022-12-11,Myanmar,Asia,139,633457,0,19488
2022-12-18,Myanmar,Asia,98,633555,0,19488
2022-12-25,Myanmar,Asia,57,633612,2,19490
2023-01-01,Myanmar,Asia,73,633685,0,19490
2023-01-08,Myanmar,Asia,32,633717,0,19490
2023-01-15,Myanmar,Asia,33,633750,0,19490
2023-01-22,Myanmar,Asia,51,633801,0,19490
2023-01-29,Myanmar,Asia,18,633819,0,19490
2023-02-05,Myanmar,Asia,23,633842,0,19490
2023-02-12,Myanmar,Asia,24,633866,0,19490
2023-02-19,Myanmar,Asia,35,633901,0,19490
2023-02-26,Myanmar,Asia,10,633911,0,19490
2023-03-05,Myanmar,Asia,35,633946,0,19490
2023-03-12,Myanmar,Asia,9,633955,0,19490
2023-03-19,Myanmar,Asia,37,633992,0,19490
2023-03-26,Myanmar,Asia,81,634073,0,19490
2023-04-02,Myanmar,Asia,12,634085,0,19490
2023-04-09,Myanmar,Asia,13,634098,0,19490
2023-04-16,Myanmar,Asia,62,634160,0,19490
2023-04-23,Myanmar,Asia,189,634349,0,19490
2023-04-30,Myanmar,Asia,528,634877,2,19492
2023-05-07,Myanmar,Asia,1154,636031,0,19492
2023-05-14,Myanmar,Asia,1218,637249,2,19494
2023-05-21,Myanmar,Asia,785,638034,0,19494
2023-05-28,Myanmar,Asia,634,638668,0,19494
2023-06-04,Myanmar,Asia,507,639175,0,19494
2023-06-11,Myanmar,Asia,487,639662,0,19494
2023-06-18,Myanmar,Asia,387,640049,0,19494
2023-06-25,Myanmar,Asia,253,640302,0,19494
2023-07-02,Myanmar,Asia,194,640496,0,19494
2023-07-09,Myanmar,Asia,263,640759,0,19494
2023-07-16,Myanmar,Asia,127,640886,0,19494
2023-07-23,Myanmar,Asia,91,640977,0,19494
2023-07-30,Myanmar,Asia,79,641056,0,19494
2023-08-06,Myanmar,Asia,34,641090,0,19494
2023-08-13,Myanmar,Asia,41,641131,0,19494
2023-08-20,Myanmar,Asia,17,641148,0,19494
2023-08-27,Myanmar,Asia,19,641167,0,19494
2023-09-03,Myanmar,Asia,21,641188,0,19494
2023-09-10,Myanmar,Asia,26,641214,0,19494
2023-09-17,Myanmar,Asia,11,641225,0,19494
2023-09-24,Myanmar,Asia,28,641253,0,19494
2023-10-01,Myanmar,Asia,27,641280,0,19494
2023-10-08,Myanmar,Asia,27,641307,0,19494
2023-10-15,Myanmar,Asia,17,641324,0,19494
2023-10-22,Myanmar,Asia,11,641335,0,19494
2023-10-29,Myanmar,Asia,6,641341,0,19494
2023-11-05,Myanmar,Asia,15,641356,0,19494
2023-11-12,Myanmar,Asia,10,641366,0,19494
2023-11-19,Myanmar,Asia,8,641374,0,19494
2023-11-26,Myanmar,Asia,2,641376,0,19494
2023-12-03,Myanmar,Asia,7,641383,0,19494
2023-12-10,Myanmar,Asia,3,641386,0,19494
2023-12-17,Myanmar,Asia,7,641393,0,19494
2023-12-24,Myanmar,Asia,29,641422,0,19494
2023-12-31,Myanmar,Asia,26,641448,0,19494
2024-01-07,Myanmar,Asia,48,641496,0,19494
2024-01-14,Myanmar,Asia,54,641550,0,19494
2024-01-21,Myanmar,Asia,64,641614,0,19494
2024-01-28,Myanmar,Asia,73,641687,0,19494
2024-02-04,Myanmar,Asia,43,641730,0,19494
2024-02-11,Myanmar,Asia,26,641756,0,19494
2024-02-18,Myanmar,Asia,19,641775,0,19494
2024-02-25,Myanmar,Asia,31,641806,0,19494
2024-03-03,Myanmar,Asia,31,641837,0,19494
2024-03-10,Myanmar,Asia,36,641873,0,19494
2024-03-17,Myanmar,Asia,22,641895,0,19494
2024-03-24,Myanmar,Asia,28,641923,0,19494
2024-03-31,Myanmar,Asia,28,641951,0,19494
2024-04-07,Myanmar,Asia,39,641990,0,19494
2024-04-14,Myanmar,Asia,23,642013,0,19494
2024-04-21,Myanmar,Asia,31,642044,0,19494
2024-04-28,Myanmar,Asia,48,642092,0,19494
2024-05-05,Myanmar,Asia,46,642138,0,19494
2024-05-12,Myanmar,Asia,91,642229,0,19494
2024-05-19,Myanmar,Asia,110,642339,0,19494
2024-05-26,Myanmar,Asia,74,642413,0,19494
2024-06-02,Myanmar,Asia,69,642482,0,19494
2024-06-09,Myanmar,Asia,63,642545,0,19494
2024-06-16,Myanmar,Asia,73,642618,0,19494
2024-06-23,Myanmar,Asia,66,642684,0,19494
2024-06-30,Myanmar,Asia,49,642733,0,19494
2024-07-07,Myanmar,Asia,45,642778,0,19494
2024-07-14,Myanmar,Asia,41,642819,0,19494
2024-07-21,Myanmar,Asia,20,642839,0,19494
2024-07-28,Myanmar,Asia,20,642859,0,19494
2024-08-04,Myanmar,Asia,26,642885,0,19494
2024-08-11,Myanmar,Asia,17,642902,0,19494
2024-08-18,Myanmar,Asia,22,642924,0,19494
2024-08-25,Myanmar,Asia,38,642962,0,19494
2024-09-01,Myanmar,Asia,28,642990,0,19494
2020-01-05,Namibia,Africa,0,0,0,0
2020-01-12,Namibia,Africa,0,0,0,0
2020-01-19,Namibia,Africa,0,0,0,0
2020-01-26,Namibia,Africa,0,0,0,0
2020-02-02,Namibia,Africa,0,0,0,0
2020-02-09,Namibia,Africa,0,0,0,0
2020-02-16,Namibia,Africa,0,0,0,0
2020-02-23,Namibia,Africa,0,0,0,0
2020-03-01,Namibia,Africa,0,0,0,0
2020-03-08,Namibia,Africa,0,0,0,0
2020-03-15,Namibia,Africa,2,2,0,0
2020-03-22,Namibia,Africa,1,3,0,0
2020-03-29,Namibia,Africa,8,11,0,0
2020-04-05,Namibia,Africa,5,16,0,0
2020-04-12,Namibia,Africa,0,16,0,0
2020-04-19,Namibia,Africa,0,16,0,0
2020-04-26,Namibia,Africa,0,16,0,0
2020-05-03,Namibia,Africa,0,16,0,0
2020-05-10,Namibia,Africa,0,16,0,0
2020-05-17,Namibia,Africa,0,16,0,0
2020-05-24,Namibia,Africa,4,20,0,0
2020-05-31,Namibia,Africa,3,23,0,0
2020-06-07,Namibia,Africa,6,29,0,0
2020-06-14,Namibia,Africa,3,32,0,0
2020-06-21,Namibia,Africa,13,45,0,0
2020-06-28,Namibia,Africa,91,136,0,0
2020-07-05,Namibia,Africa,276,412,0,0
2020-07-12,Namibia,Africa,373,785,1,1
2020-07-19,Namibia,Africa,558,1343,3,4
2020-07-26,Namibia,Africa,431,1774,3,7
2020-08-02,Namibia,Africa,520,2294,3,10
2020-08-09,Namibia,Africa,655,2949,8,18
2020-08-16,Namibia,Africa,1205,4154,18,36
2020-08-23,Namibia,Africa,1700,5854,18,54
2020-08-30,Namibia,Africa,1511,7365,24,78
2020-09-06,Namibia,Africa,1320,8685,12,90
2020-09-13,Namibia,Africa,1034,9719,17,107
2020-09-20,Namibia,Africa,658,10377,20,127
2020-09-27,Namibia,Africa,656,11033,3,130
2020-10-04,Namibia,Africa,593,11626,5,135
2020-10-11,Namibia,Africa,310,11936,3,138
2020-10-18,Namibia,Africa,357,12293,3,141
2020-10-25,Namibia,Africa,367,12660,1,142
2020-11-01,Namibia,Africa,328,12988,0,142
2020-11-08,Namibia,Africa,223,13211,2,144
2020-11-15,Namibia,Africa,297,13508,4,148
2020-11-22,Namibia,Africa,357,13865,6,154
2020-11-29,Namibia,Africa,480,14345,7,161
2020-12-06,Namibia,Africa,733,15078,3,164
2020-12-13,Namibia,Africa,1458,16536,7,171
2020-12-20,Namibia,Africa,2178,18714,9,180
2020-12-27,Namibia,Africa,3209,21923,15,195
2021-01-03,Namibia,Africa,3184,25107,21,216
2021-01-10,Namibia,Africa,3152,28259,40,256
2021-01-17,Namibia,Africa,1939,30198,28,284
2021-01-24,Namibia,Africa,2213,32411,47,331
2021-01-31,Namibia,Africa,1529,33940,27,358
2021-02-07,Namibia,Africa,1034,34974,21,379
2021-02-14,Namibia,Africa,978,35952,16,395
2021-02-21,Namibia,Africa,1531,37483,14,409
2021-02-28,Namibia,Africa,1364,38847,13,422
2021-03-07,Namibia,Africa,1183,40030,34,456
2021-03-14,Namibia,Africa,1170,41200,15,471
2021-03-21,Namibia,Africa,1277,42477,28,499
2021-03-28,Namibia,Africa,1155,43632,13,512
2021-04-04,Namibia,Africa,1158,44790,25,537
2021-04-11,Namibia,Africa,737,45527,33,570
2021-04-18,Namibia,Africa,1128,46655,34,604
2021-04-25,Namibia,Africa,1121,47776,21,625
2021-05-02,Namibia,Africa,1223,48999,27,652
2021-05-09,Namibia,Africa,1071,50070,37,689
2021-05-16,Namibia,Africa,1148,51218,29,718
2021-05-23,Namibia,Africa,1728,52946,47,765
2021-05-30,Namibia,Africa,2195,55141,59,824
2021-06-06,Namibia,Africa,3566,58707,88,912
2021-06-13,Namibia,Africa,6382,65089,83,995
2021-06-20,Namibia,Africa,9593,74682,169,1164
2021-06-27,Namibia,Africa,11967,86649,281,1445
2021-07-04,Namibia,Africa,10438,97087,217,1662
2021-07-11,Namibia,Africa,9792,106879,357,2019
2021-07-18,Namibia,Africa,5945,112824,513,2532
2021-07-25,Namibia,Africa,4140,116964,302,2834
2021-08-01,Namibia,Africa,2478,119442,230,3064
2021-08-08,Namibia,Africa,1761,121203,132,3196
2021-08-15,Namibia,Africa,1342,122545,89,3285
2021-08-22,Namibia,Africa,1316,123861,60,3345
2021-08-29,Namibia,Africa,1039,124900,27,3372
2021-09-05,Namibia,Africa,759,125659,40,3412
2021-09-12,Namibia,Africa,682,126341,24,3436
2021-09-19,Namibia,Africa,559,126900,35,3471
2021-09-26,Namibia,Africa,473,127373,23,3494
2021-10-03,Namibia,Africa,489,127862,23,3517
2021-10-10,Namibia,Africa,267,128129,10,3527
2021-10-17,Namibia,Africa,224,128353,13,3540
2021-10-24,Namibia,Africa,496,128849,10,3550
2021-10-31,Namibia,Africa,89,128938,4,3554
2021-11-07,Namibia,Africa,76,129014,9,3563
2021-11-14,Namibia,Africa,46,129060,1,3564
2021-11-21,Namibia,Africa,45,129105,5,3569
2021-11-28,Namibia,Africa,55,129160,4,3573
2021-12-05,Namibia,Africa,778,129938,1,3574
2021-12-12,Namibia,Africa,3152,133090,3,3577
2021-12-19,Namibia,Africa,6428,139518,6,3583
2021-12-26,Namibia,Africa,6579,146097,28,3611
2022-01-02,Namibia,Africa,3644,149741,45,3656
2022-01-09,Namibia,Africa,3085,152826,70,3726
2022-01-16,Namibia,Africa,1710,154536,97,3823
2022-01-23,Namibia,Africa,821,155357,97,3920
2022-01-30,Namibia,Africa,483,155840,47,3967
2022-02-06,Namibia,Africa,531,156371,13,3980
2022-02-13,Namibia,Africa,418,156789,15,3995
2022-02-20,Namibia,Africa,221,157010,7,4002
2022-02-27,Namibia,Africa,200,157210,5,4007
2022-03-06,Namibia,Africa,128,157338,6,4013
2022-03-13,Namibia,Africa,100,157438,1,4014
2022-03-20,Namibia,Africa,85,157523,2,4016
2022-03-27,Namibia,Africa,88,157611,3,4019
2022-04-03,Namibia,Africa,146,157757,0,4019
2022-04-10,Namibia,Africa,139,157896,2,4021
2022-04-17,Namibia,Africa,190,158086,1,4022
2022-04-24,Namibia,Africa,272,158358,3,4025
2022-05-01,Namibia,Africa,453,158811,0,4025
2022-05-08,Namibia,Africa,408,159219,2,4027
2022-05-15,Namibia,Africa,966,160185,3,4030
2022-05-22,Namibia,Africa,2036,162221,2,4032
2022-05-29,Namibia,Africa,1167,163388,5,4037
2022-06-05,Namibia,Africa,1257,164645,3,4040
2022-06-12,Namibia,Africa,820,165465,9,4049
2022-06-19,Namibia,Africa,318,165783,5,4054
2022-06-26,Namibia,Africa,298,166081,7,4061
2022-07-03,Namibia,Africa,126,166207,4,4065
2022-07-10,Namibia,Africa,17,166224,3,4068
2022-07-17,Namibia,Africa,159,166383,1,4069
2022-07-24,Namibia,Africa,52,166435,2,4071
2022-07-31,Namibia,Africa,69,166504,2,4073
2022-08-07,Namibia,Africa,38,166542,0,4073
2022-08-14,Namibia,Africa,56,166598,1,4074
2022-08-21,Namibia,Africa,37,166635,3,4077
2022-08-28,Namibia,Africa,21,166656,0,4077
2022-09-04,Namibia,Africa,27,166683,0,4077
2022-09-11,Namibia,Africa,5,166688,0,4077
2022-09-18,Namibia,Africa,68,166756,3,4080
2022-09-25,Namibia,Africa,16,166772,0,4080
2022-10-02,Namibia,Africa,6,166778,0,4080
2022-10-09,Namibia,Africa,16,166794,0,4080
2022-10-16,Namibia,Africa,3088,169882,0,4080
2022-10-23,Namibia,Africa,9,169891,0,4080
2022-10-30,Namibia,Africa,43,169934,0,4080
2022-11-06,Namibia,Africa,11,169945,0,4080
2022-11-13,Namibia,Africa,16,169961,0,4080
2022-11-20,Namibia,Africa,33,169994,0,4080
2022-11-27,Namibia,Africa,40,170034,0,4080
2022-12-04,Namibia,Africa,66,170100,0,4080
2022-12-11,Namibia,Africa,64,170164,0,4080
2022-12-18,Namibia,Africa,53,170217,2,4082
2022-12-25,Namibia,Africa,61,170278,0,4082
2023-01-01,Namibia,Africa,74,170352,0,4082
2023-01-08,Namibia,Africa,61,170413,0,4082
2023-01-15,Namibia,Africa,66,170479,1,4083
2023-01-22,Namibia,Africa,119,170598,3,4086
2023-01-29,Namibia,Africa,126,170724,2,4088
2023-02-05,Namibia,Africa,149,170873,2,4090
2023-02-12,Namibia,Africa,186,171059,0,4090
2023-02-19,Namibia,Africa,62,171121,0,4090
2023-02-26,Namibia,Africa,35,171156,0,4090
2023-03-05,Namibia,Africa,26,171182,0,4090
2023-03-12,Namibia,Africa,26,171208,0,4090
2023-03-19,Namibia,Africa,14,171222,0,4090
2023-03-26,Namibia,Africa,0,171222,0,4090
2023-04-02,Namibia,Africa,0,171222,0,4090
2023-04-09,Namibia,Africa,0,171222,0,4090
2023-04-16,Namibia,Africa,0,171222,0,4090
2023-04-23,Namibia,Africa,0,171222,0,4090
2023-04-30,Namibia,Africa,88,171310,1,4091
2023-05-07,Namibia,Africa,0,171310,0,4091
2023-05-14,Namibia,Africa,0,171310,0,4091
2023-05-21,Namibia,Africa,0,171310,0,4091
2023-05-28,Namibia,Africa,0,171310,0,4091
2023-06-04,Namibia,Africa,0,171310,0,4091
2023-06-11,Namibia,Africa,0,171310,0,4091
2023-06-18,Namibia,Africa,507,171817,3,4094
2023-06-25,Namibia,Africa,77,171894,2,4096
2023-07-02,Namibia,Africa,37,171931,1,4097
2023-07-09,Namibia,Africa,35,171966,1,4098
2023-07-16,Namibia,Africa,32,171998,0,4098
2023-07-23,Namibia,Africa,0,171998,0,4098
2023-07-30,Namibia,Africa,0,171998,0,4098
2023-08-06,Namibia,Africa,0,171998,0,4098
2023-08-13,Namibia,Africa,0,171998,0,4098
2023-08-20,Namibia,Africa,0,171998,0,4098
2023-08-27,Namibia,Africa,0,171998,0,4098
2023-09-03,Namibia,Africa,0,171998,0,4098
2023-09-10,Namibia,Africa,0,171998,0,4098
2023-09-17,Namibia,Africa,113,172111,2,4100
2023-09-24,Namibia,Africa,5,172116,0,4100
2023-10-01,Namibia,Africa,0,172116,0,4100
2023-10-08,Namibia,Africa,2,172118,0,4100
2023-10-15,Namibia,Africa,3,172121,0,4100
2023-10-22,Namibia,Africa,2,172123,0,4100
2023-10-29,Namibia,Africa,9,172132,0,4100
2023-11-05,Namibia,Africa,6,172138,0,4100
2023-11-12,Namibia,Africa,13,172151,0,4100
2023-11-19,Namibia,Africa,19,172170,2,4102
2023-11-26,Namibia,Africa,19,172189,0,4102
2023-12-03,Namibia,Africa,19,172208,1,4103
2023-12-10,Namibia,Africa,13,172221,0,4103
2023-12-17,Namibia,Africa,18,172239,0,4103
2023-12-24,Namibia,Africa,0,172239,0,4103
2023-12-31,Namibia,Africa,10,172249,0,4103
2024-01-07,Namibia,Africa,3,172252,0,4103
2024-01-14,Namibia,Africa,4,172256,0,4103
2024-01-21,Namibia,Africa,10,172266,0,4103
2024-01-28,Namibia,Africa,8,172274,0,4103
2024-02-04,Namibia,Africa,6,172280,0,4103
2024-02-11,Namibia,Africa,8,172288,0,4103
2024-02-18,Namibia,Africa,35,172323,0,4103
2024-02-25,Namibia,Africa,56,172379,2,4105
2024-03-03,Namibia,Africa,10,172389,1,4106
2024-03-10,Namibia,Africa,1,172390,0,4106
2024-03-17,Namibia,Africa,9,172399,0,4106
2024-03-24,Namibia,Africa,0,172399,0,4106
2024-03-31,Namibia,Africa,1,172400,1,4107
2024-04-07,Namibia,Africa,0,172400,0,4107
2024-04-14,Namibia,Africa,3,172403,1,4108
2024-04-21,Namibia,Africa,1,172404,0,4108
2024-04-28,Namibia,Africa,0,172404,0,4108
2024-05-05,Namibia,Africa,1,172405,0,4108
2024-05-12,Namibia,Africa,1,172406,0,4108
2024-05-19,Namibia,Africa,2,172408,0,4108
2024-05-26,Namibia,Africa,3,172411,0,4108
2024-06-02,Namibia,Africa,7,172418,0,4108
2024-06-09,Namibia,Africa,39,172457,0,4108
2024-06-16,Namibia,Africa,23,172480,0,4108
2024-06-23,Namibia,Africa,20,172500,0,4108
2024-06-30,Namibia,Africa,0,172500,0,4108
2024-07-07,Namibia,Africa,0,172500,0,4108
2024-07-14,Namibia,Africa,13,172513,0,4108
2024-07-21,Namibia,Africa,13,172526,0,4108
2024-07-28,Namibia,Africa,6,172532,0,4108
2024-08-04,Namibia,Africa,1,172533,0,4108
2024-08-11,Namibia,Africa,7,172540,0,4108
2024-08-18,Namibia,Africa,9,172549,0,4108
2024-08-25,Namibia,Africa,0,172549,0,4108
2024-09-01,Namibia,Africa,0,172549,0,4108
2020-01-05,Nauru,island,0,0,0,0
2020-01-12,Nauru,island,0,0,0,0
2020-01-19,Nauru,island,0,0,0,0
2020-01-26,Nauru,island,0,0,0,0
2020-02-02,Nauru,island,0,0,0,0
2020-02-09,Nauru,island,0,0,0,0
2020-02-16,Nauru,island,0,0,0,0
2020-02-23,Nauru,island,0,0,0,0
2020-03-01,Nauru,island,0,0,0,0
2020-03-08,Nauru,island,0,0,0,0
2020-03-15,Nauru,island,0,0,0,0
2020-03-22,Nauru,island,0,0,0,0
2020-03-29,Nauru,island,0,0,0,0
2020-04-05,Nauru,island,0,0,0,0
2020-04-12,Nauru,island,0,0,0,0
2020-04-19,Nauru,island,0,0,0,0
2020-04-26,Nauru,island,0,0,0,0
2020-05-03,Nauru,island,0,0,0,0
2020-05-10,Nauru,island,0,0,0,0
2020-05-17,Nauru,island,0,0,0,0
2020-05-24,Nauru,island,0,0,0,0
2020-05-31,Nauru,island,0,0,0,0
2020-06-07,Nauru,island,0,0,0,0
2020-06-14,Nauru,island,0,0,0,0
2020-06-21,Nauru,island,0,0,0,0
2020-06-28,Nauru,island,0,0,0,0
2020-07-05,Nauru,island,0,0,0,0
2020-07-12,Nauru,island,0,0,0,0
2020-07-19,Nauru,island,0,0,0,0
2020-07-26,Nauru,island,0,0,0,0
2020-08-02,Nauru,island,0,0,0,0
2020-08-09,Nauru,island,0,0,0,0
2020-08-16,Nauru,island,0,0,0,0
2020-08-23,Nauru,island,0,0,0,0
2020-08-30,Nauru,island,0,0,0,0
2020-09-06,Nauru,island,0,0,0,0
2020-09-13,Nauru,island,0,0,0,0
2020-09-20,Nauru,island,0,0,0,0
2020-09-27,Nauru,island,0,0,0,0
2020-10-04,Nauru,island,0,0,0,0
2020-10-11,Nauru,island,0,0,0,0
2020-10-18,Nauru,island,0,0,0,0
2020-10-25,Nauru,island,0,0,0,0
2020-11-01,Nauru,island,0,0,0,0
2020-11-08,Nauru,island,0,0,0,0
2020-11-15,Nauru,island,0,0,0,0
2020-11-22,Nauru,island,0,0,0,0
2020-11-29,Nauru,island,0,0,0,0
2020-12-06,Nauru,island,0,0,0,0
2020-12-13,Nauru,island,0,0,0,0
2020-12-20,Nauru,island,0,0,0,0
2020-12-27,Nauru,island,0,0,0,0
2021-01-03,Nauru,island,0,0,0,0
2021-01-10,Nauru,island,0,0,0,0
2021-01-17,Nauru,island,0,0,0,0
2021-01-24,Nauru,island,0,0,0,0
2021-01-31,Nauru,island,0,0,0,0
2021-02-07,Nauru,island,0,0,0,0
2021-02-14,Nauru,island,0,0,0,0
2021-02-21,Nauru,island,0,0,0,0
2021-02-28,Nauru,island,0,0,0,0
2021-03-07,Nauru,island,0,0,0,0
2021-03-14,Nauru,island,0,0,0,0
2021-03-21,Nauru,island,0,0,0,0
2021-03-28,Nauru,island,0,0,0,0
2021-04-04,Nauru,island,0,0,0,0
2021-04-11,Nauru,island,0,0,0,0
2021-04-18,Nauru,island,0,0,0,0
2021-04-25,Nauru,island,0,0,0,0
2021-05-02,Nauru,island,0,0,0,0
2021-05-09,Nauru,island,0,0,0,0
2021-05-16,Nauru,island,0,0,0,0
2021-05-23,Nauru,island,0,0,0,0
2021-05-30,Nauru,island,0,0,0,0
2021-06-06,Nauru,island,0,0,0,0
2021-06-13,Nauru,island,0,0,0,0
2021-06-20,Nauru,island,0,0,0,0
2021-06-27,Nauru,island,0,0,0,0
2021-07-04,Nauru,island,0,0,0,0
2021-07-11,Nauru,island,0,0,0,0
2021-07-18,Nauru,island,0,0,0,0
2021-07-25,Nauru,island,0,0,0,0
2021-08-01,Nauru,island,0,0,0,0
2021-08-08,Nauru,island,0,0,0,0
2021-08-15,Nauru,island,0,0,0,0
2021-08-22,Nauru,island,0,0,0,0
2021-08-29,Nauru,island,0,0,0,0
2021-09-05,Nauru,island,0,0,0,0
2021-09-12,Nauru,island,0,0,0,0
2021-09-19,Nauru,island,0,0,0,0
2021-09-26,Nauru,island,0,0,0,0
2021-10-03,Nauru,island,0,0,0,0
2021-10-10,Nauru,island,0,0,0,0
2021-10-17,Nauru,island,0,0,0,0
2021-10-24,Nauru,island,0,0,0,0
2021-10-31,Nauru,island,0,0,0,0
2021-11-07,Nauru,island,0,0,0,0
2021-11-14,Nauru,island,0,0,0,0
2021-11-21,Nauru,island,0,0,0,0
2021-11-28,Nauru,island,0,0,0,0
2021-12-05,Nauru,island,0,0,0,0
2021-12-12,Nauru,island,0,0,0,0
2021-12-19,Nauru,island,0,0,0,0
2021-12-26,Nauru,island,0,0,0,0
2022-01-02,Nauru,island,0,0,0,0
2022-01-09,Nauru,island,0,0,0,0
2022-01-16,Nauru,island,0,0,0,0
2022-01-23,Nauru,island,0,0,0,0
2022-01-30,Nauru,island,0,0,0,0
2022-02-06,Nauru,island,0,0,0,0
2022-02-13,Nauru,island,0,0,0,0
2022-02-20,Nauru,island,0,0,0,0
2022-02-27,Nauru,island,0,0,0,0
2022-03-06,Nauru,island,0,0,0,0
2022-03-13,Nauru,island,0,0,0,0
2022-03-20,Nauru,island,0,0,0,0
2022-03-27,Nauru,island,0,0,0,0
2022-04-03,Nauru,island,2,2,0,0
2022-04-10,Nauru,island,1,3,0,0
2022-04-17,Nauru,island,0,3,0,0
2022-04-24,Nauru,island,0,3,0,0
2022-05-01,Nauru,island,0,3,0,0
2022-05-08,Nauru,island,0,3,0,0
2022-05-15,Nauru,island,0,3,0,0
2022-05-22,Nauru,island,0,3,0,0
2022-05-29,Nauru,island,0,3,0,0
2022-06-05,Nauru,island,0,3,0,0
2022-06-12,Nauru,island,0,3,0,0
2022-06-19,Nauru,island,347,350,0,0
2022-06-26,Nauru,island,2055,2405,0,0
2022-07-03,Nauru,island,1565,3970,1,1
2022-07-10,Nauru,island,365,4335,0,1
2022-07-17,Nauru,island,0,4335,0,1
2022-07-24,Nauru,island,67,4402,0,1
2022-07-31,Nauru,island,5,4407,0,1
2022-08-07,Nauru,island,2,4409,0,1
2022-08-14,Nauru,island,196,4605,0,1
2022-08-21,Nauru,island,5,4610,0,1
2022-08-28,Nauru,island,0,4610,0,1
2022-09-04,Nauru,island,0,4610,0,1
2022-09-11,Nauru,island,0,4610,0,1
2022-09-18,Nauru,island,0,4610,0,1
2022-09-25,Nauru,island,0,4610,0,1
2022-10-02,Nauru,island,0,4610,0,1
2022-10-09,Nauru,island,0,4610,0,1
2022-10-16,Nauru,island,0,4610,0,1
2022-10-23,Nauru,island,0,4610,0,1
2022-10-30,Nauru,island,0,4610,0,1
2022-11-06,Nauru,island,0,4610,0,1
2022-11-13,Nauru,island,8,4618,0,1
2022-11-20,Nauru,island,3,4621,0,1
2022-11-27,Nauru,island,0,4621,0,1
2022-12-04,Nauru,island,0,4621,0,1
2022-12-11,Nauru,island,0,4621,0,1
2022-12-18,Nauru,island,0,4621,0,1
2022-12-25,Nauru,island,0,4621,0,1
2023-01-01,Nauru,island,0,4621,0,1
2023-01-08,Nauru,island,0,4621,0,1
2023-01-15,Nauru,island,0,4621,0,1
2023-01-22,Nauru,island,0,4621,0,1
2023-01-29,Nauru,island,67,4688,0,1
2023-02-05,Nauru,island,0,4688,0,1
2023-02-12,Nauru,island,127,4815,0,1
2023-02-19,Nauru,island,306,5121,0,1
2023-02-26,Nauru,island,126,5247,0,1
2023-03-05,Nauru,island,37,5284,0,1
2023-03-12,Nauru,island,72,5356,0,1
2023-03-19,Nauru,island,37,5393,0,1
2023-03-26,Nauru,island,0,5393,0,1
2023-04-02,Nauru,island,0,5393,0,1
2023-04-09,Nauru,island,0,5393,0,1
2023-04-16,Nauru,island,0,5393,0,1
2023-04-23,Nauru,island,0,5393,0,1
2023-04-30,Nauru,island,0,5393,0,1
2023-05-07,Nauru,island,0,5393,0,1
2023-05-14,Nauru,island,0,5393,0,1
2023-05-21,Nauru,island,0,5393,0,1
2023-05-28,Nauru,island,0,5393,0,1
2023-06-04,Nauru,island,0,5393,0,1
2023-06-11,Nauru,island,0,5393,0,1
2023-06-18,Nauru,island,0,5393,0,1
2023-06-25,Nauru,island,0,5393,0,1
2023-07-02,Nauru,island,0,5393,0,1
2023-07-09,Nauru,island,0,5393,0,1
2023-07-16,Nauru,island,0,5393,0,1
2023-07-23,Nauru,island,0,5393,0,1
2023-07-30,Nauru,island,0,5393,0,1
2023-08-06,Nauru,island,0,5393,0,1
2023-08-13,Nauru,island,0,5393,0,1
2023-08-20,Nauru,island,0,5393,0,1
2023-08-27,Nauru,island,0,5393,0,1
2023-09-03,Nauru,island,0,5393,0,1
2023-09-10,Nauru,island,0,5393,0,1
2023-09-17,Nauru,island,0,5393,0,1
2023-09-24,Nauru,island,0,5393,0,1
2023-10-01,Nauru,island,0,5393,0,1
2023-10-08,Nauru,island,0,5393,0,1
2023-10-15,Nauru,island,0,5393,0,1
2023-10-22,Nauru,island,0,5393,0,1
2023-10-29,Nauru,island,0,5393,0,1
2023-11-05,Nauru,island,0,5393,0,1
2023-11-12,Nauru,island,0,5393,0,1
2023-11-19,Nauru,island,0,5393,0,1
2023-11-26,Nauru,island,0,5393,0,1
2023-12-03,Nauru,island,0,5393,0,1
2023-12-10,Nauru,island,0,5393,0,1
2023-12-17,Nauru,island,0,5393,0,1
2023-12-24,Nauru,island,0,5393,0,1
2023-12-31,Nauru,island,0,5393,0,1
2024-01-07,Nauru,island,0,5393,0,1
2024-01-14,Nauru,island,0,5393,0,1
2024-01-21,Nauru,island,0,5393,0,1
2024-01-28,Nauru,island,0,5393,0,1
2024-02-04,Nauru,island,0,5393,0,1
2024-02-11,Nauru,island,0,5393,0,1
2024-02-18,Nauru,island,0,5393,0,1
2024-02-25,Nauru,island,0,5393,0,1
2024-03-03,Nauru,island,0,5393,0,1
2024-03-10,Nauru,island,0,5393,0,1
2024-03-17,Nauru,island,0,5393,0,1
2024-03-24,Nauru,island,0,5393,0,1
2024-03-31,Nauru,island,0,5393,0,1
2024-04-07,Nauru,island,0,5393,0,1
2024-04-14,Nauru,island,0,5393,0,1
2024-04-21,Nauru,island,0,5393,0,1
2024-04-28,Nauru,island,0,5393,0,1
2024-05-05,Nauru,island,0,5393,0,1
2024-05-12,Nauru,island,0,5393,0,1
2024-05-19,Nauru,island,0,5393,0,1
2024-05-26,Nauru,island,0,5393,0,1
2024-06-02,Nauru,island,0,5393,0,1
2024-06-09,Nauru,island,0,5393,0,1
2024-06-16,Nauru,island,0,5393,0,1
2024-06-23,Nauru,island,0,5393,0,1
2024-06-30,Nauru,island,0,5393,0,1
2024-07-07,Nauru,island,0,5393,0,1
2024-07-14,Nauru,island,0,5393,0,1
2024-07-21,Nauru,island,0,5393,0,1
2024-07-28,Nauru,island,0,5393,0,1
2024-08-04,Nauru,island,0,5393,0,1
2024-08-11,Nauru,island,0,5393,0,1
2024-08-18,Nauru,island,0,5393,0,1
2024-08-25,Nauru,island,0,5393,0,1
2024-09-01,Nauru,island,0,5393,0,1
2020-01-05,Nepal,Asia,0,0,0,0
2020-01-12,Nepal,Asia,0,0,0,0
2020-01-19,Nepal,Asia,0,0,0,0
2020-01-26,Nepal,Asia,5,5,0,0
2020-02-02,Nepal,Asia,0,5,0,0
2020-02-09,Nepal,Asia,0,5,0,0
2020-02-16,Nepal,Asia,0,5,0,0
2020-02-23,Nepal,Asia,0,5,0,0
2020-03-01,Nepal,Asia,0,5,0,0
2020-03-08,Nepal,Asia,0,5,0,0
2020-03-15,Nepal,Asia,0,5,0,0
2020-03-22,Nepal,Asia,0,5,0,0
2020-03-29,Nepal,Asia,0,5,0,0
2020-04-05,Nepal,Asia,4,9,0,0
2020-04-12,Nepal,Asia,3,12,0,0
2020-04-19,Nepal,Asia,19,31,0,0
2020-04-26,Nepal,Asia,20,51,0,0
2020-05-03,Nepal,Asia,24,75,0,0
2020-05-10,Nepal,Asia,35,110,0,0
2020-05-17,Nepal,Asia,185,295,2,2
2020-05-24,Nepal,Asia,308,603,1,3
2020-05-31,Nepal,Asia,969,1572,5,8
2020-06-07,Nepal,Asia,1876,3448,6,14
2020-06-14,Nepal,Asia,2312,5760,6,20
2020-06-21,Nepal,Asia,3266,9026,4,24
2020-06-28,Nepal,Asia,3746,12772,5,29
2020-07-05,Nepal,Asia,3012,15784,7,36
2020-07-12,Nepal,Asia,1017,16801,5,41
2020-07-19,Nepal,Asia,857,17658,2,43
2020-07-26,Nepal,Asia,955,18613,5,48
2020-08-02,Nepal,Asia,1719,20332,13,61
2020-08-09,Nepal,Asia,2640,22972,19,80
2020-08-16,Nepal,Asia,3688,26660,34,114
2020-08-23,Nepal,Asia,5275,31935,50,164
2020-08-30,Nepal,Asia,6626,38561,80,244
2020-09-06,Nepal,Asia,7696,46257,83,327
2020-09-13,Nepal,Asia,7902,54159,63,390
2020-09-20,Nepal,Asia,9963,64122,82,472
2020-09-27,Nepal,Asia,9272,73394,89,561
2020-10-04,Nepal,Asia,13429,86823,98,659
2020-10-11,Nepal,Asia,20932,107755,157,816
2020-10-18,Nepal,Asia,24491,132246,176,992
2020-10-25,Nepal,Asia,25843,158089,219,1211
2020-11-01,Nepal,Asia,15478,173567,221,1432
2020-11-08,Nepal,Asia,20886,194453,230,1662
2020-11-15,Nepal,Asia,15323,209776,207,1869
2020-11-22,Nepal,Asia,10532,220308,166,2035
2020-11-29,Nepal,Asia,11670,231978,216,2251
2020-12-06,Nepal,Asia,9003,240981,168,2419
2020-12-13,Nepal,Asia,7442,248423,140,2559
2020-12-20,Nepal,Asia,5349,253772,104,2663
2020-12-27,Nepal,Asia,4409,258181,57,2720
2021-01-03,Nepal,Asia,3678,261859,65,2785
2021-01-10,Nepal,Asia,2921,264780,56,2841
2021-01-17,Nepal,Asia,2542,267322,51,2892
2021-01-24,Nepal,Asia,2128,269450,42,2934
2021-01-31,Nepal,Asia,1509,270959,28,2962
2021-02-07,Nepal,Asia,966,271925,9,2971
2021-02-14,Nepal,Asia,793,272718,16,2987
2021-02-21,Nepal,Asia,713,273431,7,2994
2021-02-28,Nepal,Asia,712,274143,13,3007
2021-03-07,Nepal,Asia,578,274721,3,3010
2021-03-14,Nepal,Asia,510,275231,4,3014
2021-03-21,Nepal,Asia,675,275906,2,3016
2021-03-28,Nepal,Asia,933,276839,11,3027
2021-04-04,Nepal,Asia,1105,277944,5,3032
2021-04-11,Nepal,Asia,2084,280028,8,3040
2021-04-18,Nepal,Asia,4645,284673,43,3083
2021-04-25,Nepal,Asia,15446,300119,81,3164
2021-05-02,Nepal,Asia,35911,336030,161,3325
2021-05-09,Nepal,Asia,58637,394667,395,3720
2021-05-16,Nepal,Asia,60353,455020,1281,5001
2021-05-23,Nepal,Asia,58221,513241,1345,6346
2021-05-30,Nepal,Asia,43883,557124,926,7272
2021-06-06,Nepal,Asia,31000,588124,626,7898
2021-06-13,Nepal,Asia,20348,608472,514,8412
2021-06-20,Nepal,Asia,12584,621056,314,8726
2021-06-27,Nepal,Asia,12623,633679,283,9009
2021-07-04,Nepal,Asia,10943,644622,216,9225
2021-07-11,Nepal,Asia,10827,655449,157,9382
2021-07-18,Nepal,Asia,11660,667109,168,9550
2021-07-25,Nepal,Asia,13447,680556,163,9713
2021-08-01,Nepal,Asia,16814,697370,162,9875
2021-08-08,Nepal,Asia,17507,714877,218,10093
2021-08-15,Nepal,Asia,17395,732272,199,10292
2021-08-22,Nepal,Asia,15161,747433,217,10509
2021-08-29,Nepal,Asia,11789,759222,205,10714
2021-09-05,Nepal,Asia,10049,769271,124,10838
2021-09-12,Nepal,Asia,7892,777163,111,10949
2021-09-19,Nepal,Asia,7403,784566,91,11040
2021-09-26,Nepal,Asia,6826,791392,56,11096
2021-10-03,Nepal,Asia,5800,797192,68,11164
2021-10-10,Nepal,Asia,5006,802198,67,11231
2021-10-17,Nepal,Asia,2839,805037,53,11284
2021-10-24,Nepal,Asia,4019,809056,64,11348
2021-10-31,Nepal,Asia,3514,812570,59,11407
2021-11-07,Nepal,Asia,1988,814558,41,11448
2021-11-14,Nepal,Asia,2408,816966,29,11477
2021-11-21,Nepal,Asia,2053,819019,19,11496
2021-11-28,Nepal,Asia,1859,820878,27,11523
2021-12-05,Nepal,Asia,1714,822592,18,11541
2021-12-12,Nepal,Asia,1630,824222,13,11554
2021-12-19,Nepal,Asia,1514,825736,19,11573
2021-12-26,Nepal,Asia,1535,827271,12,11585
2022-01-02,Nepal,Asia,1715,828986,11,11596
2022-01-09,Nepal,Asia,3603,832589,8,11604
2022-01-16,Nepal,Asia,21149,853738,16,11620
2022-01-23,Nepal,Asia,56656,910394,35,11655
2022-01-30,Nepal,Asia,40047,950441,80,11735
2022-02-06,Nepal,Asia,15964,966405,79,11814
2022-02-13,Nepal,Asia,6654,973059,78,11892
2022-02-20,Nepal,Asia,2500,975559,29,11921
2022-02-27,Nepal,Asia,1306,976865,14,11935
2022-03-06,Nepal,Asia,636,977501,12,11947
2022-03-13,Nepal,Asia,436,977937,3,11950
2022-03-20,Nepal,Asia,218,978155,0,11950
2022-03-27,Nepal,Asia,177,978332,1,11951
2022-04-03,Nepal,Asia,143,978475,0,11951
2022-04-10,Nepal,Asia,96,978571,0,11951
2022-04-17,Nepal,Asia,94,978665,0,11951
2022-04-24,Nepal,Asia,78,978743,0,11951
2022-05-01,Nepal,Asia,85,978828,0,11951
2022-05-08,Nepal,Asia,114,978942,1,11952
2022-05-15,Nepal,Asia,56,978998,0,11952
2022-05-22,Nepal,Asia,70,979068,0,11952
2022-05-29,Nepal,Asia,59,979127,0,11952
2022-06-05,Nepal,Asia,72,979199,0,11952
2022-06-12,Nepal,Asia,63,979262,0,11952
2022-06-19,Nepal,Asia,100,979362,0,11952
2022-06-26,Nepal,Asia,171,979533,0,11952
2022-07-03,Nepal,Asia,268,979801,0,11952
2022-07-10,Nepal,Asia,516,980317,0,11952
2022-07-17,Nepal,Asia,1091,981408,1,11953
2022-07-24,Nepal,Asia,2214,983622,3,11956
2022-07-31,Nepal,Asia,2974,986596,11,11967
2022-08-07,Nepal,Asia,3531,990127,4,11971
2022-08-14,Nepal,Asia,2905,993032,17,11988
2022-08-21,Nepal,Asia,2209,995241,4,11992
2022-08-28,Nepal,Asia,1593,996834,8,12000
2022-09-04,Nepal,Asia,1034,997868,7,12007
2022-09-11,Nepal,Asia,875,998743,7,12014
2022-09-18,Nepal,Asia,498,999241,2,12016
2022-09-25,Nepal,Asia,334,999575,1,12017
2022-10-02,Nepal,Asia,214,999789,1,12018
2022-10-09,Nepal,Asia,97,999886,0,12018
2022-10-16,Nepal,Asia,265,1000151,0,12018
2022-10-23,Nepal,Asia,304,1000455,0,12018
2022-10-30,Nepal,Asia,95,1000550,1,12019
2022-11-06,Nepal,Asia,184,1000734,0,12019
2022-11-13,Nepal,Asia,72,1000806,0,12019
2022-11-20,Nepal,Asia,45,1000851,0,12019
2022-11-27,Nepal,Asia,27,1000878,0,12019
2022-12-04,Nepal,Asia,31,1000909,0,12019
2022-12-11,Nepal,Asia,23,1000932,0,12019
2022-12-18,Nepal,Asia,14,1000946,0,12019
2022-12-25,Nepal,Asia,20,1000966,0,12019
2023-01-01,Nepal,Asia,36,1001002,0,12019
2023-01-08,Nepal,Asia,20,1001022,1,12020
2023-01-15,Nepal,Asia,29,1001051,0,12020
2023-01-22,Nepal,Asia,25,1001076,0,12020
2023-01-29,Nepal,Asia,20,1001096,0,12020
2023-02-05,Nepal,Asia,10,1001106,0,12020
2023-02-12,Nepal,Asia,9,1001115,0,12020
2023-02-19,Nepal,Asia,18,1001133,0,12020
2023-02-26,Nepal,Asia,7,1001140,0,12020
2023-03-05,Nepal,Asia,9,1001149,0,12020
2023-03-12,Nepal,Asia,15,1001164,0,12020
2023-03-19,Nepal,Asia,18,1001182,0,12020
2023-03-26,Nepal,Asia,41,1001223,0,12020
2023-04-02,Nepal,Asia,198,1001421,0,12020
2023-04-09,Nepal,Asia,379,1001800,0,12020
2023-04-16,Nepal,Asia,378,1002178,2,12022
2023-04-23,Nepal,Asia,420,1002598,5,12027
2023-04-30,Nepal,Asia,365,1002963,3,12030
2023-05-07,Nepal,Asia,127,1003090,1,12031
2023-05-14,Nepal,Asia,132,1003222,0,12031
2023-05-21,Nepal,Asia,72,1003294,0,12031
2023-05-28,Nepal,Asia,33,1003327,0,12031
2023-06-04,Nepal,Asia,16,1003343,0,12031
2023-06-11,Nepal,Asia,10,1003353,0,12031
2023-06-18,Nepal,Asia,8,1003361,0,12031
2023-06-25,Nepal,Asia,4,1003365,0,12031
2023-07-02,Nepal,Asia,3,1003368,0,12031
2023-07-09,Nepal,Asia,1,1003369,0,12031
2023-07-16,Nepal,Asia,1,1003370,0,12031
2023-07-23,Nepal,Asia,3,1003373,0,12031
2023-07-30,Nepal,Asia,9,1003382,0,12031
2023-08-06,Nepal,Asia,6,1003388,0,12031
2023-08-13,Nepal,Asia,6,1003394,0,12031
2023-08-20,Nepal,Asia,12,1003406,0,12031
2023-08-27,Nepal,Asia,10,1003416,0,12031
2023-09-03,Nepal,Asia,5,1003421,0,12031
2023-09-10,Nepal,Asia,3,1003424,0,12031
2023-09-17,Nepal,Asia,7,1003431,0,12031
2023-09-24,Nepal,Asia,7,1003438,0,12031
2023-10-01,Nepal,Asia,3,1003441,0,12031
2023-10-08,Nepal,Asia,3,1003444,0,12031
2023-10-15,Nepal,Asia,3,1003447,0,12031
2023-10-22,Nepal,Asia,3,1003450,0,12031
2023-10-29,Nepal,Asia,0,1003450,0,12031
2023-11-05,Nepal,Asia,0,1003450,0,12031
2023-11-12,Nepal,Asia,0,1003450,0,12031
2023-11-19,Nepal,Asia,0,1003450,0,12031
2023-11-26,Nepal,Asia,0,1003450,0,12031
2023-12-03,Nepal,Asia,0,1003450,0,12031
2023-12-10,Nepal,Asia,0,1003450,0,12031
2023-12-17,Nepal,Asia,0,1003450,0,12031
2023-12-24,Nepal,Asia,0,1003450,0,12031
2023-12-31,Nepal,Asia,0,1003450,0,12031
2024-01-07,Nepal,Asia,0,1003450,0,12031
2024-01-14,Nepal,Asia,0,1003450,0,12031
2024-01-21,Nepal,Asia,0,1003450,0,12031
2024-01-28,Nepal,Asia,0,1003450,0,12031
2024-02-04,Nepal,Asia,0,1003450,0,12031
2024-02-11,Nepal,Asia,0,1003450,0,12031
2024-02-18,Nepal,Asia,0,1003450,0,12031
2024-02-25,Nepal,Asia,0,1003450,0,12031
2024-03-03,Nepal,Asia,0,1003450,0,12031
2024-03-10,Nepal,Asia,0,1003450,0,12031
2024-03-17,Nepal,Asia,0,1003450,0,12031
2024-03-24,Nepal,Asia,0,1003450,0,12031
2024-03-31,Nepal,Asia,0,1003450,0,12031
2024-04-07,Nepal,Asia,0,1003450,0,12031
2024-04-14,Nepal,Asia,0,1003450,0,12031
2024-04-21,Nepal,Asia,0,1003450,0,12031
2024-04-28,Nepal,Asia,0,1003450,0,12031
2024-05-05,Nepal,Asia,0,1003450,0,12031
2024-05-12,Nepal,Asia,0,1003450,0,12031
2024-05-19,Nepal,Asia,0,1003450,0,12031
2024-05-26,Nepal,Asia,0,1003450,0,12031
2024-06-02,Nepal,Asia,0,1003450,0,12031
2024-06-09,Nepal,Asia,0,1003450,0,12031
2024-06-16,Nepal,Asia,0,1003450,0,12031
2024-06-23,Nepal,Asia,0,1003450,0,12031
2024-06-30,Nepal,Asia,0,1003450,0,12031
2024-07-07,Nepal,Asia,0,1003450,0,12031
2024-07-14,Nepal,Asia,0,1003450,0,12031
2024-07-21,Nepal,Asia,0,1003450,0,12031
2024-07-28,Nepal,Asia,0,1003450,0,12031
2024-08-04,Nepal,Asia,0,1003450,0,12031
2024-08-11,Nepal,Asia,0,1003450,0,12031
2024-08-18,Nepal,Asia,0,1003450,0,12031
2024-08-25,Nepal,Asia,0,1003450,0,12031
2024-09-01,Nepal,Asia,0,1003450,0,12031
2020-01-05,Netherlands (Kingdom of the),Europe,0,0,0,0
2020-01-12,Netherlands (Kingdom of the),Europe,0,0,0,0
2020-01-19,Netherlands (Kingdom of the),Europe,0,0,0,0
2020-01-26,Netherlands (Kingdom of the),Europe,0,0,0,0
2020-02-02,Netherlands (Kingdom of the),Europe,0,0,0,0
2020-02-09,Netherlands (Kingdom of the),Europe,0,0,0,0
2020-02-16,Netherlands (Kingdom of the),Europe,0,0,0,0
2020-02-23,Netherlands (Kingdom of the),Europe,0,0,0,0
2020-03-01,Netherlands (Kingdom of the),Europe,19,19,0,0
2020-03-08,Netherlands (Kingdom of the),Europe,311,330,4,4
2020-03-15,Netherlands (Kingdom of the),Europe,1276,1606,36,40
2020-03-22,Netherlands (Kingdom of the),Europe,3775,5381,295,335
2020-03-29,Netherlands (Kingdom of the),Europe,6747,12128,797,1132
2020-04-05,Netherlands (Kingdom of the),Europe,7161,19289,1185,2317
2020-04-12,Netherlands (Kingdom of the),Europe,7951,27240,1040,3357
2020-04-19,Netherlands (Kingdom of the),Europe,6671,33911,886,4243
2020-04-26,Netherlands (Kingdom of the),Europe,4549,38460,705,4948
2020-05-03,Netherlands (Kingdom of the),Europe,2495,40955,426,5374
2020-05-10,Netherlands (Kingdom of the),Europe,1772,42727,295,5669
2020-05-17,Netherlands (Kingdom of the),Europe,1327,44054,174,5843
2020-05-24,Netherlands (Kingdom of the),Europe,1311,45365,120,5963
2020-05-31,Netherlands (Kingdom of the),Europe,1123,46488,91,6054
2020-06-07,Netherlands (Kingdom of the),Europe,1226,47714,56,6110
2020-06-14,Netherlands (Kingdom of the),Europe,1105,48819,35,6145
2020-06-21,Netherlands (Kingdom of the),Europe,697,49516,25,6170
2020-06-28,Netherlands (Kingdom of the),Europe,539,50055,12,6182
2020-07-05,Netherlands (Kingdom of the),Europe,435,50490,12,6194
2020-07-12,Netherlands (Kingdom of the),Europe,502,50992,6,6200
2020-07-19,Netherlands (Kingdom of the),Europe,961,51953,7,6207
2020-07-26,Netherlands (Kingdom of the),Europe,1298,53251,7,6214
2020-08-02,Netherlands (Kingdom of the),Europe,2557,55808,9,6223
2020-08-09,Netherlands (Kingdom of the),Europe,3861,59669,5,6228
2020-08-16,Netherlands (Kingdom of the),Europe,4023,63692,26,6254
2020-08-23,Netherlands (Kingdom of the),Europe,3656,67348,27,6281
2020-08-30,Netherlands (Kingdom of the),Europe,3650,70998,23,6304
2020-09-06,Netherlands (Kingdom of the),Europe,5319,76317,18,6322
2020-09-13,Netherlands (Kingdom of the),Europe,8280,84597,20,6342
2020-09-20,Netherlands (Kingdom of the),Europe,13807,98404,37,6379
2020-09-27,Netherlands (Kingdom of the),Europe,18823,117227,91,6470
2020-10-04,Netherlands (Kingdom of the),Europe,27048,144275,128,6598
2020-10-11,Netherlands (Kingdom of the),Europe,42790,187065,172,6770
2020-10-18,Netherlands (Kingdom of the),Europe,55977,243042,269,7039
2020-10-25,Netherlands (Kingdom of the),Europe,67368,310410,370,7409
2020-11-01,Netherlands (Kingdom of the),Europe,62785,373195,513,7922
2020-11-08,Netherlands (Kingdom of the),Europe,43944,417139,559,8481
2020-11-15,Netherlands (Kingdom of the),Europe,37914,455053,458,8939
2020-11-22,Netherlands (Kingdom of the),Europe,36568,491621,368,9307
2020-11-29,Netherlands (Kingdom of the),Europe,33608,525229,357,9664
2020-12-06,Netherlands (Kingdom of the),Europe,42202,567431,322,9986
2020-12-13,Netherlands (Kingdom of the),Europe,60890,628321,398,10384
2020-12-20,Netherlands (Kingdom of the),Europe,78088,706409,529,10913
2020-12-27,Netherlands (Kingdom of the),Europe,66789,773198,626,11539
2021-01-03,Netherlands (Kingdom of the),Europe,55955,829153,666,12205
2021-01-10,Netherlands (Kingdom of the),Europe,50250,879403,642,12847
2021-01-17,Netherlands (Kingdom of the),Europe,39229,918632,550,13397
2021-01-24,Netherlands (Kingdom of the),Europe,35329,953961,531,13928
2021-01-31,Netherlands (Kingdom of the),Europe,28980,982941,420,14348
2021-02-07,Netherlands (Kingdom of the),Europe,25891,1008832,406,14754
2021-02-14,Netherlands (Kingdom of the),Europe,24411,1033243,398,15152
2021-02-21,Netherlands (Kingdom of the),Europe,28835,1062078,404,15556
2021-02-28,Netherlands (Kingdom of the),Europe,31441,1093519,277,15833
2021-03-07,Netherlands (Kingdom of the),Europe,31590,1125109,240,16073
2021-03-14,Netherlands (Kingdom of the),Europe,38711,1163820,186,16259
2021-03-21,Netherlands (Kingdom of the),Europe,45398,1209218,176,16435
2021-03-28,Netherlands (Kingdom of the),Europe,51427,1260645,151,16586
2021-04-04,Netherlands (Kingdom of the),Europe,48090,1308735,150,16736
2021-04-11,Netherlands (Kingdom of the),Europe,50219,1358954,140,16876
2021-04-18,Netherlands (Kingdom of the),Europe,53662,1412616,147,17023
2021-04-25,Netherlands (Kingdom of the),Europe,56111,1468727,139,17162
2021-05-02,Netherlands (Kingdom of the),Europe,51258,1519985,140,17302
2021-05-09,Netherlands (Kingdom of the),Europe,47001,1566986,136,17438
2021-05-16,Netherlands (Kingdom of the),Europe,35849,1602835,92,17530
2021-05-23,Netherlands (Kingdom of the),Europe,26533,1629368,83,17613
2021-05-30,Netherlands (Kingdom of the),Europe,20487,1649855,50,17663
2021-06-06,Netherlands (Kingdom of the),Europe,15121,1664976,56,17719
2021-06-13,Netherlands (Kingdom of the),Europe,9149,1674125,24,17743
2021-06-20,Netherlands (Kingdom of the),Europe,5970,1680095,13,17756
2021-06-27,Netherlands (Kingdom of the),Europe,4254,1684349,8,17764
2021-07-04,Netherlands (Kingdom of the),Europe,7171,1691520,8,17772
2021-07-11,Netherlands (Kingdom of the),Europe,49557,1741077,12,17784
2021-07-18,Netherlands (Kingdom of the),Europe,69451,1810528,12,17796
2021-07-25,Netherlands (Kingdom of the),Europe,38748,1849276,27,17823
2021-08-01,Netherlands (Kingdom of the),Europe,22349,1871625,36,17859
2021-08-08,Netherlands (Kingdom of the),Europe,17261,1888886,50,17909
2021-08-15,Netherlands (Kingdom of the),Europe,16599,1905485,44,17953
2021-08-22,Netherlands (Kingdom of the),Europe,16882,1922367,34,17987
2021-08-29,Netherlands (Kingdom of the),Europe,17582,1939949,50,18037
2021-09-05,Netherlands (Kingdom of the),Europe,17515,1957464,42,18079
2021-09-12,Netherlands (Kingdom of the),Europe,16189,1973653,37,18116
2021-09-19,Netherlands (Kingdom of the),Europe,13635,1987288,43,18159
2021-09-26,Netherlands (Kingdom of the),Europe,11633,1998921,24,18183
2021-10-03,Netherlands (Kingdom of the),Europe,11871,2010792,27,18210
2021-10-10,Netherlands (Kingdom of the),Europe,17281,2028073,23,18233
2021-10-17,Netherlands (Kingdom of the),Europe,25310,2053383,49,18282
2021-10-24,Netherlands (Kingdom of the),Europe,37779,2091162,82,18364
2021-10-31,Netherlands (Kingdom of the),Europe,53511,2144673,142,18506
2021-11-07,Netherlands (Kingdom of the),Europe,75856,2220529,174,18680
2021-11-14,Netherlands (Kingdom of the),Europe,114696,2335225,202,18882
2021-11-21,Netherlands (Kingdom of the),Europe,154065,2489290,347,19229
2021-11-28,Netherlands (Kingdom of the),Europe,154548,2643838,419,19648
2021-12-05,Netherlands (Kingdom of the),Europe,144887,2788725,433,20081
2021-12-12,Netherlands (Kingdom of the),Europe,116172,2904897,414,20495
2021-12-19,Netherlands (Kingdom of the),Europe,95619,3000516,292,20787
2021-12-26,Netherlands (Kingdom of the),Europe,84986,3085502,173,20960
2022-01-02,Netherlands (Kingdom of the),Europe,109523,3195025,132,21092
2022-01-09,Netherlands (Kingdom of the),Europe,201891,3396916,85,21177
2022-01-16,Netherlands (Kingdom of the),Europe,251885,3648801,59,21236
2022-01-23,Netherlands (Kingdom of the),Europe,423932,4072733,63,21299
2022-01-30,Netherlands (Kingdom of the),Europe,582545,4655278,53,21352
2022-02-06,Netherlands (Kingdom of the),Europe,626302,5281580,72,21424
2022-02-13,Netherlands (Kingdom of the),Europe,513691,5795271,90,21514
2022-02-20,Netherlands (Kingdom of the),Europe,326724,6121995,95,21609
2022-02-27,Netherlands (Kingdom of the),Europe,243445,6365440,59,21668
2022-03-06,Netherlands (Kingdom of the),Europe,408462,6773902,70,21738
2022-03-13,Netherlands (Kingdom of the),Europe,448158,7222060,78,21816
2022-03-20,Netherlands (Kingdom of the),Europe,324075,7546135,97,21913
2022-03-27,Netherlands (Kingdom of the),Europe,231665,7777800,107,22020
2022-04-03,Netherlands (Kingdom of the),Europe,145200,7923000,82,22102
2022-04-10,Netherlands (Kingdom of the),Europe,73707,7996707,63,22165
2022-04-17,Netherlands (Kingdom of the),Europe,28273,8024980,44,22209
2022-04-24,Netherlands (Kingdom of the),Europe,16529,8041509,29,22238
2022-05-01,Netherlands (Kingdom of the),Europe,10341,8051850,34,22272
2022-05-08,Netherlands (Kingdom of the),Europe,10185,8062035,13,22285
2022-05-15,Netherlands (Kingdom of the),Europe,8434,8070469,12,22297
2022-05-22,Netherlands (Kingdom of the),Europe,7561,8078030,13,22310
2022-05-29,Netherlands (Kingdom of the),Europe,6840,8084870,11,22321
2022-06-05,Netherlands (Kingdom of the),Europe,9368,8094238,4,22325
2022-06-12,Netherlands (Kingdom of the),Europe,14164,8108402,10,22335
2022-06-19,Netherlands (Kingdom of the),Europe,24704,8133106,14,22349
2022-06-26,Netherlands (Kingdom of the),Europe,33507,8166613,16,22365
2022-07-03,Netherlands (Kingdom of the),Europe,38387,8205000,28,22393
2022-07-10,Netherlands (Kingdom of the),Europe,42753,8247753,20,22413
2022-07-17,Netherlands (Kingdom of the),Europe,40744,8288497,35,22448
2022-07-24,Netherlands (Kingdom of the),Europe,28294,8316791,32,22480
2022-07-31,Netherlands (Kingdom of the),Europe,22692,8339483,32,22512
2022-08-07,Netherlands (Kingdom of the),Europe,15856,8355339,31,22543
2022-08-14,Netherlands (Kingdom of the),Europe,11780,8367119,28,22571
2022-08-21,Netherlands (Kingdom of the),Europe,9302,8376421,25,22596
2022-08-28,Netherlands (Kingdom of the),Europe,7762,8384183,12,22608
2022-09-04,Netherlands (Kingdom of the),Europe,7678,8391861,8,22616
2022-09-11,Netherlands (Kingdom of the),Europe,8345,8400206,15,22631
2022-09-18,Netherlands (Kingdom of the),Europe,8646,8408852,13,22644
2022-09-25,Netherlands (Kingdom of the),Europe,11537,8420389,11,22655
2022-10-02,Netherlands (Kingdom of the),Europe,18296,8438685,28,22683
2022-10-09,Netherlands (Kingdom of the),Europe,23937,8462622,36,22719
2022-10-16,Netherlands (Kingdom of the),Europe,22656,8485278,50,22769
2022-10-23,Netherlands (Kingdom of the),Europe,18412,8503690,38,22807
2022-10-30,Netherlands (Kingdom of the),Europe,12726,8516416,32,22839
2022-11-06,Netherlands (Kingdom of the),Europe,8230,8524646,26,22865
2022-11-13,Netherlands (Kingdom of the),Europe,6146,8530792,24,22889
2022-11-20,Netherlands (Kingdom of the),Europe,5482,8536274,10,22899
2022-11-27,Netherlands (Kingdom of the),Europe,5131,8541405,11,22910
2022-12-04,Netherlands (Kingdom of the),Europe,5533,8546938,14,22924
2022-12-11,Netherlands (Kingdom of the),Europe,5707,8552645,16,22940
2022-12-18,Netherlands (Kingdom of the),Europe,6093,8558738,15,22955
2022-12-25,Netherlands (Kingdom of the),Europe,7329,8566067,21,22976
2023-01-01,Netherlands (Kingdom of the),Europe,5805,8571872,10,22986
2023-01-08,Netherlands (Kingdom of the),Europe,4389,8576261,0,22986
2023-01-15,Netherlands (Kingdom of the),Europe,2434,8578695,0,22986
2023-01-22,Netherlands (Kingdom of the),Europe,1754,8580449,0,22986
2023-01-29,Netherlands (Kingdom of the),Europe,1892,8582341,0,22986
2023-02-05,Netherlands (Kingdom of the),Europe,2455,8584796,0,22986
2023-02-12,Netherlands (Kingdom of the),Europe,2851,8587647,0,22986
2023-02-19,Netherlands (Kingdom of the),Europe,3949,8591596,0,22986
2023-02-26,Netherlands (Kingdom of the),Europe,4627,8596223,0,22986
2023-03-05,Netherlands (Kingdom of the),Europe,4153,8600376,0,22986
2023-03-12,Netherlands (Kingdom of the),Europe,3860,8604236,0,22986
2023-03-19,Netherlands (Kingdom of the),Europe,2819,8607055,0,22986
2023-03-26,Netherlands (Kingdom of the),Europe,1864,8608919,0,22986
2023-04-02,Netherlands (Kingdom of the),Europe,1469,8610388,0,22986
2023-04-09,Netherlands (Kingdom of the),Europe,1089,8611477,0,22986
2023-04-16,Netherlands (Kingdom of the),Europe,946,8612423,0,22986
2023-04-23,Netherlands (Kingdom of the),Europe,836,8613259,0,22986
2023-04-30,Netherlands (Kingdom of the),Europe,622,8613881,0,22986
2023-05-07,Netherlands (Kingdom of the),Europe,591,8614472,0,22986
2023-05-14,Netherlands (Kingdom of the),Europe,446,8614918,0,22986
2023-05-21,Netherlands (Kingdom of the),Europe,296,8615214,0,22986
2023-05-28,Netherlands (Kingdom of the),Europe,270,8615484,0,22986
2023-06-04,Netherlands (Kingdom of the),Europe,286,8615770,0,22986
2023-06-11,Netherlands (Kingdom of the),Europe,195,8615965,0,22986
2023-06-18,Netherlands (Kingdom of the),Europe,164,8616129,0,22986
2023-06-25,Netherlands (Kingdom of the),Europe,114,8616243,0,22986
2023-07-02,Netherlands (Kingdom of the),Europe,126,8616369,0,22986
2023-07-09,Netherlands (Kingdom of the),Europe,74,8616443,0,22986
2023-07-16,Netherlands (Kingdom of the),Europe,83,8616526,0,22986
2023-07-23,Netherlands (Kingdom of the),Europe,106,8616632,0,22986
2023-07-30,Netherlands (Kingdom of the),Europe,88,8616720,0,22986
2023-08-06,Netherlands (Kingdom of the),Europe,128,8616848,0,22986
2023-08-13,Netherlands (Kingdom of the),Europe,178,8617026,0,22986
2023-08-20,Netherlands (Kingdom of the),Europe,200,8617226,0,22986
2023-08-27,Netherlands (Kingdom of the),Europe,287,8617513,0,22986
2023-09-03,Netherlands (Kingdom of the),Europe,259,8617772,0,22986
2023-09-10,Netherlands (Kingdom of the),Europe,354,8618126,0,22986
2023-09-17,Netherlands (Kingdom of the),Europe,393,8618519,0,22986
2023-09-24,Netherlands (Kingdom of the),Europe,403,8618922,0,22986
2023-10-01,Netherlands (Kingdom of the),Europe,345,8619267,0,22986
2023-10-08,Netherlands (Kingdom of the),Europe,438,8619705,0,22986
2023-10-15,Netherlands (Kingdom of the),Europe,346,8620051,0,22986
2023-10-22,Netherlands (Kingdom of the),Europe,0,8620051,0,22986
2023-10-29,Netherlands (Kingdom of the),Europe,0,8620051,0,22986
2023-11-05,Netherlands (Kingdom of the),Europe,920,8620971,0,22986
2023-11-12,Netherlands (Kingdom of the),Europe,903,8621874,0,22986
2023-11-19,Netherlands (Kingdom of the),Europe,891,8622765,0,22986
2023-11-26,Netherlands (Kingdom of the),Europe,917,8623682,0,22986
2023-12-03,Netherlands (Kingdom of the),Europe,1105,8624787,0,22986
2023-12-10,Netherlands (Kingdom of the),Europe,1556,8626343,0,22986
2023-12-17,Netherlands (Kingdom of the),Europe,1793,8628136,0,22986
2023-12-24,Netherlands (Kingdom of the),Europe,1629,8629765,0,22986
2023-12-31,Netherlands (Kingdom of the),Europe,1265,8631030,0,22986
2024-01-07,Netherlands (Kingdom of the),Europe,1034,8632064,0,22986
2024-01-14,Netherlands (Kingdom of the),Europe,781,8632845,0,22986
2024-01-21,Netherlands (Kingdom of the),Europe,619,8633464,0,22986
2024-01-28,Netherlands (Kingdom of the),Europe,589,8634053,0,22986
2024-02-04,Netherlands (Kingdom of the),Europe,511,8634564,0,22986
2024-02-11,Netherlands (Kingdom of the),Europe,368,8634932,0,22986
2024-02-18,Netherlands (Kingdom of the),Europe,316,8635248,0,22986
2024-02-25,Netherlands (Kingdom of the),Europe,247,8635495,0,22986
2024-03-03,Netherlands (Kingdom of the),Europe,192,8635687,0,22986
2024-03-10,Netherlands (Kingdom of the),Europe,142,8635829,0,22986
2024-03-17,Netherlands (Kingdom of the),Europe,112,8635941,0,22986
2024-03-24,Netherlands (Kingdom of the),Europe,90,8636031,0,22986
2024-03-31,Netherlands (Kingdom of the),Europe,123,8636154,0,22986
2024-04-07,Netherlands (Kingdom of the),Europe,76,8636230,0,22986
2024-04-14,Netherlands (Kingdom of the),Europe,62,8636292,0,22986
2024-04-21,Netherlands (Kingdom of the),Europe,59,8636351,0,22986
2024-04-28,Netherlands (Kingdom of the),Europe,72,8636423,0,22986
2024-05-05,Netherlands (Kingdom of the),Europe,68,8636491,0,22986
2024-05-12,Netherlands (Kingdom of the),Europe,78,8636569,0,22986
2024-05-19,Netherlands (Kingdom of the),Europe,56,8636625,0,22986
2024-05-26,Netherlands (Kingdom of the),Europe,69,8636694,0,22986
2024-06-02,Netherlands (Kingdom of the),Europe,90,8636784,0,22986
2024-06-09,Netherlands (Kingdom of the),Europe,101,8636885,0,22986
2024-06-16,Netherlands (Kingdom of the),Europe,190,8637075,0,22986
2024-06-23,Netherlands (Kingdom of the),Europe,328,8637403,0,22986
2024-06-30,Netherlands (Kingdom of the),Europe,395,8637798,0,22986
2024-07-07,Netherlands (Kingdom of the),Europe,349,8638147,0,22986
2024-07-14,Netherlands (Kingdom of the),Europe,540,8638687,0,22986
2024-07-21,Netherlands (Kingdom of the),Europe,520,8639207,0,22986
2024-07-28,Netherlands (Kingdom of the),Europe,513,8639720,0,22986
2024-08-04,Netherlands (Kingdom of the),Europe,448,8640168,0,22986
2024-08-11,Netherlands (Kingdom of the),Europe,387,8640555,0,22986
2024-08-18,Netherlands (Kingdom of the),Europe,281,8640836,0,22986
2024-08-25,Netherlands (Kingdom of the),Europe,270,8641106,0,22986
2024-09-01,Netherlands (Kingdom of the),Europe,241,8641347,0,22986
2020-01-05,New Caledonia,Oceania,0,0,0,0
2020-01-12,New Caledonia,Oceania,0,0,0,0
2020-01-19,New Caledonia,Oceania,0,0,0,0
2020-01-26,New Caledonia,Oceania,0,0,0,0
2020-02-02,New Caledonia,Oceania,0,0,0,0
2020-02-09,New Caledonia,Oceania,0,0,0,0
2020-02-16,New Caledonia,Oceania,0,0,0,0
2020-02-23,New Caledonia,Oceania,0,0,0,0
2020-03-01,New Caledonia,Oceania,0,0,0,0
2020-03-08,New Caledonia,Oceania,0,0,0,0
2020-03-15,New Caledonia,Oceania,0,0,0,0
2020-03-22,New Caledonia,Oceania,4,4,0,0
2020-03-29,New Caledonia,Oceania,11,15,0,0
2020-04-05,New Caledonia,Oceania,3,18,0,0
2020-04-12,New Caledonia,Oceania,0,18,0,0
2020-04-19,New Caledonia,Oceania,0,18,0,0
2020-04-26,New Caledonia,Oceania,0,18,0,0
2020-05-03,New Caledonia,Oceania,0,18,0,0
2020-05-10,New Caledonia,Oceania,0,18,0,0
2020-05-17,New Caledonia,Oceania,0,18,0,0
2020-05-24,New Caledonia,Oceania,0,18,0,0
2020-05-31,New Caledonia,Oceania,1,19,0,0
2020-06-07,New Caledonia,Oceania,1,20,0,0
2020-06-14,New Caledonia,Oceania,1,21,0,0
2020-06-21,New Caledonia,Oceania,0,21,0,0
2020-06-28,New Caledonia,Oceania,0,21,0,0
2020-07-05,New Caledonia,Oceania,0,21,0,0
2020-07-12,New Caledonia,Oceania,0,21,0,0
2020-07-19,New Caledonia,Oceania,1,22,0,0
2020-07-26,New Caledonia,Oceania,0,22,0,0
2020-08-02,New Caledonia,Oceania,0,22,0,0
2020-08-09,New Caledonia,Oceania,1,23,0,0
2020-08-16,New Caledonia,Oceania,0,23,0,0
2020-08-23,New Caledonia,Oceania,0,23,0,0
2020-08-30,New Caledonia,Oceania,0,23,0,0
2020-09-06,New Caledonia,Oceania,3,26,0,0
2020-09-13,New Caledonia,Oceania,0,26,0,0
2020-09-20,New Caledonia,Oceania,0,26,0,0
2020-09-27,New Caledonia,Oceania,1,27,0,0
2020-10-04,New Caledonia,Oceania,0,27,0,0
2020-10-11,New Caledonia,Oceania,0,27,0,0
2020-10-18,New Caledonia,Oceania,0,27,0,0
2020-10-25,New Caledonia,Oceania,0,27,0,0
2020-11-01,New Caledonia,Oceania,1,28,0,0
2020-11-08,New Caledonia,Oceania,1,29,0,0
2020-11-15,New Caledonia,Oceania,1,30,0,0
2020-11-22,New Caledonia,Oceania,2,32,0,0
2020-11-29,New Caledonia,Oceania,0,32,0,0
2020-12-06,New Caledonia,Oceania,3,35,0,0
2020-12-13,New Caledonia,Oceania,1,36,0,0
2020-12-20,New Caledonia,Oceania,1,37,0,0
2020-12-27,New Caledonia,Oceania,1,38,0,0
2021-01-03,New Caledonia,Oceania,2,40,0,0
2021-01-10,New Caledonia,Oceania,0,40,0,0
2021-01-17,New Caledonia,Oceania,4,44,0,0
2021-01-24,New Caledonia,Oceania,0,44,0,0
2021-01-31,New Caledonia,Oceania,3,47,0,0
2021-02-07,New Caledonia,Oceania,2,49,0,0
2021-02-14,New Caledonia,Oceania,3,52,0,0
2021-02-21,New Caledonia,Oceania,3,55,0,0
2021-02-28,New Caledonia,Oceania,3,58,0,0
2021-03-07,New Caledonia,Oceania,9,67,0,0
2021-03-14,New Caledonia,Oceania,26,93,0,0
2021-03-21,New Caledonia,Oceania,23,116,0,0
2021-03-28,New Caledonia,Oceania,5,121,0,0
2021-04-04,New Caledonia,Oceania,0,121,0,0
2021-04-11,New Caledonia,Oceania,0,121,0,0
2021-04-18,New Caledonia,Oceania,3,124,0,0
2021-04-25,New Caledonia,Oceania,0,124,0,0
2021-05-02,New Caledonia,Oceania,0,124,0,0
2021-05-09,New Caledonia,Oceania,0,124,0,0
2021-05-16,New Caledonia,Oceania,0,124,0,0
2021-05-23,New Caledonia,Oceania,1,125,0,0
2021-05-30,New Caledonia,Oceania,3,128,0,0
2021-06-06,New Caledonia,Oceania,0,128,0,0
2021-06-13,New Caledonia,Oceania,0,128,0,0
2021-06-20,New Caledonia,Oceania,1,129,0,0
2021-06-27,New Caledonia,Oceania,0,129,0,0
2021-07-04,New Caledonia,Oceania,0,129,0,0
2021-07-11,New Caledonia,Oceania,0,129,0,0
2021-07-18,New Caledonia,Oceania,0,129,0,0
2021-07-25,New Caledonia,Oceania,2,131,0,0
2021-08-01,New Caledonia,Oceania,3,134,0,0
2021-08-08,New Caledonia,Oceania,0,134,0,0
2021-08-15,New Caledonia,Oceania,0,134,0,0
2021-08-22,New Caledonia,Oceania,1,135,0,0
2021-08-29,New Caledonia,Oceania,1,136,0,0
2021-09-05,New Caledonia,Oceania,0,136,0,0
2021-09-12,New Caledonia,Oceania,821,957,1,1
2021-09-19,New Caledonia,Oceania,2574,3531,21,22
2021-09-26,New Caledonia,Oceania,2654,6185,61,83
2021-10-03,New Caledonia,Oceania,1804,7989,67,150
2021-10-10,New Caledonia,Oceania,1177,9166,50,200
2021-10-17,New Caledonia,Oceania,811,9977,41,241
2021-10-24,New Caledonia,Oceania,505,10482,16,257
2021-10-31,New Caledonia,Oceania,486,10968,8,265
2021-11-07,New Caledonia,Oceania,338,11306,3,268
2021-11-14,New Caledonia,Oceania,267,11573,4,272
2021-11-21,New Caledonia,Oceania,298,11871,4,276
2021-11-28,New Caledonia,Oceania,234,12105,0,276
2021-12-05,New Caledonia,Oceania,280,12385,3,279
2021-12-12,New Caledonia,Oceania,130,12515,1,280
2021-12-19,New Caledonia,Oceania,123,12638,0,280
2021-12-26,New Caledonia,Oceania,79,12717,0,280
2022-01-02,New Caledonia,Oceania,273,12990,1,281
2022-01-09,New Caledonia,Oceania,164,13154,0,281
2022-01-16,New Caledonia,Oceania,518,13672,0,281
2022-01-23,New Caledonia,Oceania,1659,15331,1,282
2022-01-30,New Caledonia,Oceania,3448,18779,1,283
2022-02-06,New Caledonia,Oceania,7137,25916,1,284
2022-02-13,New Caledonia,Oceania,9263,35179,0,284
2022-02-20,New Caledonia,Oceania,8842,44021,3,287
2022-02-27,New Caledonia,Oceania,9122,53143,12,299
2022-03-06,New Caledonia,Oceania,3826,56969,3,302
2022-03-13,New Caledonia,Oceania,2424,59393,3,305
2022-03-20,New Caledonia,Oceania,618,60011,1,306
2022-03-27,New Caledonia,Oceania,260,60271,4,310
2022-04-03,New Caledonia,Oceania,159,60430,1,311
2022-04-10,New Caledonia,Oceania,68,60498,1,312
2022-04-17,New Caledonia,Oceania,23,60521,0,312
2022-04-24,New Caledonia,Oceania,36,60557,0,312
2022-05-01,New Caledonia,Oceania,96,60653,0,312
2022-05-08,New Caledonia,Oceania,232,60885,0,312
2022-05-15,New Caledonia,Oceania,300,61185,0,312
2022-05-22,New Caledonia,Oceania,465,61650,0,312
2022-05-29,New Caledonia,Oceania,358,62008,1,313
2022-06-05,New Caledonia,Oceania,321,62329,0,313
2022-06-12,New Caledonia,Oceania,294,62623,0,313
2022-06-19,New Caledonia,Oceania,379,63002,0,313
2022-06-26,New Caledonia,Oceania,513,63515,0,313
2022-07-03,New Caledonia,Oceania,822,64337,0,313
2022-07-10,New Caledonia,Oceania,1070,65407,0,313
2022-07-17,New Caledonia,Oceania,1365,66772,1,314
2022-07-24,New Caledonia,Oceania,1363,68135,0,314
2022-07-31,New Caledonia,Oceania,1661,69796,0,314
2022-08-07,New Caledonia,Oceania,1222,71018,0,314
2022-08-14,New Caledonia,Oceania,1344,72362,0,314
2022-08-21,New Caledonia,Oceania,710,73072,0,314
2022-08-28,New Caledonia,Oceania,561,73633,0,314
2022-09-04,New Caledonia,Oceania,469,74102,0,314
2022-09-11,New Caledonia,Oceania,23,74125,0,314
2022-09-18,New Caledonia,Oceania,93,74218,0,314
2022-09-25,New Caledonia,Oceania,39,74257,0,314
2022-10-02,New Caledonia,Oceania,58,74315,0,314
2022-10-09,New Caledonia,Oceania,31,74346,0,314
2022-10-16,New Caledonia,Oceania,1,74347,0,314
2022-10-23,New Caledonia,Oceania,0,74347,0,314
2022-10-30,New Caledonia,Oceania,59,74406,0,314
2022-11-06,New Caledonia,Oceania,44,74450,0,314
2022-11-13,New Caledonia,Oceania,368,74818,0,314
2022-11-20,New Caledonia,Oceania,440,75258,0,314
2022-11-27,New Caledonia,Oceania,0,75258,0,314
2022-12-04,New Caledonia,Oceania,929,76187,0,314
2022-12-11,New Caledonia,Oceania,2151,78338,0,314
2022-12-18,New Caledonia,Oceania,0,78338,0,314
2022-12-25,New Caledonia,Oceania,824,79162,0,314
2023-01-01,New Caledonia,Oceania,415,79577,0,314
2023-01-08,New Caledonia,Oceania,165,79742,0,314
2023-01-15,New Caledonia,Oceania,118,79860,0,314
2023-01-22,New Caledonia,Oceania,59,79919,0,314
2023-01-29,New Caledonia,Oceania,37,79956,0,314
2023-02-05,New Caledonia,Oceania,25,79981,0,314
2023-02-12,New Caledonia,Oceania,16,79997,0,314
2023-02-19,New Caledonia,Oceania,10,80007,0,314
2023-02-26,New Caledonia,Oceania,0,80007,0,314
2023-03-05,New Caledonia,Oceania,10,80017,0,314
2023-03-12,New Caledonia,Oceania,0,80017,0,314
2023-03-19,New Caledonia,Oceania,15,80032,0,314
2023-03-26,New Caledonia,Oceania,0,80032,0,314
2023-04-02,New Caledonia,Oceania,16,80048,0,314
2023-04-09,New Caledonia,Oceania,4,80052,0,314
2023-04-16,New Caledonia,Oceania,1,80053,0,314
2023-04-23,New Caledonia,Oceania,4,80057,0,314
2023-04-30,New Caledonia,Oceania,1,80058,0,314
2023-05-07,New Caledonia,Oceania,0,80058,0,314
2023-05-14,New Caledonia,Oceania,0,80058,0,314
2023-05-21,New Caledonia,Oceania,0,80058,0,314
2023-05-28,New Caledonia,Oceania,0,80058,0,314
2023-06-04,New Caledonia,Oceania,6,80064,0,314
2023-06-11,New Caledonia,Oceania,0,80064,0,314
2023-06-18,New Caledonia,Oceania,0,80064,0,314
2023-06-25,New Caledonia,Oceania,0,80064,0,314
2023-07-02,New Caledonia,Oceania,0,80064,0,314
2023-07-09,New Caledonia,Oceania,0,80064,0,314
2023-07-16,New Caledonia,Oceania,0,80064,0,314
2023-07-23,New Caledonia,Oceania,0,80064,0,314
2023-07-30,New Caledonia,Oceania,0,80064,0,314
2023-08-06,New Caledonia,Oceania,0,80064,0,314
2023-08-13,New Caledonia,Oceania,0,80064,0,314
2023-08-20,New Caledonia,Oceania,0,80064,0,314
2023-08-27,New Caledonia,Oceania,0,80064,0,314
2023-09-03,New Caledonia,Oceania,0,80064,0,314
2023-09-10,New Caledonia,Oceania,0,80064,0,314
2023-09-17,New Caledonia,Oceania,0,80064,0,314
2023-09-24,New Caledonia,Oceania,0,80064,0,314
2023-10-01,New Caledonia,Oceania,0,80064,0,314
2023-10-08,New Caledonia,Oceania,0,80064,0,314
2023-10-15,New Caledonia,Oceania,0,80064,0,314
2023-10-22,New Caledonia,Oceania,0,80064,0,314
2023-10-29,New Caledonia,Oceania,0,80064,0,314
2023-11-05,New Caledonia,Oceania,0,80064,0,314
2023-11-12,New Caledonia,Oceania,0,80064,0,314
2023-11-19,New Caledonia,Oceania,0,80064,0,314
2023-11-26,New Caledonia,Oceania,0,80064,0,314
2023-12-03,New Caledonia,Oceania,0,80064,0,314
2023-12-10,New Caledonia,Oceania,0,80064,0,314
2023-12-17,New Caledonia,Oceania,0,80064,0,314
2023-12-24,New Caledonia,Oceania,0,80064,0,314
2023-12-31,New Caledonia,Oceania,0,80064,0,314
2024-01-07,New Caledonia,Oceania,0,80064,0,314
2024-01-14,New Caledonia,Oceania,0,80064,0,314
2024-01-21,New Caledonia,Oceania,0,80064,0,314
2024-01-28,New Caledonia,Oceania,0,80064,0,314
2024-02-04,New Caledonia,Oceania,0,80064,0,314
2024-02-11,New Caledonia,Oceania,0,80064,0,314
2024-02-18,New Caledonia,Oceania,0,80064,0,314
2024-02-25,New Caledonia,Oceania,0,80064,0,314
2024-03-03,New Caledonia,Oceania,0,80064,0,314
2024-03-10,New Caledonia,Oceania,0,80064,0,314
2024-03-17,New Caledonia,Oceania,0,80064,0,314
2024-03-24,New Caledonia,Oceania,0,80064,0,314
2024-03-31,New Caledonia,Oceania,0,80064,0,314
2024-04-07,New Caledonia,Oceania,0,80064,0,314
2024-04-14,New Caledonia,Oceania,0,80064,0,314
2024-04-21,New Caledonia,Oceania,0,80064,0,314
2024-04-28,New Caledonia,Oceania,99,80163,0,314
2024-05-05,New Caledonia,Oceania,0,80163,0,314
2024-05-12,New Caledonia,Oceania,0,80163,0,314
2024-05-19,New Caledonia,Oceania,0,80163,0,314
2024-05-26,New Caledonia,Oceania,0,80163,0,314
2024-06-02,New Caledonia,Oceania,0,80163,0,314
2024-06-09,New Caledonia,Oceania,0,80163,0,314
2024-06-16,New Caledonia,Oceania,0,80163,0,314
2024-06-23,New Caledonia,Oceania,0,80163,0,314
2024-06-30,New Caledonia,Oceania,0,80163,0,314
2024-07-07,New Caledonia,Oceania,0,80163,0,314
2024-07-14,New Caledonia,Oceania,0,80163,0,314
2024-07-21,New Caledonia,Oceania,0,80163,0,314
2024-07-28,New Caledonia,Oceania,0,80163,0,314
2024-08-04,New Caledonia,Oceania,0,80163,0,314
2024-08-11,New Caledonia,Oceania,0,80163,0,314
2024-08-18,New Caledonia,Oceania,0,80163,0,314
2024-08-25,New Caledonia,Oceania,0,80163,0,314
2024-09-01,New Caledonia,Oceania,0,80163,0,314
2020-01-05,New Zealand,Oceania,0,0,0,0
2020-01-12,New Zealand,Oceania,0,0,0,0
2020-01-19,New Zealand,Oceania,0,0,0,0
2020-01-26,New Zealand,Oceania,0,0,0,0
2020-02-02,New Zealand,Oceania,0,0,0,0
2020-02-09,New Zealand,Oceania,0,0,0,0
2020-02-16,New Zealand,Oceania,0,0,0,0
2020-02-23,New Zealand,Oceania,0,0,0,0
2020-03-01,New Zealand,Oceania,1,1,0,0
2020-03-08,New Zealand,Oceania,4,5,0,0
2020-03-15,New Zealand,Oceania,3,8,0,0
2020-03-22,New Zealand,Oceania,58,66,0,0
2020-03-29,New Zealand,Oceania,410,476,1,1
2020-04-05,New Zealand,Oceania,396,872,0,1
2020-04-12,New Zealand,Oceania,177,1049,3,4
2020-04-19,New Zealand,Oceania,49,1098,7,11
2020-04-26,New Zealand,Oceania,23,1121,7,18
2020-05-03,New Zealand,Oceania,15,1136,2,20
2020-05-10,New Zealand,Oceania,8,1144,1,21
2020-05-17,New Zealand,Oceania,5,1149,0,21
2020-05-24,New Zealand,Oceania,5,1154,0,21
2020-05-31,New Zealand,Oceania,0,1154,1,22
2020-06-07,New Zealand,Oceania,0,1154,0,22
2020-06-14,New Zealand,Oceania,0,1154,0,22
2020-06-21,New Zealand,Oceania,5,1159,0,22
2020-06-28,New Zealand,Oceania,17,1176,0,22
2020-07-05,New Zealand,Oceania,7,1183,0,22
2020-07-12,New Zealand,Oceania,11,1194,0,22
2020-07-19,New Zealand,Oceania,9,1203,0,22
2020-07-26,New Zealand,Oceania,3,1206,0,22
2020-08-02,New Zealand,Oceania,9,1215,0,22
2020-08-09,New Zealand,Oceania,4,1219,0,22
2020-08-16,New Zealand,Oceania,52,1271,0,22
2020-08-23,New Zealand,Oceania,53,1324,0,22
2020-08-30,New Zealand,Oceania,54,1378,0,22
2020-09-06,New Zealand,Oceania,43,1421,2,24
2020-09-13,New Zealand,Oceania,25,1446,0,24
2020-09-20,New Zealand,Oceania,18,1464,1,25
2020-09-27,New Zealand,Oceania,13,1477,0,25
2020-10-04,New Zealand,Oceania,21,1498,0,25
2020-10-11,New Zealand,Oceania,17,1515,0,25
2020-10-18,New Zealand,Oceania,15,1530,0,25
2020-10-25,New Zealand,Oceania,49,1579,0,25
2020-11-01,New Zealand,Oceania,25,1604,0,25
2020-11-08,New Zealand,Oceania,23,1627,0,25
2020-11-15,New Zealand,Oceania,18,1645,0,25
2020-11-22,New Zealand,Oceania,28,1673,0,25
2020-11-29,New Zealand,Oceania,24,1697,0,25
2020-12-06,New Zealand,Oceania,26,1723,0,25
2020-12-13,New Zealand,Oceania,18,1741,0,25
2020-12-20,New Zealand,Oceania,20,1761,0,25
2020-12-27,New Zealand,Oceania,28,1789,0,25
2021-01-03,New Zealand,Oceania,37,1826,0,25
2021-01-10,New Zealand,Oceania,40,1866,0,25
2021-01-17,New Zealand,Oceania,40,1906,0,25
2021-01-24,New Zealand,Oceania,27,1933,0,25
2021-01-31,New Zealand,Oceania,15,1948,0,25
2021-02-07,New Zealand,Oceania,17,1965,0,25
2021-02-14,New Zealand,Oceania,16,1981,0,25
2021-02-21,New Zealand,Oceania,21,2002,1,26
2021-02-28,New Zealand,Oceania,21,2023,0,26
2021-03-07,New Zealand,Oceania,27,2050,0,26
2021-03-14,New Zealand,Oceania,25,2075,0,26
2021-03-21,New Zealand,Oceania,32,2107,0,26
2021-03-28,New Zealand,Oceania,31,2138,0,26
2021-04-04,New Zealand,Oceania,14,2152,0,26
2021-04-11,New Zealand,Oceania,76,2228,0,26
2021-04-18,New Zealand,Oceania,13,2241,0,26
2021-04-25,New Zealand,Oceania,5,2246,0,26
2021-05-02,New Zealand,Oceania,21,2267,0,26
2021-05-09,New Zealand,Oceania,20,2287,0,26
2021-05-16,New Zealand,Oceania,9,2296,0,26
2021-05-23,New Zealand,Oceania,16,2312,0,26
2021-05-30,New Zealand,Oceania,6,2318,0,26
2021-06-06,New Zealand,Oceania,9,2327,0,26
2021-06-13,New Zealand,Oceania,26,2353,0,26
2021-06-20,New Zealand,Oceania,11,2364,0,26
2021-06-27,New Zealand,Oceania,18,2382,0,26
2021-07-04,New Zealand,Oceania,20,2402,0,26
2021-07-11,New Zealand,Oceania,11,2413,0,26
2021-07-18,New Zealand,Oceania,48,2461,0,26
2021-07-25,New Zealand,Oceania,46,2507,0,26
2021-08-01,New Zealand,Oceania,14,2521,0,26
2021-08-08,New Zealand,Oceania,11,2532,0,26
2021-08-15,New Zealand,Oceania,38,2570,0,26
2021-08-22,New Zealand,Oceania,128,2698,0,26
2021-08-29,New Zealand,Oceania,465,3163,0,26
2021-09-05,New Zealand,Oceania,272,3435,1,27
2021-09-12,New Zealand,Oceania,158,3593,0,27
2021-09-19,New Zealand,Oceania,131,3724,0,27
2021-09-26,New Zealand,Oceania,112,3836,0,27
2021-10-03,New Zealand,Oceania,188,4024,0,27
2021-10-10,New Zealand,Oceania,275,4299,1,28
2021-10-17,New Zealand,Oceania,396,4695,0,28
2021-10-24,New Zealand,Oceania,687,5382,0,28
2021-10-31,New Zealand,Oceania,851,6233,0,28
2021-11-07,New Zealand,Oceania,1053,7286,4,32
2021-11-14,New Zealand,Oceania,1218,8504,1,33
2021-11-21,New Zealand,Oceania,1302,9806,7,40
2021-11-28,New Zealand,Oceania,1265,11071,3,43
2021-12-05,New Zealand,Oceania,888,11959,1,44
2021-12-12,New Zealand,Oceania,657,12616,3,47
2021-12-19,New Zealand,Oceania,512,13128,2,49
2021-12-26,New Zealand,Oceania,401,13529,1,50
2022-01-02,New Zealand,Oceania,403,13932,1,51
2022-01-09,New Zealand,Oceania,426,14358,0,51
2022-01-16,New Zealand,Oceania,392,14750,1,52
2022-01-23,New Zealand,Oceania,500,15250,0,52
2022-01-30,New Zealand,Oceania,790,16040,0,52
2022-02-06,New Zealand,Oceania,1571,17611,1,53
2022-02-13,New Zealand,Oceania,3575,21186,0,53
2022-02-20,New Zealand,Oceania,11724,32910,0,53
2022-02-27,New Zealand,Oceania,65839,98749,3,56
2022-03-06,New Zealand,Oceania,140787,239536,9,65
2022-03-13,New Zealand,Oceania,137160,376696,37,102
2022-03-20,New Zealand,Oceania,119858,496554,61,163
2022-03-27,New Zealand,Oceania,112755,609309,68,231
2022-04-03,New Zealand,Oceania,92674,701983,132,363
2022-04-10,New Zealand,Oceania,71244,773227,106,469
2022-04-17,New Zealand,Oceania,55640,828867,95,564
2022-04-24,New Zealand,Oceania,58325,887192,80,644
2022-05-01,New Zealand,Oceania,52916,940108,69,713
2022-05-08,New Zealand,Oceania,52539,992647,99,812
2022-05-15,New Zealand,Oceania,58157,1050804,117,929
2022-05-22,New Zealand,Oceania,49841,1100645,88,1017
2022-05-29,New Zealand,Oceania,48148,1148793,95,1112
2022-06-05,New Zealand,Oceania,46082,1194875,82,1194
2022-06-12,New Zealand,Oceania,47762,1242637,92,1286
2022-06-19,New Zealand,Oceania,28175,1270812,64,1350
2022-06-26,New Zealand,Oceania,43542,1314354,87,1437
2022-07-03,New Zealand,Oceania,36180,1350534,97,1534
2022-07-10,New Zealand,Oceania,70398,1420932,111,1645
2022-07-17,New Zealand,Oceania,69674,1490606,158,1803
2022-07-24,New Zealand,Oceania,61169,1551775,236,2039
2022-07-31,New Zealand,Oceania,51603,1603378,56,2095
2022-08-07,New Zealand,Oceania,39002,1642380,0,2095
2022-08-14,New Zealand,Oceania,30700,1673080,0,2095
2022-08-21,New Zealand,Oceania,26682,1699762,0,2095
2022-08-28,New Zealand,Oceania,18411,1718173,0,2095
2022-09-04,New Zealand,Oceania,13074,1731247,0,2095
2022-09-11,New Zealand,Oceania,10756,1742003,0,2095
2022-09-18,New Zealand,Oceania,3178,1745181,0,2095
2022-09-25,New Zealand,Oceania,7219,1752400,0,2095
2022-10-02,New Zealand,Oceania,19616,1772016,0,2095
2022-10-09,New Zealand,Oceania,0,1772016,0,2095
2022-10-16,New Zealand,Oceania,25047,1797063,0,2095
2022-10-23,New Zealand,Oceania,14489,1811552,0,2095
2022-10-30,New Zealand,Oceania,41043,1852595,24,2119
2022-11-06,New Zealand,Oceania,0,1852595,0,2119
2022-11-13,New Zealand,Oceania,19678,1872273,63,2182
2022-11-20,New Zealand,Oceania,21885,1894158,0,2182
2022-11-27,New Zealand,Oceania,24759,1918917,30,2212
2022-12-04,New Zealand,Oceania,31859,1950776,23,2235
2022-12-11,New Zealand,Oceania,37483,1988259,22,2257
2022-12-18,New Zealand,Oceania,39722,2027981,31,2288
2022-12-25,New Zealand,Oceania,0,2027981,0,2288
2023-01-01,New Zealand,Oceania,29469,2057450,43,2331
2023-01-08,New Zealand,Oceania,0,2057450,0,2331
2023-01-15,New Zealand,Oceania,40236,2097686,0,2331
2023-01-22,New Zealand,Oceania,17311,2114997,0,2331
2023-01-29,New Zealand,Oceania,12278,2127275,0,2331
2023-02-05,New Zealand,Oceania,9387,2136662,146,2477
2023-02-12,New Zealand,Oceania,7604,2144266,36,2513
2023-02-19,New Zealand,Oceania,7272,2151538,21,2534
2023-02-26,New Zealand,Oceania,7100,2158638,8,2542
2023-03-05,New Zealand,Oceania,7832,2166470,6,2548
2023-03-12,New Zealand,Oceania,10029,2176499,12,2560
2023-03-19,New Zealand,Oceania,10133,2186632,26,2586
2023-03-26,New Zealand,Oceania,9923,2196555,76,2662
2023-04-02,New Zealand,Oceania,9839,2206394,25,2687
2023-04-09,New Zealand,Oceania,10653,2217047,0,2687
2023-04-16,New Zealand,Oceania,10595,2227642,29,2716
2023-04-23,New Zealand,Oceania,12799,2240441,0,2716
2023-04-30,New Zealand,Oceania,10999,2251440,20,2736
2023-05-07,New Zealand,Oceania,9686,2261126,56,2792
2023-05-14,New Zealand,Oceania,11103,2272229,0,2792
2023-05-21,New Zealand,Oceania,10632,2282861,101,2893
2023-05-28,New Zealand,Oceania,12698,2295559,49,2942
2023-06-04,New Zealand,Oceania,11384,2306943,0,2942
2023-06-11,New Zealand,Oceania,0,2306943,96,3038
2023-06-18,New Zealand,Oceania,19446,2326389,39,3077
2023-06-25,New Zealand,Oceania,7524,2333913,0,3077
2023-07-02,New Zealand,Oceania,0,2333913,0,3077
2023-07-09,New Zealand,Oceania,11979,2345892,61,3138
2023-07-16,New Zealand,Oceania,4609,2350501,21,3159
2023-07-23,New Zealand,Oceania,3741,2354242,13,3172
2023-07-30,New Zealand,Oceania,3114,2357356,16,3188
2023-08-06,New Zealand,Oceania,3079,2360435,41,3229
2023-08-13,New Zealand,Oceania,3869,2364304,20,3249
2023-08-20,New Zealand,Oceania,4527,2368831,0,3249
2023-08-27,New Zealand,Oceania,3287,2372118,34,3283
2023-09-03,New Zealand,Oceania,2804,2374922,0,3283
2023-09-10,New Zealand,Oceania,2899,2377821,11,3294
2023-09-17,New Zealand,Oceania,2767,2380588,15,3309
2023-09-24,New Zealand,Oceania,2478,2383066,20,3329
2023-10-01,New Zealand,Oceania,2372,2385438,18,3347
2023-10-08,New Zealand,Oceania,2420,2387858,14,3361
2023-10-15,New Zealand,Oceania,2919,2390777,15,3376
2023-10-22,New Zealand,Oceania,3200,2393977,40,3416
2023-10-29,New Zealand,Oceania,3460,2397437,0,3416
2023-11-05,New Zealand,Oceania,3530,2400967,29,3445
2023-11-12,New Zealand,Oceania,4508,2405475,19,3464
2023-11-19,New Zealand,Oceania,4897,2410372,38,3502
2023-11-26,New Zealand,Oceania,6405,2416777,20,3522
2023-12-03,New Zealand,Oceania,5615,2422392,27,3549
2023-12-10,New Zealand,Oceania,5524,2427916,20,3569
2023-12-17,New Zealand,Oceania,6136,2434052,27,3596
2023-12-24,New Zealand,Oceania,6323,2440375,27,3623
2023-12-31,New Zealand,Oceania,0,2440375,0,3623
2024-01-07,New Zealand,Oceania,11861,2452236,0,3623
2024-01-14,New Zealand,Oceania,5733,2457969,22,3645
2024-01-21,New Zealand,Oceania,6788,2464757,77,3722
2024-01-28,New Zealand,Oceania,5933,2470690,26,3748
2024-02-04,New Zealand,Oceania,4856,2475546,20,3768
2024-02-11,New Zealand,Oceania,4704,2480250,20,3788
2024-02-18,New Zealand,Oceania,4516,2484766,15,3803
2024-02-25,New Zealand,Oceania,5312,2490078,14,3817
2024-03-03,New Zealand,Oceania,5100,2495178,20,3837
2024-03-10,New Zealand,Oceania,3709,2498887,21,3858
2024-03-17,New Zealand,Oceania,928,2499815,24,3882
2024-03-24,New Zealand,Oceania,800,2500615,20,3902
2024-03-31,New Zealand,Oceania,73357,2573972,14,3916
2024-04-07,New Zealand,Oceania,3185,2577157,7,3923
2024-04-14,New Zealand,Oceania,5735,2582892,21,3944
2024-04-21,New Zealand,Oceania,0,2582892,0,3944
2024-04-28,New Zealand,Oceania,2260,2585152,21,3965
2024-05-05,New Zealand,Oceania,2026,2587178,11,3976
2024-05-12,New Zealand,Oceania,2353,2589531,19,3995
2024-05-19,New Zealand,Oceania,3738,2593269,13,4008
2024-05-26,New Zealand,Oceania,5128,2598397,19,4027
2024-06-02,New Zealand,Oceania,6427,2604824,7,4034
2024-06-09,New Zealand,Oceania,5029,2609853,29,4063
2024-06-16,New Zealand,Oceania,4870,2614723,20,4083
2024-06-23,New Zealand,Oceania,3667,2618390,37,4120
2024-06-30,New Zealand,Oceania,8231,2626621,25,4145
2024-07-07,New Zealand,Oceania,3195,2629816,40,4185
2024-07-14,New Zealand,Oceania,3170,2632986,31,4216
2024-07-21,New Zealand,Oceania,2261,2635247,30,4246
2024-07-28,New Zealand,Oceania,2071,2637318,22,4268
2024-08-04,New Zealand,Oceania,1730,2639048,16,4284
2024-08-11,New Zealand,Oceania,1481,2640529,15,4299
2024-08-18,New Zealand,Oceania,1661,2642190,26,4325
2024-08-25,New Zealand,Oceania,1469,2643659,28,4353
2024-09-01,New Zealand,Oceania,1285,2644944,31,4384
2020-01-05,Nicaragua,North America,0,0,0,0
2020-01-12,Nicaragua,North America,0,0,0,0
2020-01-19,Nicaragua,North America,0,0,0,0
2020-01-26,Nicaragua,North America,0,0,0,0
2020-02-02,Nicaragua,North America,0,0,0,0
2020-02-09,Nicaragua,North America,0,0,0,0
2020-02-16,Nicaragua,North America,0,0,0,0
2020-02-23,Nicaragua,North America,0,0,0,0
2020-03-01,Nicaragua,North America,0,0,0,0
2020-03-08,Nicaragua,North America,0,0,0,0
2020-03-15,Nicaragua,North America,0,0,0,0
2020-03-22,Nicaragua,North America,2,2,0,0
2020-03-29,Nicaragua,North America,0,2,1,1
2020-04-05,Nicaragua,North America,3,5,0,1
2020-04-12,Nicaragua,North America,2,7,0,1
2020-04-19,Nicaragua,North America,2,9,0,1
2020-04-26,Nicaragua,North America,2,11,2,3
2020-05-03,Nicaragua,North America,3,14,1,4
2020-05-10,Nicaragua,North America,2,16,1,5
2020-05-17,Nicaragua,North America,9,25,3,8
2020-05-24,Nicaragua,North America,254,279,9,17
2020-05-31,Nicaragua,North America,606,885,18,35
2020-06-07,Nicaragua,North America,424,1309,11,46
2020-06-14,Nicaragua,North America,346,1655,9,55
2020-06-21,Nicaragua,North America,359,2014,9,64
2020-06-28,Nicaragua,North America,0,2014,10,74
2020-07-05,Nicaragua,North America,168,2182,9,83
2020-07-12,Nicaragua,North America,229,2411,8,91
2020-07-19,Nicaragua,North America,301,2712,8,99
2020-07-26,Nicaragua,North America,292,3004,9,108
2020-08-02,Nicaragua,North America,76,3080,8,116
2020-08-09,Nicaragua,North America,186,3266,7,123
2020-08-16,Nicaragua,North America,147,3413,5,128
2020-08-23,Nicaragua,North America,127,3540,5,133
2020-08-30,Nicaragua,North America,119,3659,4,137
2020-09-06,Nicaragua,North America,114,3773,4,141
2020-09-13,Nicaragua,North America,104,3877,3,144
2020-09-20,Nicaragua,North America,102,3979,3,147
2020-09-27,Nicaragua,North America,86,4065,2,149
2020-10-04,Nicaragua,North America,81,4146,2,151
2020-10-11,Nicaragua,North America,79,4225,2,153
2020-10-18,Nicaragua,North America,72,4297,1,154
2020-10-25,Nicaragua,North America,65,4362,1,155
2020-11-01,Nicaragua,North America,62,4424,1,156
2020-11-08,Nicaragua,North America,56,4480,1,157
2020-11-15,Nicaragua,North America,53,4533,1,158
2020-11-22,Nicaragua,North America,50,4583,1,159
2020-11-29,Nicaragua,North America,46,4629,1,160
2020-12-06,Nicaragua,North America,42,4671,1,161
2020-12-13,Nicaragua,North America,38,4709,1,162
2020-12-20,Nicaragua,North America,39,4748,1,163
2020-12-27,Nicaragua,North America,42,4790,1,164
2021-01-03,Nicaragua,North America,39,4829,1,165
2021-01-10,Nicaragua,North America,38,4867,1,166
2021-01-17,Nicaragua,North America,49,4916,1,167
2021-01-24,Nicaragua,North America,37,4953,1,168
2021-01-31,Nicaragua,North America,39,4992,1,169
2021-02-07,Nicaragua,North America,35,5027,1,170
2021-02-14,Nicaragua,North America,37,5064,1,171
2021-02-21,Nicaragua,North America,42,5106,1,172
2021-02-28,Nicaragua,North America,36,5142,1,173
2021-03-07,Nicaragua,North America,34,5176,1,174
2021-03-14,Nicaragua,North America,40,5216,1,175
2021-03-21,Nicaragua,North America,35,5251,1,176
2021-03-28,Nicaragua,North America,37,5288,1,177
2021-04-04,Nicaragua,North America,38,5326,1,178
2021-04-11,Nicaragua,North America,40,5366,1,179
2021-04-18,Nicaragua,North America,41,5407,1,180
2021-04-25,Nicaragua,North America,43,5450,1,181
2021-05-02,Nicaragua,North America,48,5498,1,182
2021-05-09,Nicaragua,North America,77,5575,1,183
2021-05-16,Nicaragua,North America,74,5649,1,184
2021-05-23,Nicaragua,North America,82,5731,1,185
2021-05-30,Nicaragua,North America,102,5833,1,186
2021-06-06,Nicaragua,North America,116,5949,1,187
2021-06-13,Nicaragua,North America,136,6085,1,188
2021-06-20,Nicaragua,North America,158,6243,1,189
2021-06-27,Nicaragua,North America,159,6402,1,190
2021-07-04,Nicaragua,North America,202,6604,1,191
2021-07-11,Nicaragua,North America,215,6819,1,192
2021-07-18,Nicaragua,North America,225,7044,1,193
2021-07-25,Nicaragua,North America,269,7313,1,194
2021-08-01,Nicaragua,North America,279,7592,1,195
2021-08-08,Nicaragua,North America,298,7890,1,196
2021-08-15,Nicaragua,North America,303,8193,1,197
2021-08-22,Nicaragua,North America,303,8496,1,198
2021-08-29,Nicaragua,North America,371,8867,1,199
2021-09-05,Nicaragua,North America,416,9283,1,200
2021-09-12,Nicaragua,North America,449,9732,1,201
2021-09-19,Nicaragua,North America,513,10245,1,202
2021-09-26,Nicaragua,North America,512,10757,1,203
2021-10-03,Nicaragua,North America,516,11273,1,204
2021-10-10,Nicaragua,North America,466,11739,1,205
2021-10-17,Nicaragua,North America,430,12169,1,206
2021-10-24,Nicaragua,North America,380,12549,1,207
2021-10-31,Nicaragua,North America,317,12866,1,208
2021-11-07,Nicaragua,North America,181,13047,1,209
2021-11-14,Nicaragua,North America,103,13150,1,210
2021-11-21,Nicaragua,North America,92,13242,1,211
2021-11-28,Nicaragua,North America,88,13330,1,212
2021-12-05,Nicaragua,North America,67,13397,1,213
2021-12-12,Nicaragua,North America,52,13449,1,214
2021-12-19,Nicaragua,North America,44,13493,1,215
2021-12-26,Nicaragua,North America,38,13531,1,216
2022-01-02,Nicaragua,North America,32,13563,1,217
2022-01-09,Nicaragua,North America,26,13589,1,218
2022-01-16,Nicaragua,North America,0,13589,0,218
2022-01-23,Nicaragua,North America,57,13646,1,219
2022-01-30,Nicaragua,North America,35,13681,1,220
2022-02-06,Nicaragua,North America,46,13727,1,221
2022-02-13,Nicaragua,North America,65,13792,1,222
2022-02-20,Nicaragua,North America,85,13877,1,223
2022-02-27,Nicaragua,North America,81,13958,1,224
2022-03-06,Nicaragua,North America,77,14035,1,225
2022-03-13,Nicaragua,North America,73,14108,1,226
2022-03-20,Nicaragua,North America,62,14170,2,228
2022-03-27,Nicaragua,North America,52,14222,1,229
2022-04-03,Nicaragua,North America,47,14269,1,230
2022-04-10,Nicaragua,North America,37,14306,1,231
2022-04-17,Nicaragua,North America,33,14339,1,232
2022-04-24,Nicaragua,North America,32,14371,1,233
2022-05-01,Nicaragua,North America,24,14395,1,234
2022-05-08,Nicaragua,North America,27,14422,1,235
2022-05-15,Nicaragua,North America,25,14447,1,236
2022-05-22,Nicaragua,North America,26,14473,1,237
2022-05-29,Nicaragua,North America,35,14508,1,238
2022-06-05,Nicaragua,North America,30,14538,1,239
2022-06-12,Nicaragua,North America,39,14577,1,240
2022-06-19,Nicaragua,North America,42,14619,1,241
2022-06-26,Nicaragua,North America,0,14619,0,241
2022-07-03,Nicaragua,North America,71,14690,1,242
2022-07-10,Nicaragua,North America,31,14721,1,243
2022-07-17,Nicaragua,North America,30,14751,1,244
2022-07-24,Nicaragua,North America,26,14777,0,244
2022-07-31,Nicaragua,North America,30,14807,0,244
2022-08-07,Nicaragua,North America,0,14807,0,244
2022-08-14,Nicaragua,North America,65,14872,0,244
2022-08-21,Nicaragua,North America,27,14899,0,244
2022-08-28,Nicaragua,North America,32,14931,0,244
2022-09-04,Nicaragua,North America,0,14931,0,244
2022-09-11,Nicaragua,North America,59,14990,0,244
2022-09-18,Nicaragua,North America,0,14990,0,244
2022-09-25,Nicaragua,North America,55,15045,1,245
2022-10-02,Nicaragua,North America,25,15070,0,245
2022-10-09,Nicaragua,North America,22,15092,0,245
2022-10-16,Nicaragua,North America,28,15120,0,245
2022-10-23,Nicaragua,North America,25,15145,0,245
2022-10-30,Nicaragua,North America,21,15166,0,245
2022-11-06,Nicaragua,North America,20,15186,0,245
2022-11-13,Nicaragua,North America,17,15203,0,245
2022-11-20,Nicaragua,North America,16,15219,0,245
2022-11-27,Nicaragua,North America,13,15232,0,245
2022-12-04,Nicaragua,North America,18,15250,0,245
2022-12-11,Nicaragua,North America,13,15263,0,245
2022-12-18,Nicaragua,North America,45,15308,0,245
2022-12-25,Nicaragua,North America,57,15365,0,245
2023-01-01,Nicaragua,North America,0,15365,0,245
2023-01-08,Nicaragua,North America,101,15466,0,245
2023-01-15,Nicaragua,North America,41,15507,0,245
2023-01-22,Nicaragua,North America,34,15541,0,245
2023-01-29,Nicaragua,North America,28,15569,0,245
2023-02-05,Nicaragua,North America,23,15592,0,245
2023-02-12,Nicaragua,North America,20,15612,0,245
2023-02-19,Nicaragua,North America,15,15627,0,245
2023-02-26,Nicaragua,North America,11,15638,0,245
2023-03-05,Nicaragua,North America,17,15655,0,245
2023-03-12,Nicaragua,North America,2,15657,0,245
2023-03-19,Nicaragua,North America,15,15672,0,245
2023-03-26,Nicaragua,North America,3,15675,0,245
2023-04-02,Nicaragua,North America,7,15682,0,245
2023-04-09,Nicaragua,North America,0,15682,0,245
2023-04-16,Nicaragua,North America,6,15688,0,245
2023-04-23,Nicaragua,North America,3,15691,0,245
2023-04-30,Nicaragua,North America,6,15697,0,245
2023-05-07,Nicaragua,North America,7,15704,0,245
2023-05-14,Nicaragua,North America,9,15713,0,245
2023-05-21,Nicaragua,North America,9,15722,0,245
2023-05-28,Nicaragua,North America,10,15732,0,245
2023-06-04,Nicaragua,North America,13,15745,0,245
2023-06-11,Nicaragua,North America,22,15767,0,245
2023-06-18,Nicaragua,North America,47,15814,0,245
2023-06-25,Nicaragua,North America,59,15873,0,245
2023-07-02,Nicaragua,North America,40,15913,0,245
2023-07-09,Nicaragua,North America,31,15944,0,245
2023-07-16,Nicaragua,North America,24,15968,0,245
2023-07-23,Nicaragua,North America,9,15977,0,245
2023-07-30,Nicaragua,North America,12,15989,0,245
2023-08-06,Nicaragua,North America,8,15997,0,245
2023-08-13,Nicaragua,North America,11,16008,0,245
2023-08-20,Nicaragua,North America,12,16020,0,245
2023-08-27,Nicaragua,North America,6,16026,0,245
2023-09-03,Nicaragua,North America,5,16031,0,245
2023-09-10,Nicaragua,North America,8,16039,0,245
2023-09-17,Nicaragua,North America,12,16051,0,245
2023-09-24,Nicaragua,North America,5,16056,0,245
2023-10-01,Nicaragua,North America,4,16060,0,245
2023-10-08,Nicaragua,North America,3,16063,0,245
2023-10-15,Nicaragua,North America,3,16066,0,245
2023-10-22,Nicaragua,North America,5,16071,0,245
2023-10-29,Nicaragua,North America,3,16074,0,245
2023-11-05,Nicaragua,North America,1,16075,0,245
2023-11-12,Nicaragua,North America,4,16079,0,245
2023-11-19,Nicaragua,North America,3,16082,0,245
2023-11-26,Nicaragua,North America,4,16086,0,245
2023-12-03,Nicaragua,North America,7,16093,0,245
2023-12-10,Nicaragua,North America,4,16097,0,245
2023-12-17,Nicaragua,North America,9,16106,0,245
2023-12-24,Nicaragua,North America,5,16111,0,245
2023-12-31,Nicaragua,North America,4,16115,0,245
2024-01-07,Nicaragua,North America,3,16118,0,245
2024-01-14,Nicaragua,North America,3,16121,0,245
2024-01-21,Nicaragua,North America,2,16123,0,245
2024-01-28,Nicaragua,North America,2,16125,0,245
2024-02-04,Nicaragua,North America,5,16130,0,245
2024-02-11,Nicaragua,North America,1,16131,0,245
2024-02-18,Nicaragua,North America,0,16131,0,245
2024-02-25,Nicaragua,North America,1,16132,0,245
2024-03-03,Nicaragua,North America,1,16133,0,245
2024-03-10,Nicaragua,North America,1,16134,0,245
2024-03-17,Nicaragua,North America,1,16135,0,245
2024-03-24,Nicaragua,North America,1,16136,0,245
2024-03-31,Nicaragua,North America,1,16137,0,245
2024-04-07,Nicaragua,North America,1,16138,0,245
2024-04-14,Nicaragua,North America,2,16140,0,245
2024-04-21,Nicaragua,North America,1,16141,0,245
2024-04-28,Nicaragua,North America,1,16142,0,245
2024-05-05,Nicaragua,North America,1,16143,0,245
2024-05-12,Nicaragua,North America,2,16145,0,245
2024-05-19,Nicaragua,North America,1,16146,0,245
2024-05-26,Nicaragua,North America,1,16147,0,245
2024-06-02,Nicaragua,North America,1,16148,0,245
2024-06-09,Nicaragua,North America,2,16150,0,245
2024-06-16,Nicaragua,North America,2,16152,0,245
2024-06-23,Nicaragua,North America,7,16159,0,245
2024-06-30,Nicaragua,North America,6,16165,0,245
2024-07-07,Nicaragua,North America,6,16171,0,245
2024-07-14,Nicaragua,North America,4,16175,0,245
2024-07-21,Nicaragua,North America,4,16179,0,245
2024-07-28,Nicaragua,North America,4,16183,0,245
2024-08-04,Nicaragua,North America,2,16185,0,245
2024-08-11,Nicaragua,North America,3,16188,0,245
2024-08-18,Nicaragua,North America,1,16189,0,245
2024-08-25,Nicaragua,North America,1,16190,0,245
2024-09-01,Nicaragua,North America,1,16191,0,245
2020-01-05,Niger,Africa,0,0,0,0
2020-01-12,Niger,Africa,0,0,0,0
2020-01-19,Niger,Africa,0,0,0,0
2020-01-26,Niger,Africa,0,0,0,0
2020-02-02,Niger,Africa,0,0,0,0
2020-02-09,Niger,Africa,0,0,0,0
2020-02-16,Niger,Africa,0,0,0,0
2020-02-23,Niger,Africa,0,0,0,0
2020-03-01,Niger,Africa,0,0,0,0
2020-03-08,Niger,Africa,0,0,0,0
2020-03-15,Niger,Africa,0,0,0,0
2020-03-22,Niger,Africa,2,2,0,0
2020-03-29,Niger,Africa,18,20,0,0
2020-04-05,Niger,Africa,124,144,57,57
2020-04-12,Niger,Africa,385,529,1,58
2020-04-19,Niger,Africa,119,648,0,58
2020-04-26,Niger,Africa,36,684,0,58
2020-05-03,Niger,Africa,52,736,2,60
2020-05-10,Niger,Africa,79,815,10,70
2020-05-17,Niger,Africa,74,889,5,75
2020-05-24,Niger,Africa,54,943,10,85
2020-05-31,Niger,Africa,13,956,3,88
2020-06-07,Niger,Africa,14,970,1,89
2020-06-14,Niger,Africa,10,980,1,90
2020-06-21,Niger,Africa,55,1035,1,91
2020-06-28,Niger,Africa,33,1068,0,91
2020-07-05,Niger,Africa,20,1088,1,92
2020-07-12,Niger,Africa,11,1099,0,92
2020-07-19,Niger,Africa,5,1104,1,93
2020-07-26,Niger,Africa,20,1124,0,93
2020-08-02,Niger,Africa,14,1138,0,93
2020-08-09,Niger,Africa,19,1157,0,93
2020-08-16,Niger,Africa,9,1166,0,93
2020-08-23,Niger,Africa,6,1172,0,93
2020-08-30,Niger,Africa,3,1175,0,93
2020-09-06,Niger,Africa,2,1177,0,93
2020-09-13,Niger,Africa,1,1178,0,93
2020-09-20,Niger,Africa,4,1182,0,93
2020-09-27,Niger,Africa,12,1194,0,93
2020-10-04,Niger,Africa,6,1200,0,93
2020-10-11,Niger,Africa,0,1200,0,93
2020-10-18,Niger,Africa,9,1209,0,93
2020-10-25,Niger,Africa,6,1215,0,93
2020-11-01,Niger,Africa,6,1221,0,93
2020-11-08,Niger,Africa,21,1242,0,93
2020-11-15,Niger,Africa,59,1301,1,94
2020-11-22,Niger,Africa,50,1351,0,94
2020-11-29,Niger,Africa,133,1484,0,94
2020-12-06,Niger,Africa,305,1789,7,101
2020-12-13,Niger,Africa,427,2216,0,101
2020-12-20,Niger,Africa,398,2614,0,101
2020-12-27,Niger,Africa,495,3109,0,101
2021-01-03,Niger,Africa,328,3437,9,110
2021-01-10,Niger,Africa,382,3819,18,128
2021-01-17,Niger,Africa,313,4132,12,140
2021-01-24,Niger,Africa,189,4321,13,153
2021-01-31,Niger,Africa,195,4516,8,161
2021-02-07,Niger,Africa,82,4598,4,165
2021-02-14,Niger,Africa,92,4690,4,169
2021-02-21,Niger,Africa,43,4733,1,170
2021-02-28,Niger,Africa,39,4772,5,175
2021-03-07,Niger,Africa,50,4822,2,177
2021-03-14,Niger,Africa,35,4857,4,181
2021-03-21,Niger,Africa,61,4918,4,185
2021-03-28,Niger,Africa,69,4987,0,185
2021-04-04,Niger,Africa,46,5033,3,188
2021-04-11,Niger,Africa,39,5072,0,188
2021-04-18,Niger,Africa,55,5127,2,190
2021-04-25,Niger,Africa,31,5158,1,191
2021-05-02,Niger,Africa,71,5229,0,191
2021-05-09,Niger,Africa,90,5319,1,192
2021-05-16,Niger,Africa,11,5330,0,192
2021-05-23,Niger,Africa,39,5369,0,192
2021-05-30,Niger,Africa,41,5410,0,192
2021-06-06,Niger,Africa,28,5438,0,192
2021-06-13,Niger,Africa,8,5446,0,192
2021-06-20,Niger,Africa,23,5469,1,193
2021-06-27,Niger,Africa,9,5478,0,193
2021-07-04,Niger,Africa,28,5506,1,194
2021-07-11,Niger,Africa,32,5538,0,194
2021-07-18,Niger,Africa,35,5573,0,194
2021-07-25,Niger,Africa,25,5598,1,195
2021-08-01,Niger,Africa,25,5623,0,195
2021-08-08,Niger,Africa,59,5682,1,196
2021-08-15,Niger,Africa,40,5722,0,196
2021-08-22,Niger,Africa,45,5767,0,196
2021-08-29,Niger,Africa,72,5839,2,198
2021-09-05,Niger,Africa,41,5880,1,199
2021-09-12,Niger,Africa,39,5919,0,199
2021-09-19,Niger,Africa,38,5957,2,201
2021-09-26,Niger,Africa,17,5974,0,201
2021-10-03,Niger,Africa,61,6035,2,203
2021-10-10,Niger,Africa,58,6093,1,204
2021-10-17,Niger,Africa,67,6160,0,204
2021-10-24,Niger,Africa,88,6248,3,207
2021-10-31,Niger,Africa,91,6339,5,212
2021-11-07,Niger,Africa,151,6490,8,220
2021-11-14,Niger,Africa,179,6669,11,231
2021-11-21,Niger,Africa,124,6793,7,238
2021-11-28,Niger,Africa,165,6958,16,254
2021-12-05,Niger,Africa,103,7061,7,261
2021-12-12,Niger,Africa,93,7154,7,268
2021-12-19,Niger,Africa,45,7199,4,272
2021-12-26,Niger,Africa,69,7268,2,274
2022-01-02,Niger,Africa,170,7438,2,276
2022-01-09,Niger,Africa,523,7961,4,280
2022-01-16,Niger,Africa,405,8366,8,288
2022-01-23,Niger,Africa,176,8542,7,295
2022-01-30,Niger,Africa,106,8648,3,298
2022-02-06,Niger,Africa,34,8682,4,302
2022-02-13,Niger,Africa,27,8709,1,303
2022-02-20,Niger,Africa,25,8734,0,303
2022-02-27,Niger,Africa,12,8746,3,306
2022-03-06,Niger,Africa,16,8762,1,307
2022-03-13,Niger,Africa,19,8781,1,308
2022-03-20,Niger,Africa,7,8788,0,308
2022-03-27,Niger,Africa,13,8801,0,308
2022-04-03,Niger,Africa,9,8810,0,308
2022-04-10,Niger,Africa,13,8823,0,308
2022-04-17,Niger,Africa,48,8871,0,308
2022-04-24,Niger,Africa,43,8914,1,309
2022-05-01,Niger,Africa,27,8941,0,309
2022-05-08,Niger,Africa,45,8986,0,309
2022-05-15,Niger,Africa,27,9013,1,310
2022-05-22,Niger,Africa,21,9034,0,310
2022-05-29,Niger,Africa,12,9046,0,310
2022-06-05,Niger,Africa,10,9056,0,310
2022-06-12,Niger,Africa,14,9070,0,310
2022-06-19,Niger,Africa,8,9078,0,310
2022-06-26,Niger,Africa,10,9088,1,311
2022-07-03,Niger,Africa,2,9090,0,311
2022-07-10,Niger,Africa,7,9097,0,311
2022-07-17,Niger,Africa,7,9104,0,311
2022-07-24,Niger,Africa,4,9108,0,311
2022-07-31,Niger,Africa,6,9114,0,311
2022-08-07,Niger,Africa,6,9120,0,311
2022-08-14,Niger,Africa,18,9138,0,311
2022-08-21,Niger,Africa,55,9193,1,312
2022-08-28,Niger,Africa,127,9320,0,312
2022-09-04,Niger,Africa,37,9357,0,312
2022-09-11,Niger,Africa,20,9377,0,312
2022-09-18,Niger,Africa,18,9395,1,313
2022-09-25,Niger,Africa,10,9405,0,313
2022-10-02,Niger,Africa,6,9411,0,313
2022-10-09,Niger,Africa,4,9415,1,314
2022-10-16,Niger,Africa,1,9416,0,314
2022-10-23,Niger,Africa,9,9425,0,314
2022-10-30,Niger,Africa,3,9428,0,314
2022-11-06,Niger,Africa,2,9430,0,314
2022-11-13,Niger,Africa,2,9432,0,314
2022-11-20,Niger,Africa,2,9434,0,314
2022-11-27,Niger,Africa,0,9434,0,314
2022-12-04,Niger,Africa,11,9445,0,314
2022-12-11,Niger,Africa,12,9457,0,314
2022-12-18,Niger,Africa,16,9473,0,314
2022-12-25,Niger,Africa,13,9486,0,314
2023-01-01,Niger,Africa,18,9504,1,315
2023-01-08,Niger,Africa,2,9506,0,315
2023-01-15,Niger,Africa,1,9507,0,315
2023-01-22,Niger,Africa,2,9509,0,315
2023-01-29,Niger,Africa,1,9510,0,315
2023-02-05,Niger,Africa,0,9510,0,315
2023-02-12,Niger,Africa,2,9512,0,315
2023-02-19,Niger,Africa,0,9512,0,315
2023-02-26,Niger,Africa,1,9513,0,315
2023-03-05,Niger,Africa,0,9513,0,315
2023-03-12,Niger,Africa,0,9513,0,315
2023-03-19,Niger,Africa,0,9513,0,315
2023-03-26,Niger,Africa,0,9513,0,315
2023-04-02,Niger,Africa,0,9513,0,315
2023-04-09,Niger,Africa,0,9513,0,315
2023-04-16,Niger,Africa,0,9513,0,315
2023-04-23,Niger,Africa,0,9513,0,315
2023-04-30,Niger,Africa,0,9513,0,315
2023-05-07,Niger,Africa,0,9513,0,315
2023-05-14,Niger,Africa,0,9513,0,315
2023-05-21,Niger,Africa,1,9514,0,315
2023-05-28,Niger,Africa,0,9514,0,315
2023-06-04,Niger,Africa,0,9514,0,315
2023-06-11,Niger,Africa,0,9514,0,315
2023-06-18,Niger,Africa,0,9514,0,315
2023-06-25,Niger,Africa,0,9514,0,315
2023-07-02,Niger,Africa,1,9515,0,315
2023-07-09,Niger,Africa,0,9515,0,315
2023-07-16,Niger,Africa,0,9515,0,315
2023-07-23,Niger,Africa,0,9515,0,315
2023-07-30,Niger,Africa,0,9515,0,315
2023-08-06,Niger,Africa,0,9515,0,315
2023-08-13,Niger,Africa,0,9515,0,315
2023-08-20,Niger,Africa,0,9515,0,315
2023-08-27,Niger,Africa,0,9515,0,315
2023-09-03,Niger,Africa,0,9515,0,315
2023-09-10,Niger,Africa,0,9515,0,315
2023-09-17,Niger,Africa,0,9515,0,315
2023-09-24,Niger,Africa,0,9515,0,315
2023-10-01,Niger,Africa,0,9515,0,315
2023-10-08,Niger,Africa,0,9515,0,315
2023-10-15,Niger,Africa,0,9515,0,315
2023-10-22,Niger,Africa,0,9515,0,315
2023-10-29,Niger,Africa,0,9515,0,315
2023-11-05,Niger,Africa,0,9515,0,315
2023-11-12,Niger,Africa,0,9515,0,315
2023-11-19,Niger,Africa,0,9515,0,315
2023-11-26,Niger,Africa,0,9515,0,315
2023-12-03,Niger,Africa,0,9515,0,315
2023-12-10,Niger,Africa,0,9515,0,315
2023-12-17,Niger,Africa,0,9515,0,315
2023-12-24,Niger,Africa,0,9515,0,315
2023-12-31,Niger,Africa,0,9515,0,315
2024-01-07,Niger,Africa,0,9515,0,315
2024-01-14,Niger,Africa,0,9515,0,315
2024-01-21,Niger,Africa,0,9515,0,315
2024-01-28,Niger,Africa,0,9515,0,315
2024-02-04,Niger,Africa,0,9515,0,315
2024-02-11,Niger,Africa,0,9515,0,315
2024-02-18,Niger,Africa,0,9515,0,315
2024-02-25,Niger,Africa,0,9515,0,315
2024-03-03,Niger,Africa,0,9515,0,315
2024-03-10,Niger,Africa,0,9515,0,315
2024-03-17,Niger,Africa,0,9515,0,315
2024-03-24,Niger,Africa,0,9515,0,315
2024-03-31,Niger,Africa,0,9515,0,315
2024-04-07,Niger,Africa,0,9515,0,315
2024-04-14,Niger,Africa,0,9515,0,315
2024-04-21,Niger,Africa,0,9515,0,315
2024-04-28,Niger,Africa,0,9515,0,315
2024-05-05,Niger,Africa,0,9515,0,315
2024-05-12,Niger,Africa,0,9515,0,315
2024-05-19,Niger,Africa,0,9515,0,315
2024-05-26,Niger,Africa,2,9517,0,315
2024-06-02,Niger,Africa,0,9517,0,315
2024-06-09,Niger,Africa,1,9518,0,315
2024-06-16,Niger,Africa,0,9518,0,315
2024-06-23,Niger,Africa,0,9518,0,315
2024-06-30,Niger,Africa,0,9518,0,315
2024-07-07,Niger,Africa,0,9518,0,315
2024-07-14,Niger,Africa,0,9518,0,315
2024-07-21,Niger,Africa,0,9518,0,315
2024-07-28,Niger,Africa,0,9518,0,315
2024-08-04,Niger,Africa,0,9518,0,315
2024-08-11,Niger,Africa,0,9518,0,315
2024-08-18,Niger,Africa,0,9518,0,315
2024-08-25,Niger,Africa,0,9518,0,315
2024-09-01,Niger,Africa,0,9518,0,315
2020-01-05,Nigeria,Africa,0,0,0,0
2020-01-12,Nigeria,Africa,0,0,0,0
2020-01-19,Nigeria,Africa,0,0,0,0
2020-01-26,Nigeria,Africa,0,0,0,0
2020-02-02,Nigeria,Africa,0,0,0,0
2020-02-09,Nigeria,Africa,0,0,0,0
2020-02-16,Nigeria,Africa,0,0,0,0
2020-02-23,Nigeria,Africa,0,0,0,0
2020-03-01,Nigeria,Africa,1,1,0,0
2020-03-08,Nigeria,Africa,0,1,0,0
2020-03-15,Nigeria,Africa,1,2,0,0
2020-03-22,Nigeria,Africa,24,26,0,0
2020-03-29,Nigeria,Africa,71,97,3,3
2020-04-05,Nigeria,Africa,117,214,4,7
2020-04-12,Nigeria,Africa,104,318,5,12
2020-04-19,Nigeria,Africa,223,541,9,21
2020-04-26,Nigeria,Africa,641,1182,16,37
2020-05-03,Nigeria,Africa,1206,2388,50,87
2020-05-10,Nigeria,Africa,1763,4151,41,128
2020-05-17,Nigeria,Africa,1470,5621,48,176
2020-05-24,Nigeria,Africa,1905,7526,45,221
2020-05-31,Nigeria,Africa,2329,9855,52,273
2020-06-07,Nigeria,Africa,2378,12233,69,342
2020-06-14,Nigeria,Africa,3449,15682,64,406
2020-06-21,Nigeria,Africa,4126,19808,100,506
2020-06-28,Nigeria,Africa,4269,24077,52,558
2020-07-05,Nigeria,Africa,4090,28167,76,634
2020-07-12,Nigeria,Africa,3820,31987,90,724
2020-07-19,Nigeria,Africa,4120,36107,54,778
2020-07-26,Nigeria,Africa,3870,39977,78,856
2020-08-02,Nigeria,Africa,3560,43537,27,883
2020-08-09,Nigeria,Africa,2603,46140,59,942
2020-08-16,Nigeria,Africa,2630,48770,32,974
2020-08-23,Nigeria,Africa,3135,51905,23,997
2020-08-30,Nigeria,Africa,1822,53727,14,1011
2020-09-06,Nigeria,Africa,1178,54905,43,1054
2020-09-13,Nigeria,Africa,1272,56177,24,1078
2020-09-20,Nigeria,Africa,968,57145,17,1095
2020-09-27,Nigeria,Africa,1053,58198,11,1106
2020-10-04,Nigeria,Africa,1089,59287,7,1113
2020-10-11,Nigeria,Africa,816,60103,2,1115
2020-10-18,Nigeria,Africa,1204,61307,8,1123
2020-10-25,Nigeria,Africa,623,61930,6,1129
2020-11-01,Nigeria,Africa,923,62853,15,1144
2020-11-08,Nigeria,Africa,937,63790,10,1154
2020-11-15,Nigeria,Africa,1206,64996,9,1163
2020-11-22,Nigeria,Africa,1232,66228,3,1166
2020-11-29,Nigeria,Africa,1102,67330,5,1171
2020-12-06,Nigeria,Africa,1607,68937,9,1180
2020-12-13,Nigeria,Africa,3820,72757,14,1194
2020-12-20,Nigeria,Africa,5176,77933,24,1218
2020-12-27,Nigeria,Africa,5643,83576,29,1247
2021-01-03,Nigeria,Africa,5587,89163,55,1302
2021-01-10,Nigeria,Africa,9900,99063,48,1350
2021-01-17,Nigeria,Africa,9880,108943,70,1420
2021-01-24,Nigeria,Africa,11659,120602,75,1495
2021-01-31,Nigeria,Africa,9955,130557,83,1578
2021-02-07,Nigeria,Africa,8685,139242,69,1647
2021-02-14,Nigeria,Africa,6422,145664,100,1747
2021-02-21,Nigeria,Africa,5889,151553,84,1831
2021-02-28,Nigeria,Africa,3864,155417,74,1905
2021-03-07,Nigeria,Africa,2820,158237,59,1964
2021-03-14,Nigeria,Africa,2300,160537,49,2013
2021-03-21,Nigeria,Africa,1114,161651,17,2030
2021-03-28,Nigeria,Africa,838,162489,11,2041
2021-04-04,Nigeria,Africa,624,163113,17,2058
2021-04-11,Nigeria,Africa,623,163736,2,2060
2021-04-18,Nigeria,Africa,471,164207,1,2061
2021-04-25,Nigeria,Africa,477,164684,0,2061
2021-05-02,Nigeria,Africa,469,165153,2,2063
2021-05-09,Nigeria,Africa,229,165382,2,2065
2021-05-16,Nigeria,Africa,320,165702,1,2066
2021-05-23,Nigeria,Africa,277,165979,1,2067
2021-05-30,Nigeria,Africa,306,166285,4,2071
2021-06-06,Nigeria,Africa,471,166756,46,2117
2021-06-13,Nigeria,Africa,303,167059,0,2117
2021-06-20,Nigeria,Africa,96,167155,0,2117
2021-06-27,Nigeria,Africa,310,167465,2,2119
2021-07-04,Nigeria,Africa,338,167803,2,2121
2021-07-11,Nigeria,Africa,737,168540,1,2122
2021-07-18,Nigeria,Africa,789,169329,4,2126
2021-07-25,Nigeria,Africa,1566,170895,6,2132
2021-08-01,Nigeria,Africa,3013,173908,17,2149
2021-08-08,Nigeria,Africa,3707,177615,36,2185
2021-08-15,Nigeria,Africa,4347,181962,34,2219
2021-08-22,Nigeria,Africa,4673,186635,41,2260
2021-08-29,Nigeria,Africa,4348,190983,101,2361
2021-09-05,Nigeria,Africa,4069,195052,161,2522
2021-09-12,Nigeria,Africa,3734,198786,68,2590
2021-09-19,Nigeria,Africa,2844,201630,64,2654
2021-09-26,Nigeria,Africa,2571,204201,20,2674
2021-10-03,Nigeria,Africa,1863,206064,49,2723
2021-10-10,Nigeria,Africa,1554,207618,22,2745
2021-10-17,Nigeria,Africa,1555,209173,59,2804
2021-10-24,Nigeria,Africa,1122,210295,52,2856
2021-10-31,Nigeria,Africa,1592,211887,39,2895
2021-11-07,Nigeria,Africa,740,212627,10,2905
2021-11-14,Nigeria,Africa,500,213127,55,2960
2021-11-21,Nigeria,Africa,405,213532,13,2973
2021-11-28,Nigeria,Africa,450,213982,2,2975
2021-12-05,Nigeria,Africa,585,214567,5,2980
2021-12-12,Nigeria,Africa,2496,217063,1,2981
2021-12-19,Nigeria,Africa,6420,223483,3,2984
2021-12-26,Nigeria,Africa,12531,236014,30,3014
2022-01-02,Nigeria,Africa,6863,242877,19,3033
2022-01-09,Nigeria,Africa,4898,247775,38,3071
2022-01-16,Nigeria,Africa,2853,250628,24,3095
2022-01-23,Nigeria,Africa,1331,251959,29,3124
2022-01-30,Nigeria,Africa,1061,253020,11,3135
2022-02-06,Nigeria,Africa,665,253685,1,3136
2022-02-13,Nigeria,Africa,285,253970,4,3140
2022-02-20,Nigeria,Africa,273,254243,2,3142
2022-02-27,Nigeria,Africa,258,254501,0,3142
2022-03-06,Nigeria,Africa,136,254637,0,3142
2022-03-13,Nigeria,Africa,308,254945,0,3142
2022-03-20,Nigeria,Africa,158,255103,0,3142
2022-03-27,Nigeria,Africa,193,255296,0,3142
2022-04-03,Nigeria,Africa,172,255468,0,3142
2022-04-10,Nigeria,Africa,138,255606,0,3142
2022-04-17,Nigeria,Africa,42,255648,1,3143
2022-04-24,Nigeria,Africa,37,255685,0,3143
2022-05-01,Nigeria,Africa,31,255716,0,3143
2022-05-08,Nigeria,Africa,50,255766,0,3143
2022-05-15,Nigeria,Africa,93,255859,0,3143
2022-05-22,Nigeria,Africa,78,255937,0,3143
2022-05-29,Nigeria,Africa,91,256028,0,3143
2022-06-05,Nigeria,Africa,120,256148,0,3143
2022-06-12,Nigeria,Africa,204,256352,1,3144
2022-06-19,Nigeria,Africa,221,256573,0,3144
2022-06-26,Nigeria,Africa,385,256958,0,3144
2022-07-03,Nigeria,Africa,679,257637,0,3144
2022-07-10,Nigeria,Africa,880,258517,0,3144
2022-07-17,Nigeria,Africa,490,259007,0,3144
2022-07-24,Nigeria,Africa,478,259485,2,3146
2022-07-31,Nigeria,Africa,1492,260977,1,3147
2022-08-07,Nigeria,Africa,908,261885,0,3147
2022-08-14,Nigeria,Africa,635,262520,0,3147
2022-08-21,Nigeria,Africa,392,262912,0,3147
2022-08-28,Nigeria,Africa,495,263407,1,3148
2022-09-04,Nigeria,Africa,460,263867,0,3148
2022-09-11,Nigeria,Africa,583,264450,6,3154
2022-09-18,Nigeria,Africa,483,264933,1,3155
2022-09-25,Nigeria,Africa,253,265186,0,3155
2022-10-02,Nigeria,Africa,245,265431,0,3155
2022-10-09,Nigeria,Africa,385,265816,0,3155
2022-10-16,Nigeria,Africa,121,265937,0,3155
2022-10-23,Nigeria,Africa,106,266043,0,3155
2022-10-30,Nigeria,Africa,95,266138,0,3155
2022-11-06,Nigeria,Africa,54,266192,0,3155
2022-11-13,Nigeria,Africa,50,266242,0,3155
2022-11-20,Nigeria,Africa,41,266283,0,3155
2022-11-27,Nigeria,Africa,30,266313,0,3155
2022-12-04,Nigeria,Africa,37,266350,0,3155
2022-12-11,Nigeria,Africa,31,266381,0,3155
2022-12-18,Nigeria,Africa,17,266398,0,3155
2022-12-25,Nigeria,Africa,17,266415,0,3155
2023-01-01,Nigeria,Africa,35,266450,0,3155
2023-01-08,Nigeria,Africa,13,266463,0,3155
2023-01-15,Nigeria,Africa,0,266463,0,3155
2023-01-22,Nigeria,Africa,0,266463,0,3155
2023-01-29,Nigeria,Africa,0,266463,0,3155
2023-02-05,Nigeria,Africa,0,266463,0,3155
2023-02-12,Nigeria,Africa,0,266463,0,3155
2023-02-19,Nigeria,Africa,130,266593,0,3155
2023-02-26,Nigeria,Africa,5,266598,0,3155
2023-03-05,Nigeria,Africa,30,266628,0,3155
2023-03-12,Nigeria,Africa,13,266641,0,3155
2023-03-19,Nigeria,Africa,11,266652,0,3155
2023-03-26,Nigeria,Africa,8,266660,0,3155
2023-04-02,Nigeria,Africa,5,266665,0,3155
2023-04-09,Nigeria,Africa,10,266675,0,3155
2023-04-16,Nigeria,Africa,0,266675,0,3155
2023-04-23,Nigeria,Africa,0,266675,0,3155
2023-04-30,Nigeria,Africa,0,266675,0,3155
2023-05-07,Nigeria,Africa,0,266675,0,3155
2023-05-14,Nigeria,Africa,0,266675,0,3155
2023-05-21,Nigeria,Africa,0,266675,0,3155
2023-05-28,Nigeria,Africa,0,266675,0,3155
2023-06-04,Nigeria,Africa,0,266675,0,3155
2023-06-11,Nigeria,Africa,0,266675,0,3155
2023-06-18,Nigeria,Africa,0,266675,0,3155
2023-06-25,Nigeria,Africa,0,266675,0,3155
2023-07-02,Nigeria,Africa,0,266675,0,3155
2023-07-09,Nigeria,Africa,0,266675,0,3155
2023-07-16,Nigeria,Africa,0,266675,0,3155
2023-07-23,Nigeria,Africa,0,266675,0,3155
2023-07-30,Nigeria,Africa,0,266675,0,3155
2023-08-06,Nigeria,Africa,0,266675,0,3155
2023-08-13,Nigeria,Africa,361,267036,0,3155
2023-08-20,Nigeria,Africa,5,267041,0,3155
2023-08-27,Nigeria,Africa,10,267051,0,3155
2023-09-03,Nigeria,Africa,42,267093,0,3155
2023-09-10,Nigeria,Africa,25,267118,0,3155
2023-09-17,Nigeria,Africa,15,267133,0,3155
2023-09-24,Nigeria,Africa,5,267138,0,3155
2023-10-01,Nigeria,Africa,8,267146,0,3155
2023-10-08,Nigeria,Africa,9,267155,0,3155
2023-10-15,Nigeria,Africa,1,267156,0,3155
2023-10-22,Nigeria,Africa,10,267166,0,3155
2023-10-29,Nigeria,Africa,7,267173,0,3155
2023-11-05,Nigeria,Africa,0,267173,0,3155
2023-11-12,Nigeria,Africa,0,267173,0,3155
2023-11-19,Nigeria,Africa,0,267173,0,3155
2023-11-26,Nigeria,Africa,0,267173,0,3155
2023-12-03,Nigeria,Africa,0,267173,0,3155
2023-12-10,Nigeria,Africa,0,267173,0,3155
2023-12-17,Nigeria,Africa,0,267173,0,3155
2023-12-24,Nigeria,Africa,0,267173,0,3155
2023-12-31,Nigeria,Africa,15,267188,0,3155
2024-01-07,Nigeria,Africa,0,267188,0,3155
2024-01-14,Nigeria,Africa,0,267188,0,3155
2024-01-21,Nigeria,Africa,0,267188,0,3155
2024-01-28,Nigeria,Africa,0,267188,0,3155
2024-02-04,Nigeria,Africa,0,267188,0,3155
2024-02-11,Nigeria,Africa,0,267188,0,3155
2024-02-18,Nigeria,Africa,0,267188,0,3155
2024-02-25,Nigeria,Africa,0,267188,0,3155
2024-03-03,Nigeria,Africa,0,267188,0,3155
2024-03-10,Nigeria,Africa,0,267188,0,3155
2024-03-17,Nigeria,Africa,0,267188,0,3155
2024-03-24,Nigeria,Africa,0,267188,0,3155
2024-03-31,Nigeria,Africa,0,267188,0,3155
2024-04-07,Nigeria,Africa,0,267188,0,3155
2024-04-14,Nigeria,Africa,0,267188,0,3155
2024-04-21,Nigeria,Africa,0,267188,0,3155
2024-04-28,Nigeria,Africa,0,267188,0,3155
2024-05-05,Nigeria,Africa,0,267188,0,3155
2024-05-12,Nigeria,Africa,0,267188,0,3155
2024-05-19,Nigeria,Africa,0,267188,0,3155
2024-05-26,Nigeria,Africa,0,267188,0,3155
2024-06-02,Nigeria,Africa,0,267188,0,3155
2024-06-09,Nigeria,Africa,0,267188,0,3155
2024-06-16,Nigeria,Africa,0,267188,0,3155
2024-06-23,Nigeria,Africa,0,267188,0,3155
2024-06-30,Nigeria,Africa,0,267188,0,3155
2024-07-07,Nigeria,Africa,0,267188,0,3155
2024-07-14,Nigeria,Africa,0,267188,0,3155
2024-07-21,Nigeria,Africa,0,267188,0,3155
2024-07-28,Nigeria,Africa,0,267188,0,3155
2024-08-04,Nigeria,Africa,1,267189,0,3155
2024-08-11,Nigeria,Africa,0,267189,0,3155
2024-08-18,Nigeria,Africa,0,267189,0,3155
2024-08-25,Nigeria,Africa,0,267189,0,3155
2024-09-01,Nigeria,Africa,0,267189,0,3155
2020-01-05,Niue,Oceania,0,0,0,0
2020-01-12,Niue,Oceania,0,0,0,0
2020-01-19,Niue,Oceania,0,0,0,0
2020-01-26,Niue,Oceania,0,0,0,0
2020-02-02,Niue,Oceania,0,0,0,0
2020-02-09,Niue,Oceania,0,0,0,0
2020-02-16,Niue,Oceania,0,0,0,0
2020-02-23,Niue,Oceania,0,0,0,0
2020-03-01,Niue,Oceania,0,0,0,0
2020-03-08,Niue,Oceania,0,0,0,0
2020-03-15,Niue,Oceania,0,0,0,0
2020-03-22,Niue,Oceania,0,0,0,0
2020-03-29,Niue,Oceania,0,0,0,0
2020-04-05,Niue,Oceania,0,0,0,0
2020-04-12,Niue,Oceania,0,0,0,0
2020-04-19,Niue,Oceania,0,0,0,0
2020-04-26,Niue,Oceania,0,0,0,0
2020-05-03,Niue,Oceania,0,0,0,0
2020-05-10,Niue,Oceania,0,0,0,0
2020-05-17,Niue,Oceania,0,0,0,0
2020-05-24,Niue,Oceania,0,0,0,0
2020-05-31,Niue,Oceania,0,0,0,0
2020-06-07,Niue,Oceania,0,0,0,0
2020-06-14,Niue,Oceania,0,0,0,0
2020-06-21,Niue,Oceania,0,0,0,0
2020-06-28,Niue,Oceania,0,0,0,0
2020-07-05,Niue,Oceania,0,0,0,0
2020-07-12,Niue,Oceania,0,0,0,0
2020-07-19,Niue,Oceania,0,0,0,0
2020-07-26,Niue,Oceania,0,0,0,0
2020-08-02,Niue,Oceania,0,0,0,0
2020-08-09,Niue,Oceania,0,0,0,0
2020-08-16,Niue,Oceania,0,0,0,0
2020-08-23,Niue,Oceania,0,0,0,0
2020-08-30,Niue,Oceania,0,0,0,0
2020-09-06,Niue,Oceania,0,0,0,0
2020-09-13,Niue,Oceania,0,0,0,0
2020-09-20,Niue,Oceania,0,0,0,0
2020-09-27,Niue,Oceania,0,0,0,0
2020-10-04,Niue,Oceania,0,0,0,0
2020-10-11,Niue,Oceania,0,0,0,0
2020-10-18,Niue,Oceania,0,0,0,0
2020-10-25,Niue,Oceania,0,0,0,0
2020-11-01,Niue,Oceania,0,0,0,0
2020-11-08,Niue,Oceania,0,0,0,0
2020-11-15,Niue,Oceania,0,0,0,0
2020-11-22,Niue,Oceania,0,0,0,0
2020-11-29,Niue,Oceania,0,0,0,0
2020-12-06,Niue,Oceania,0,0,0,0
2020-12-13,Niue,Oceania,0,0,0,0
2020-12-20,Niue,Oceania,0,0,0,0
2020-12-27,Niue,Oceania,0,0,0,0
2021-01-03,Niue,Oceania,0,0,0,0
2021-01-10,Niue,Oceania,0,0,0,0
2021-01-17,Niue,Oceania,0,0,0,0
2021-01-24,Niue,Oceania,0,0,0,0
2021-01-31,Niue,Oceania,0,0,0,0
2021-02-07,Niue,Oceania,0,0,0,0
2021-02-14,Niue,Oceania,0,0,0,0
2021-02-21,Niue,Oceania,0,0,0,0
2021-02-28,Niue,Oceania,0,0,0,0
2021-03-07,Niue,Oceania,0,0,0,0
2021-03-14,Niue,Oceania,0,0,0,0
2021-03-21,Niue,Oceania,0,0,0,0
2021-03-28,Niue,Oceania,0,0,0,0
2021-04-04,Niue,Oceania,0,0,0,0
2021-04-11,Niue,Oceania,0,0,0,0
2021-04-18,Niue,Oceania,0,0,0,0
2021-04-25,Niue,Oceania,0,0,0,0
2021-05-02,Niue,Oceania,0,0,0,0
2021-05-09,Niue,Oceania,0,0,0,0
2021-05-16,Niue,Oceania,0,0,0,0
2021-05-23,Niue,Oceania,0,0,0,0
2021-05-30,Niue,Oceania,0,0,0,0
2021-06-06,Niue,Oceania,0,0,0,0
2021-06-13,Niue,Oceania,0,0,0,0
2021-06-20,Niue,Oceania,0,0,0,0
2021-06-27,Niue,Oceania,0,0,0,0
2021-07-04,Niue,Oceania,0,0,0,0
2021-07-11,Niue,Oceania,0,0,0,0
2021-07-18,Niue,Oceania,0,0,0,0
2021-07-25,Niue,Oceania,0,0,0,0
2021-08-01,Niue,Oceania,0,0,0,0
2021-08-08,Niue,Oceania,0,0,0,0
2021-08-15,Niue,Oceania,0,0,0,0
2021-08-22,Niue,Oceania,0,0,0,0
2021-08-29,Niue,Oceania,0,0,0,0
2021-09-05,Niue,Oceania,0,0,0,0
2021-09-12,Niue,Oceania,0,0,0,0
2021-09-19,Niue,Oceania,0,0,0,0
2021-09-26,Niue,Oceania,0,0,0,0
2021-10-03,Niue,Oceania,0,0,0,0
2021-10-10,Niue,Oceania,0,0,0,0
2021-10-17,Niue,Oceania,0,0,0,0
2021-10-24,Niue,Oceania,0,0,0,0
2021-10-31,Niue,Oceania,0,0,0,0
2021-11-07,Niue,Oceania,0,0,0,0
2021-11-14,Niue,Oceania,0,0,0,0
2021-11-21,Niue,Oceania,0,0,0,0
2021-11-28,Niue,Oceania,0,0,0,0
2021-12-05,Niue,Oceania,0,0,0,0
2021-12-12,Niue,Oceania,0,0,0,0
2021-12-19,Niue,Oceania,0,0,0,0
2021-12-26,Niue,Oceania,0,0,0,0
2022-01-02,Niue,Oceania,0,0,0,0
2022-01-09,Niue,Oceania,0,0,0,0
2022-01-16,Niue,Oceania,0,0,0,0
2022-01-23,Niue,Oceania,0,0,0,0
2022-01-30,Niue,Oceania,0,0,0,0
2022-02-06,Niue,Oceania,0,0,0,0
2022-02-13,Niue,Oceania,0,0,0,0
2022-02-20,Niue,Oceania,0,0,0,0
2022-02-27,Niue,Oceania,0,0,0,0
2022-03-06,Niue,Oceania,0,0,0,0
2022-03-13,Niue,Oceania,1,1,0,0
2022-03-20,Niue,Oceania,0,1,0,0
2022-03-27,Niue,Oceania,4,5,0,0
2022-04-03,Niue,Oceania,2,7,0,0
2022-04-10,Niue,Oceania,0,7,0,0
2022-04-17,Niue,Oceania,0,7,0,0
2022-04-24,Niue,Oceania,1,8,0,0
2022-05-01,Niue,Oceania,1,9,0,0
2022-05-08,Niue,Oceania,0,9,0,0
2022-05-15,Niue,Oceania,0,9,0,0
2022-05-22,Niue,Oceania,0,9,0,0
2022-05-29,Niue,Oceania,0,9,0,0
2022-06-05,Niue,Oceania,0,9,0,0
2022-06-12,Niue,Oceania,0,9,0,0
2022-06-19,Niue,Oceania,1,10,0,0
2022-06-26,Niue,Oceania,0,10,0,0
2022-07-03,Niue,Oceania,10,20,0,0
2022-07-10,Niue,Oceania,4,24,0,0
2022-07-17,Niue,Oceania,5,29,0,0
2022-07-24,Niue,Oceania,0,29,0,0
2022-07-31,Niue,Oceania,18,47,0,0
2022-08-07,Niue,Oceania,11,58,0,0
2022-08-14,Niue,Oceania,2,60,0,0
2022-08-21,Niue,Oceania,0,60,0,0
2022-08-28,Niue,Oceania,0,60,0,0
2022-09-04,Niue,Oceania,13,73,0,0
2022-09-11,Niue,Oceania,4,77,0,0
2022-09-18,Niue,Oceania,2,79,0,0
2022-09-25,Niue,Oceania,1,80,0,0
2022-10-02,Niue,Oceania,0,80,0,0
2022-10-09,Niue,Oceania,1,81,0,0
2022-10-16,Niue,Oceania,2,83,0,0
2022-10-23,Niue,Oceania,2,85,0,0
2022-10-30,Niue,Oceania,0,85,0,0
2022-11-06,Niue,Oceania,0,85,0,0
2022-11-13,Niue,Oceania,2,87,0,0
2022-11-20,Niue,Oceania,13,100,0,0
2022-11-27,Niue,Oceania,11,111,0,0
2022-12-04,Niue,Oceania,58,169,0,0
2022-12-11,Niue,Oceania,18,187,0,0
2022-12-18,Niue,Oceania,76,263,0,0
2022-12-25,Niue,Oceania,72,335,0,0
2023-01-01,Niue,Oceania,123,458,0,0
2023-01-08,Niue,Oceania,155,613,0,0
2023-01-15,Niue,Oceania,101,714,0,0
2023-01-22,Niue,Oceania,16,730,0,0
2023-01-29,Niue,Oceania,11,741,0,0
2023-02-05,Niue,Oceania,6,747,0,0
2023-02-12,Niue,Oceania,0,747,0,0
2023-02-19,Niue,Oceania,0,747,0,0
2023-02-26,Niue,Oceania,0,747,0,0
2023-03-05,Niue,Oceania,0,747,0,0
2023-03-12,Niue,Oceania,0,747,0,0
2023-03-19,Niue,Oceania,0,747,0,0
2023-03-26,Niue,Oceania,0,747,0,0
2023-04-02,Niue,Oceania,0,747,0,0
2023-04-09,Niue,Oceania,0,747,0,0
2023-04-16,Niue,Oceania,0,747,0,0
2023-04-23,Niue,Oceania,0,747,0,0
2023-04-30,Niue,Oceania,0,747,0,0
2023-05-07,Niue,Oceania,0,747,0,0
2023-05-14,Niue,Oceania,54,801,0,0
2023-05-21,Niue,Oceania,1,802,0,0
2023-05-28,Niue,Oceania,5,807,0,0
2023-06-04,Niue,Oceania,10,817,0,0
2023-06-11,Niue,Oceania,3,820,0,0
2023-06-18,Niue,Oceania,0,820,0,0
2023-06-25,Niue,Oceania,0,820,0,0
2023-07-02,Niue,Oceania,0,820,0,0
2023-07-09,Niue,Oceania,1,821,0,0
2023-07-16,Niue,Oceania,1,822,0,0
2023-07-23,Niue,Oceania,0,822,0,0
2023-07-30,Niue,Oceania,0,822,0,0
2023-08-06,Niue,Oceania,3,825,0,0
2023-08-13,Niue,Oceania,5,830,0,0
2023-08-20,Niue,Oceania,1,831,0,0
2023-08-27,Niue,Oceania,27,858,0,0
2023-09-03,Niue,Oceania,10,868,0,0
2023-09-10,Niue,Oceania,19,887,0,0
2023-09-17,Niue,Oceania,0,887,0,0
2023-09-24,Niue,Oceania,0,887,0,0
2023-10-01,Niue,Oceania,0,887,0,0
2023-10-08,Niue,Oceania,0,887,0,0
2023-10-15,Niue,Oceania,0,887,0,0
2023-10-22,Niue,Oceania,0,887,0,0
2023-10-29,Niue,Oceania,0,887,0,0
2023-11-05,Niue,Oceania,2,889,0,0
2023-11-12,Niue,Oceania,0,889,0,0
2023-11-19,Niue,Oceania,0,889,0,0
2023-11-26,Niue,Oceania,6,895,0,0
2023-12-03,Niue,Oceania,0,895,0,0
2023-12-10,Niue,Oceania,0,895,0,0
2023-12-17,Niue,Oceania,0,895,0,0
2023-12-24,Niue,Oceania,42,937,0,0
2023-12-31,Niue,Oceania,56,993,0,0
2024-01-07,Niue,Oceania,0,993,0,0
2024-01-14,Niue,Oceania,0,993,0,0
2024-01-21,Niue,Oceania,0,993,0,0
2024-01-28,Niue,Oceania,0,993,0,0
2024-02-04,Niue,Oceania,0,993,0,0
2024-02-11,Niue,Oceania,0,993,0,0
2024-02-18,Niue,Oceania,0,993,0,0
2024-02-25,Niue,Oceania,66,1059,0,0
2024-03-03,Niue,Oceania,0,1059,0,0
2024-03-10,Niue,Oceania,0,1059,0,0
2024-03-17,Niue,Oceania,0,1059,0,0
2024-03-24,Niue,Oceania,0,1059,0,0
2024-03-31,Niue,Oceania,0,1059,0,0
2024-04-07,Niue,Oceania,0,1059,0,0
2024-04-14,Niue,Oceania,0,1059,0,0
2024-04-21,Niue,Oceania,0,1059,0,0
2024-04-28,Niue,Oceania,8,1067,0,0
2024-05-05,Niue,Oceania,7,1074,0,0
2024-05-12,Niue,Oceania,0,1074,0,0
2024-05-19,Niue,Oceania,0,1074,0,0
2024-05-26,Niue,Oceania,0,1074,0,0
2024-06-02,Niue,Oceania,0,1074,0,0
2024-06-09,Niue,Oceania,0,1074,0,0
2024-06-16,Niue,Oceania,0,1074,0,0
2024-06-23,Niue,Oceania,0,1074,0,0
2024-06-30,Niue,Oceania,0,1074,0,0
2024-07-07,Niue,Oceania,0,1074,0,0
2024-07-14,Niue,Oceania,0,1074,0,0
2024-07-21,Niue,Oceania,0,1074,0,0
2024-07-28,Niue,Oceania,0,1074,0,0
2024-08-04,Niue,Oceania,13,1087,0,0
2024-08-11,Niue,Oceania,0,1087,0,0
2024-08-18,Niue,Oceania,0,1087,0,0
2024-08-25,Niue,Oceania,0,1087,0,0
2024-09-01,Niue,Oceania,0,1087,0,0
2020-01-05,North Macedonia,Europe,0,0,0,0
2020-01-12,North Macedonia,Europe,0,0,0,0
2020-01-19,North Macedonia,Europe,0,0,0,0
2020-01-26,North Macedonia,Europe,0,0,0,0
2020-02-02,North Macedonia,Europe,0,0,0,0
2020-02-09,North Macedonia,Europe,0,0,0,0
2020-02-16,North Macedonia,Europe,0,0,0,0
2020-02-23,North Macedonia,Europe,0,0,0,0
2020-03-01,North Macedonia,Europe,1,1,0,0
2020-03-08,North Macedonia,Europe,3,4,0,0
2020-03-15,North Macedonia,Europe,15,19,0,0
2020-03-22,North Macedonia,Europe,117,136,1,1
2020-03-29,North Macedonia,Europe,149,285,5,6
2020-04-05,North Macedonia,Europe,287,572,17,23
2020-04-12,North Macedonia,Europe,286,858,15,38
2020-04-19,North Macedonia,Europe,370,1228,18,56
2020-04-26,North Macedonia,Europe,170,1398,13,69
2020-05-03,North Macedonia,Europe,120,1518,18,87
2020-05-10,North Macedonia,Europe,146,1664,6,93
2020-05-17,North Macedonia,Europe,153,1817,14,107
2020-05-24,North Macedonia,Europe,181,1998,9,116
2020-05-31,North Macedonia,Europe,317,2315,23,139
2020-06-07,North Macedonia,Europe,839,3154,20,159
2020-06-14,North Macedonia,Europe,1009,4163,41,200
2020-06-21,North Macedonia,Europe,1035,5198,54,254
2020-06-28,North Macedonia,Europe,1014,6212,53,307
2020-07-05,North Macedonia,Europe,928,7140,50,357
2020-07-12,North Macedonia,Europe,1073,8213,39,396
2020-07-19,North Macedonia,Europe,1044,9257,48,444
2020-07-26,North Macedonia,Europe,953,10210,36,480
2020-08-02,North Macedonia,Europe,910,11120,31,511
2020-08-09,North Macedonia,Europe,814,11934,26,537
2020-08-16,North Macedonia,Europe,897,12831,21,558
2020-08-23,North Macedonia,Europe,838,13669,22,580
2020-08-30,North Macedonia,Europe,661,14330,36,616
2020-09-06,North Macedonia,Europe,790,15120,26,642
2020-09-13,North Macedonia,Europe,703,15823,28,670
2020-09-20,North Macedonia,Europe,955,16778,49,719
2020-09-27,North Macedonia,Europe,888,17666,29,748
2020-10-04,North Macedonia,Europe,1204,18870,33,781
2020-10-11,North Macedonia,Europe,2243,21113,34,815
2020-10-18,North Macedonia,Europe,2676,23789,55,870
2020-10-25,North Macedonia,Europe,3405,27194,100,970
2020-11-01,North Macedonia,Europe,5801,32995,115,1085
2020-11-08,North Macedonia,Europe,7287,40282,191,1276
2020-11-15,North Macedonia,Europe,7362,47644,242,1518
2020-11-22,North Macedonia,Europe,7483,55127,267,1785
2020-11-29,North Macedonia,Europe,6741,61868,273,2058
2020-12-06,North Macedonia,Europe,6460,68328,257,2315
2020-12-13,North Macedonia,Europe,5514,73842,212,2527
2020-12-20,North Macedonia,Europe,4585,78427,204,2731
2020-12-27,North Macedonia,Europe,3369,81796,165,2896
2021-01-03,North Macedonia,Europe,2325,84121,124,3020
2021-01-10,North Macedonia,Europe,2463,86584,84,3104
2021-01-17,North Macedonia,Europe,2387,88971,100,3204
2021-01-24,North Macedonia,Europe,1724,90695,91,3295
2021-01-31,North Macedonia,Europe,2031,92726,81,3376
2021-02-07,North Macedonia,Europe,2113,94839,70,3446
2021-02-14,North Macedonia,Europe,2220,97059,49,3495
2021-02-21,North Macedonia,Europe,2318,99377,80,3575
2021-02-28,North Macedonia,Europe,3626,103003,87,3662
2021-03-07,North Macedonia,Europe,4454,107457,80,3742
2021-03-14,North Macedonia,Europe,5451,112908,148,3890
2021-03-21,North Macedonia,Europe,6888,119796,182,4072
2021-03-28,North Macedonia,Europe,7403,127199,242,4314
2021-04-04,North Macedonia,Europe,7922,135121,304,4618
2021-04-11,North Macedonia,Europe,6858,141979,324,4942
2021-04-18,North Macedonia,Europe,5199,147178,246,5188
2021-04-25,North Macedonia,Europe,3438,150616,226,5414
2021-05-02,North Macedonia,Europe,2075,152691,195,5609
2021-05-09,North Macedonia,Europe,1304,153995,124,5733
2021-05-16,North Macedonia,Europe,671,154666,69,5802
2021-05-23,North Macedonia,Europe,369,155035,40,5842
2021-05-30,North Macedonia,Europe,219,155254,29,5871
2021-06-06,North Macedonia,Europe,155,155409,18,5889
2021-06-13,North Macedonia,Europe,122,155531,10,5899
2021-06-20,North Macedonia,Europe,88,155619,4,5903
2021-06-27,North Macedonia,Europe,48,155667,7,5910
2021-07-04,North Macedonia,Europe,39,155706,0,5910
2021-07-11,North Macedonia,Europe,85,155791,1,5911
2021-07-18,North Macedonia,Europe,126,155917,0,5911
2021-07-25,North Macedonia,Europe,159,156076,4,5915
2021-08-01,North Macedonia,Europe,418,156494,7,5922
2021-08-08,North Macedonia,Europe,1639,158133,20,5942
2021-08-15,North Macedonia,Europe,4306,162439,59,6001
2021-08-22,North Macedonia,Europe,6826,169265,183,6184
2021-08-29,North Macedonia,Europe,6347,175612,237,6421
2021-09-05,North Macedonia,Europe,4621,180233,245,6666
2021-09-12,North Macedonia,Europe,3469,183702,176,6842
2021-09-19,North Macedonia,Europe,3338,187040,187,7029
2021-09-26,North Macedonia,Europe,2935,189975,144,7173
2021-10-03,North Macedonia,Europe,2670,192645,110,7283
2021-10-10,North Macedonia,Europe,2351,194996,102,7385
2021-10-17,North Macedonia,Europe,2206,197202,93,7478
2021-10-24,North Macedonia,Europe,2704,199906,94,7572
2021-10-31,North Macedonia,Europe,2804,202710,88,7660
2021-11-07,North Macedonia,Europe,3503,206213,95,7755
2021-11-14,North Macedonia,Europe,3212,209425,94,7849
2021-11-21,North Macedonia,Europe,2928,212353,102,7951
2021-11-28,North Macedonia,Europe,2751,215104,111,8062
2021-12-05,North Macedonia,Europe,2274,217378,81,8143
2021-12-12,North Macedonia,Europe,2089,219467,76,8219
2021-12-19,North Macedonia,Europe,1921,221388,83,8302
2021-12-26,North Macedonia,Europe,1921,223309,50,8352
2022-01-02,North Macedonia,Europe,2641,225950,63,8415
2022-01-09,North Macedonia,Europe,8303,234253,60,8475
2022-01-16,North Macedonia,Europe,11094,245347,66,8541
2022-01-23,North Macedonia,Europe,11561,256908,116,8657
2022-01-30,North Macedonia,Europe,11881,268789,178,8835
2022-02-06,North Macedonia,Europe,9967,278756,202,9037
2022-02-13,North Macedonia,Europe,8624,287380,161,9198
2022-02-20,North Macedonia,Europe,6111,293491,141,9339
2022-02-27,North Macedonia,Europe,3692,297183,100,9439
2022-03-06,North Macedonia,Europe,2496,299679,60,9499
2022-03-13,North Macedonia,Europe,1810,301489,40,9539
2022-03-20,North Macedonia,Europe,1831,303320,24,9563
2022-03-27,North Macedonia,Europe,1694,305014,25,9588
2022-04-03,North Macedonia,Europe,1602,306616,14,9602
2022-04-10,North Macedonia,Europe,1101,307717,12,9614
2022-04-17,North Macedonia,Europe,800,308517,8,9622
2022-04-24,North Macedonia,Europe,590,309107,7,9629
2022-05-01,North Macedonia,Europe,580,309687,7,9636
2022-05-08,North Macedonia,Europe,531,310218,4,9640
2022-05-15,North Macedonia,Europe,562,310780,2,9642
2022-05-22,North Macedonia,Europe,491,311271,1,9643
2022-05-29,North Macedonia,Europe,501,311772,3,9646
2022-06-05,North Macedonia,Europe,455,312227,2,9648
2022-06-12,North Macedonia,Europe,314,312541,4,9652
2022-06-19,North Macedonia,Europe,352,312893,1,9653
2022-06-26,North Macedonia,Europe,580,313473,1,9654
2022-07-03,North Macedonia,Europe,961,314434,3,9657
2022-07-10,North Macedonia,Europe,1728,316162,3,9660
2022-07-17,North Macedonia,Europe,2811,318973,1,9661
2022-07-24,North Macedonia,Europe,4382,323355,17,9678
2022-07-31,North Macedonia,Europe,4746,328101,18,9696
2022-08-07,North Macedonia,Europe,3806,331907,27,9723
2022-08-14,North Macedonia,Europe,3474,335381,30,9753
2022-08-21,North Macedonia,Europe,2684,338065,37,9790
2022-08-28,North Macedonia,Europe,1760,339825,22,9812
2022-09-04,North Macedonia,Europe,1069,340894,12,9824
2022-09-11,North Macedonia,Europe,635,341529,9,9833
2022-09-18,North Macedonia,Europe,664,342193,7,9840
2022-09-25,North Macedonia,Europe,377,342570,1,9841
2022-10-02,North Macedonia,Europe,469,343039,6,9847
2022-10-09,North Macedonia,Europe,323,343362,5,9852
2022-10-16,North Macedonia,Europe,273,343635,5,9857
2022-10-23,North Macedonia,Europe,251,343886,1,9858
2022-10-30,North Macedonia,Europe,230,344116,0,9858
2022-11-06,North Macedonia,Europe,195,344311,1,9859
2022-11-13,North Macedonia,Europe,188,344499,5,9864
2022-11-20,North Macedonia,Europe,179,344678,1,9865
2022-11-27,North Macedonia,Europe,174,344852,2,9867
2022-12-04,North Macedonia,Europe,195,345047,3,9870
2022-12-11,North Macedonia,Europe,129,345176,0,9870
2022-12-18,North Macedonia,Europe,207,345383,3,9873
2022-12-25,North Macedonia,Europe,205,345588,3,9876
2023-01-01,North Macedonia,Europe,254,345842,2,9878
2023-01-08,North Macedonia,Europe,239,346081,4,9882
2023-01-15,North Macedonia,Europe,203,346284,4,9886
2023-01-22,North Macedonia,Europe,130,346414,10,9896
2023-01-29,North Macedonia,Europe,103,346517,3,9899
2023-02-05,North Macedonia,Europe,102,346619,2,9901
2023-02-12,North Macedonia,Europe,101,346720,3,9904
2023-02-19,North Macedonia,Europe,118,346838,1,9905
2023-02-26,North Macedonia,Europe,156,346994,3,9908
2023-03-05,North Macedonia,Europe,171,347165,2,9910
2023-03-12,North Macedonia,Europe,144,347309,2,9912
2023-03-19,North Macedonia,Europe,169,347478,2,9914
2023-03-26,North Macedonia,Europe,179,347657,3,9917
2023-04-02,North Macedonia,Europe,153,347810,5,9922
2023-04-09,North Macedonia,Europe,140,347950,2,9924
2023-04-16,North Macedonia,Europe,92,348042,3,9927
2023-04-23,North Macedonia,Europe,85,348127,7,9934
2023-04-30,North Macedonia,Europe,82,348209,3,9937
2023-05-07,North Macedonia,Europe,66,348275,2,9939
2023-05-14,North Macedonia,Europe,19,348294,0,9939
2023-05-21,North Macedonia,Europe,16,348310,0,9939
2023-05-28,North Macedonia,Europe,12,348322,0,9939
2023-06-04,North Macedonia,Europe,5,348327,0,9939
2023-06-11,North Macedonia,Europe,9,348336,0,9939
2023-06-18,North Macedonia,Europe,5,348341,1,9940
2023-06-25,North Macedonia,Europe,8,348349,1,9941
2023-07-02,North Macedonia,Europe,7,348356,0,9941
2023-07-09,North Macedonia,Europe,7,348363,0,9941
2023-07-16,North Macedonia,Europe,5,348368,0,9941
2023-07-23,North Macedonia,Europe,6,348374,0,9941
2023-07-30,North Macedonia,Europe,3,348377,0,9941
2023-08-06,North Macedonia,Europe,3,348380,0,9941
2023-08-13,North Macedonia,Europe,9,348389,0,9941
2023-08-20,North Macedonia,Europe,22,348411,0,9941
2023-08-27,North Macedonia,Europe,40,348451,1,9942
2023-09-03,North Macedonia,Europe,65,348516,0,9942
2023-09-10,North Macedonia,Europe,96,348612,0,9942
2023-09-17,North Macedonia,Europe,210,348822,3,9945
2023-09-24,North Macedonia,Europe,282,349104,1,9946
2023-10-01,North Macedonia,Europe,249,349353,1,9947
2023-10-08,North Macedonia,Europe,140,349493,2,9949
2023-10-15,North Macedonia,Europe,125,349618,4,9953
2023-10-22,North Macedonia,Europe,150,349768,4,9957
2023-10-29,North Macedonia,Europe,100,349868,1,9958
2023-11-05,North Macedonia,Europe,46,349914,1,9959
2023-11-12,North Macedonia,Europe,57,349971,1,9960
2023-11-19,North Macedonia,Europe,43,350014,1,9961
2023-11-26,North Macedonia,Europe,55,350069,2,9963
2023-12-03,North Macedonia,Europe,51,350120,0,9963
2023-12-10,North Macedonia,Europe,38,350158,0,9963
2023-12-17,North Macedonia,Europe,39,350197,0,9963
2023-12-24,North Macedonia,Europe,47,350244,0,9963
2023-12-31,North Macedonia,Europe,72,350316,2,9965
2024-01-07,North Macedonia,Europe,71,350387,0,9965
2024-01-14,North Macedonia,Europe,38,350425,1,9966
2024-01-21,North Macedonia,Europe,43,350468,4,9970
2024-01-28,North Macedonia,Europe,31,350499,1,9971
2024-02-04,North Macedonia,Europe,10,350509,1,9972
2024-02-11,North Macedonia,Europe,11,350520,2,9974
2024-02-18,North Macedonia,Europe,13,350533,1,9975
2024-02-25,North Macedonia,Europe,13,350546,1,9976
2024-03-03,North Macedonia,Europe,9,350555,0,9976
2024-03-10,North Macedonia,Europe,12,350567,1,9977
2024-03-17,North Macedonia,Europe,6,350573,0,9977
2024-03-24,North Macedonia,Europe,4,350577,0,9977
2024-03-31,North Macedonia,Europe,2,350579,0,9977
2024-04-07,North Macedonia,Europe,1,350580,0,9977
2024-04-14,North Macedonia,Europe,0,350580,0,9977
2024-04-21,North Macedonia,Europe,3,350583,0,9977
2024-04-28,North Macedonia,Europe,5,350588,0,9977
2024-05-05,North Macedonia,Europe,1,350589,0,9977
2024-05-12,North Macedonia,Europe,2,350591,0,9977
2024-05-19,North Macedonia,Europe,0,350591,0,9977
2024-05-26,North Macedonia,Europe,5,350596,0,9977
2024-06-02,North Macedonia,Europe,6,350602,0,9977
2024-06-09,North Macedonia,Europe,4,350606,0,9977
2024-06-16,North Macedonia,Europe,3,350609,0,9977
2024-06-23,North Macedonia,Europe,7,350616,0,9977
2024-06-30,North Macedonia,Europe,9,350625,0,9977
2024-07-07,North Macedonia,Europe,15,350640,0,9977
2024-07-14,North Macedonia,Europe,29,350669,0,9977
2024-07-21,North Macedonia,Europe,61,350730,0,9977
2024-07-28,North Macedonia,Europe,78,350808,1,9978
2024-08-04,North Macedonia,Europe,116,350924,0,9978
2024-08-11,North Macedonia,Europe,169,351093,1,9979
2024-08-18,North Macedonia,Europe,271,351364,1,9980
2024-08-25,North Macedonia,Europe,213,351577,1,9981
2024-09-01,North Macedonia,Europe,131,351708,0,9981
2020-01-05,Northern Mariana Islands,island,0,0,0,0
2020-01-12,Northern Mariana Islands,island,0,0,0,0
2020-01-19,Northern Mariana Islands,island,0,0,0,0
2020-01-26,Northern Mariana Islands,island,0,0,0,0
2020-02-02,Northern Mariana Islands,island,0,0,0,0
2020-02-09,Northern Mariana Islands,island,0,0,0,0
2020-02-16,Northern Mariana Islands,island,0,0,0,0
2020-02-23,Northern Mariana Islands,island,0,0,0,0
2020-03-01,Northern Mariana Islands,island,0,0,0,0
2020-03-08,Northern Mariana Islands,island,0,0,0,0
2020-03-15,Northern Mariana Islands,island,0,0,0,0
2020-03-22,Northern Mariana Islands,island,0,0,0,0
2020-03-29,Northern Mariana Islands,island,0,0,0,0
2020-04-05,Northern Mariana Islands,island,8,8,1,1
2020-04-12,Northern Mariana Islands,island,3,11,1,2
2020-04-19,Northern Mariana Islands,island,3,14,0,2
2020-04-26,Northern Mariana Islands,island,0,14,0,2
2020-05-03,Northern Mariana Islands,island,0,14,0,2
2020-05-10,Northern Mariana Islands,island,2,16,0,2
2020-05-17,Northern Mariana Islands,island,5,21,0,2
2020-05-24,Northern Mariana Islands,island,1,22,0,2
2020-05-31,Northern Mariana Islands,island,0,22,0,2
2020-06-07,Northern Mariana Islands,island,4,26,0,2
2020-06-14,Northern Mariana Islands,island,4,30,0,2
2020-06-21,Northern Mariana Islands,island,0,30,0,2
2020-06-28,Northern Mariana Islands,island,0,30,0,2
2020-07-05,Northern Mariana Islands,island,1,31,0,2
2020-07-12,Northern Mariana Islands,island,2,33,0,2
2020-07-19,Northern Mariana Islands,island,4,37,0,2
2020-07-26,Northern Mariana Islands,island,2,39,0,2
2020-08-02,Northern Mariana Islands,island,5,44,0,2
2020-08-09,Northern Mariana Islands,island,4,48,0,2
2020-08-16,Northern Mariana Islands,island,2,50,0,2
2020-08-23,Northern Mariana Islands,island,4,54,0,2
2020-08-30,Northern Mariana Islands,island,2,56,0,2
2020-09-06,Northern Mariana Islands,island,2,58,0,2
2020-09-13,Northern Mariana Islands,island,2,60,0,2
2020-09-20,Northern Mariana Islands,island,8,68,0,2
2020-09-27,Northern Mariana Islands,island,2,70,0,2
2020-10-04,Northern Mariana Islands,island,3,73,0,2
2020-10-11,Northern Mariana Islands,island,4,77,0,2
2020-10-18,Northern Mariana Islands,island,9,86,0,2
2020-10-25,Northern Mariana Islands,island,2,88,0,2
2020-11-01,Northern Mariana Islands,island,8,96,0,2
2020-11-08,Northern Mariana Islands,island,2,98,0,2
2020-11-15,Northern Mariana Islands,island,4,102,0,2
2020-11-22,Northern Mariana Islands,island,2,104,0,2
2020-11-29,Northern Mariana Islands,island,1,105,0,2
2020-12-06,Northern Mariana Islands,island,4,109,0,2
2020-12-13,Northern Mariana Islands,island,4,113,0,2
2020-12-20,Northern Mariana Islands,island,3,116,0,2
2020-12-27,Northern Mariana Islands,island,6,122,0,2
2021-01-03,Northern Mariana Islands,island,2,124,0,2
2021-01-10,Northern Mariana Islands,island,1,125,0,2
2021-01-17,Northern Mariana Islands,island,4,129,0,2
2021-01-24,Northern Mariana Islands,island,3,132,0,2
2021-01-31,Northern Mariana Islands,island,0,132,0,2
2021-02-07,Northern Mariana Islands,island,1,133,0,2
2021-02-14,Northern Mariana Islands,island,1,134,0,2
2021-02-21,Northern Mariana Islands,island,9,143,0,2
2021-02-28,Northern Mariana Islands,island,0,143,0,2
2021-03-07,Northern Mariana Islands,island,2,145,0,2
2021-03-14,Northern Mariana Islands,island,9,154,0,2
2021-03-21,Northern Mariana Islands,island,3,157,0,2
2021-03-28,Northern Mariana Islands,island,2,159,0,2
2021-04-04,Northern Mariana Islands,island,0,159,0,2
2021-04-11,Northern Mariana Islands,island,1,160,0,2
2021-04-18,Northern Mariana Islands,island,2,162,0,2
2021-04-25,Northern Mariana Islands,island,2,164,0,2
2021-05-02,Northern Mariana Islands,island,4,168,0,2
2021-05-09,Northern Mariana Islands,island,2,170,0,2
2021-05-16,Northern Mariana Islands,island,3,173,0,2
2021-05-23,Northern Mariana Islands,island,8,181,0,2
2021-05-30,Northern Mariana Islands,island,2,183,0,2
2021-06-06,Northern Mariana Islands,island,0,183,0,2
2021-06-13,Northern Mariana Islands,island,0,183,0,2
2021-06-20,Northern Mariana Islands,island,0,183,0,2
2021-06-27,Northern Mariana Islands,island,0,183,0,2
2021-07-04,Northern Mariana Islands,island,0,183,0,2
2021-07-11,Northern Mariana Islands,island,2,185,0,2
2021-07-18,Northern Mariana Islands,island,2,187,0,2
2021-07-25,Northern Mariana Islands,island,3,190,0,2
2021-08-01,Northern Mariana Islands,island,6,196,0,2
2021-08-08,Northern Mariana Islands,island,10,206,0,2
2021-08-15,Northern Mariana Islands,island,8,214,0,2
2021-08-22,Northern Mariana Islands,island,10,224,0,2
2021-08-29,Northern Mariana Islands,island,17,241,0,2
2021-09-05,Northern Mariana Islands,island,7,248,0,2
2021-09-12,Northern Mariana Islands,island,3,251,0,2
2021-09-19,Northern Mariana Islands,island,12,263,0,2
2021-09-26,Northern Mariana Islands,island,3,266,0,2
2021-10-03,Northern Mariana Islands,island,6,272,0,2
2021-10-10,Northern Mariana Islands,island,5,277,1,3
2021-10-17,Northern Mariana Islands,island,11,288,0,3
2021-10-24,Northern Mariana Islands,island,3,291,0,3
2021-10-31,Northern Mariana Islands,island,21,312,0,3
2021-11-07,Northern Mariana Islands,island,39,351,0,3
2021-11-14,Northern Mariana Islands,island,38,389,0,3
2021-11-21,Northern Mariana Islands,island,75,464,0,3
2021-11-28,Northern Mariana Islands,island,323,787,0,3
2021-12-05,Northern Mariana Islands,island,317,1104,2,5
2021-12-12,Northern Mariana Islands,island,804,1908,1,6
2021-12-19,Northern Mariana Islands,island,514,2422,2,8
2021-12-26,Northern Mariana Islands,island,471,2893,3,11
2022-01-02,Northern Mariana Islands,island,404,3297,6,17
2022-01-09,Northern Mariana Islands,island,350,3647,3,20
2022-01-16,Northern Mariana Islands,island,299,3946,1,21
2022-01-23,Northern Mariana Islands,island,300,4246,1,22
2022-01-30,Northern Mariana Islands,island,618,4864,1,23
2022-02-06,Northern Mariana Islands,island,1238,6102,0,23
2022-02-13,Northern Mariana Islands,island,1428,7530,0,23
2022-02-20,Northern Mariana Islands,island,1114,8644,3,26
2022-02-27,Northern Mariana Islands,island,870,9514,4,30
2022-03-06,Northern Mariana Islands,island,612,10126,0,30
2022-03-13,Northern Mariana Islands,island,253,10379,0,30
2022-03-20,Northern Mariana Islands,island,310,10689,1,31
2022-03-27,Northern Mariana Islands,island,333,11022,2,33
2022-04-03,Northern Mariana Islands,island,43,11065,0,33
2022-04-10,Northern Mariana Islands,island,93,11158,0,33
2022-04-17,Northern Mariana Islands,island,44,11202,1,34
2022-04-24,Northern Mariana Islands,island,19,11221,0,34
2022-05-01,Northern Mariana Islands,island,42,11263,0,34
2022-05-08,Northern Mariana Islands,island,18,11281,0,34
2022-05-15,Northern Mariana Islands,island,24,11305,0,34
2022-05-22,Northern Mariana Islands,island,10,11315,0,34
2022-05-29,Northern Mariana Islands,island,18,11333,0,34
2022-06-05,Northern Mariana Islands,island,33,11366,0,34
2022-06-12,Northern Mariana Islands,island,39,11405,0,34
2022-06-19,Northern Mariana Islands,island,77,11482,0,34
2022-06-26,Northern Mariana Islands,island,87,11569,0,34
2022-07-03,Northern Mariana Islands,island,190,11759,1,35
2022-07-10,Northern Mariana Islands,island,0,11759,0,35
2022-07-17,Northern Mariana Islands,island,434,12193,0,35
2022-07-24,Northern Mariana Islands,island,380,12573,2,37
2022-07-31,Northern Mariana Islands,island,159,12732,1,38
2022-08-07,Northern Mariana Islands,island,1,12733,0,38
2022-08-14,Northern Mariana Islands,island,215,12948,1,39
2022-08-21,Northern Mariana Islands,island,0,12948,1,40
2022-08-28,Northern Mariana Islands,island,175,13123,0,40
2022-09-04,Northern Mariana Islands,island,24,13147,0,40
2022-09-11,Northern Mariana Islands,island,7,13154,0,40
2022-09-18,Northern Mariana Islands,island,1,13155,0,40
2022-09-25,Northern Mariana Islands,island,16,13171,0,40
2022-10-02,Northern Mariana Islands,island,0,13171,0,40
2022-10-09,Northern Mariana Islands,island,0,13171,0,40
2022-10-16,Northern Mariana Islands,island,0,13171,0,40
2022-10-23,Northern Mariana Islands,island,0,13171,0,40
2022-10-30,Northern Mariana Islands,island,0,13171,0,40
2022-11-06,Northern Mariana Islands,island,0,13171,0,40
2022-11-13,Northern Mariana Islands,island,0,13171,0,40
2022-11-20,Northern Mariana Islands,island,0,13171,0,40
2022-11-27,Northern Mariana Islands,island,0,13171,0,40
2022-12-04,Northern Mariana Islands,island,0,13171,0,40
2022-12-11,Northern Mariana Islands,island,0,13171,1,41
2022-12-18,Northern Mariana Islands,island,65,13236,0,41
2022-12-25,Northern Mariana Islands,island,0,13236,0,41
2023-01-01,Northern Mariana Islands,island,159,13395,0,41
2023-01-08,Northern Mariana Islands,island,0,13395,0,41
2023-01-15,Northern Mariana Islands,island,0,13395,0,41
2023-01-22,Northern Mariana Islands,island,0,13395,0,41
2023-01-29,Northern Mariana Islands,island,0,13395,0,41
2023-02-05,Northern Mariana Islands,island,0,13395,0,41
2023-02-12,Northern Mariana Islands,island,0,13395,0,41
2023-02-19,Northern Mariana Islands,island,0,13395,0,41
2023-02-26,Northern Mariana Islands,island,254,13649,0,41
2023-03-05,Northern Mariana Islands,island,0,13649,0,41
2023-03-12,Northern Mariana Islands,island,73,13722,0,41
2023-03-19,Northern Mariana Islands,island,26,13748,0,41
2023-03-26,Northern Mariana Islands,island,25,13773,0,41
2023-04-02,Northern Mariana Islands,island,13,13786,0,41
2023-04-09,Northern Mariana Islands,island,0,13786,0,41
2023-04-16,Northern Mariana Islands,island,28,13814,0,41
2023-04-23,Northern Mariana Islands,island,25,13839,0,41
2023-04-30,Northern Mariana Islands,island,10,13849,0,41
2023-05-07,Northern Mariana Islands,island,23,13872,0,41
2023-05-14,Northern Mariana Islands,island,24,13896,0,41
2023-05-21,Northern Mariana Islands,island,21,13917,0,41
2023-05-28,Northern Mariana Islands,island,18,13935,0,41
2023-06-04,Northern Mariana Islands,island,13,13948,0,41
2023-06-11,Northern Mariana Islands,island,24,13972,0,41
2023-06-18,Northern Mariana Islands,island,28,14000,0,41
2023-06-25,Northern Mariana Islands,island,0,14000,0,41
2023-07-02,Northern Mariana Islands,island,13,14013,0,41
2023-07-09,Northern Mariana Islands,island,50,14063,0,41
2023-07-16,Northern Mariana Islands,island,15,14078,0,41
2023-07-23,Northern Mariana Islands,island,18,14096,0,41
2023-07-30,Northern Mariana Islands,island,0,14096,0,41
2023-08-06,Northern Mariana Islands,island,53,14149,0,41
2023-08-13,Northern Mariana Islands,island,3,14152,0,41
2023-08-20,Northern Mariana Islands,island,15,14167,0,41
2023-08-27,Northern Mariana Islands,island,0,14167,0,41
2023-09-03,Northern Mariana Islands,island,31,14198,0,41
2023-09-10,Northern Mariana Islands,island,40,14238,0,41
2023-09-17,Northern Mariana Islands,island,36,14274,0,41
2023-09-24,Northern Mariana Islands,island,2,14276,0,41
2023-10-01,Northern Mariana Islands,island,23,14299,0,41
2023-10-08,Northern Mariana Islands,island,0,14299,0,41
2023-10-15,Northern Mariana Islands,island,7,14306,0,41
2023-10-22,Northern Mariana Islands,island,3,14309,0,41
2023-10-29,Northern Mariana Islands,island,9,14318,0,41
2023-11-05,Northern Mariana Islands,island,4,14322,0,41
2023-11-12,Northern Mariana Islands,island,0,14322,0,41
2023-11-19,Northern Mariana Islands,island,8,14330,0,41
2023-11-26,Northern Mariana Islands,island,4,14334,0,41
2023-12-03,Northern Mariana Islands,island,0,14334,0,41
2023-12-10,Northern Mariana Islands,island,0,14334,0,41
2023-12-17,Northern Mariana Islands,island,3,14337,0,41
2023-12-24,Northern Mariana Islands,island,0,14337,0,41
2023-12-31,Northern Mariana Islands,island,4,14341,0,41
2024-01-07,Northern Mariana Islands,island,5,14346,0,41
2024-01-14,Northern Mariana Islands,island,9,14355,0,41
2024-01-21,Northern Mariana Islands,island,6,14361,0,41
2024-01-28,Northern Mariana Islands,island,8,14369,0,41
2024-02-04,Northern Mariana Islands,island,30,14399,0,41
2024-02-11,Northern Mariana Islands,island,32,14431,0,41
2024-02-18,Northern Mariana Islands,island,20,14451,0,41
2024-02-25,Northern Mariana Islands,island,37,14488,0,41
2024-03-03,Northern Mariana Islands,island,24,14512,0,41
2024-03-10,Northern Mariana Islands,island,24,14536,0,41
2024-03-17,Northern Mariana Islands,island,31,14567,0,41
2024-03-24,Northern Mariana Islands,island,27,14594,0,41
2024-03-31,Northern Mariana Islands,island,16,14610,0,41
2024-04-07,Northern Mariana Islands,island,19,14629,0,41
2024-04-14,Northern Mariana Islands,island,19,14648,0,41
2024-04-21,Northern Mariana Islands,island,5,14653,0,41
2024-04-28,Northern Mariana Islands,island,8,14661,0,41
2024-05-05,Northern Mariana Islands,island,14,14675,0,41
2024-05-12,Northern Mariana Islands,island,9,14684,0,41
2024-05-19,Northern Mariana Islands,island,5,14689,0,41
2024-05-26,Northern Mariana Islands,island,5,14694,0,41
2024-06-02,Northern Mariana Islands,island,3,14697,0,41
2024-06-09,Northern Mariana Islands,island,5,14702,0,41
2024-06-16,Northern Mariana Islands,island,9,14711,0,41
2024-06-23,Northern Mariana Islands,island,11,14722,0,41
2024-06-30,Northern Mariana Islands,island,11,14733,0,41
2024-07-07,Northern Mariana Islands,island,17,14750,0,41
2024-07-14,Northern Mariana Islands,island,29,14779,0,41
2024-07-21,Northern Mariana Islands,island,58,14837,0,41
2024-07-28,Northern Mariana Islands,island,44,14881,0,41
2024-08-04,Northern Mariana Islands,island,31,14912,0,41
2024-08-11,Northern Mariana Islands,island,19,14931,0,41
2024-08-18,Northern Mariana Islands,island,11,14942,0,41
2024-08-25,Northern Mariana Islands,island,18,14960,0,41
2024-09-01,Northern Mariana Islands,island,4,14964,0,41
2020-01-05,Norway,Europe,0,0,0,0
2020-01-12,Norway,Europe,0,0,0,0
2020-01-19,Norway,Europe,0,0,0,0
2020-01-26,Norway,Europe,0,0,0,0
2020-02-02,Norway,Europe,0,0,0,0
2020-02-09,Norway,Europe,0,0,0,0
2020-02-16,Norway,Europe,0,0,0,0
2020-02-23,Norway,Europe,1,1,0,0
2020-03-01,Norway,Europe,20,21,0,0
2020-03-08,Norway,Europe,162,183,0,0
2020-03-15,Norway,Europe,1181,1364,1,1
2020-03-22,Norway,Europe,1390,2754,6,7
2020-03-29,Norway,Europe,1775,4529,13,20
2020-04-05,Norway,Europe,1226,5755,30,50
2020-04-12,Norway,Europe,758,6513,48,98
2020-04-19,Norway,Europe,616,7129,50,148
2020-04-26,Norway,Europe,422,7551,45,193
2020-05-03,Norway,Europe,302,7853,11,204
2020-05-10,Norway,Europe,254,8107,9,213
2020-05-17,Norway,Europe,135,8242,19,232
2020-05-24,Norway,Europe,106,8348,3,235
2020-05-31,Norway,Europe,86,8434,1,236
2020-06-07,Norway,Europe,111,8545,2,238
2020-06-14,Norway,Europe,86,8631,4,242
2020-06-21,Norway,Europe,112,8743,2,244
2020-06-28,Norway,Europe,115,8858,5,249
2020-07-05,Norway,Europe,67,8925,2,251
2020-07-12,Norway,Europe,61,8986,1,252
2020-07-19,Norway,Europe,55,9041,3,255
2020-07-26,Norway,Europe,88,9129,0,255
2020-08-02,Norway,Europe,195,9324,0,255
2020-08-09,Norway,Europe,351,9675,1,256
2020-08-16,Norway,Europe,377,10052,5,261
2020-08-23,Norway,Europe,368,10420,3,264
2020-08-30,Norway,Europe,346,10766,0,264
2020-09-06,Norway,Europe,731,11497,0,264
2020-09-13,Norway,Europe,747,12244,1,265
2020-09-20,Norway,Europe,721,12965,2,267
2020-09-27,Norway,Europe,810,13775,3,270
2020-10-04,Norway,Europe,783,14558,5,275
2020-10-11,Norway,Europe,1069,15627,0,275
2020-10-18,Norway,Europe,929,16556,3,278
2020-10-25,Norway,Europe,1600,18156,1,279
2020-11-01,Norway,Europe,3028,21184,3,282
2020-11-08,Norway,Europe,3983,25167,3,285
2020-11-15,Norway,Europe,4070,29237,9,294
2020-11-22,Norway,Europe,3785,33022,12,306
2020-11-29,Norway,Europe,2977,35999,22,328
2020-12-06,Norway,Europe,2492,38491,26,354
2020-12-13,Norway,Europe,2701,41192,33,387
2020-12-20,Norway,Europe,2934,44126,17,404
2020-12-27,Norway,Europe,3118,47244,17,421
2021-01-03,Norway,Europe,3847,51091,15,436
2021-01-10,Norway,Europe,4694,55785,42,478
2021-01-17,Norway,Europe,3218,59003,39,517
2021-01-24,Norway,Europe,2259,61262,27,544
2021-01-31,Norway,Europe,1951,63213,19,563
2021-02-07,Norway,Europe,1860,65073,19,582
2021-02-14,Norway,Europe,1742,66815,10,592
2021-02-21,Norway,Europe,1973,68788,15,607
2021-02-28,Norway,Europe,2940,71728,15,622
2021-03-07,Norway,Europe,4010,75738,10,632
2021-03-14,Norway,Europe,5539,81277,7,639
2021-03-21,Norway,Europe,6625,87902,9,648
2021-03-28,Norway,Europe,6092,93994,8,656
2021-04-04,Norway,Europe,4933,98927,17,673
2021-04-11,Norway,Europe,5082,104009,11,684
2021-04-18,Norway,Europe,3789,107798,24,708
2021-04-25,Norway,Europe,3251,111049,28,736
2021-05-02,Norway,Europe,2825,113874,20,756
2021-05-09,Norway,Europe,3064,116938,11,767
2021-05-16,Norway,Europe,2636,119574,7,774
2021-05-23,Norway,Europe,3169,122743,7,781
2021-05-30,Norway,Europe,2442,125185,2,783
2021-06-06,Norway,Europe,1898,127083,1,784
2021-06-13,Norway,Europe,1260,128343,5,789
2021-06-20,Norway,Europe,1250,129593,1,790
2021-06-27,Norway,Europe,1280,130873,2,792
2021-07-04,Norway,Europe,1288,132161,3,795
2021-07-11,Norway,Europe,1200,133361,3,798
2021-07-18,Norway,Europe,1141,134502,2,800
2021-07-25,Norway,Europe,1448,135950,3,803
2021-08-01,Norway,Europe,2236,138186,10,813
2021-08-08,Norway,Europe,2912,141098,10,823
2021-08-15,Norway,Europe,3706,144804,5,828
2021-08-22,Norway,Europe,4330,149134,4,832
2021-08-29,Norway,Europe,8312,157446,10,842
2021-09-05,Norway,Europe,10109,167555,11,853
2021-09-12,Norway,Europe,8732,176287,21,874
2021-09-19,Norway,Europe,6028,182315,11,885
2021-09-26,Norway,Europe,4710,187025,12,897
2021-10-03,Norway,Europe,3614,190639,7,904
2021-10-10,Norway,Europe,3024,193663,8,912
2021-10-17,Norway,Europe,2817,196480,6,918
2021-10-24,Norway,Europe,4160,200640,11,929
2021-10-31,Norway,Europe,6821,207461,20,949
2021-11-07,Norway,Europe,9569,217030,39,988
2021-11-14,Norway,Europe,11720,228750,47,1035
2021-11-21,Norway,Europe,14431,243181,53,1088
2021-11-28,Norway,Europe,17970,261151,56,1144
2021-12-05,Norway,Europe,25554,286705,53,1197
2021-12-12,Norway,Europe,33849,320554,74,1271
2021-12-19,Norway,Europe,31740,352294,43,1314
2021-12-26,Norway,Europe,22996,375290,21,1335
2022-01-02,Norway,Europe,25064,400354,59,1394
2022-01-09,Norway,Europe,45479,445833,49,1443
2022-01-16,Norway,Europe,69632,515465,31,1474
2022-01-23,Norway,Europe,115307,630772,29,1503
2022-01-30,Norway,Europe,136796,767568,29,1532
2022-02-06,Norway,Europe,129168,896736,33,1565
2022-02-13,Norway,Europe,141784,1038520,54,1619
2022-02-20,Norway,Europe,101190,1139710,61,1680
2022-02-27,Norway,Europe,102327,1242037,86,1766
2022-03-06,Norway,Europe,68214,1310251,114,1880
2022-03-13,Norway,Europe,43203,1353454,156,2036
2022-03-20,Norway,Europe,27649,1381103,189,2225
2022-03-27,Norway,Europe,18009,1399112,203,2428
2022-04-03,Norway,Europe,10821,1409933,172,2600
2022-04-10,Norway,Europe,7074,1417007,130,2730
2022-04-17,Norway,Europe,3757,1420764,125,2855
2022-04-24,Norway,Europe,3862,1424626,81,2936
2022-05-01,Norway,Europe,2306,1426932,64,3000
2022-05-08,Norway,Europe,1880,1428812,72,3072
2022-05-15,Norway,Europe,1799,1430611,46,3118
2022-05-22,Norway,Europe,1545,1432156,26,3144
2022-05-29,Norway,Europe,1579,1433735,38,3182
2022-06-05,Norway,Europe,1875,1435610,36,3218
2022-06-12,Norway,Europe,2060,1437670,39,3257
2022-06-19,Norway,Europe,3023,1440693,33,3290
2022-06-26,Norway,Europe,4554,1445247,40,3330
2022-07-03,Norway,Europe,3907,1449154,68,3398
2022-07-10,Norway,Europe,2378,1451532,72,3470
2022-07-17,Norway,Europe,1990,1453522,96,3566
2022-07-24,Norway,Europe,1644,1455166,103,3669
2022-07-31,Norway,Europe,1325,1456491,91,3760
2022-08-07,Norway,Europe,1149,1457640,75,3835
2022-08-14,Norway,Europe,1121,1458761,66,3901
2022-08-21,Norway,Europe,865,1459626,57,3958
2022-08-28,Norway,Europe,743,1460369,56,4014
2022-09-04,Norway,Europe,672,1461041,33,4047
2022-09-11,Norway,Europe,547,1461588,25,4072
2022-09-18,Norway,Europe,511,1462099,40,4112
2022-09-25,Norway,Europe,457,1462556,24,4136
2022-10-02,Norway,Europe,500,1463056,28,4164
2022-10-09,Norway,Europe,504,1463560,24,4188
2022-10-16,Norway,Europe,500,1464060,31,4219
2022-10-23,Norway,Europe,534,1464594,29,4248
2022-10-30,Norway,Europe,785,1465379,25,4273
2022-11-06,Norway,Europe,891,1466270,23,4296
2022-11-13,Norway,Europe,912,1467182,52,4348
2022-11-20,Norway,Europe,917,1468099,46,4394
2022-11-27,Norway,Europe,1007,1469106,50,4444
2022-12-04,Norway,Europe,1082,1470188,56,4500
2022-12-11,Norway,Europe,1295,1471483,70,4570
2022-12-18,Norway,Europe,1477,1472960,80,4650
2022-12-25,Norway,Europe,1564,1474524,95,4745
2023-01-01,Norway,Europe,1261,1475785,91,4836
2023-01-08,Norway,Europe,1068,1476853,97,4933
2023-01-15,Norway,Europe,660,1477513,111,5044
2023-01-22,Norway,Europe,428,1477941,71,5115
2023-01-29,Norway,Europe,343,1478284,47,5162
2023-02-05,Norway,Europe,300,1478584,27,5189
2023-02-12,Norway,Europe,288,1478872,14,5203
2023-02-19,Norway,Europe,296,1479168,17,5220
2023-02-26,Norway,Europe,286,1479454,18,5238
2023-03-05,Norway,Europe,348,1479802,10,5248
2023-03-12,Norway,Europe,358,1480160,17,5265
2023-03-19,Norway,Europe,439,1480599,19,5284
2023-03-26,Norway,Europe,531,1481130,21,5305
2023-04-02,Norway,Europe,643,1481773,18,5323
2023-04-09,Norway,Europe,504,1482277,25,5348
2023-04-16,Norway,Europe,557,1482834,31,5379
2023-04-23,Norway,Europe,477,1483311,28,5407
2023-04-30,Norway,Europe,423,1483734,39,5446
2023-05-07,Norway,Europe,398,1484132,32,5478
2023-05-14,Norway,Europe,339,1484471,21,5499
2023-05-21,Norway,Europe,255,1484726,16,5515
2023-05-28,Norway,Europe,240,1484966,17,5532
2023-06-04,Norway,Europe,173,1485139,13,5545
2023-06-11,Norway,Europe,196,1485335,14,5559
2023-06-18,Norway,Europe,159,1485494,7,5566
2023-06-25,Norway,Europe,21,1485515,0,5566
2023-07-02,Norway,Europe,184,1485699,6,5572
2023-07-09,Norway,Europe,184,1485883,20,5592
2023-07-16,Norway,Europe,92,1485975,8,5600
2023-07-23,Norway,Europe,73,1486048,6,5606
2023-07-30,Norway,Europe,119,1486167,5,5611
2023-08-06,Norway,Europe,134,1486301,2,5613
2023-08-13,Norway,Europe,182,1486483,7,5620
2023-08-20,Norway,Europe,212,1486695,1,5621
2023-08-27,Norway,Europe,263,1486958,5,5626
2023-09-03,Norway,Europe,428,1487386,5,5631
2023-09-10,Norway,Europe,459,1487845,10,5641
2023-09-17,Norway,Europe,409,1488254,12,5653
2023-09-24,Norway,Europe,438,1488692,19,5672
2023-10-01,Norway,Europe,384,1489076,33,5705
2023-10-08,Norway,Europe,383,1489459,27,5732
2023-10-15,Norway,Europe,0,1489459,0,5732
2023-10-22,Norway,Europe,0,1489459,0,5732
2023-10-29,Norway,Europe,0,1489459,0,5732
2023-11-05,Norway,Europe,1181,1490640,0,5732
2023-11-12,Norway,Europe,1422,1492062,0,5732
2023-11-19,Norway,Europe,1612,1493674,0,5732
2023-11-26,Norway,Europe,1806,1495480,0,5732
2023-12-03,Norway,Europe,1855,1497335,0,5732
2023-12-10,Norway,Europe,1958,1499293,0,5732
2023-12-17,Norway,Europe,2047,1501340,0,5732
2023-12-24,Norway,Europe,1578,1502918,0,5732
2023-12-31,Norway,Europe,1012,1503930,0,5732
2024-01-07,Norway,Europe,903,1504833,0,5732
2024-01-14,Norway,Europe,617,1505450,0,5732
2024-01-21,Norway,Europe,404,1505854,0,5732
2024-01-28,Norway,Europe,303,1506157,0,5732
2024-02-04,Norway,Europe,239,1506396,0,5732
2024-02-11,Norway,Europe,167,1506563,0,5732
2024-02-18,Norway,Europe,145,1506708,0,5732
2024-02-25,Norway,Europe,125,1506833,0,5732
2024-03-03,Norway,Europe,103,1506936,0,5732
2024-03-10,Norway,Europe,80,1507016,0,5732
2024-03-17,Norway,Europe,81,1507097,0,5732
2024-03-24,Norway,Europe,57,1507154,0,5732
2024-03-31,Norway,Europe,42,1507196,0,5732
2024-04-07,Norway,Europe,73,1507269,0,5732
2024-04-14,Norway,Europe,64,1507333,0,5732
2024-04-21,Norway,Europe,54,1507387,0,5732
2024-04-28,Norway,Europe,94,1507481,0,5732
2024-05-05,Norway,Europe,87,1507568,0,5732
2024-05-12,Norway,Europe,107,1507675,0,5732
2024-05-19,Norway,Europe,96,1507771,0,5732
2024-05-26,Norway,Europe,127,1507898,0,5732
2024-06-02,Norway,Europe,150,1508048,0,5732
2024-06-09,Norway,Europe,183,1508231,0,5732
2024-06-16,Norway,Europe,263,1508494,0,5732
2024-06-23,Norway,Europe,372,1508866,0,5732
2024-06-30,Norway,Europe,500,1509366,0,5732
2024-07-07,Norway,Europe,516,1509882,0,5732
2024-07-14,Norway,Europe,678,1510560,0,5732
2024-07-21,Norway,Europe,659,1511219,0,5732
2024-07-28,Norway,Europe,682,1511901,0,5732
2024-08-04,Norway,Europe,747,1512648,0,5732
2024-08-11,Norway,Europe,728,1513376,0,5732
2024-08-18,Norway,Europe,827,1514203,0,5732
2024-08-25,Norway,Europe,1048,1515251,0,5732
2024-09-01,Norway,Europe,1311,1516562,0,5732
2020-01-05,"occupied Palestinian territory, including east Jerusalem",Asia,0,0,0,0
2020-01-12,"occupied Palestinian territory, including east Jerusalem",Asia,0,0,0,0
2020-01-19,"occupied Palestinian territory, including east Jerusalem",Asia,0,0,0,0
2020-01-26,"occupied Palestinian territory, including east Jerusalem",Asia,0,0,0,0
2020-02-02,"occupied Palestinian territory, including east Jerusalem",Asia,0,0,0,0
2020-02-09,"occupied Palestinian territory, including east Jerusalem",Asia,0,0,0,0
2020-02-16,"occupied Palestinian territory, including east Jerusalem",Asia,0,0,0,0
2020-02-23,"occupied Palestinian territory, including east Jerusalem",Asia,0,0,0,0
2020-03-01,"occupied Palestinian territory, including east Jerusalem",Asia,0,0,0,0
2020-03-08,"occupied Palestinian territory, including east Jerusalem",Asia,19,19,0,0
2020-03-15,"occupied Palestinian territory, including east Jerusalem",Asia,19,38,0,0
2020-03-22,"occupied Palestinian territory, including east Jerusalem",Asia,15,53,0,0
2020-03-29,"occupied Palestinian territory, including east Jerusalem",Asia,44,97,1,1
2020-04-05,"occupied Palestinian territory, including east Jerusalem",Asia,120,217,0,1
2020-04-12,"occupied Palestinian territory, including east Jerusalem",Asia,51,268,1,2
2020-04-19,"occupied Palestinian territory, including east Jerusalem",Asia,45,313,0,2
2020-04-26,"occupied Palestinian territory, including east Jerusalem",Asia,29,342,0,2
2020-05-03,"occupied Palestinian territory, including east Jerusalem",Asia,11,353,0,2
2020-05-10,"occupied Palestinian territory, including east Jerusalem",Asia,194,547,2,4
2020-05-17,"occupied Palestinian territory, including east Jerusalem",Asia,8,555,0,4
2020-05-24,"occupied Palestinian territory, including east Jerusalem",Asia,47,602,1,5
2020-05-31,"occupied Palestinian territory, including east Jerusalem",Asia,24,626,0,5
2020-06-07,"occupied Palestinian territory, including east Jerusalem",Asia,17,643,0,5
2020-06-14,"occupied Palestinian territory, including east Jerusalem",Asia,30,673,0,5
2020-06-21,"occupied Palestinian territory, including east Jerusalem",Asia,306,979,0,5
2020-06-28,"occupied Palestinian territory, including east Jerusalem",Asia,1074,2053,2,7
2020-07-05,"occupied Palestinian territory, including east Jerusalem",Asia,2197,4250,12,19
2020-07-12,"occupied Palestinian territory, including east Jerusalem",Asia,2438,6688,13,32
2020-07-19,"occupied Palestinian territory, including east Jerusalem",Asia,2899,9587,30,62
2020-07-26,"occupied Palestinian territory, including east Jerusalem",Asia,3208,12795,16,78
2020-08-02,"occupied Palestinian territory, including east Jerusalem",Asia,2760,15555,8,86
2020-08-09,"occupied Palestinian territory, including east Jerusalem",Asia,2819,18374,17,103
2020-08-16,"occupied Palestinian territory, including east Jerusalem",Asia,3180,21554,16,119
2020-08-23,"occupied Palestinian territory, including east Jerusalem",Asia,3144,24698,19,138
2020-08-30,"occupied Palestinian territory, including east Jerusalem",Asia,3829,28527,26,164
2020-09-06,"occupied Palestinian territory, including east Jerusalem",Asia,4723,33250,35,199
2020-09-13,"occupied Palestinian territory, including east Jerusalem",Asia,5266,38516,39,238
2020-09-20,"occupied Palestinian territory, including east Jerusalem",Asia,6247,44763,53,291
2020-09-27,"occupied Palestinian territory, including east Jerusalem",Asia,3809,48572,43,334
2020-10-04,"occupied Palestinian territory, including east Jerusalem",Asia,3441,52013,56,390
2020-10-11,"occupied Palestinian territory, including east Jerusalem",Asia,3121,55134,52,442
2020-10-18,"occupied Palestinian territory, including east Jerusalem",Asia,3016,58150,30,472
2020-10-25,"occupied Palestinian territory, including east Jerusalem",Asia,3443,61593,42,514
2020-11-01,"occupied Palestinian territory, including east Jerusalem",Asia,3669,65262,41,555
2020-11-08,"occupied Palestinian territory, including east Jerusalem",Asia,4350,69612,29,584
2020-11-15,"occupied Palestinian territory, including east Jerusalem",Asia,4738,74350,49,633
2020-11-22,"occupied Palestinian territory, including east Jerusalem",Asia,8430,82780,65,698
2020-11-29,"occupied Palestinian territory, including east Jerusalem",Asia,12081,94861,93,791
2020-12-06,"occupied Palestinian territory, including east Jerusalem",Asia,14841,109702,114,905
2020-12-13,"occupied Palestinian territory, including east Jerusalem",Asia,13300,123002,157,1062
2020-12-20,"occupied Palestinian territory, including east Jerusalem",Asia,14104,137106,170,1232
2020-12-27,"occupied Palestinian territory, including east Jerusalem",Asia,11434,148540,174,1406
2021-01-03,"occupied Palestinian territory, including east Jerusalem",Asia,9339,157879,172,1578
2021-01-10,"occupied Palestinian territory, including east Jerusalem",Asia,7371,165250,157,1735
2021-01-17,"occupied Palestinian territory, including east Jerusalem",Asia,5387,170637,126,1861
2021-01-24,"occupied Palestinian territory, including east Jerusalem",Asia,3776,174413,90,1951
2021-01-31,"occupied Palestinian territory, including east Jerusalem",Asia,4103,178516,59,2010
2021-02-07,"occupied Palestinian territory, including east Jerusalem",Asia,4025,182541,48,2058
2021-02-14,"occupied Palestinian territory, including east Jerusalem",Asia,5923,188464,67,2125
2021-02-21,"occupied Palestinian territory, including east Jerusalem",Asia,6411,194875,47,2172
2021-02-28,"occupied Palestinian territory, including east Jerusalem",Asia,11563,206438,64,2236
2021-03-07,"occupied Palestinian territory, including east Jerusalem",Asia,14201,220639,116,2352
2021-03-14,"occupied Palestinian territory, including east Jerusalem",Asia,13810,234449,142,2494
2021-03-21,"occupied Palestinian territory, including east Jerusalem",Asia,14972,249421,162,2656
2021-03-28,"occupied Palestinian territory, including east Jerusalem",Asia,13799,263220,154,2810
2021-04-04,"occupied Palestinian territory, including east Jerusalem",Asia,13910,277130,131,2941
2021-04-11,"occupied Palestinian territory, including east Jerusalem",Asia,17509,294639,161,3102
2021-04-18,"occupied Palestinian territory, including east Jerusalem",Asia,13940,308579,149,3251
2021-04-25,"occupied Palestinian territory, including east Jerusalem",Asia,10521,319100,168,3419
2021-05-02,"occupied Palestinian territory, including east Jerusalem",Asia,6867,325967,106,3525
2021-05-09,"occupied Palestinian territory, including east Jerusalem",Asia,4311,330278,94,3619
2021-05-16,"occupied Palestinian territory, including east Jerusalem",Asia,2221,332499,72,3691
2021-05-23,"occupied Palestinian territory, including east Jerusalem",Asia,1543,334042,36,3727
2021-05-30,"occupied Palestinian territory, including east Jerusalem",Asia,2637,336679,33,3760
2021-06-06,"occupied Palestinian territory, including east Jerusalem",Asia,2015,338694,24,3784
2021-06-13,"occupied Palestinian territory, including east Jerusalem",Asia,1559,340253,14,3798
2021-06-20,"occupied Palestinian territory, including east Jerusalem",Asia,1193,341446,20,3818
2021-06-27,"occupied Palestinian territory, including east Jerusalem",Asia,1035,342481,8,3826
2021-07-04,"occupied Palestinian territory, including east Jerusalem",Asia,852,343333,12,3838
2021-07-11,"occupied Palestinian territory, including east Jerusalem",Asia,615,343948,10,3848
2021-07-18,"occupied Palestinian territory, including east Jerusalem",Asia,534,344482,7,3855
2021-07-25,"occupied Palestinian territory, including east Jerusalem",Asia,390,344872,10,3865
2021-08-01,"occupied Palestinian territory, including east Jerusalem",Asia,830,345702,7,3872
2021-08-08,"occupied Palestinian territory, including east Jerusalem",Asia,1010,346712,7,3879
2021-08-15,"occupied Palestinian territory, including east Jerusalem",Asia,2396,349108,12,3891
2021-08-22,"occupied Palestinian territory, including east Jerusalem",Asia,5495,354603,9,3900
2021-08-29,"occupied Palestinian territory, including east Jerusalem",Asia,10406,365009,37,3937
2021-09-05,"occupied Palestinian territory, including east Jerusalem",Asia,16213,381222,51,3988
2021-09-12,"occupied Palestinian territory, including east Jerusalem",Asia,16351,397573,79,4067
2021-09-19,"occupied Palestinian territory, including east Jerusalem",Asia,14869,412442,110,4177
2021-09-26,"occupied Palestinian territory, including east Jerusalem",Asia,13591,426033,109,4286
2021-10-03,"occupied Palestinian territory, including east Jerusalem",Asia,10103,436136,114,4400
2021-10-10,"occupied Palestinian territory, including east Jerusalem",Asia,7080,443216,95,4495
2021-10-17,"occupied Palestinian territory, including east Jerusalem",Asia,4666,447882,81,4576
2021-10-24,"occupied Palestinian territory, including east Jerusalem",Asia,3307,451189,50,4626
2021-10-31,"occupied Palestinian territory, including east Jerusalem",Asia,2358,453547,50,4676
2021-11-07,"occupied Palestinian territory, including east Jerusalem",Asia,1944,455491,40,4716
2021-11-14,"occupied Palestinian territory, including east Jerusalem",Asia,1478,456969,35,4751
2021-11-21,"occupied Palestinian territory, including east Jerusalem",Asia,1304,458273,23,4774
2021-11-28,"occupied Palestinian territory, including east Jerusalem",Asia,1416,459689,18,4792
2021-12-05,"occupied Palestinian territory, including east Jerusalem",Asia,2255,461944,22,4814
2021-12-12,"occupied Palestinian territory, including east Jerusalem",Asia,2092,464036,23,4837
2021-12-19,"occupied Palestinian territory, including east Jerusalem",Asia,2291,466327,30,4867
2021-12-26,"occupied Palestinian territory, including east Jerusalem",Asia,2116,468443,33,4900
2022-01-02,"occupied Palestinian territory, including east Jerusalem",Asia,2215,470658,42,4942
2022-01-09,"occupied Palestinian territory, including east Jerusalem",Asia,1988,472646,36,4978
2022-01-16,"occupied Palestinian territory, including east Jerusalem",Asia,3040,475686,38,5016
2022-01-23,"occupied Palestinian territory, including east Jerusalem",Asia,7293,482979,33,5049
2022-01-30,"occupied Palestinian territory, including east Jerusalem",Asia,33080,516059,38,5087
2022-02-06,"occupied Palestinian territory, including east Jerusalem",Asia,58046,574105,65,5152
2022-02-13,"occupied Palestinian territory, including east Jerusalem",Asia,37153,611258,113,5265
2022-02-20,"occupied Palestinian territory, including east Jerusalem",Asia,20498,631756,126,5391
2022-02-27,"occupied Palestinian territory, including east Jerusalem",Asia,12881,644637,105,5496
2022-03-06,"occupied Palestinian territory, including east Jerusalem",Asia,6488,651125,81,5577
2022-03-13,"occupied Palestinian territory, including east Jerusalem",Asia,2537,653662,35,5612
2022-03-20,"occupied Palestinian territory, including east Jerusalem",Asia,1292,654954,29,5641
2022-03-27,"occupied Palestinian territory, including east Jerusalem",Asia,796,655750,14,5655
2022-04-03,"occupied Palestinian territory, including east Jerusalem",Asia,537,656287,0,5655
2022-04-10,"occupied Palestinian territory, including east Jerusalem",Asia,330,656617,1,5656
2022-04-17,"occupied Palestinian territory, including east Jerusalem",Asia,259,656876,1,5657
2022-04-24,"occupied Palestinian territory, including east Jerusalem",Asia,184,657060,0,5657
2022-05-01,"occupied Palestinian territory, including east Jerusalem",Asia,0,657060,0,5657
2022-05-08,"occupied Palestinian territory, including east Jerusalem",Asia,133,657193,0,5657
2022-05-15,"occupied Palestinian territory, including east Jerusalem",Asia,263,657456,2,5659
2022-05-22,"occupied Palestinian territory, including east Jerusalem",Asia,117,657573,1,5660
2022-05-29,"occupied Palestinian territory, including east Jerusalem",Asia,132,657705,0,5660
2022-06-05,"occupied Palestinian territory, including east Jerusalem",Asia,174,657879,0,5660
2022-06-12,"occupied Palestinian territory, including east Jerusalem",Asia,221,658100,0,5660
2022-06-19,"occupied Palestinian territory, including east Jerusalem",Asia,403,658503,0,5660
2022-06-26,"occupied Palestinian territory, including east Jerusalem",Asia,1350,659853,0,5660
2022-07-03,"occupied Palestinian territory, including east Jerusalem",Asia,2637,662490,2,5662
2022-07-10,"occupied Palestinian territory, including east Jerusalem",Asia,2595,665085,1,5663
2022-07-17,"occupied Palestinian territory, including east Jerusalem",Asia,6954,672039,1,5664
2022-07-24,"occupied Palestinian territory, including east Jerusalem",Asia,10057,682096,14,5678
2022-07-31,"occupied Palestinian territory, including east Jerusalem",Asia,8969,691065,10,5688
2022-08-07,"occupied Palestinian territory, including east Jerusalem",Asia,6382,697447,3,5691
2022-08-14,"occupied Palestinian territory, including east Jerusalem",Asia,937,698384,3,5694
2022-08-21,"occupied Palestinian territory, including east Jerusalem",Asia,0,698384,0,5694
2022-08-28,"occupied Palestinian territory, including east Jerusalem",Asia,3355,701739,6,5700
2022-09-04,"occupied Palestinian territory, including east Jerusalem",Asia,852,702591,6,5706
2022-09-11,"occupied Palestinian territory, including east Jerusalem",Asia,177,702768,1,5707
2022-09-18,"occupied Palestinian territory, including east Jerusalem",Asia,0,702768,0,5707
2022-09-25,"occupied Palestinian territory, including east Jerusalem",Asia,102,702870,1,5708
2022-10-02,"occupied Palestinian territory, including east Jerusalem",Asia,70,702940,0,5708
2022-10-09,"occupied Palestinian territory, including east Jerusalem",Asia,37,702977,0,5708
2022-10-16,"occupied Palestinian territory, including east Jerusalem",Asia,37,703014,0,5708
2022-10-23,"occupied Palestinian territory, including east Jerusalem",Asia,0,703014,0,5708
2022-10-30,"occupied Palestinian territory, including east Jerusalem",Asia,22,703036,0,5708
2022-11-06,"occupied Palestinian territory, including east Jerusalem",Asia,33,703069,0,5708
2022-11-13,"occupied Palestinian territory, including east Jerusalem",Asia,0,703069,0,5708
2022-11-20,"occupied Palestinian territory, including east Jerusalem",Asia,0,703069,0,5708
2022-11-27,"occupied Palestinian territory, including east Jerusalem",Asia,0,703069,0,5708
2022-12-04,"occupied Palestinian territory, including east Jerusalem",Asia,0,703069,0,5708
2022-12-11,"occupied Palestinian territory, including east Jerusalem",Asia,159,703228,0,5708
2022-12-18,"occupied Palestinian territory, including east Jerusalem",Asia,0,703228,0,5708
2022-12-25,"occupied Palestinian territory, including east Jerusalem",Asia,0,703228,0,5708
2023-01-01,"occupied Palestinian territory, including east Jerusalem",Asia,0,703228,0,5708
2023-01-08,"occupied Palestinian territory, including east Jerusalem",Asia,0,703228,0,5708
2023-01-15,"occupied Palestinian territory, including east Jerusalem",Asia,0,703228,0,5708
2023-01-22,"occupied Palestinian territory, including east Jerusalem",Asia,0,703228,0,5708
2023-01-29,"occupied Palestinian territory, including east Jerusalem",Asia,0,703228,0,5708
2023-02-05,"occupied Palestinian territory, including east Jerusalem",Asia,0,703228,0,5708
2023-02-12,"occupied Palestinian territory, including east Jerusalem",Asia,0,703228,0,5708
2023-02-19,"occupied Palestinian territory, including east Jerusalem",Asia,0,703228,0,5708
2023-02-26,"occupied Palestinian territory, including east Jerusalem",Asia,0,703228,0,5708
2023-03-05,"occupied Palestinian territory, including east Jerusalem",Asia,0,703228,0,5708
2023-03-12,"occupied Palestinian territory, including east Jerusalem",Asia,0,703228,0,5708
2023-03-19,"occupied Palestinian territory, including east Jerusalem",Asia,0,703228,0,5708
2023-03-26,"occupied Palestinian territory, including east Jerusalem",Asia,0,703228,0,5708
2023-04-02,"occupied Palestinian territory, including east Jerusalem",Asia,0,703228,0,5708
2023-04-09,"occupied Palestinian territory, including east Jerusalem",Asia,0,703228,0,5708
2023-04-16,"occupied Palestinian territory, including east Jerusalem",Asia,0,703228,0,5708
2023-04-23,"occupied Palestinian territory, including east Jerusalem",Asia,0,703228,0,5708
2023-04-30,"occupied Palestinian territory, including east Jerusalem",Asia,0,703228,0,5708
2023-05-07,"occupied Palestinian territory, including east Jerusalem",Asia,0,703228,0,5708
2023-05-14,"occupied Palestinian territory, including east Jerusalem",Asia,0,703228,0,5708
2023-05-21,"occupied Palestinian territory, including east Jerusalem",Asia,0,703228,0,5708
2023-05-28,"occupied Palestinian territory, including east Jerusalem",Asia,0,703228,0,5708
2023-06-04,"occupied Palestinian territory, including east Jerusalem",Asia,0,703228,0,5708
2023-06-11,"occupied Palestinian territory, including east Jerusalem",Asia,0,703228,0,5708
2023-06-18,"occupied Palestinian territory, including east Jerusalem",Asia,0,703228,0,5708
2023-06-25,"occupied Palestinian territory, including east Jerusalem",Asia,0,703228,0,5708
2023-07-02,"occupied Palestinian territory, including east Jerusalem",Asia,0,703228,0,5708
2023-07-09,"occupied Palestinian territory, including east Jerusalem",Asia,0,703228,0,5708
2023-07-16,"occupied Palestinian territory, including east Jerusalem",Asia,0,703228,0,5708
2023-07-23,"occupied Palestinian territory, including east Jerusalem",Asia,0,703228,0,5708
2023-07-30,"occupied Palestinian territory, including east Jerusalem",Asia,0,703228,0,5708
2023-08-06,"occupied Palestinian territory, including east Jerusalem",Asia,0,703228,0,5708
2023-08-13,"occupied Palestinian territory, including east Jerusalem",Asia,0,703228,0,5708
2023-08-20,"occupied Palestinian territory, including east Jerusalem",Asia,0,703228,0,5708
2023-08-27,"occupied Palestinian territory, including east Jerusalem",Asia,0,703228,0,5708
2023-09-03,"occupied Palestinian territory, including east Jerusalem",Asia,0,703228,0,5708
2023-09-10,"occupied Palestinian territory, including east Jerusalem",Asia,0,703228,0,5708
2023-09-17,"occupied Palestinian territory, including east Jerusalem",Asia,0,703228,0,5708
2023-09-24,"occupied Palestinian territory, including east Jerusalem",Asia,0,703228,0,5708
2023-10-01,"occupied Palestinian territory, including east Jerusalem",Asia,0,703228,0,5708
2023-10-08,"occupied Palestinian territory, including east Jerusalem",Asia,0,703228,0,5708
2023-10-15,"occupied Palestinian territory, including east Jerusalem",Asia,0,703228,0,5708
2023-10-22,"occupied Palestinian territory, including east Jerusalem",Asia,0,703228,0,5708
2023-10-29,"occupied Palestinian territory, including east Jerusalem",Asia,0,703228,0,5708
2023-11-05,"occupied Palestinian territory, including east Jerusalem",Asia,0,703228,0,5708
2023-11-12,"occupied Palestinian territory, including east Jerusalem",Asia,0,703228,0,5708
2023-11-19,"occupied Palestinian territory, including east Jerusalem",Asia,0,703228,0,5708
2023-11-26,"occupied Palestinian territory, including east Jerusalem",Asia,0,703228,0,5708
2023-12-03,"occupied Palestinian territory, including east Jerusalem",Asia,0,703228,0,5708
2023-12-10,"occupied Palestinian territory, including east Jerusalem",Asia,0,703228,0,5708
2023-12-17,"occupied Palestinian territory, including east Jerusalem",Asia,0,703228,0,5708
2023-12-24,"occupied Palestinian territory, including east Jerusalem",Asia,0,703228,0,5708
2023-12-31,"occupied Palestinian territory, including east Jerusalem",Asia,0,703228,0,5708
2024-01-07,"occupied Palestinian territory, including east Jerusalem",Asia,0,703228,0,5708
2024-01-14,"occupied Palestinian territory, including east Jerusalem",Asia,0,703228,0,5708
2024-01-21,"occupied Palestinian territory, including east Jerusalem",Asia,0,703228,0,5708
2024-01-28,"occupied Palestinian territory, including east Jerusalem",Asia,0,703228,0,5708
2024-02-04,"occupied Palestinian territory, including east Jerusalem",Asia,0,703228,0,5708
2024-02-11,"occupied Palestinian territory, including east Jerusalem",Asia,0,703228,0,5708
2024-02-18,"occupied Palestinian territory, including east Jerusalem",Asia,0,703228,0,5708
2024-02-25,"occupied Palestinian territory, including east Jerusalem",Asia,0,703228,0,5708
2024-03-03,"occupied Palestinian territory, including east Jerusalem",Asia,0,703228,0,5708
2024-03-10,"occupied Palestinian territory, including east Jerusalem",Asia,0,703228,0,5708
2024-03-17,"occupied Palestinian territory, including east Jerusalem",Asia,0,703228,0,5708
2024-03-24,"occupied Palestinian territory, including east Jerusalem",Asia,0,703228,0,5708
2024-03-31,"occupied Palestinian territory, including east Jerusalem",Asia,0,703228,0,5708
2024-04-07,"occupied Palestinian territory, including east Jerusalem",Asia,0,703228,0,5708
2024-04-14,"occupied Palestinian territory, including east Jerusalem",Asia,0,703228,0,5708
2024-04-21,"occupied Palestinian territory, including east Jerusalem",Asia,0,703228,0,5708
2024-04-28,"occupied Palestinian territory, including east Jerusalem",Asia,0,703228,0,5708
2024-05-05,"occupied Palestinian territory, including east Jerusalem",Asia,0,703228,0,5708
2024-05-12,"occupied Palestinian territory, including east Jerusalem",Asia,0,703228,0,5708
2024-05-19,"occupied Palestinian territory, including east Jerusalem",Asia,0,703228,0,5708
2024-05-26,"occupied Palestinian territory, including east Jerusalem",Asia,0,703228,0,5708
2024-06-02,"occupied Palestinian territory, including east Jerusalem",Asia,0,703228,0,5708
2024-06-09,"occupied Palestinian territory, including east Jerusalem",Asia,0,703228,0,5708
2024-06-16,"occupied Palestinian territory, including east Jerusalem",Asia,0,703228,0,5708
2024-06-23,"occupied Palestinian territory, including east Jerusalem",Asia,0,703228,0,5708
2024-06-30,"occupied Palestinian territory, including east Jerusalem",Asia,0,703228,0,5708
2024-07-07,"occupied Palestinian territory, including east Jerusalem",Asia,0,703228,0,5708
2024-07-14,"occupied Palestinian territory, including east Jerusalem",Asia,0,703228,0,5708
2024-07-21,"occupied Palestinian territory, including east Jerusalem",Asia,0,703228,0,5708
2024-07-28,"occupied Palestinian territory, including east Jerusalem",Asia,0,703228,0,5708
2024-08-04,"occupied Palestinian territory, including east Jerusalem",Asia,0,703228,0,5708
2024-08-11,"occupied Palestinian territory, including east Jerusalem",Asia,0,703228,0,5708
2024-08-18,"occupied Palestinian territory, including east Jerusalem",Asia,0,703228,0,5708
2024-08-25,"occupied Palestinian territory, including east Jerusalem",Asia,0,703228,0,5708
2024-09-01,"occupied Palestinian territory, including east Jerusalem",Asia,0,703228,0,5708
2020-01-05,Oman,Asia,0,0,0,0
2020-01-12,Oman,Asia,0,0,0,0
2020-01-19,Oman,Asia,0,0,0,0
2020-01-26,Oman,Asia,0,0,0,0
2020-02-02,Oman,Asia,0,0,0,0
2020-02-09,Oman,Asia,0,0,0,0
2020-02-16,Oman,Asia,0,0,0,0
2020-02-23,Oman,Asia,0,0,0,0
2020-03-01,Oman,Asia,6,6,0,0
2020-03-08,Oman,Asia,10,16,0,0
2020-03-15,Oman,Asia,4,20,0,0
2020-03-22,Oman,Asia,32,52,0,0
2020-03-29,Oman,Asia,100,152,0,0
2020-04-05,Oman,Asia,125,277,2,2
2020-04-12,Oman,Asia,269,546,1,3
2020-04-19,Oman,Asia,634,1180,3,6
2020-04-26,Oman,Asia,725,1905,4,10
2020-05-03,Oman,Asia,578,2483,2,12
2020-05-10,Oman,Asia,741,3224,5,17
2020-05-17,Oman,Asia,1805,5029,4,21
2020-05-24,Oman,Asia,2228,7257,15,36
2020-05-31,Oman,Asia,3166,10423,6,42
2020-06-07,Oman,Asia,5593,16016,30,72
2020-06-14,Oman,Asia,6061,22077,27,99
2020-06-21,Oman,Asia,6489,28566,29,128
2020-06-28,Oman,Asia,8387,36953,31,159
2020-07-05,Oman,Asia,8153,45106,44,203
2020-07-12,Oman,Asia,9591,54697,45,248
2020-07-19,Oman,Asia,10807,65504,60,308
2020-07-26,Oman,Asia,9354,74858,63,371
2020-08-02,Oman,Asia,4301,79159,50,421
2020-08-09,Oman,Asia,2198,81357,88,509
2020-08-16,Oman,Asia,1567,82924,53,562
2020-08-23,Oman,Asia,845,83769,47,609
2020-08-30,Oman,Asia,1236,85005,41,650
2020-09-06,Oman,Asia,1375,86380,55,705
2020-09-13,Oman,Asia,1957,88337,57,762
2020-09-20,Oman,Asia,3416,91753,56,818
2020-09-27,Oman,Asia,4154,95907,67,885
2020-10-04,Oman,Asia,2678,98585,50,935
2020-10-11,Oman,Asia,5544,104129,74,1009
2020-10-18,Oman,Asia,4167,108296,62,1071
2020-10-25,Oman,Asia,3541,111837,76,1147
2020-11-01,Oman,Asia,2597,114434,61,1208
2020-11-08,Oman,Asia,2733,117167,78,1286
2020-11-15,Oman,Asia,2275,119442,40,1326
2020-11-22,Oman,Asia,1918,121360,39,1365
2020-11-29,Oman,Asia,1219,122579,26,1391
2020-12-06,Oman,Asia,1750,124329,44,1435
2020-12-13,Oman,Asia,1340,125669,28,1463
2020-12-20,Oman,Asia,1350,127019,20,1483
2020-12-27,Oman,Asia,1271,128290,8,1491
2021-01-03,Oman,Asia,577,128867,8,1499
2021-01-10,Oman,Asia,1203,130070,6,1505
2021-01-17,Oman,Asia,1194,131264,4,1509
2021-01-24,Oman,Asia,1222,132486,8,1517
2021-01-31,Oman,Asia,1242,133728,10,1527
2021-02-07,Oman,Asia,1313,135041,5,1532
2021-02-14,Oman,Asia,1581,136622,7,1539
2021-02-21,Oman,Asia,1872,138494,10,1549
2021-02-28,Oman,Asia,2094,140588,13,1562
2021-03-07,Oman,Asia,2308,142896,21,1583
2021-03-14,Oman,Asia,2361,145257,17,1600
2021-03-21,Oman,Asia,3878,149135,20,1620
2021-03-28,Oman,Asia,4703,153838,30,1650
2021-04-04,Oman,Asia,6180,160018,31,1681
2021-04-11,Oman,Asia,7987,168005,66,1747
2021-04-18,Oman,Asia,8663,176668,74,1821
2021-04-25,Oman,Asia,8610,185278,130,1951
2021-05-02,Oman,Asia,7975,193253,89,2040
2021-05-09,Oman,Asia,7463,200716,123,2163
2021-05-16,Oman,Asia,4197,204913,107,2270
2021-05-23,Oman,Asia,5011,209924,94,2364
2021-05-30,Oman,Asia,5442,215366,102,2466
2021-06-06,Oman,Asia,7433,222799,92,2558
2021-06-13,Oman,Asia,10353,233152,107,2665
2021-06-20,Oman,Asia,13254,246406,196,2861
2021-06-27,Oman,Asia,14100,260506,242,3103
2021-07-04,Oman,Asia,13388,273894,313,3416
2021-07-11,Oman,Asia,10091,283985,275,3691
2021-07-18,Oman,Asia,6459,290444,226,3917
2021-07-25,Oman,Asia,3028,293472,190,4107
2021-08-01,Oman,Asia,3098,296570,96,4203
2021-08-08,Oman,Asia,1934,298504,93,4296
2021-08-15,Oman,Asia,1463,299967,59,4355
2021-08-22,Oman,Asia,1174,301141,42,4397
2021-08-29,Oman,Asia,888,302029,26,4423
2021-09-05,Oman,Asia,570,302599,19,4442
2021-09-12,Oman,Asia,437,303036,12,4454
2021-09-19,Oman,Asia,354,303390,6,4460
2021-09-26,Oman,Asia,223,303613,1,4461
2021-10-03,Oman,Asia,200,303813,4,4465
2021-10-10,Oman,Asia,142,303955,3,4468
2021-10-17,Oman,Asia,89,304044,3,4471
2021-10-24,Oman,Asia,101,304145,5,4476
2021-10-31,Oman,Asia,136,304281,2,4478
2021-11-07,Oman,Asia,73,304354,1,4479
2021-11-14,Oman,Asia,66,304420,1,4480
2021-11-21,Oman,Asia,68,304488,0,4480
2021-11-28,Oman,Asia,44,304532,0,4480
2021-12-05,Oman,Asia,67,304599,0,4480
2021-12-12,Oman,Asia,104,304703,0,4480
2021-12-19,Oman,Asia,126,304829,0,4480
2021-12-26,Oman,Asia,229,305058,0,4480
2022-01-02,Oman,Asia,652,305710,3,4483
2022-01-09,Oman,Asia,1639,307349,1,4484
2022-01-16,Oman,Asia,4349,311698,2,4486
2022-01-23,Oman,Asia,9425,321123,6,4492
2022-01-30,Oman,Asia,13580,334703,9,4501
2022-02-06,Oman,Asia,14960,349663,24,4525
2022-02-13,Oman,Asia,14695,364358,37,4562
2022-02-20,Oman,Asia,10207,374565,30,4592
2022-02-27,Oman,Asia,6253,380818,13,4605
2022-03-06,Oman,Asia,3704,384522,10,4615
2022-03-13,Oman,Asia,1803,386325,2,4617
2022-03-20,Oman,Asia,1072,387397,0,4617
2022-03-27,Oman,Asia,642,388039,0,4617
2022-04-03,Oman,Asia,393,388432,0,4617
2022-04-10,Oman,Asia,230,388662,3,4620
2022-04-17,Oman,Asia,181,388843,4,4624
2022-04-24,Oman,Asia,193,389036,0,4624
2022-05-01,Oman,Asia,90,389126,1,4625
2022-05-08,Oman,Asia,147,389273,1,4626
2022-05-15,Oman,Asia,124,389397,0,4626
2022-05-22,Oman,Asia,109,389506,1,4627
2022-05-29,Oman,Asia,99,389605,1,4628
2022-06-05,Oman,Asia,118,389723,0,4628
2022-06-12,Oman,Asia,194,389917,0,4628
2022-06-19,Oman,Asia,327,390244,0,4628
2022-06-26,Oman,Asia,484,390728,0,4628
2022-07-03,Oman,Asia,913,391641,0,4628
2022-07-10,Oman,Asia,1361,393002,0,4628
2022-07-17,Oman,Asia,1213,394215,0,4628
2022-07-24,Oman,Asia,1522,395737,0,4628
2022-07-31,Oman,Asia,985,396722,0,4628
2022-08-07,Oman,Asia,509,397231,0,4628
2022-08-14,Oman,Asia,343,397574,0,4628
2022-08-21,Oman,Asia,272,397846,0,4628
2022-08-28,Oman,Asia,147,397993,0,4628
2022-09-04,Oman,Asia,144,398137,0,4628
2022-09-11,Oman,Asia,97,398234,0,4628
2022-09-18,Oman,Asia,92,398326,0,4628
2022-09-25,Oman,Asia,98,398424,0,4628
2022-10-02,Oman,Asia,96,398520,0,4628
2022-10-09,Oman,Asia,65,398585,0,4628
2022-10-16,Oman,Asia,104,398689,0,4628
2022-10-23,Oman,Asia,86,398775,0,4628
2022-10-30,Oman,Asia,74,398849,0,4628
2022-11-06,Oman,Asia,92,398941,0,4628
2022-11-13,Oman,Asia,86,399027,0,4628
2022-11-20,Oman,Asia,92,399119,0,4628
2022-11-27,Oman,Asia,58,399177,0,4628
2022-12-04,Oman,Asia,26,399203,0,4628
2022-12-11,Oman,Asia,56,399259,0,4628
2022-12-18,Oman,Asia,25,399284,0,4628
2022-12-25,Oman,Asia,24,399308,0,4628
2023-01-01,Oman,Asia,35,399343,0,4628
2023-01-08,Oman,Asia,32,399375,0,4628
2023-01-15,Oman,Asia,29,399404,0,4628
2023-01-22,Oman,Asia,17,399421,0,4628
2023-01-29,Oman,Asia,28,399449,0,4628
2023-02-05,Oman,Asia,0,399449,0,4628
2023-02-12,Oman,Asia,0,399449,0,4628
2023-02-19,Oman,Asia,0,399449,0,4628
2023-02-26,Oman,Asia,0,399449,0,4628
2023-03-05,Oman,Asia,0,399449,0,4628
2023-03-12,Oman,Asia,0,399449,0,4628
2023-03-19,Oman,Asia,0,399449,0,4628
2023-03-26,Oman,Asia,0,399449,0,4628
2023-04-02,Oman,Asia,0,399449,0,4628
2023-04-09,Oman,Asia,0,399449,0,4628
2023-04-16,Oman,Asia,0,399449,0,4628
2023-04-23,Oman,Asia,0,399449,0,4628
2023-04-30,Oman,Asia,0,399449,0,4628
2023-05-07,Oman,Asia,0,399449,0,4628
2023-05-14,Oman,Asia,0,399449,0,4628
2023-05-21,Oman,Asia,0,399449,0,4628
2023-05-28,Oman,Asia,0,399449,0,4628
2023-06-04,Oman,Asia,0,399449,0,4628
2023-06-11,Oman,Asia,0,399449,0,4628
2023-06-18,Oman,Asia,0,399449,0,4628
2023-06-25,Oman,Asia,0,399449,0,4628
2023-07-02,Oman,Asia,0,399449,0,4628
2023-07-09,Oman,Asia,0,399449,0,4628
2023-07-16,Oman,Asia,0,399449,0,4628
2023-07-23,Oman,Asia,0,399449,0,4628
2023-07-30,Oman,Asia,0,399449,0,4628
2023-08-06,Oman,Asia,0,399449,0,4628
2023-08-13,Oman,Asia,0,399449,0,4628
2023-08-20,Oman,Asia,0,399449,0,4628
2023-08-27,Oman,Asia,0,399449,0,4628
2023-09-03,Oman,Asia,0,399449,0,4628
2023-09-10,Oman,Asia,0,399449,0,4628
2023-09-17,Oman,Asia,0,399449,0,4628
2023-09-24,Oman,Asia,0,399449,0,4628
2023-10-01,Oman,Asia,0,399449,0,4628
2023-10-08,Oman,Asia,0,399449,0,4628
2023-10-15,Oman,Asia,0,399449,0,4628
2023-10-22,Oman,Asia,0,399449,0,4628
2023-10-29,Oman,Asia,0,399449,0,4628
2023-11-05,Oman,Asia,0,399449,0,4628
2023-11-12,Oman,Asia,0,399449,0,4628
2023-11-19,Oman,Asia,0,399449,0,4628
2023-11-26,Oman,Asia,0,399449,0,4628
2023-12-03,Oman,Asia,0,399449,0,4628
2023-12-10,Oman,Asia,0,399449,0,4628
2023-12-17,Oman,Asia,0,399449,0,4628
2023-12-24,Oman,Asia,0,399449,0,4628
2023-12-31,Oman,Asia,0,399449,0,4628
2024-01-07,Oman,Asia,0,399449,0,4628
2024-01-14,Oman,Asia,0,399449,0,4628
2024-01-21,Oman,Asia,0,399449,0,4628
2024-01-28,Oman,Asia,0,399449,0,4628
2024-02-04,Oman,Asia,0,399449,0,4628
2024-02-11,Oman,Asia,0,399449,0,4628
2024-02-18,Oman,Asia,0,399449,0,4628
2024-02-25,Oman,Asia,0,399449,0,4628
2024-03-03,Oman,Asia,0,399449,0,4628
2024-03-10,Oman,Asia,0,399449,0,4628
2024-03-17,Oman,Asia,0,399449,0,4628
2024-03-24,Oman,Asia,0,399449,0,4628
2024-03-31,Oman,Asia,0,399449,0,4628
2024-04-07,Oman,Asia,0,399449,0,4628
2024-04-14,Oman,Asia,0,399449,0,4628
2024-04-21,Oman,Asia,0,399449,0,4628
2024-04-28,Oman,Asia,0,399449,0,4628
2024-05-05,Oman,Asia,0,399449,0,4628
2024-05-12,Oman,Asia,0,399449,0,4628
2024-05-19,Oman,Asia,0,399449,0,4628
2024-05-26,Oman,Asia,0,399449,0,4628
2024-06-02,Oman,Asia,0,399449,0,4628
2024-06-09,Oman,Asia,0,399449,0,4628
2024-06-16,Oman,Asia,0,399449,0,4628
2024-06-23,Oman,Asia,0,399449,0,4628
2024-06-30,Oman,Asia,0,399449,0,4628
2024-07-07,Oman,Asia,0,399449,0,4628
2024-07-14,Oman,Asia,0,399449,0,4628
2024-07-21,Oman,Asia,0,399449,0,4628
2024-07-28,Oman,Asia,0,399449,0,4628
2024-08-04,Oman,Asia,0,399449,0,4628
2024-08-11,Oman,Asia,0,399449,0,4628
2024-08-18,Oman,Asia,0,399449,0,4628
2024-08-25,Oman,Asia,0,399449,0,4628
2024-09-01,Oman,Asia,0,399449,0,4628
2020-01-05,Pakistan,Asia,0,0,0,0
2020-01-12,Pakistan,Asia,0,0,0,0
2020-01-19,Pakistan,Asia,0,0,0,0
2020-01-26,Pakistan,Asia,0,0,0,0
2020-02-02,Pakistan,Asia,0,0,0,0
2020-02-09,Pakistan,Asia,0,0,0,0
2020-02-16,Pakistan,Asia,0,0,0,0
2020-02-23,Pakistan,Asia,0,0,0,0
2020-03-01,Pakistan,Asia,2,2,0,0
2020-03-08,Pakistan,Asia,4,6,0,0
2020-03-15,Pakistan,Asia,15,21,0,0
2020-03-22,Pakistan,Asia,440,461,2,2
2020-03-29,Pakistan,Asia,774,1235,7,9
2020-04-05,Pakistan,Asia,1215,2450,26,35
2020-04-12,Pakistan,Asia,2245,4695,31,66
2020-04-19,Pakistan,Asia,2330,7025,69,135
2020-04-26,Pakistan,Asia,4915,11940,118,253
2020-05-03,Pakistan,Asia,5759,17699,155,408
2020-05-10,Pakistan,Asia,8736,26435,191,599
2020-05-17,Pakistan,Asia,10783,37218,204,803
2020-05-24,Pakistan,Asia,15219,52437,298,1101
2020-05-31,Pakistan,Asia,14020,66457,294,1395
2020-06-07,Pakistan,Asia,27526,93983,540,1935
2020-06-14,Pakistan,Asia,38422,132405,616,2551
2020-06-21,Pakistan,Asia,39261,171666,831,3382
2020-06-28,Pakistan,Asia,27217,198883,653,4035
2020-07-05,Pakistan,Asia,26400,225283,584,4619
2020-07-12,Pakistan,Asia,21068,246351,504,5123
2020-07-19,Pakistan,Asia,15566,261917,399,5522
2020-07-26,Pakistan,Asia,9970,271887,265,5787
2020-08-02,Pakistan,Asia,7259,279146,183,5970
2020-08-09,Pakistan,Asia,4341,283487,104,6074
2020-08-16,Pakistan,Asia,4560,288047,88,6162
2020-08-23,Pakistan,Asia,4127,292174,69,6231
2020-08-30,Pakistan,Asia,3198,295372,53,6284
2020-09-06,Pakistan,Asia,2653,298025,56,6340
2020-09-13,Pakistan,Asia,2930,300955,33,6373
2020-09-20,Pakistan,Asia,4076,305031,42,6415
2020-09-27,Pakistan,Asia,4550,309581,36,6451
2020-10-04,Pakistan,Asia,4403,313984,56,6507
2020-10-11,Pakistan,Asia,4282,318266,51,6558
2020-10-18,Pakistan,Asia,4186,322452,80,6638
2020-10-25,Pakistan,Asia,4611,327063,89,6727
2020-11-01,Pakistan,Asia,5930,332993,79,6806
2020-11-08,Pakistan,Asia,8760,341753,137,6943
2020-11-15,Pakistan,Asia,12708,354461,166,7109
2020-11-22,Pakistan,Asia,17047,371508,494,7603
2020-11-29,Pakistan,Asia,20848,392356,339,7942
2020-12-06,Pakistan,Asia,20835,413191,361,8303
2020-12-13,Pakistan,Asia,21753,434944,421,8724
2020-12-20,Pakistan,Asia,19617,454561,526,9250
2020-12-27,Pakistan,Asia,14921,469482,566,9816
2021-01-03,Pakistan,Asia,14880,484362,442,10258
2021-01-10,Pakistan,Asia,15155,499517,340,10598
2021-01-17,Pakistan,Asia,17253,516770,310,10908
2021-01-24,Pakistan,Asia,14048,530818,339,11247
2021-01-31,Pakistan,Asia,12396,543214,376,11623
2021-02-07,Pakistan,Asia,9914,553128,291,11914
2021-02-14,Pakistan,Asia,8497,561625,362,12276
2021-02-21,Pakistan,Asia,8221,569846,287,12563
2021-02-28,Pakistan,Asia,8951,578797,274,12837
2021-03-07,Pakistan,Asia,9931,588728,329,13166
2021-03-14,Pakistan,Asia,13808,602536,310,13476
2021-03-21,Pakistan,Asia,20599,623135,323,13799
2021-03-28,Pakistan,Asia,26689,649824,359,14158
2021-04-04,Pakistan,Asia,33064,682888,539,14697
2021-04-11,Pakistan,Asia,33080,715968,632,15329
2021-04-18,Pakistan,Asia,34190,750158,765,16094
2021-04-25,Pakistan,Asia,39858,790016,905,16999
2021-05-02,Pakistan,Asia,35503,825519,958,17957
2021-05-09,Pakistan,Asia,28722,854241,840,18797
2021-05-16,Pakistan,Asia,20510,874751,670,19467
2021-05-23,Pakistan,Asia,22717,897468,710,20177
2021-05-30,Pakistan,Asia,18771,916239,503,20680
2021-06-06,Pakistan,Asia,14272,930511,509,21189
2021-06-13,Pakistan,Asia,9420,939931,441,21630
2021-06-20,Pakistan,Asia,7287,947218,307,21937
2021-06-27,Pakistan,Asia,6624,953842,251,22188
2021-07-04,Pakistan,Asia,7243,961085,191,22379
2021-07-11,Pakistan,Asia,10219,971304,176,22555
2021-07-18,Pakistan,Asia,15364,986668,205,22760
2021-07-25,Pakistan,Asia,15207,1001875,211,22971
2021-08-01,Pakistan,Asia,27936,1029811,389,23360
2021-08-08,Pakistan,Asia,33314,1063125,437,23797
2021-08-15,Pakistan,Asia,31574,1094699,542,24339
2021-08-22,Pakistan,Asia,25271,1119970,509,24848
2021-08-29,Pakistan,Asia,28602,1148572,687,25535
2021-09-05,Pakistan,Asia,26986,1175558,579,26114
2021-09-12,Pakistan,Asia,25809,1201367,548,26662
2021-09-19,Pakistan,Asia,19894,1221261,473,27135
2021-09-26,Pakistan,Asia,15627,1236888,389,27524
2021-10-03,Pakistan,Asia,11314,1248202,307,27831
2021-10-10,Pakistan,Asia,8986,1257188,256,28087
2021-10-17,Pakistan,Asia,6476,1263664,165,28252
2021-10-24,Pakistan,Asia,4281,1267945,107,28359
2021-10-31,Pakistan,Asia,4400,1272345,80,28439
2021-11-07,Pakistan,Asia,3895,1276240,79,28518
2021-11-14,Pakistan,Asia,3133,1279373,77,28595
2021-11-21,Pakistan,Asia,2186,1281559,60,28655
2021-11-28,Pakistan,Asia,2327,1283886,49,28704
2021-12-05,Pakistan,Asia,2567,1286453,57,28761
2021-12-12,Pakistan,Asia,2308,1288761,62,28823
2021-12-19,Pakistan,Asia,2087,1290848,47,28870
2021-12-26,Pakistan,Asia,2233,1293081,35,28905
2022-01-02,Pakistan,Asia,2852,1295933,28,28933
2022-01-09,Pakistan,Asia,6553,1302486,29,28962
2022-01-16,Pakistan,Asia,17634,1320120,41,29003
2022-01-23,Pakistan,Asia,39899,1360019,74,29077
2022-01-30,Pakistan,Asia,49994,1410013,142,29219
2022-02-06,Pakistan,Asia,44886,1454899,229,29448
2022-02-13,Pakistan,Asia,25693,1480592,283,29731
2022-02-20,Pakistan,Asia,18084,1498676,245,29976
2022-02-27,Pakistan,Asia,8981,1507657,177,30153
2022-03-06,Pakistan,Asia,5846,1513503,105,30258
2022-03-13,Pakistan,Asia,4580,1518083,46,30304
2022-03-20,Pakistan,Asia,3430,1521513,24,30328
2022-03-27,Pakistan,Asia,2077,1523590,12,30340
2022-04-03,Pakistan,Asia,1591,1525181,20,30360
2022-04-10,Pakistan,Asia,1291,1526472,1,30361
2022-04-17,Pakistan,Asia,679,1527151,2,30363
2022-04-24,Pakistan,Asia,600,1527751,6,30369
2022-05-01,Pakistan,Asia,205,1527956,0,30369
2022-05-08,Pakistan,Asia,0,1527956,0,30369
2022-05-15,Pakistan,Asia,1211,1529167,7,30376
2022-05-22,Pakistan,Asia,544,1529711,3,30379
2022-05-29,Pakistan,Asia,524,1530235,0,30379
2022-06-05,Pakistan,Asia,415,1530650,0,30379
2022-06-12,Pakistan,Asia,462,1531112,2,30381
2022-06-19,Pakistan,Asia,718,1531830,2,30383
2022-06-26,Pakistan,Asia,1652,1533482,3,30386
2022-07-03,Pakistan,Asia,3815,1537297,13,30399
2022-07-10,Pakistan,Asia,5080,1542377,21,30420
2022-07-17,Pakistan,Asia,3270,1545647,18,30438
2022-07-24,Pakistan,Asia,4119,1549766,26,30464
2022-07-31,Pakistan,Asia,4164,1553930,22,30486
2022-08-07,Pakistan,Asia,4627,1558557,19,30505
2022-08-14,Pakistan,Asia,3750,1562307,18,30523
2022-08-21,Pakistan,Asia,3461,1565768,27,30550
2022-08-28,Pakistan,Asia,2415,1568183,21,30571
2022-09-04,Pakistan,Asia,1605,1569788,17,30588
2022-09-11,Pakistan,Asia,1164,1570952,11,30599
2022-09-18,Pakistan,Asia,780,1571732,6,30605
2022-09-25,Pakistan,Asia,537,1572269,7,30612
2022-10-02,Pakistan,Asia,329,1572598,4,30616
2022-10-09,Pakistan,Asia,374,1572972,7,30623
2022-10-16,Pakistan,Asia,0,1572972,0,30623
2022-10-23,Pakistan,Asia,347,1573319,0,30623
2022-10-30,Pakistan,Asia,603,1573922,2,30625
2022-11-06,Pakistan,Asia,399,1574321,2,30627
2022-11-13,Pakistan,Asia,275,1574596,2,30629
2022-11-20,Pakistan,Asia,271,1574867,1,30630
2022-11-27,Pakistan,Asia,198,1575065,0,30630
2022-12-04,Pakistan,Asia,208,1575273,2,30632
2022-12-11,Pakistan,Asia,151,1575424,3,30635
2022-12-18,Pakistan,Asia,62,1575486,0,30635
2022-12-25,Pakistan,Asia,165,1575651,0,30635
2023-01-01,Pakistan,Asia,0,1575651,0,30635
2023-01-08,Pakistan,Asia,259,1575910,3,30638
2023-01-15,Pakistan,Asia,127,1576037,1,30639
2023-01-22,Pakistan,Asia,129,1576166,1,30640
2023-01-29,Pakistan,Asia,86,1576252,0,30640
2023-02-05,Pakistan,Asia,109,1576361,0,30640
2023-02-12,Pakistan,Asia,133,1576494,0,30640
2023-02-19,Pakistan,Asia,163,1576657,1,30641
2023-02-26,Pakistan,Asia,138,1576795,0,30641
2023-03-05,Pakistan,Asia,323,1577118,2,30643
2023-03-12,Pakistan,Asia,364,1577482,1,30644
2023-03-19,Pakistan,Asia,673,1578155,1,30645
2023-03-26,Pakistan,Asia,851,1579006,3,30648
2023-04-02,Pakistan,Asia,698,1579704,1,30649
2023-04-09,Pakistan,Asia,364,1580068,3,30652
2023-04-16,Pakistan,Asia,326,1580394,3,30655
2023-04-23,Pakistan,Asia,170,1580564,1,30656
2023-04-30,Pakistan,Asia,67,1580631,0,30656
2023-05-07,Pakistan,Asia,0,1580631,0,30656
2023-05-14,Pakistan,Asia,0,1580631,0,30656
2023-05-21,Pakistan,Asia,0,1580631,0,30656
2023-05-28,Pakistan,Asia,0,1580631,0,30656
2023-06-04,Pakistan,Asia,0,1580631,0,30656
2023-06-11,Pakistan,Asia,0,1580631,0,30656
2023-06-18,Pakistan,Asia,0,1580631,0,30656
2023-06-25,Pakistan,Asia,0,1580631,0,30656
2023-07-02,Pakistan,Asia,0,1580631,0,30656
2023-07-09,Pakistan,Asia,0,1580631,0,30656
2023-07-16,Pakistan,Asia,0,1580631,0,30656
2023-07-23,Pakistan,Asia,0,1580631,0,30656
2023-07-30,Pakistan,Asia,0,1580631,0,30656
2023-08-06,Pakistan,Asia,0,1580631,0,30656
2023-08-13,Pakistan,Asia,0,1580631,0,30656
2023-08-20,Pakistan,Asia,0,1580631,0,30656
2023-08-27,Pakistan,Asia,0,1580631,0,30656
2023-09-03,Pakistan,Asia,0,1580631,0,30656
2023-09-10,Pakistan,Asia,0,1580631,0,30656
2023-09-17,Pakistan,Asia,0,1580631,0,30656
2023-09-24,Pakistan,Asia,0,1580631,0,30656
2023-10-01,Pakistan,Asia,0,1580631,0,30656
2023-10-08,Pakistan,Asia,0,1580631,0,30656
2023-10-15,Pakistan,Asia,0,1580631,0,30656
2023-10-22,Pakistan,Asia,0,1580631,0,30656
2023-10-29,Pakistan,Asia,0,1580631,0,30656
2023-11-05,Pakistan,Asia,0,1580631,0,30656
2023-11-12,Pakistan,Asia,0,1580631,0,30656
2023-11-19,Pakistan,Asia,0,1580631,0,30656
2023-11-26,Pakistan,Asia,0,1580631,0,30656
2023-12-03,Pakistan,Asia,0,1580631,0,30656
2023-12-10,Pakistan,Asia,0,1580631,0,30656
2023-12-17,Pakistan,Asia,0,1580631,0,30656
2023-12-24,Pakistan,Asia,0,1580631,0,30656
2023-12-31,Pakistan,Asia,0,1580631,0,30656
2024-01-07,Pakistan,Asia,0,1580631,0,30656
2024-01-14,Pakistan,Asia,0,1580631,0,30656
2024-01-21,Pakistan,Asia,0,1580631,0,30656
2024-01-28,Pakistan,Asia,0,1580631,0,30656
2024-02-04,Pakistan,Asia,0,1580631,0,30656
2024-02-11,Pakistan,Asia,0,1580631,0,30656
2024-02-18,Pakistan,Asia,0,1580631,0,30656
2024-02-25,Pakistan,Asia,0,1580631,0,30656
2024-03-03,Pakistan,Asia,0,1580631,0,30656
2024-03-10,Pakistan,Asia,0,1580631,0,30656
2024-03-17,Pakistan,Asia,0,1580631,0,30656
2024-03-24,Pakistan,Asia,0,1580631,0,30656
2024-03-31,Pakistan,Asia,0,1580631,0,30656
2024-04-07,Pakistan,Asia,0,1580631,0,30656
2024-04-14,Pakistan,Asia,0,1580631,0,30656
2024-04-21,Pakistan,Asia,0,1580631,0,30656
2024-04-28,Pakistan,Asia,0,1580631,0,30656
2024-05-05,Pakistan,Asia,0,1580631,0,30656
2024-05-12,Pakistan,Asia,0,1580631,0,30656
2024-05-19,Pakistan,Asia,0,1580631,0,30656
2024-05-26,Pakistan,Asia,0,1580631,0,30656
2024-06-02,Pakistan,Asia,0,1580631,0,30656
2024-06-09,Pakistan,Asia,0,1580631,0,30656
2024-06-16,Pakistan,Asia,0,1580631,0,30656
2024-06-23,Pakistan,Asia,0,1580631,0,30656
2024-06-30,Pakistan,Asia,0,1580631,0,30656
2024-07-07,Pakistan,Asia,0,1580631,0,30656
2024-07-14,Pakistan,Asia,0,1580631,0,30656
2024-07-21,Pakistan,Asia,0,1580631,0,30656
2024-07-28,Pakistan,Asia,0,1580631,0,30656
2024-08-04,Pakistan,Asia,0,1580631,0,30656
2024-08-11,Pakistan,Asia,0,1580631,0,30656
2024-08-18,Pakistan,Asia,0,1580631,0,30656
2024-08-25,Pakistan,Asia,0,1580631,0,30656
2024-09-01,Pakistan,Asia,0,1580631,0,30656
2020-01-05,Palau,island,0,0,0,0
2020-01-12,Palau,island,0,0,0,0
2020-01-19,Palau,island,0,0,0,0
2020-01-26,Palau,island,0,0,0,0
2020-02-02,Palau,island,0,0,0,0
2020-02-09,Palau,island,0,0,0,0
2020-02-16,Palau,island,0,0,0,0
2020-02-23,Palau,island,0,0,0,0
2020-03-01,Palau,island,0,0,0,0
2020-03-08,Palau,island,0,0,0,0
2020-03-15,Palau,island,0,0,0,0
2020-03-22,Palau,island,0,0,0,0
2020-03-29,Palau,island,0,0,0,0
2020-04-05,Palau,island,0,0,0,0
2020-04-12,Palau,island,0,0,0,0
2020-04-19,Palau,island,0,0,0,0
2020-04-26,Palau,island,0,0,0,0
2020-05-03,Palau,island,0,0,0,0
2020-05-10,Palau,island,0,0,0,0
2020-05-17,Palau,island,0,0,0,0
2020-05-24,Palau,island,0,0,0,0
2020-05-31,Palau,island,0,0,0,0
2020-06-07,Palau,island,0,0,0,0
2020-06-14,Palau,island,0,0,0,0
2020-06-21,Palau,island,0,0,0,0
2020-06-28,Palau,island,0,0,0,0
2020-07-05,Palau,island,0,0,0,0
2020-07-12,Palau,island,0,0,0,0
2020-07-19,Palau,island,0,0,0,0
2020-07-26,Palau,island,0,0,0,0
2020-08-02,Palau,island,0,0,0,0
2020-08-09,Palau,island,0,0,0,0
2020-08-16,Palau,island,0,0,0,0
2020-08-23,Palau,island,0,0,0,0
2020-08-30,Palau,island,0,0,0,0
2020-09-06,Palau,island,0,0,0,0
2020-09-13,Palau,island,0,0,0,0
2020-09-20,Palau,island,0,0,0,0
2020-09-27,Palau,island,0,0,0,0
2020-10-04,Palau,island,0,0,0,0
2020-10-11,Palau,island,0,0,0,0
2020-10-18,Palau,island,0,0,0,0
2020-10-25,Palau,island,0,0,0,0
2020-11-01,Palau,island,0,0,0,0
2020-11-08,Palau,island,0,0,0,0
2020-11-15,Palau,island,0,0,0,0
2020-11-22,Palau,island,0,0,0,0
2020-11-29,Palau,island,0,0,0,0
2020-12-06,Palau,island,0,0,0,0
2020-12-13,Palau,island,0,0,0,0
2020-12-20,Palau,island,0,0,0,0
2020-12-27,Palau,island,0,0,0,0
2021-01-03,Palau,island,0,0,0,0
2021-01-10,Palau,island,0,0,0,0
2021-01-17,Palau,island,0,0,0,0
2021-01-24,Palau,island,0,0,0,0
2021-01-31,Palau,island,0,0,0,0
2021-02-07,Palau,island,0,0,0,0
2021-02-14,Palau,island,0,0,0,0
2021-02-21,Palau,island,0,0,0,0
2021-02-28,Palau,island,0,0,0,0
2021-03-07,Palau,island,0,0,0,0
2021-03-14,Palau,island,0,0,0,0
2021-03-21,Palau,island,0,0,0,0
2021-03-28,Palau,island,0,0,0,0
2021-04-04,Palau,island,0,0,0,0
2021-04-11,Palau,island,0,0,0,0
2021-04-18,Palau,island,0,0,0,0
2021-04-25,Palau,island,0,0,0,0
2021-05-02,Palau,island,0,0,0,0
2021-05-09,Palau,island,0,0,0,0
2021-05-16,Palau,island,0,0,0,0
2021-05-23,Palau,island,0,0,0,0
2021-05-30,Palau,island,0,0,0,0
2021-06-06,Palau,island,0,0,0,0
2021-06-13,Palau,island,0,0,0,0
2021-06-20,Palau,island,0,0,0,0
2021-06-27,Palau,island,0,0,0,0
2021-07-04,Palau,island,0,0,0,0
2021-07-11,Palau,island,0,0,0,0
2021-07-18,Palau,island,0,0,0,0
2021-07-25,Palau,island,0,0,0,0
2021-08-01,Palau,island,0,0,0,0
2021-08-08,Palau,island,0,0,0,0
2021-08-15,Palau,island,0,0,0,0
2021-08-22,Palau,island,2,2,0,0
2021-08-29,Palau,island,0,2,0,0
2021-09-05,Palau,island,0,2,0,0
2021-09-12,Palau,island,1,3,0,0
2021-09-19,Palau,island,2,5,0,0
2021-09-26,Palau,island,0,5,0,0
2021-10-03,Palau,island,0,5,0,0
2021-10-10,Palau,island,3,8,0,0
2021-10-17,Palau,island,0,8,0,0
2021-10-24,Palau,island,0,8,0,0
2021-10-31,Palau,island,0,8,0,0
2021-11-07,Palau,island,0,8,0,0
2021-11-14,Palau,island,0,8,0,0
2021-11-21,Palau,island,0,8,0,0
2021-11-28,Palau,island,0,8,0,0
2021-12-05,Palau,island,0,8,0,0
2021-12-12,Palau,island,0,8,0,0
2021-12-19,Palau,island,0,8,0,0
2021-12-26,Palau,island,0,8,0,0
2022-01-02,Palau,island,5,13,0,0
2022-01-09,Palau,island,7,20,0,0
2022-01-16,Palau,island,99,119,0,0
2022-01-23,Palau,island,383,502,0,0
2022-01-30,Palau,island,1025,1527,0,0
2022-02-06,Palau,island,1029,2556,0,0
2022-02-13,Palau,island,577,3133,6,6
2022-02-20,Palau,island,330,3463,0,6
2022-02-27,Palau,island,263,3726,0,6
2022-03-06,Palau,island,118,3844,0,6
2022-03-13,Palau,island,55,3899,0,6
2022-03-20,Palau,island,46,3945,0,6
2022-03-27,Palau,island,42,3987,0,6
2022-04-03,Palau,island,55,4042,0,6
2022-04-10,Palau,island,56,4098,0,6
2022-04-17,Palau,island,24,4122,0,6
2022-04-24,Palau,island,274,4396,0,6
2022-05-01,Palau,island,214,4610,0,6
2022-05-08,Palau,island,122,4732,0,6
2022-05-15,Palau,island,147,4879,0,6
2022-05-22,Palau,island,88,4967,0,6
2022-05-29,Palau,island,76,5043,0,6
2022-06-05,Palau,island,40,5083,0,6
2022-06-12,Palau,island,62,5145,0,6
2022-06-19,Palau,island,36,5181,0,6
2022-06-26,Palau,island,18,5199,0,6
2022-07-03,Palau,island,0,5199,0,6
2022-07-10,Palau,island,0,5199,0,6
2022-07-17,Palau,island,0,5199,0,6
2022-07-24,Palau,island,17,5216,0,6
2022-07-31,Palau,island,16,5232,0,6
2022-08-07,Palau,island,7,5239,0,6
2022-08-14,Palau,island,7,5246,0,6
2022-08-21,Palau,island,33,5279,0,6
2022-08-28,Palau,island,69,5348,0,6
2022-09-04,Palau,island,55,5403,0,6
2022-09-11,Palau,island,27,5430,0,6
2022-09-18,Palau,island,30,5460,0,6
2022-09-25,Palau,island,0,5460,0,6
2022-10-02,Palau,island,21,5481,0,6
2022-10-09,Palau,island,9,5490,1,7
2022-10-16,Palau,island,0,5490,0,7
2022-10-23,Palau,island,23,5513,0,7
2022-10-30,Palau,island,17,5530,0,7
2022-11-06,Palau,island,0,5530,0,7
2022-11-13,Palau,island,154,5684,0,7
2022-11-20,Palau,island,101,5785,0,7
2022-11-27,Palau,island,111,5896,0,7
2022-12-04,Palau,island,37,5933,0,7
2022-12-11,Palau,island,22,5955,2,9
2022-12-18,Palau,island,0,5955,0,9
2022-12-25,Palau,island,13,5968,0,9
2023-01-01,Palau,island,3,5971,0,9
2023-01-08,Palau,island,5,5976,0,9
2023-01-15,Palau,island,4,5980,0,9
2023-01-22,Palau,island,6,5986,0,9
2023-01-29,Palau,island,0,5986,0,9
2023-02-05,Palau,island,1,5987,0,9
2023-02-12,Palau,island,1,5988,0,9
2023-02-19,Palau,island,0,5988,0,9
2023-02-26,Palau,island,1,5989,0,9
2023-03-05,Palau,island,2,5991,0,9
2023-03-12,Palau,island,3,5994,0,9
2023-03-19,Palau,island,1,5995,0,9
2023-03-26,Palau,island,2,5997,0,9
2023-04-02,Palau,island,0,5997,0,9
2023-04-09,Palau,island,0,5997,0,9
2023-04-16,Palau,island,2,5999,0,9
2023-04-23,Palau,island,0,5999,0,9
2023-04-30,Palau,island,0,5999,0,9
2023-05-07,Palau,island,1,6000,0,9
2023-05-14,Palau,island,0,6000,0,9
2023-05-21,Palau,island,9,6009,0,9
2023-05-28,Palau,island,0,6009,0,9
2023-06-04,Palau,island,2,6011,0,9
2023-06-11,Palau,island,-2,6009,0,9
2023-06-18,Palau,island,4,6013,0,9
2023-06-25,Palau,island,0,6013,0,9
2023-07-02,Palau,island,0,6013,0,9
2023-07-09,Palau,island,36,6049,0,9
2023-07-16,Palau,island,18,6067,0,9
2023-07-23,Palau,island,0,6067,0,9
2023-07-30,Palau,island,55,6122,0,9
2023-08-06,Palau,island,54,6176,0,9
2023-08-13,Palau,island,21,6197,0,9
2023-08-20,Palau,island,0,6197,0,9
2023-08-27,Palau,island,0,6197,0,9
2023-09-03,Palau,island,23,6220,0,9
2023-09-10,Palau,island,9,6229,0,9
2023-09-17,Palau,island,0,6229,0,9
2023-09-24,Palau,island,9,6238,0,9
2023-10-01,Palau,island,3,6241,0,9
2023-10-08,Palau,island,2,6243,0,9
2023-10-15,Palau,island,0,6243,0,9
2023-10-22,Palau,island,3,6246,0,9
2023-10-29,Palau,island,0,6246,0,9
2023-11-05,Palau,island,1,6247,0,9
2023-11-12,Palau,island,0,6247,0,9
2023-11-19,Palau,island,2,6249,0,9
2023-11-26,Palau,island,0,6249,0,9
2023-12-03,Palau,island,0,6249,0,9
2023-12-10,Palau,island,0,6249,0,9
2023-12-17,Palau,island,16,6265,0,9
2023-12-24,Palau,island,0,6265,0,9
2023-12-31,Palau,island,0,6265,0,9
2024-01-07,Palau,island,0,6265,0,9
2024-01-14,Palau,island,0,6265,0,9
2024-01-21,Palau,island,0,6265,0,9
2024-01-28,Palau,island,0,6265,0,9
2024-02-04,Palau,island,0,6265,0,9
2024-02-11,Palau,island,0,6265,0,9
2024-02-18,Palau,island,0,6265,0,9
2024-02-25,Palau,island,0,6265,0,9
2024-03-03,Palau,island,0,6265,0,9
2024-03-10,Palau,island,0,6265,0,9
2024-03-17,Palau,island,25,6290,1,10
2024-03-24,Palau,island,0,6290,0,10
2024-03-31,Palau,island,0,6290,0,10
2024-04-07,Palau,island,0,6290,0,10
2024-04-14,Palau,island,0,6290,0,10
2024-04-21,Palau,island,42,6332,0,10
2024-04-28,Palau,island,0,6332,0,10
2024-05-05,Palau,island,0,6332,0,10
2024-05-12,Palau,island,0,6332,0,10
2024-05-19,Palau,island,34,6366,0,10
2024-05-26,Palau,island,0,6366,0,10
2024-06-02,Palau,island,0,6366,0,10
2024-06-09,Palau,island,0,6366,0,10
2024-06-16,Palau,island,0,6366,0,10
2024-06-23,Palau,island,6,6372,0,10
2024-06-30,Palau,island,0,6372,0,10
2024-07-07,Palau,island,0,6372,0,10
2024-07-14,Palau,island,0,6372,0,10
2024-07-21,Palau,island,0,6372,0,10
2024-07-28,Palau,island,0,6372,0,10
2024-08-04,Palau,island,0,6372,0,10
2024-08-11,Palau,island,0,6372,0,10
2024-08-18,Palau,island,0,6372,0,10
2024-08-25,Palau,island,0,6372,0,10
2024-09-01,Palau,island,0,6372,0,10
2020-01-05,Panama,North America,0,0,0,0
2020-01-12,Panama,North America,0,0,0,0
2020-01-19,Panama,North America,0,0,0,0
2020-01-26,Panama,North America,0,0,0,0
2020-02-02,Panama,North America,0,0,0,0
2020-02-09,Panama,North America,0,0,0,0
2020-02-16,Panama,North America,0,0,0,0
2020-02-23,Panama,North America,0,0,0,0
2020-03-01,Panama,North America,0,0,0,0
2020-03-08,Panama,North America,0,0,0,0
2020-03-15,Panama,North America,27,27,1,1
2020-03-22,Panama,North America,110,137,0,1
2020-03-29,Panama,North America,649,786,13,14
2020-04-05,Panama,North America,887,1673,27,41
2020-04-12,Panama,North America,1301,2974,33,74
2020-04-19,Panama,North America,1236,4210,41,115
2020-04-26,Panama,North America,1128,5338,39,154
2020-05-03,Panama,North America,1382,6720,38,192
2020-05-10,Panama,North America,1350,8070,39,231
2020-05-17,Panama,North America,1198,9268,35,266
2020-05-24,Panama,North America,999,10267,29,295
2020-05-31,Panama,North America,2264,12531,31,326
2020-06-07,Panama,North America,2932,15463,44,370
2020-06-14,Panama,North America,3748,19211,51,421
2020-06-21,Panama,North America,5063,24274,64,485
2020-06-28,Panama,North America,5631,29905,90,575
2020-07-05,Panama,North America,6090,35995,123,698
2020-07-12,Panama,North America,7262,43257,165,863
2020-07-19,Panama,North America,8151,51408,175,1038
2020-07-26,Panama,North America,6585,57993,212,1250
2020-08-02,Panama,North America,7263,65256,171,1421
2020-08-09,Panama,North America,7304,72560,170,1591
2020-08-16,Panama,North America,6842,79402,143,1734
2020-08-23,Panama,North America,4990,84392,125,1859
2020-08-30,Panama,North America,6232,90624,107,1966
2020-09-06,Panama,North America,4972,95596,97,2063
2020-09-13,Panama,North America,4734,100330,77,2140
2020-09-20,Panama,North America,4549,104879,89,2229
2020-09-27,Panama,North America,4552,109431,82,2311
2020-10-04,Panama,North America,4531,113962,95,2406
2020-10-11,Panama,North America,4879,118841,68,2474
2020-10-18,Panama,North America,4657,123498,72,2546
2020-10-25,Panama,North America,4368,127866,76,2622
2020-11-01,Panama,North America,5001,132867,66,2688
2020-11-08,Panama,North America,4893,137760,82,2770
2020-11-15,Panama,North America,6717,144477,86,2856
2020-11-22,Panama,North America,7812,152289,76,2932
2020-11-29,Panama,North America,9455,161744,98,3030
2020-12-06,Panama,North America,11863,173607,124,3154
2020-12-13,Panama,North America,14172,187779,155,3309
2020-12-20,Panama,North America,18531,206310,195,3504
2020-12-27,Panama,North America,20350,226660,252,3756
2021-01-03,Panama,North America,23073,249733,308,4064
2021-01-10,Panama,North America,23304,273037,299,4363
2021-01-17,Panama,North America,20555,293592,326,4689
2021-01-24,Panama,North America,14201,307793,291,4980
2021-01-31,Panama,North America,10460,318253,241,5221
2021-02-07,Panama,North America,7234,325487,205,5426
2021-02-14,Panama,North America,5498,330985,169,5595
2021-02-21,Panama,North America,4354,335339,116,5711
2021-02-28,Panama,North America,4442,339781,109,5820
2021-03-07,Panama,North America,3962,343743,87,5907
2021-03-14,Panama,North America,3483,347226,74,5981
2021-03-21,Panama,North America,2994,350220,54,6035
2021-03-28,Panama,North America,2797,353017,52,6087
2021-04-04,Panama,North America,2833,355850,39,6126
2021-04-11,Panama,North America,2248,358098,30,6156
2021-04-18,Panama,North America,2151,360249,29,6185
2021-04-25,Panama,North America,2109,362358,15,6200
2021-05-02,Panama,North America,2218,364576,32,6232
2021-05-09,Panama,North America,2186,366762,26,6258
2021-05-16,Panama,North America,3281,370043,34,6292
2021-05-23,Panama,North America,3265,373308,29,6321
2021-05-30,Panama,North America,3546,376854,44,6365
2021-06-06,Panama,North America,4268,381122,24,6389
2021-06-13,Panama,North America,5147,386269,38,6427
2021-06-20,Panama,North America,5897,392166,38,6465
2021-06-27,Panama,North America,6654,398820,40,6505
2021-07-04,Panama,North America,7193,406013,55,6560
2021-07-11,Panama,North America,7613,413626,54,6614
2021-07-18,Panama,North America,7290,420916,74,6688
2021-07-25,Panama,North America,7071,427987,55,6743
2021-08-01,Panama,North America,6473,434460,65,6808
2021-08-08,Panama,North America,6034,440494,77,6885
2021-08-15,Panama,North America,5915,446409,54,6939
2021-08-22,Panama,North America,4884,451293,59,6998
2021-08-29,Panama,North America,4234,455527,41,7039
2021-09-05,Panama,North America,3550,459077,34,7073
2021-09-12,Panama,North America,2513,461590,49,7122
2021-09-19,Panama,North America,2193,463783,47,7169
2021-09-26,Panama,North America,1953,465736,28,7197
2021-10-03,Panama,North America,1602,467338,33,7230
2021-10-10,Panama,North America,1402,468740,30,7260
2021-10-17,Panama,North America,1258,469998,28,7288
2021-10-24,Panama,North America,1255,471253,18,7306
2021-10-31,Panama,North America,1145,472398,9,7315
2021-11-07,Panama,North America,785,473183,7,7322
2021-11-14,Panama,North America,1048,474231,19,7341
2021-11-21,Panama,North America,1346,475577,9,7350
2021-11-28,Panama,North America,1519,477096,10,7360
2021-12-05,Panama,North America,1447,478543,11,7371
2021-12-12,Panama,North America,1547,480090,11,7382
2021-12-19,Panama,North America,2587,482677,16,7398
2021-12-26,Panama,North America,3700,486377,11,7409
2022-01-02,Panama,North America,9543,495920,19,7428
2022-01-09,Panama,North America,21525,517445,25,7453
2022-01-16,Panama,North America,41231,558676,47,7500
2022-01-23,Panama,North America,68214,626890,74,7574
2022-01-30,Panama,North America,58740,685630,106,7680
2022-02-06,Panama,North America,35849,721479,133,7813
2022-02-13,Panama,North America,18291,739770,113,7926
2022-02-20,Panama,North America,9365,749135,74,8000
2022-02-27,Panama,North America,5227,754362,63,8063
2022-03-06,Panama,North America,2699,757061,43,8106
2022-03-13,Panama,North America,2163,759224,25,8131
2022-03-20,Panama,North America,1780,761004,22,8153
2022-03-27,Panama,North America,2021,763025,9,8162
2022-04-03,Panama,North America,1806,764831,8,8170
2022-04-10,Panama,North America,1673,766504,4,8174
2022-04-17,Panama,North America,1966,768470,4,8178
2022-04-24,Panama,North America,2535,771005,4,8182
2022-05-01,Panama,North America,4483,775488,2,8184
2022-05-08,Panama,North America,8696,784184,7,8191
2022-05-15,Panama,North America,19039,803223,11,8202
2022-05-22,Panama,North America,21694,824917,14,8216
2022-05-29,Panama,North America,22458,847375,28,8244
2022-06-05,Panama,North America,21421,868796,23,8267
2022-06-12,Panama,North America,18841,887637,28,8295
2022-06-19,Panama,North America,12696,900333,23,8318
2022-06-26,Panama,North America,12015,912348,22,8340
2022-07-03,Panama,North America,10642,922990,28,8368
2022-07-10,Panama,North America,9120,932110,16,8384
2022-07-17,Panama,North America,9973,942083,11,8395
2022-07-24,Panama,North America,6390,948473,17,8412
2022-07-31,Panama,North America,5896,954369,13,8425
2022-08-07,Panama,North America,5931,960300,9,8434
2022-08-14,Panama,North America,6479,966779,10,8444
2022-08-21,Panama,North America,6021,972800,12,8456
2022-08-28,Panama,North America,5381,978181,14,8470
2022-09-04,Panama,North America,3641,981822,10,8480
2022-09-11,Panama,North America,2412,984234,7,8487
2022-09-18,Panama,North America,1580,985814,3,8490
2022-09-25,Panama,North America,1052,986866,7,8497
2022-10-02,Panama,North America,747,987613,5,8502
2022-10-09,Panama,North America,667,988280,3,8505
2022-10-16,Panama,North America,725,989005,1,8506
2022-10-23,Panama,North America,603,989608,0,8506
2022-10-30,Panama,North America,805,990413,3,8509
2022-11-06,Panama,North America,838,991251,0,8509
2022-11-13,Panama,North America,1372,992623,6,8515
2022-11-20,Panama,North America,3103,995726,4,8519
2022-11-27,Panama,North America,6435,1002161,7,8526
2022-12-04,Panama,North America,7091,1009252,7,8533
2022-12-11,Panama,North America,6718,1015970,10,8543
2022-12-18,Panama,North America,4991,1020961,11,8554
2022-12-25,Panama,North America,2817,1023778,13,8567
2023-01-01,Panama,North America,2066,1025844,8,8575
2023-01-08,Panama,North America,1403,1027247,9,8584
2023-01-15,Panama,North America,1025,1028272,5,8589
2023-01-22,Panama,North America,789,1029061,5,8594
2023-01-29,Panama,North America,640,1029701,2,8596
2023-02-05,Panama,North America,513,1030214,3,8599
2023-02-12,Panama,North America,444,1030658,1,8600
2023-02-19,Panama,North America,356,1031014,3,8603
2023-02-26,Panama,North America,259,1031273,1,8604
2023-03-05,Panama,North America,458,1031731,5,8609
2023-03-12,Panama,North America,506,1032237,2,8611
2023-03-19,Panama,North America,702,1032939,1,8612
2023-03-26,Panama,North America,842,1033781,0,8612
2023-04-02,Panama,North America,0,1033781,0,8612
2023-04-09,Panama,North America,0,1033781,0,8612
2023-04-16,Panama,North America,1576,1035357,5,8617
2023-04-23,Panama,North America,743,1036100,1,8618
2023-04-30,Panama,North America,633,1036733,3,8621
2023-05-07,Panama,North America,591,1037324,-1,8620
2023-05-14,Panama,North America,654,1037978,2,8622
2023-05-21,Panama,North America,260,1038238,0,8622
2023-05-28,Panama,North America,330,1038568,1,8623
2023-06-04,Panama,North America,408,1038976,6,8629
2023-06-11,Panama,North America,436,1039412,3,8632
2023-06-18,Panama,North America,563,1039975,2,8634
2023-06-25,Panama,North America,473,1040448,2,8636
2023-07-02,Panama,North America,347,1040795,0,8636
2023-07-09,Panama,North America,211,1041006,1,8637
2023-07-16,Panama,North America,178,1041184,3,8640
2023-07-23,Panama,North America,91,1041275,2,8642
2023-07-30,Panama,North America,75,1041350,1,8643
2023-08-06,Panama,North America,56,1041406,1,8644
2023-08-13,Panama,North America,46,1041452,0,8644
2023-08-20,Panama,North America,37,1041489,0,8644
2023-08-27,Panama,North America,37,1041526,0,8644
2023-09-03,Panama,North America,38,1041564,1,8645
2023-09-10,Panama,North America,32,1041596,0,8645
2023-09-17,Panama,North America,37,1041633,1,8646
2023-09-24,Panama,North America,22,1041655,0,8646
2023-10-01,Panama,North America,52,1041707,0,8646
2023-10-08,Panama,North America,50,1041757,1,8647
2023-10-15,Panama,North America,53,1041810,0,8647
2023-10-22,Panama,North America,44,1041854,3,8650
2023-10-29,Panama,North America,39,1041893,0,8650
2023-11-05,Panama,North America,37,1041930,1,8651
2023-11-12,Panama,North America,37,1041967,0,8651
2023-11-19,Panama,North America,31,1041998,0,8651
2023-11-26,Panama,North America,48,1042046,0,8651
2023-12-03,Panama,North America,53,1042099,0,8651
2023-12-10,Panama,North America,48,1042147,1,8652
2023-12-17,Panama,North America,102,1042249,0,8652
2023-12-24,Panama,North America,176,1042425,1,8653
2023-12-31,Panama,North America,402,1042827,1,8654
2024-01-07,Panama,North America,457,1043284,9,8663
2024-01-14,Panama,North America,441,1043725,18,8681
2024-01-21,Panama,North America,274,1043999,10,8691
2024-01-28,Panama,North America,127,1044126,5,8696
2024-02-04,Panama,North America,42,1044168,1,8697
2024-02-11,Panama,North America,32,1044200,1,8698
2024-02-18,Panama,North America,25,1044225,1,8699
2024-02-25,Panama,North America,22,1044247,0,8699
2024-03-03,Panama,North America,17,1044264,1,8700
2024-03-10,Panama,North America,21,1044285,2,8702
2024-03-17,Panama,North America,13,1044298,1,8703
2024-03-24,Panama,North America,11,1044309,0,8703
2024-03-31,Panama,North America,3,1044312,0,8703
2024-04-07,Panama,North America,4,1044316,0,8703
2024-04-14,Panama,North America,8,1044324,0,8703
2024-04-21,Panama,North America,10,1044334,1,8704
2024-04-28,Panama,North America,10,1044344,0,8704
2024-05-05,Panama,North America,8,1044352,2,8706
2024-05-12,Panama,North America,11,1044363,0,8706
2024-05-19,Panama,North America,10,1044373,0,8706
2024-05-26,Panama,North America,13,1044386,0,8706
2024-06-02,Panama,North America,28,1044414,0,8706
2024-06-09,Panama,North America,44,1044458,3,8709
2024-06-16,Panama,North America,58,1044516,3,8712
2024-06-23,Panama,North America,50,1044566,4,8716
2024-06-30,Panama,North America,51,1044617,3,8719
2024-07-07,Panama,North America,57,1044674,7,8726
2024-07-14,Panama,North America,71,1044745,7,8733
2024-07-21,Panama,North America,57,1044802,5,8738
2024-07-28,Panama,North America,36,1044838,11,8749
2024-08-04,Panama,North America,38,1044876,3,8752
2024-08-11,Panama,North America,23,1044899,1,8753
2024-08-18,Panama,North America,10,1044909,0,8753
2024-08-25,Panama,North America,5,1044914,0,8753
2024-09-01,Panama,North America,0,1044914,1,8754
2020-01-05,Papua New Guinea,Oceania,0,0,0,0
2020-01-12,Papua New Guinea,Oceania,0,0,0,0
2020-01-19,Papua New Guinea,Oceania,0,0,0,0
2020-01-26,Papua New Guinea,Oceania,0,0,0,0
2020-02-02,Papua New Guinea,Oceania,0,0,0,0
2020-02-09,Papua New Guinea,Oceania,0,0,0,0
2020-02-16,Papua New Guinea,Oceania,0,0,0,0
2020-02-23,Papua New Guinea,Oceania,0,0,0,0
2020-03-01,Papua New Guinea,Oceania,0,0,0,0
2020-03-08,Papua New Guinea,Oceania,0,0,0,0
2020-03-15,Papua New Guinea,Oceania,0,0,0,0
2020-03-22,Papua New Guinea,Oceania,1,1,0,0
2020-03-29,Papua New Guinea,Oceania,0,1,0,0
2020-04-05,Papua New Guinea,Oceania,0,1,0,0
2020-04-12,Papua New Guinea,Oceania,1,2,0,0
2020-04-19,Papua New Guinea,Oceania,5,7,0,0
2020-04-26,Papua New Guinea,Oceania,1,8,0,0
2020-05-03,Papua New Guinea,Oceania,0,8,0,0
2020-05-10,Papua New Guinea,Oceania,0,8,0,0
2020-05-17,Papua New Guinea,Oceania,0,8,0,0
2020-05-24,Papua New Guinea,Oceania,0,8,0,0
2020-05-31,Papua New Guinea,Oceania,0,8,0,0
2020-06-07,Papua New Guinea,Oceania,0,8,0,0
2020-06-14,Papua New Guinea,Oceania,0,8,0,0
2020-06-21,Papua New Guinea,Oceania,1,9,0,0
2020-06-28,Papua New Guinea,Oceania,2,11,0,0
2020-07-05,Papua New Guinea,Oceania,0,11,0,0
2020-07-12,Papua New Guinea,Oceania,0,11,0,0
2020-07-19,Papua New Guinea,Oceania,4,15,0,0
2020-07-26,Papua New Guinea,Oceania,24,39,0,0
2020-08-02,Papua New Guinea,Oceania,52,91,2,2
2020-08-09,Papua New Guinea,Oceania,97,188,1,3
2020-08-16,Papua New Guinea,Oceania,87,275,0,3
2020-08-23,Papua New Guinea,Oceania,86,361,1,4
2020-08-30,Papua New Guinea,Oceania,98,459,1,5
2020-09-06,Papua New Guinea,Oceania,29,488,0,5
2020-09-13,Papua New Guinea,Oceania,20,508,0,5
2020-09-20,Papua New Guinea,Oceania,8,516,1,6
2020-09-27,Papua New Guinea,Oceania,16,532,1,7
2020-10-04,Papua New Guinea,Oceania,8,540,0,7
2020-10-11,Papua New Guinea,Oceania,10,550,0,7
2020-10-18,Papua New Guinea,Oceania,31,581,0,7
2020-10-25,Papua New Guinea,Oceania,2,583,0,7
2020-11-01,Papua New Guinea,Oceania,6,589,0,7
2020-11-08,Papua New Guinea,Oceania,8,597,0,7
2020-11-15,Papua New Guinea,Oceania,3,600,0,7
2020-11-22,Papua New Guinea,Oceania,4,604,0,7
2020-11-29,Papua New Guinea,Oceania,41,645,0,7
2020-12-06,Papua New Guinea,Oceania,26,671,0,7
2020-12-13,Papua New Guinea,Oceania,49,720,1,8
2020-12-20,Papua New Guinea,Oceania,40,760,0,8
2020-12-27,Papua New Guinea,Oceania,20,780,1,9
2021-01-03,Papua New Guinea,Oceania,19,799,0,9
2021-01-10,Papua New Guinea,Oceania,12,811,0,9
2021-01-17,Papua New Guinea,Oceania,23,834,0,9
2021-01-24,Papua New Guinea,Oceania,15,849,0,9
2021-01-31,Papua New Guinea,Oceania,18,867,0,9
2021-02-07,Papua New Guinea,Oceania,28,895,0,9
2021-02-14,Papua New Guinea,Oceania,27,922,0,9
2021-02-21,Papua New Guinea,Oceania,134,1056,0,9
2021-02-28,Papua New Guinea,Oceania,260,1316,0,9
2021-03-07,Papua New Guinea,Oceania,354,1670,0,9
2021-03-14,Papua New Guinea,Oceania,599,2269,0,9
2021-03-21,Papua New Guinea,Oceania,1305,3574,0,9
2021-03-28,Papua New Guinea,Oceania,1775,5349,0,9
2021-04-04,Papua New Guinea,Oceania,1689,7038,0,9
2021-04-11,Papua New Guinea,Oceania,1564,8602,0,9
2021-04-18,Papua New Guinea,Oceania,1197,9799,0,9
2021-04-25,Papua New Guinea,Oceania,1036,10835,0,9
2021-05-02,Papua New Guinea,Oceania,438,11273,96,105
2021-05-09,Papua New Guinea,Oceania,1220,12493,16,121
2021-05-16,Papua New Guinea,Oceania,1713,14206,0,121
2021-05-23,Papua New Guinea,Oceania,1016,15222,15,136
2021-05-30,Papua New Guinea,Oceania,688,15910,26,162
2021-06-06,Papua New Guinea,Oceania,481,16391,2,164
2021-06-13,Papua New Guinea,Oceania,337,16728,1,165
2021-06-20,Papua New Guinea,Oceania,310,17038,8,173
2021-06-27,Papua New Guinea,Oceania,152,17190,1,174
2021-07-04,Papua New Guinea,Oceania,64,17254,0,174
2021-07-11,Papua New Guinea,Oceania,80,17334,5,179
2021-07-18,Papua New Guinea,Oceania,130,17464,8,187
2021-07-25,Papua New Guinea,Oceania,173,17637,5,192
2021-08-01,Papua New Guinea,Oceania,138,17775,0,192
2021-08-08,Papua New Guinea,Oceania,31,17806,0,192
2021-08-15,Papua New Guinea,Oceania,26,17832,0,192
2021-08-22,Papua New Guinea,Oceania,94,17926,0,192
2021-08-29,Papua New Guinea,Oceania,86,18012,0,192
2021-09-05,Papua New Guinea,Oceania,253,18265,0,192
2021-09-12,Papua New Guinea,Oceania,147,18412,4,196
2021-09-19,Papua New Guinea,Oceania,521,18933,13,209
2021-09-26,Papua New Guinea,Oceania,590,19523,17,226
2021-10-03,Papua New Guinea,Oceania,1509,21032,8,234
2021-10-10,Papua New Guinea,Oceania,2117,23149,11,245
2021-10-17,Papua New Guinea,Oceania,1708,24857,64,309
2021-10-24,Papua New Guinea,Oceania,3038,27895,26,335
2021-10-31,Papua New Guinea,Oceania,1918,29813,35,370
2021-11-07,Papua New Guinea,Oceania,2080,31893,43,413
2021-11-14,Papua New Guinea,Oceania,1061,32954,23,436
2021-11-21,Papua New Guinea,Oceania,1518,34472,93,529
2021-11-28,Papua New Guinea,Oceania,618,35090,16,545
2021-12-05,Papua New Guinea,Oceania,481,35571,5,550
2021-12-12,Papua New Guinea,Oceania,366,35937,36,586
2021-12-19,Papua New Guinea,Oceania,69,36006,3,589
2021-12-26,Papua New Guinea,Oceania,124,36130,1,590
2022-01-02,Papua New Guinea,Oceania,62,36192,0,590
2022-01-09,Papua New Guinea,Oceania,215,36407,1,591
2022-01-16,Papua New Guinea,Oceania,39,36446,5,596
2022-01-23,Papua New Guinea,Oceania,102,36548,1,597
2022-01-30,Papua New Guinea,Oceania,597,37145,0,597
2022-02-06,Papua New Guinea,Oceania,587,37732,0,597
2022-02-13,Papua New Guinea,Oceania,939,38671,13,610
2022-02-20,Papua New Guinea,Oceania,1433,40104,26,636
2022-02-27,Papua New Guinea,Oceania,1186,41290,2,638
2022-03-06,Papua New Guinea,Oceania,364,41654,1,639
2022-03-13,Papua New Guinea,Oceania,565,42219,0,639
2022-03-20,Papua New Guinea,Oceania,627,42846,0,639
2022-03-27,Papua New Guinea,Oceania,433,43279,1,640
2022-04-03,Papua New Guinea,Oceania,109,43388,3,643
2022-04-10,Papua New Guinea,Oceania,138,43526,0,643
2022-04-17,Papua New Guinea,Oceania,137,43663,6,649
2022-04-24,Papua New Guinea,Oceania,137,43800,0,649
2022-05-01,Papua New Guinea,Oceania,17,43817,1,650
2022-05-08,Papua New Guinea,Oceania,22,43839,1,651
2022-05-15,Papua New Guinea,Oceania,342,44181,0,651
2022-05-22,Papua New Guinea,Oceania,222,44403,0,651
2022-05-29,Papua New Guinea,Oceania,45,44448,0,651
2022-06-05,Papua New Guinea,Oceania,190,44638,0,651
2022-06-12,Papua New Guinea,Oceania,24,44662,7,658
2022-06-19,Papua New Guinea,Oceania,29,44691,0,658
2022-06-26,Papua New Guinea,Oceania,18,44709,4,662
2022-07-03,Papua New Guinea,Oceania,19,44728,0,662
2022-07-10,Papua New Guinea,Oceania,23,44751,0,662
2022-07-17,Papua New Guinea,Oceania,10,44761,0,662
2022-07-24,Papua New Guinea,Oceania,11,44772,0,662
2022-07-31,Papua New Guinea,Oceania,17,44789,1,663
2022-08-07,Papua New Guinea,Oceania,11,44800,0,663
2022-08-14,Papua New Guinea,Oceania,20,44820,0,663
2022-08-21,Papua New Guinea,Oceania,28,44848,1,664
2022-08-28,Papua New Guinea,Oceania,29,44877,0,664
2022-09-04,Papua New Guinea,Oceania,15,44892,0,664
2022-09-11,Papua New Guinea,Oceania,20,44912,0,664
2022-09-18,Papua New Guinea,Oceania,25,44937,0,664
2022-09-25,Papua New Guinea,Oceania,44,44981,0,664
2022-10-02,Papua New Guinea,Oceania,53,45034,4,668
2022-10-09,Papua New Guinea,Oceania,99,45133,0,668
2022-10-16,Papua New Guinea,Oceania,119,45252,0,668
2022-10-23,Papua New Guinea,Oceania,110,45362,0,668
2022-10-30,Papua New Guinea,Oceania,103,45465,0,668
2022-11-06,Papua New Guinea,Oceania,164,45629,0,668
2022-11-13,Papua New Guinea,Oceania,182,45811,0,668
2022-11-20,Papua New Guinea,Oceania,106,45917,0,668
2022-11-27,Papua New Guinea,Oceania,151,46068,0,668
2022-12-04,Papua New Guinea,Oceania,216,46284,0,668
2022-12-11,Papua New Guinea,Oceania,192,46476,1,669
2022-12-18,Papua New Guinea,Oceania,168,46644,0,669
2022-12-25,Papua New Guinea,Oceania,48,46692,0,669
2023-01-01,Papua New Guinea,Oceania,22,46714,0,669
2023-01-08,Papua New Guinea,Oceania,17,46731,1,670
2023-01-15,Papua New Guinea,Oceania,9,46740,0,670
2023-01-22,Papua New Guinea,Oceania,6,46746,0,670
2023-01-29,Papua New Guinea,Oceania,6,46752,0,670
2023-02-05,Papua New Guinea,Oceania,23,46775,0,670
2023-02-12,Papua New Guinea,Oceania,17,46792,0,670
2023-02-19,Papua New Guinea,Oceania,0,46792,0,670
2023-02-26,Papua New Guinea,Oceania,32,46824,0,670
2023-03-05,Papua New Guinea,Oceania,1,46825,0,670
2023-03-12,Papua New Guinea,Oceania,1,46826,0,670
2023-03-19,Papua New Guinea,Oceania,3,46829,0,670
2023-03-26,Papua New Guinea,Oceania,6,46835,0,670
2023-04-02,Papua New Guinea,Oceania,2,46837,0,670
2023-04-09,Papua New Guinea,Oceania,0,46837,0,670
2023-04-16,Papua New Guinea,Oceania,1,46838,0,670
2023-04-23,Papua New Guinea,Oceania,0,46838,0,670
2023-04-30,Papua New Guinea,Oceania,5,46843,0,670
2023-05-07,Papua New Guinea,Oceania,7,46850,0,670
2023-05-14,Papua New Guinea,Oceania,14,46864,0,670
2023-05-21,Papua New Guinea,Oceania,0,46864,0,670
2023-05-28,Papua New Guinea,Oceania,0,46864,0,670
2023-06-04,Papua New Guinea,Oceania,0,46864,0,670
2023-06-11,Papua New Guinea,Oceania,0,46864,0,670
2023-06-18,Papua New Guinea,Oceania,0,46864,0,670
2023-06-25,Papua New Guinea,Oceania,0,46864,0,670
2023-07-02,Papua New Guinea,Oceania,0,46864,0,670
2023-07-09,Papua New Guinea,Oceania,0,46864,0,670
2023-07-16,Papua New Guinea,Oceania,0,46864,0,670
2023-07-23,Papua New Guinea,Oceania,0,46864,0,670
2023-07-30,Papua New Guinea,Oceania,0,46864,0,670
2023-08-06,Papua New Guinea,Oceania,0,46864,0,670
2023-08-13,Papua New Guinea,Oceania,0,46864,-30,640
2023-08-20,Papua New Guinea,Oceania,0,46864,30,670
2023-08-27,Papua New Guinea,Oceania,0,46864,0,670
2023-09-03,Papua New Guinea,Oceania,0,46864,0,670
2023-09-10,Papua New Guinea,Oceania,0,46864,0,670
2023-09-17,Papua New Guinea,Oceania,0,46864,0,670
2023-09-24,Papua New Guinea,Oceania,0,46864,0,670
2023-10-01,Papua New Guinea,Oceania,0,46864,0,670
2023-10-08,Papua New Guinea,Oceania,0,46864,0,670
2023-10-15,Papua New Guinea,Oceania,0,46864,0,670
2023-10-22,Papua New Guinea,Oceania,0,46864,0,670
2023-10-29,Papua New Guinea,Oceania,0,46864,0,670
2023-11-05,Papua New Guinea,Oceania,0,46864,0,670
2023-11-12,Papua New Guinea,Oceania,0,46864,0,670
2023-11-19,Papua New Guinea,Oceania,0,46864,0,670
2023-11-26,Papua New Guinea,Oceania,0,46864,0,670
2023-12-03,Papua New Guinea,Oceania,0,46864,0,670
2023-12-10,Papua New Guinea,Oceania,0,46864,0,670
2023-12-17,Papua New Guinea,Oceania,0,46864,0,670
2023-12-24,Papua New Guinea,Oceania,0,46864,0,670
2023-12-31,Papua New Guinea,Oceania,0,46864,0,670
2024-01-07,Papua New Guinea,Oceania,0,46864,0,670
2024-01-14,Papua New Guinea,Oceania,0,46864,0,670
2024-01-21,Papua New Guinea,Oceania,0,46864,0,670
2024-01-28,Papua New Guinea,Oceania,0,46864,0,670
2024-02-04,Papua New Guinea,Oceania,0,46864,0,670
2024-02-11,Papua New Guinea,Oceania,0,46864,0,670
2024-02-18,Papua New Guinea,Oceania,0,46864,0,670
2024-02-25,Papua New Guinea,Oceania,0,46864,0,670
2024-03-03,Papua New Guinea,Oceania,0,46864,0,670
2024-03-10,Papua New Guinea,Oceania,0,46864,0,670
2024-03-17,Papua New Guinea,Oceania,0,46864,0,670
2024-03-24,Papua New Guinea,Oceania,0,46864,0,670
2024-03-31,Papua New Guinea,Oceania,0,46864,0,670
2024-04-07,Papua New Guinea,Oceania,0,46864,0,670
2024-04-14,Papua New Guinea,Oceania,0,46864,0,670
2024-04-21,Papua New Guinea,Oceania,0,46864,0,670
2024-04-28,Papua New Guinea,Oceania,0,46864,0,670
2024-05-05,Papua New Guinea,Oceania,0,46864,0,670
2024-05-12,Papua New Guinea,Oceania,0,46864,0,670
2024-05-19,Papua New Guinea,Oceania,0,46864,0,670
2024-05-26,Papua New Guinea,Oceania,0,46864,0,670
2024-06-02,Papua New Guinea,Oceania,0,46864,0,670
2024-06-09,Papua New Guinea,Oceania,0,46864,0,670
2024-06-16,Papua New Guinea,Oceania,0,46864,0,670
2024-06-23,Papua New Guinea,Oceania,0,46864,0,670
2024-06-30,Papua New Guinea,Oceania,0,46864,0,670
2024-07-07,Papua New Guinea,Oceania,0,46864,0,670
2024-07-14,Papua New Guinea,Oceania,0,46864,0,670
2024-07-21,Papua New Guinea,Oceania,0,46864,0,670
2024-07-28,Papua New Guinea,Oceania,0,46864,0,670
2024-08-04,Papua New Guinea,Oceania,0,46864,0,670
2024-08-11,Papua New Guinea,Oceania,0,46864,0,670
2024-08-18,Papua New Guinea,Oceania,0,46864,0,670
2024-08-25,Papua New Guinea,Oceania,0,46864,0,670
2024-09-01,Papua New Guinea,Oceania,0,46864,0,670
2020-01-05,Paraguay,South America,0,0,0,0
2020-01-12,Paraguay,South America,0,0,0,0
2020-01-19,Paraguay,South America,0,0,0,0
2020-01-26,Paraguay,South America,0,0,0,0
2020-02-02,Paraguay,South America,0,0,0,0
2020-02-09,Paraguay,South America,0,0,0,0
2020-02-16,Paraguay,South America,0,0,0,0
2020-02-23,Paraguay,South America,0,0,0,0
2020-03-01,Paraguay,South America,0,0,0,0
2020-03-08,Paraguay,South America,0,0,0,0
2020-03-15,Paraguay,South America,7,7,0,0
2020-03-22,Paraguay,South America,11,18,1,1
2020-03-29,Paraguay,South America,38,56,2,3
2020-04-05,Paraguay,South America,40,96,0,3
2020-04-12,Paraguay,South America,37,133,3,6
2020-04-19,Paraguay,South America,69,202,2,8
2020-04-26,Paraguay,South America,21,223,1,9
2020-05-03,Paraguay,South America,110,333,1,10
2020-05-10,Paraguay,South America,356,689,0,10
2020-05-17,Paraguay,South America,89,778,1,11
2020-05-24,Paraguay,South America,72,850,0,11
2020-05-31,Paraguay,South America,114,964,0,11
2020-06-07,Paraguay,South America,126,1090,0,11
2020-06-14,Paraguay,South America,171,1261,0,11
2020-06-21,Paraguay,South America,101,1362,2,13
2020-06-28,Paraguay,South America,349,1711,0,13
2020-07-05,Paraguay,South America,674,2385,7,20
2020-07-12,Paraguay,South America,351,2736,0,20
2020-07-19,Paraguay,South America,721,3457,8,28
2020-07-26,Paraguay,South America,767,4224,10,38
2020-08-02,Paraguay,South America,1114,5338,11,49
2020-08-09,Paraguay,South America,1170,6508,20,69
2020-08-16,Paraguay,South America,2514,9022,39,108
2020-08-23,Paraguay,South America,3514,12536,74,182
2020-08-30,Paraguay,South America,3338,15874,98,280
2020-09-06,Paraguay,South America,4780,20654,118,398
2020-09-13,Paraguay,South America,5858,26512,98,496
2020-09-20,Paraguay,South America,5615,32127,115,611
2020-09-27,Paraguay,South America,5099,37226,150,761
2020-10-04,Paraguay,South America,5458,42684,129,890
2020-10-11,Paraguay,South America,5591,48275,155,1045
2020-10-18,Paraguay,South America,5207,53482,121,1166
2020-10-25,Paraguay,South America,4777,58259,112,1278
2020-11-01,Paraguay,South America,4337,62596,109,1387
2020-11-08,Paraguay,South America,3885,66481,85,1472
2020-11-15,Paraguay,South America,3911,70392,84,1556
2020-11-22,Paraguay,South America,4666,75058,91,1647
2020-11-29,Paraguay,South America,5378,80436,73,1720
2020-12-06,Paraguay,South America,6063,86499,93,1813
2020-12-13,Paraguay,South America,5614,92113,114,1927
2020-12-20,Paraguay,South America,6183,98296,123,2050
2020-12-27,Paraguay,South America,5592,103888,104,2154
2021-01-03,Paraguay,South America,4461,108349,108,2262
2021-01-10,Paraguay,South America,5645,113994,110,2372
2021-01-17,Paraguay,South America,6795,120789,107,2479
2021-01-24,Paraguay,South America,5581,126370,106,2585
2021-01-31,Paraguay,South America,5516,131886,108,2693
2021-02-07,Paraguay,South America,5004,136890,98,2791
2021-02-14,Paraguay,South America,5708,142598,113,2904
2021-02-21,Paraguay,South America,7086,149684,122,3026
2021-02-28,Paraguay,South America,7919,157603,126,3152
2021-03-07,Paraguay,South America,8208,165811,126,3278
2021-03-14,Paraguay,South America,11782,177593,158,3436
2021-03-21,Paraguay,South America,12906,190499,226,3662
2021-03-28,Paraguay,South America,14205,204704,296,3958
2021-04-04,Paraguay,South America,13182,217886,336,4294
2021-04-11,Paraguay,South America,14256,232142,404,4698
2021-04-18,Paraguay,South America,14664,246806,479,5177
2021-04-25,Paraguay,South America,16328,263134,538,5715
2021-05-02,Paraguay,South America,15943,279077,670,6385
2021-05-09,Paraguay,South America,15156,294233,589,6974
2021-05-16,Paraguay,South America,15405,309638,508,7482
2021-05-23,Paraguay,South America,17591,327229,633,8115
2021-05-30,Paraguay,South America,20955,348184,777,8892
2021-06-06,Paraguay,South America,19999,368183,717,9609
2021-06-13,Paraguay,South America,19504,387687,952,10561
2021-06-20,Paraguay,South America,15705,403392,850,11411
2021-06-27,Paraguay,South America,11928,415320,804,12215
2021-07-04,Paraguay,South America,10998,426318,912,13127
2021-07-11,Paraguay,South America,9204,435522,679,13806
2021-07-18,Paraguay,South America,7856,443378,372,14178
2021-07-25,Paraguay,South America,5130,448508,372,14550
2021-08-01,Paraguay,South America,3577,452085,379,14929
2021-08-08,Paraguay,South America,2457,454542,309,15238
2021-08-15,Paraguay,South America,1942,456484,164,15402
2021-08-22,Paraguay,South America,988,457472,126,15528
2021-08-29,Paraguay,South America,757,458229,157,15685
2021-09-05,Paraguay,South America,570,458799,179,15864
2021-09-12,Paraguay,South America,408,459207,169,16033
2021-09-19,Paraguay,South America,373,459580,90,16123
2021-09-26,Paraguay,South America,199,459779,19,16142
2021-10-03,Paraguay,South America,218,459997,58,16200
2021-10-10,Paraguay,South America,174,460171,6,16206
2021-10-17,Paraguay,South America,151,460322,3,16209
2021-10-24,Paraguay,South America,357,460679,20,16229
2021-10-31,Paraguay,South America,295,460974,16,16245
2021-11-07,Paraguay,South America,301,461275,13,16258
2021-11-14,Paraguay,South America,590,461865,76,16334
2021-11-21,Paraguay,South America,333,462198,20,16354
2021-11-28,Paraguay,South America,407,462605,13,16367
2021-12-05,Paraguay,South America,655,463260,109,16476
2021-12-12,Paraguay,South America,390,463650,24,16500
2021-12-19,Paraguay,South America,876,464526,68,16568
2021-12-26,Paraguay,South America,604,465130,30,16598
2022-01-02,Paraguay,South America,2895,468025,31,16629
2022-01-09,Paraguay,South America,6312,474337,33,16662
2022-01-16,Paraguay,South America,19697,494034,58,16720
2022-01-23,Paraguay,South America,34644,528678,215,16935
2022-01-30,Paraguay,South America,36690,565368,277,17212
2022-02-06,Paraguay,South America,36448,601816,303,17515
2022-02-13,Paraguay,South America,18892,620708,329,17844
2022-02-20,Paraguay,South America,13025,633733,303,18147
2022-02-27,Paraguay,South America,6080,639813,186,18333
2022-03-06,Paraguay,South America,3529,643342,121,18454
2022-03-13,Paraguay,South America,2313,645655,68,18522
2022-03-20,Paraguay,South America,1188,646843,49,18571
2022-03-27,Paraguay,South America,919,647762,41,18612
2022-04-03,Paraguay,South America,591,648353,119,18731
2022-04-10,Paraguay,South America,93,648446,3,18734
2022-04-17,Paraguay,South America,236,648682,52,18786
2022-04-24,Paraguay,South America,352,649034,9,18795
2022-05-01,Paraguay,South America,421,649455,75,18870
2022-05-08,Paraguay,South America,263,649718,2,18872
2022-05-15,Paraguay,South America,211,649929,9,18881
2022-05-22,Paraguay,South America,354,650283,4,18885
2022-05-29,Paraguay,South America,378,650661,9,18894
2022-06-05,Paraguay,South America,607,651268,17,18911
2022-06-12,Paraguay,South America,776,652044,21,18932
2022-06-19,Paraguay,South America,1384,653428,15,18947
2022-06-26,Paraguay,South America,2104,655532,16,18963
2022-07-03,Paraguay,South America,5309,660841,31,18994
2022-07-10,Paraguay,South America,12988,673829,42,19036
2022-07-17,Paraguay,South America,14991,688820,47,19083
2022-07-24,Paraguay,South America,12240,701060,64,19147
2022-07-31,Paraguay,South America,6049,707109,73,19220
2022-08-07,Paraguay,South America,3781,710890,69,19289
2022-08-14,Paraguay,South America,2017,712907,68,19357
2022-08-21,Paraguay,South America,1433,714340,91,19448
2022-08-28,Paraguay,South America,822,715162,30,19478
2022-09-04,Paraguay,South America,407,715569,16,19494
2022-09-11,Paraguay,South America,237,715806,36,19530
2022-09-18,Paraguay,South America,203,716009,34,19564
2022-09-25,Paraguay,South America,50,716059,19,19583
2022-10-02,Paraguay,South America,484,716543,8,19591
2022-10-09,Paraguay,South America,496,717039,4,19595
2022-10-16,Paraguay,South America,221,717260,1,19596
2022-10-23,Paraguay,South America,368,717628,2,19598
2022-10-30,Paraguay,South America,327,717955,3,19601
2022-11-06,Paraguay,South America,25,717980,5,19606
2022-11-13,Paraguay,South America,69,718049,2,19608
2022-11-20,Paraguay,South America,22,718071,3,19611
2022-11-27,Paraguay,South America,93,718164,10,19621
2022-12-04,Paraguay,South America,338,718502,9,19630
2022-12-11,Paraguay,South America,724,719226,16,19646
2022-12-18,Paraguay,South America,978,720204,9,19655
2022-12-25,Paraguay,South America,1889,722093,11,19666
2023-01-01,Paraguay,South America,3272,725365,22,19688
2023-01-08,Paraguay,South America,3240,728605,28,19716
2023-01-15,Paraguay,South America,779,729384,30,19746
2023-01-22,Paraguay,South America,4045,733429,32,19778
2023-01-29,Paraguay,South America,478,733907,42,19820
2023-02-05,Paraguay,South America,269,734176,10,19830
2023-02-12,Paraguay,South America,68,734244,13,19843
2023-02-19,Paraguay,South America,596,734840,6,19849
2023-02-26,Paraguay,South America,824,735664,21,19870
2023-03-05,Paraguay,South America,45,735709,8,19878
2023-03-12,Paraguay,South America,50,735759,2,19880
2023-03-19,Paraguay,South America,0,735759,0,19880
2023-03-26,Paraguay,South America,0,735759,0,19880
2023-04-02,Paraguay,South America,0,735759,0,19880
2023-04-09,Paraguay,South America,0,735759,0,19880
2023-04-16,Paraguay,South America,0,735759,0,19880
2023-04-23,Paraguay,South America,0,735759,0,19880
2023-04-30,Paraguay,South America,0,735759,0,19880
2023-05-07,Paraguay,South America,0,735759,0,19880
2023-05-14,Paraguay,South America,0,735759,0,19880
2023-05-21,Paraguay,South America,0,735759,0,19880
2023-05-28,Paraguay,South America,0,735759,0,19880
2023-06-04,Paraguay,South America,0,735759,0,19880
2023-06-11,Paraguay,South America,0,735759,0,19880
2023-06-18,Paraguay,South America,0,735759,0,19880
2023-06-25,Paraguay,South America,0,735759,0,19880
2023-07-02,Paraguay,South America,0,735759,0,19880
2023-07-09,Paraguay,South America,0,735759,0,19880
2023-07-16,Paraguay,South America,0,735759,0,19880
2023-07-23,Paraguay,South America,0,735759,0,19880
2023-07-30,Paraguay,South America,0,735759,0,19880
2023-08-06,Paraguay,South America,0,735759,0,19880
2023-08-13,Paraguay,South America,0,735759,0,19880
2023-08-20,Paraguay,South America,0,735759,0,19880
2023-08-27,Paraguay,South America,0,735759,0,19880
2023-09-03,Paraguay,South America,0,735759,0,19880
2023-09-10,Paraguay,South America,0,735759,0,19880
2023-09-17,Paraguay,South America,0,735759,0,19880
2023-09-24,Paraguay,South America,0,735759,0,19880
2023-10-01,Paraguay,South America,0,735759,0,19880
2023-10-08,Paraguay,South America,0,735759,0,19880
2023-10-15,Paraguay,South America,0,735759,0,19880
2023-10-22,Paraguay,South America,0,735759,0,19880
2023-10-29,Paraguay,South America,0,735759,0,19880
2023-11-05,Paraguay,South America,0,735759,0,19880
2023-11-12,Paraguay,South America,0,735759,0,19880
2023-11-19,Paraguay,South America,0,735759,0,19880
2023-11-26,Paraguay,South America,0,735759,0,19880
2023-12-03,Paraguay,South America,0,735759,0,19880
2023-12-10,Paraguay,South America,0,735759,0,19880
2023-12-17,Paraguay,South America,0,735759,0,19880
2023-12-24,Paraguay,South America,0,735759,0,19880
2023-12-31,Paraguay,South America,0,735759,0,19880
2024-01-07,Paraguay,South America,0,735759,0,19880
2024-01-14,Paraguay,South America,0,735759,0,19880
2024-01-21,Paraguay,South America,0,735759,0,19880
2024-01-28,Paraguay,South America,0,735759,0,19880
2024-02-04,Paraguay,South America,0,735759,0,19880
2024-02-11,Paraguay,South America,0,735759,0,19880
2024-02-18,Paraguay,South America,0,735759,0,19880
2024-02-25,Paraguay,South America,0,735759,0,19880
2024-03-03,Paraguay,South America,0,735759,0,19880
2024-03-10,Paraguay,South America,0,735759,0,19880
2024-03-17,Paraguay,South America,0,735759,0,19880
2024-03-24,Paraguay,South America,0,735759,0,19880
2024-03-31,Paraguay,South America,0,735759,0,19880
2024-04-07,Paraguay,South America,0,735759,0,19880
2024-04-14,Paraguay,South America,0,735759,0,19880
2024-04-21,Paraguay,South America,0,735759,0,19880
2024-04-28,Paraguay,South America,0,735759,0,19880
2024-05-05,Paraguay,South America,0,735759,0,19880
2024-05-12,Paraguay,South America,0,735759,0,19880
2024-05-19,Paraguay,South America,0,735759,0,19880
2024-05-26,Paraguay,South America,0,735759,0,19880
2024-06-02,Paraguay,South America,0,735759,0,19880
2024-06-09,Paraguay,South America,0,735759,0,19880
2024-06-16,Paraguay,South America,0,735759,0,19880
2024-06-23,Paraguay,South America,0,735759,0,19880
2024-06-30,Paraguay,South America,0,735759,0,19880
2024-07-07,Paraguay,South America,0,735759,0,19880
2024-07-14,Paraguay,South America,0,735759,0,19880
2024-07-21,Paraguay,South America,0,735759,0,19880
2024-07-28,Paraguay,South America,0,735759,0,19880
2024-08-04,Paraguay,South America,0,735759,0,19880
2024-08-11,Paraguay,South America,0,735759,0,19880
2024-08-18,Paraguay,South America,0,735759,0,19880
2024-08-25,Paraguay,South America,0,735759,0,19880
2024-09-01,Paraguay,South America,0,735759,0,19880
2020-01-05,Peru,South America,0,0,0,0
2020-01-12,Peru,South America,0,0,0,0
2020-01-19,Peru,South America,0,0,0,0
2020-01-26,Peru,South America,0,0,0,0
2020-02-02,Peru,South America,0,0,0,0
2020-02-09,Peru,South America,0,0,0,0
2020-02-16,Peru,South America,0,0,0,0
2020-02-23,Peru,South America,0,0,0,0
2020-03-01,Peru,South America,0,0,0,0
2020-03-08,Peru,South America,9,9,1,1
2020-03-15,Peru,South America,38,47,2,3
2020-03-22,Peru,South America,271,318,23,26
2020-03-29,Peru,South America,317,635,45,71
2020-04-05,Peru,South America,960,1595,138,209
2020-04-12,Peru,South America,4302,5897,441,650
2020-04-19,Peru,South America,7592,13489,840,1490
2020-04-26,Peru,South America,8159,21648,1420,2910
2020-05-03,Peru,South America,18811,40459,2271,5181
2020-05-10,Peru,South America,21388,61847,3082,8263
2020-05-17,Peru,South America,22648,84495,3561,11824
2020-05-24,Peru,South America,27203,111698,3759,15583
2020-05-31,Peru,South America,36587,148285,3900,19483
2020-06-07,Peru,South America,39115,187400,4168,23651
2020-06-14,Peru,South America,33349,220749,4205,27856
2020-06-21,Peru,South America,27176,247925,4164,32020
2020-06-28,Peru,South America,24439,272364,3892,35912
2020-07-05,Peru,South America,23235,295599,3725,39637
2020-07-12,Peru,South America,24047,319646,3870,43507
2020-07-19,Peru,South America,25891,345537,4136,47643
2020-07-26,Peru,South America,30424,375961,4259,51902
2020-08-02,Peru,South America,38774,414735,4286,56188
2020-08-09,Peru,South America,49140,463875,4439,60627
2020-08-16,Peru,South America,52421,516296,4409,65036
2020-08-23,Peru,South America,59771,576067,4000,69036
2020-08-30,Peru,South America,53894,629961,3537,72573
2020-09-06,Peru,South America,46887,676848,2865,75438
2020-09-13,Peru,South America,39822,716670,2361,77799
2020-09-20,Peru,South America,39742,756412,1946,79745
2020-09-27,Peru,South America,38172,794584,1675,81420
2020-10-04,Peru,South America,26980,821564,1335,82755
2020-10-11,Peru,South America,21791,843355,1190,83945
2020-10-18,Peru,South America,19062,862417,1014,84959
2020-10-25,Peru,South America,20699,883116,917,85876
2020-11-01,Peru,South America,17064,900180,777,86653
2020-11-08,Peru,South America,17323,917503,761,87414
2020-11-15,Peru,South America,15147,932650,705,88119
2020-11-22,Peru,South America,13437,946087,664,88783
2020-11-29,Peru,South America,12237,958324,691,89474
2020-12-06,Peru,South America,12536,970860,669,90143
2020-12-13,Peru,South America,10083,980943,703,90846
2020-12-20,Peru,South America,12817,993760,811,91657
2020-12-27,Peru,South America,11786,1005546,866,92523
2021-01-03,Peru,South America,11653,1017199,1005,93528
2021-01-10,Peru,South America,12272,1029471,1295,94823
2021-01-17,Peru,South America,26552,1056023,1798,96621
2021-01-24,Peru,South America,32073,1088096,2654,99275
2021-01-31,Peru,South America,37779,1125875,3584,102859
2021-02-07,Peru,South America,47170,1173045,4093,106952
2021-02-14,Peru,South America,47703,1220748,4578,111530
2021-02-21,Peru,South America,48775,1269523,4912,116442
2021-02-28,Peru,South America,46840,1316363,4818,121260
2021-03-07,Peru,South America,41931,1358294,4832,126092
2021-03-14,Peru,South America,44316,1402610,4522,130614
2021-03-21,Peru,South America,49035,1451645,4627,135241
2021-03-28,Peru,South America,60739,1512384,4724,139965
2021-04-04,Peru,South America,55961,1568345,5142,145107
2021-04-11,Peru,South America,60174,1628519,5341,150448
2021-04-18,Peru,South America,60532,1689051,5634,156082
2021-04-25,Peru,South America,56604,1745655,5727,161809
2021-05-02,Peru,South America,53790,1799445,5363,167172
2021-05-09,Peru,South America,40020,1839465,4869,172041
2021-05-16,Peru,South America,39584,1879049,4243,176284
2021-05-23,Peru,South America,36517,1915566,3628,179912
2021-05-30,Peru,South America,31989,1947555,3131,183043
2021-06-06,Peru,South America,28611,1976166,2770,185813
2021-06-13,Peru,South America,21890,1998056,2287,188100
2021-06-20,Peru,South America,25123,2023179,1833,189933
2021-06-27,Peru,South America,20083,2043262,1514,191447
2021-07-04,Peru,South America,17082,2060344,1455,192902
2021-07-11,Peru,South America,13842,2074186,1007,193909
2021-07-18,Peru,South America,15989,2090175,1026,194935
2021-07-25,Peru,South America,10964,2101139,761,195696
2021-08-01,Peru,South America,8155,2109294,595,196291
2021-08-08,Peru,South America,13263,2122557,527,196818
2021-08-15,Peru,South America,8780,2131337,461,197279
2021-08-22,Peru,South America,8725,2140062,473,197752
2021-08-29,Peru,South America,7223,2147285,363,198115
2021-09-05,Peru,South America,5807,2153092,305,198420
2021-09-12,Peru,South America,6214,2159306,253,198673
2021-09-19,Peru,South America,6227,2165533,275,198948
2021-09-26,Peru,South America,5841,2171374,234,199182
2021-10-03,Peru,South America,5909,2177283,241,199423
2021-10-10,Peru,South America,5742,2183025,192,199615
2021-10-17,Peru,South America,5326,2188351,177,199792
2021-10-24,Peru,South America,5781,2194132,211,200003
2021-10-31,Peru,South America,5744,2199876,194,200197
2021-11-07,Peru,South America,5610,2205486,176,200373
2021-11-14,Peru,South America,7028,2212514,200,200573
2021-11-21,Peru,South America,8640,2221154,228,200801
2021-11-28,Peru,South America,10021,2231175,225,201026
2021-12-05,Peru,South America,11471,2242646,334,201360
2021-12-12,Peru,South America,8381,2251027,290,201650
2021-12-19,Peru,South America,10856,2261883,470,202120
2021-12-26,Peru,South America,11002,2272885,334,202454
2022-01-02,Peru,South America,23946,2296831,236,202690
2022-01-09,Peru,South America,45719,2342550,291,202981
2022-01-16,Peru,South America,170239,2512789,321,203302
2022-01-23,Peru,South America,326730,2839519,692,203994
2022-01-30,Peru,South America,321213,3160732,1118,205112
2022-02-06,Peru,South America,170558,3331290,1534,206646
2022-02-13,Peru,South America,93604,3424894,1319,207965
2022-02-20,Peru,South America,56858,3481752,1145,209110
2022-02-27,Peru,South America,26890,3508642,1119,210229
2022-03-06,Peru,South America,15862,3524504,766,210995
2022-03-13,Peru,South America,10183,3534687,428,211423
2022-03-20,Peru,South America,5421,3540108,328,211751
2022-03-27,Peru,South America,4230,3544338,299,212050
2022-04-03,Peru,South America,3268,3547606,206,212256
2022-04-10,Peru,South America,3185,3550791,182,212438
2022-04-17,Peru,South America,3878,3554669,158,212596
2022-04-24,Peru,South America,4674,3559343,128,212724
2022-05-01,Peru,South America,5215,3564558,86,212810
2022-05-08,Peru,South America,4468,3569026,103,212913
2022-05-15,Peru,South America,2490,3571516,100,213013
2022-05-22,Peru,South America,3360,3574876,73,213086
2022-05-29,Peru,South America,3488,3578364,69,213155
2022-06-05,Peru,South America,5039,3583403,73,213228
2022-06-12,Peru,South America,5294,3588697,80,213308
2022-06-19,Peru,South America,7680,3596377,66,213374
2022-06-26,Peru,South America,14746,3611123,69,213443
2022-07-03,Peru,South America,18673,3629796,83,213526
2022-07-10,Peru,South America,32889,3662685,126,213652
2022-07-17,Peru,South America,67194,3729879,117,213769
2022-07-24,Peru,South America,86925,3816804,184,213953
2022-07-31,Peru,South America,78692,3895496,242,214195
2022-08-07,Peru,South America,55999,3951495,351,214546
2022-08-14,Peru,South America,62336,4013831,344,214890
2022-08-21,Peru,South America,47526,4061357,378,215268
2022-08-28,Peru,South America,33295,4094652,288,215556
2022-09-04,Peru,South America,16393,4111045,234,215790
2022-09-11,Peru,South America,12390,4123435,255,216045
2022-09-18,Peru,South America,7702,4131137,219,216264
2022-09-25,Peru,South America,8992,4140129,182,216446
2022-10-02,Peru,South America,4287,4144416,129,216575
2022-10-09,Peru,South America,4041,4148457,152,216727
2022-10-16,Peru,South America,1664,4150121,128,216855
2022-10-23,Peru,South America,1898,4152019,22,216877
2022-10-30,Peru,South America,2317,4154336,65,216942
2022-11-06,Peru,South America,5615,4159951,120,217062
2022-11-13,Peru,South America,9800,4169751,110,217172
2022-11-20,Peru,South America,14440,4184191,57,217229
2022-11-27,Peru,South America,32877,4217068,110,217339
2022-12-04,Peru,South America,61929,4278997,102,217441
2022-12-11,Peru,South America,71516,4350513,183,217624
2022-12-18,Peru,South America,55330,4405843,197,217821
2022-12-25,Peru,South America,32935,4438778,186,218007
2023-01-01,Peru,South America,15458,4454236,194,218201
2023-01-08,Peru,South America,12095,4466331,155,218356
2023-01-15,Peru,South America,7490,4473821,134,218490
2023-01-22,Peru,South America,4134,4477955,116,218606
2023-01-29,Peru,South America,2873,4480828,123,218729
2023-02-05,Peru,South America,1482,4482310,356,219085
2023-02-12,Peru,South America,1133,4483443,165,219250
2023-02-19,Peru,South America,1088,4484531,68,219318
2023-02-26,Peru,South America,751,4485282,77,219395
2023-03-05,Peru,South America,1383,4486665,90,219485
2023-03-12,Peru,South America,1291,4487956,77,219562
2023-03-19,Peru,South America,1191,4489147,75,219637
2023-03-26,Peru,South America,1649,4490796,72,219709
2023-04-02,Peru,South America,2095,4492891,75,219784
2023-04-09,Peru,South America,0,4492891,82,219866
2023-04-16,Peru,South America,4005,4496896,125,219991
2023-04-23,Peru,South America,2459,4499355,82,220073
2023-04-30,Peru,South America,1775,4501130,49,220122
2023-05-07,Peru,South America,2092,4503222,74,220196
2023-05-14,Peru,South America,1998,4505220,320,220516
2023-05-21,Peru,South America,0,4505220,0,220516
2023-05-28,Peru,South America,0,4505220,0,220516
2023-06-04,Peru,South America,0,4505220,0,220516
2023-06-11,Peru,South America,0,4505220,0,220516
2023-06-18,Peru,South America,0,4505220,0,220516
2023-06-25,Peru,South America,0,4505220,0,220516
2023-07-02,Peru,South America,0,4505220,0,220516
2023-07-09,Peru,South America,0,4505220,0,220516
2023-07-16,Peru,South America,0,4505220,0,220516
2023-07-23,Peru,South America,0,4505220,0,220516
2023-07-30,Peru,South America,0,4505220,0,220516
2023-08-06,Peru,South America,0,4505220,0,220516
2023-08-13,Peru,South America,0,4505220,0,220516
2023-08-20,Peru,South America,0,4505220,0,220516
2023-08-27,Peru,South America,0,4505220,0,220516
2023-09-03,Peru,South America,0,4505220,0,220516
2023-09-10,Peru,South America,0,4505220,0,220516
2023-09-17,Peru,South America,0,4505220,0,220516
2023-09-24,Peru,South America,0,4505220,0,220516
2023-10-01,Peru,South America,0,4505220,0,220516
2023-10-08,Peru,South America,0,4505220,0,220516
2023-10-15,Peru,South America,0,4505220,0,220516
2023-10-22,Peru,South America,0,4505220,0,220516
2023-10-29,Peru,South America,0,4505220,0,220516
2023-11-05,Peru,South America,0,4505220,0,220516
2023-11-12,Peru,South America,0,4505220,0,220516
2023-11-19,Peru,South America,0,4505220,0,220516
2023-11-26,Peru,South America,0,4505220,0,220516
2023-12-03,Peru,South America,0,4505220,0,220516
2023-12-10,Peru,South America,0,4505220,0,220516
2023-12-17,Peru,South America,0,4505220,0,220516
2023-12-24,Peru,South America,0,4505220,0,220516
2023-12-31,Peru,South America,0,4505220,0,220516
2024-01-07,Peru,South America,9150,4514370,73,220589
2024-01-14,Peru,South America,4662,4519032,99,220688
2024-01-21,Peru,South America,2404,4521436,68,220756
2024-01-28,Peru,South America,2167,4523603,61,220817
2024-02-04,Peru,South America,649,4524252,36,220853
2024-02-11,Peru,South America,445,4524697,32,220885
2024-02-18,Peru,South America,344,4525041,19,220904
2024-02-25,Peru,South America,290,4525331,16,220920
2024-03-03,Peru,South America,267,4525598,5,220925
2024-03-10,Peru,South America,201,4525799,9,220934
2024-03-17,Peru,South America,156,4525955,9,220943
2024-03-24,Peru,South America,108,4526063,6,220949
2024-03-31,Peru,South America,88,4526151,4,220953
2024-04-07,Peru,South America,101,4526252,3,220956
2024-04-14,Peru,South America,95,4526347,3,220959
2024-04-21,Peru,South America,49,4526396,2,220961
2024-04-28,Peru,South America,24,4526420,2,220963
2024-05-05,Peru,South America,79,4526499,3,220966
2024-05-12,Peru,South America,45,4526544,1,220967
2024-05-19,Peru,South America,46,4526590,2,220969
2024-05-26,Peru,South America,54,4526644,2,220971
2024-06-02,Peru,South America,68,4526712,1,220972
2024-06-09,Peru,South America,69,4526781,2,220974
2024-06-16,Peru,South America,107,4526888,1,220975
2024-06-23,Peru,South America,73,4526961,0,220975
2024-06-30,Peru,South America,16,4526977,0,220975
2024-07-07,Peru,South America,0,4526977,0,220975
2024-07-14,Peru,South America,0,4526977,0,220975
2024-07-21,Peru,South America,0,4526977,0,220975
2024-07-28,Peru,South America,0,4526977,0,220975
2024-08-04,Peru,South America,0,4526977,0,220975
2024-08-11,Peru,South America,0,4526977,0,220975
2024-08-18,Peru,South America,0,4526977,0,220975
2024-08-25,Peru,South America,0,4526977,0,220975
2024-09-01,Peru,South America,0,4526977,0,220975
2020-01-05,Philippines,Asia,0,0,0,0
2020-01-12,Philippines,Asia,0,0,0,0
2020-01-19,Philippines,Asia,0,0,0,0
2020-01-26,Philippines,Asia,0,0,0,0
2020-02-02,Philippines,Asia,1,1,1,1
2020-02-09,Philippines,Asia,2,3,0,1
2020-02-16,Philippines,Asia,0,3,0,1
2020-02-23,Philippines,Asia,0,3,0,1
2020-03-01,Philippines,Asia,0,3,0,1
2020-03-08,Philippines,Asia,3,6,0,1
2020-03-15,Philippines,Asia,105,111,10,11
2020-03-22,Philippines,Asia,196,307,14,25
2020-03-29,Philippines,Asia,768,1075,43,68
2020-04-05,Philippines,Asia,2019,3094,76,144
2020-04-12,Philippines,Asia,1334,4428,103,247
2020-04-19,Philippines,Asia,1659,6087,150,397
2020-04-26,Philippines,Asia,1207,7294,97,494
2020-05-03,Philippines,Asia,1634,8928,109,603
2020-05-10,Philippines,Asia,1682,10610,101,704
2020-05-17,Philippines,Asia,1695,12305,113,817
2020-05-24,Philippines,Asia,1472,13777,46,863
2020-05-31,Philippines,Asia,3447,17224,87,950
2020-06-07,Philippines,Asia,4116,21340,44,994
2020-06-14,Philippines,Asia,4051,25391,81,1075
2020-06-21,Philippines,Asia,4008,29399,75,1150
2020-06-28,Philippines,Asia,5403,34802,86,1236
2020-07-05,Philippines,Asia,7028,41830,54,1290
2020-07-12,Philippines,Asia,12305,54135,82,1372
2020-07-19,Philippines,Asia,11080,65215,401,1773
2020-07-26,Philippines,Asia,13123,78338,124,1897
2020-08-02,Philippines,Asia,19815,98153,142,2039
2020-08-09,Philippines,Asia,28651,126804,170,2209
2020-08-16,Philippines,Asia,31114,157918,391,2600
2020-08-23,Philippines,Asia,29305,187223,366,2966
2020-08-30,Philippines,Asia,25889,213112,453,3419
2020-09-06,Philippines,Asia,21414,234526,371,3790
2020-09-13,Philippines,Asia,23337,257863,502,4292
2020-09-20,Philippines,Asia,25568,283431,638,4930
2020-09-27,Philippines,Asia,17800,301231,354,5284
2020-10-04,Philippines,Asia,18076,319307,394,5678
2020-10-11,Philippines,Asia,17532,336839,560,6238
2020-10-18,Philippines,Asia,17414,354253,365,6603
2020-10-25,Philippines,Asia,13552,367805,331,6934
2020-11-01,Philippines,Asia,12912,380717,287,7221
2020-11-08,Philippines,Asia,13236,393953,264,7485
2020-11-15,Philippines,Asia,12355,406308,306,7791
2020-11-22,Philippines,Asia,10542,416850,289,8080
2020-11-29,Philippines,Asia,10940,427790,253,8333
2020-12-06,Philippines,Asia,10276,438066,193,8526
2020-12-13,Philippines,Asia,10265,448331,204,8730
2020-12-20,Philippines,Asia,9704,458035,181,8911
2020-12-27,Philippines,Asia,10968,469003,156,9067
2021-01-03,Philippines,Asia,8799,477802,186,9253
2021-01-10,Philippines,Asia,9882,487684,145,9398
2021-01-17,Philippines,Asia,12889,500573,486,9884
2021-01-24,Philippines,Asia,13046,513619,306,10190
2021-01-31,Philippines,Asia,11995,525614,479,10669
2021-02-07,Philippines,Asia,11691,537305,441,11110
2021-02-14,Philippines,Asia,11870,549175,397,11507
2021-02-21,Philippines,Asia,11993,561168,561,12068
2021-02-28,Philippines,Asia,15176,576344,221,12289
2021-03-07,Philippines,Asia,18063,594407,176,12465
2021-03-14,Philippines,Asia,27082,621489,301,12766
2021-03-21,Philippines,Asia,42284,663773,164,12930
2021-03-28,Philippines,Asia,58105,721878,229,13159
2021-04-04,Philippines,Asia,73165,795043,264,13423
2021-04-11,Philippines,Asia,69804,864847,1321,14744
2021-04-18,Philippines,Asia,71270,936117,1066,15810
2021-04-25,Philippines,Asia,61382,997499,864,16674
2021-05-02,Philippines,Asia,57471,1054970,757,17431
2021-05-09,Philippines,Asia,47010,1101980,1041,18472
2021-05-16,Philippines,Asia,41966,1143946,719,19191
2021-05-23,Philippines,Asia,35845,1179791,760,19951
2021-05-30,Philippines,Asia,43826,1223617,909,20860
2021-06-06,Philippines,Asia,45848,1269465,1038,21898
2021-06-13,Philippines,Asia,46162,1315627,890,22788
2021-06-20,Philippines,Asia,43363,1358990,833,23621
2021-06-27,Philippines,Asia,38994,1397984,751,24372
2021-07-04,Philippines,Asia,38370,1436354,777,25149
2021-07-11,Philippines,Asia,36509,1472863,766,25915
2021-07-18,Philippines,Asia,34882,1507745,799,26714
2021-07-25,Philippines,Asia,40987,1548732,510,27224
2021-08-01,Philippines,Asia,48863,1597595,792,28016
2021-08-08,Philippines,Asia,61219,1658814,1106,29122
2021-08-15,Philippines,Asia,82422,1741236,1218,30340
2021-08-22,Philippines,Asia,98078,1839314,1470,31810
2021-08-29,Philippines,Asia,114522,1953836,1299,33109
2021-09-05,Philippines,Asia,127080,2080916,1125,34234
2021-09-12,Philippines,Asia,146410,2227326,911,35145
2021-09-19,Philippines,Asia,139353,2366679,1643,36788
2021-09-26,Philippines,Asia,124120,2490799,617,37405
2021-10-03,Philippines,Asia,102493,2593292,1363,38768
2021-10-10,Philippines,Asia,73230,2666522,856,39624
2021-10-17,Philippines,Asia,53821,2720343,1051,40675
2021-10-24,Philippines,Asia,36559,2756902,1118,41793
2021-10-31,Philippines,Asia,30356,2787258,1379,43172
2021-11-07,Philippines,Asia,15949,2803207,1258,44430
2021-11-14,Philippines,Asia,13757,2816964,1151,45581
2021-11-21,Philippines,Asia,8905,2825869,1493,47074
2021-11-28,Philippines,Asia,5841,2831710,1287,48361
2021-12-05,Philippines,Asia,2901,2834611,1025,49386
2021-12-12,Philippines,Asia,1832,2836443,894,50280
2021-12-19,Philippines,Asia,1019,2837462,459,50739
2021-12-26,Philippines,Asia,1012,2838474,461,51200
2022-01-02,Philippines,Asia,13261,2851735,370,51570
2022-01-09,Philippines,Asia,113626,2965361,580,52150
2022-01-16,Philippines,Asia,239943,3205304,757,52907
2022-01-23,Philippines,Asia,211814,3417118,565,53472
2022-01-30,Philippines,Asia,128538,3545656,419,53891
2022-02-06,Philippines,Asia,63896,3609552,635,54526
2022-02-13,Philippines,Asia,27660,3637212,404,54930
2022-02-20,Philippines,Asia,14887,3652099,754,55684
2022-02-27,Philippines,Asia,8947,3661046,717,56401
2022-03-06,Philippines,Asia,6489,3667535,622,57023
2022-03-13,Philippines,Asia,3204,3670739,587,57610
2022-03-20,Philippines,Asia,3540,3674279,653,58263
2022-03-27,Philippines,Asia,2710,3676989,752,59015
2022-04-03,Philippines,Asia,2186,3679175,328,59343
2022-04-10,Philippines,Asia,1871,3681046,426,59769
2022-04-17,Philippines,Asia,1647,3682693,200,59969
2022-04-24,Philippines,Asia,1437,3684130,213,60182
2022-05-01,Philippines,Asia,1377,3685507,215,60397
2022-05-08,Philippines,Asia,1117,3686624,42,60439
2022-05-15,Philippines,Asia,1105,3687729,13,60452
2022-05-22,Philippines,Asia,1212,3688941,3,60455
2022-05-29,Philippines,Asia,1313,3690254,0,60455
2022-06-05,Philippines,Asia,1291,3691545,1,60456
2022-06-12,Philippines,Asia,1677,3693222,5,60461
2022-06-19,Philippines,Asia,3042,3696264,6,60467
2022-06-26,Philippines,Asia,4612,3700876,51,60518
2022-07-03,Philippines,Asia,6072,3706948,84,60602
2022-07-10,Philippines,Asia,9501,3716449,38,60640
2022-07-17,Philippines,Asia,14092,3730541,1,60641
2022-07-24,Philippines,Asia,18336,3748877,53,60694
2022-07-31,Philippines,Asia,23591,3772468,43,60737
2022-08-07,Philippines,Asia,26866,3799334,100,60837
2022-08-14,Philippines,Asia,28425,3827759,241,61078
2022-08-21,Philippines,Asia,24402,3852161,308,61386
2022-08-28,Philippines,Asia,20162,3872323,334,61720
2022-09-04,Philippines,Asia,16774,3889097,342,62062
2022-09-11,Philippines,Asia,17160,3906257,280,62342
2022-09-18,Philippines,Asia,12069,3918326,245,62587
2022-09-25,Philippines,Asia,16357,3934683,232,62819
2022-10-02,Philippines,Asia,17086,3951769,223,63042
2022-10-09,Philippines,Asia,13995,3965764,255,63297
2022-10-16,Philippines,Asia,14880,3980644,250,63547
2022-10-23,Philippines,Asia,12405,3993049,267,63814
2022-10-30,Philippines,Asia,9040,4002089,260,64074
2022-11-06,Philippines,Asia,6367,4008456,217,64291
2022-11-13,Philippines,Asia,7939,4016395,114,64405
2022-11-20,Philippines,Asia,8459,4024854,80,64485
2022-11-27,Philippines,Asia,7502,4032356,123,64608
2022-12-04,Philippines,Asia,7494,4039850,142,64750
2022-12-11,Philippines,Asia,8058,4047908,152,64902
2022-12-18,Philippines,Asia,7358,4055266,192,65094
2022-12-25,Philippines,Asia,4103,4059369,168,65262
2023-01-01,Philippines,Asia,3290,4062659,153,65415
2023-01-08,Philippines,Asia,4552,4067211,36,65451
2023-01-15,Philippines,Asia,2797,4070008,0,65451
2023-01-22,Philippines,Asia,1556,4071564,0,65451
2023-01-29,Philippines,Asia,1181,4072745,0,65451
2023-02-05,Philippines,Asia,1045,4073790,400,65851
2023-02-12,Philippines,Asia,678,4074468,98,65949
2023-02-19,Philippines,Asia,914,4075382,72,66021
2023-02-26,Philippines,Asia,738,4076120,76,66097
2023-03-05,Philippines,Asia,738,4076858,56,66153
2023-03-12,Philippines,Asia,890,4077748,57,66210
2023-03-19,Philippines,Asia,1061,4078809,62,66272
2023-03-26,Philippines,Asia,1163,4079972,60,66332
2023-04-02,Philippines,Asia,1541,4081513,58,66390
2023-04-09,Philippines,Asia,1988,4083501,30,66420
2023-04-16,Philippines,Asia,2025,4085526,19,66439
2023-04-23,Philippines,Asia,2438,4087964,5,66444
2023-04-30,Philippines,Asia,3890,4091854,0,66444
2023-05-07,Philippines,Asia,9014,4100868,9,66453
2023-05-14,Philippines,Asia,12225,4113093,0,66453
2023-05-21,Philippines,Asia,12623,4125716,13,66466
2023-05-28,Philippines,Asia,11724,4137440,0,66466
2023-06-04,Philippines,Asia,9689,4147129,10,66476
2023-06-11,Philippines,Asia,7061,4154190,5,66481
2023-06-18,Philippines,Asia,4394,4158584,1,66482
2023-06-25,Philippines,Asia,3647,4162231,0,66482
2023-07-02,Philippines,Asia,2845,4165076,2,66484
2023-07-09,Philippines,Asia,423,4165499,0,66484
2023-07-16,Philippines,Asia,2510,4168009,0,66484
2023-07-23,Philippines,Asia,1938,4169947,26,66510
2023-07-30,Philippines,Asia,1671,4171618,32,66542
2023-08-06,Philippines,Asia,1859,4173477,84,66626
2023-08-13,Philippines,Asia,154,4173631,20,66646
2023-08-20,Philippines,Asia,-65079,4108552,0,66646
2023-08-27,Philippines,Asia,342,4108894,10,66656
2023-09-03,Philippines,Asia,1311,4110205,5,66661
2023-09-10,Philippines,Asia,138,4110343,6,66667
2023-09-17,Philippines,Asia,988,4111331,14,66681
2023-09-24,Philippines,Asia,962,4112293,4,66685
2023-10-01,Philippines,Asia,1141,4113434,11,66696
2023-10-08,Philippines,Asia,1246,4114680,0,66696
2023-10-15,Philippines,Asia,1034,4115714,6,66702
2023-10-22,Philippines,Asia,1469,4117183,12,66714
2023-10-29,Philippines,Asia,1198,4118381,0,66714
2023-11-05,Philippines,Asia,1097,4119478,22,66736
2023-11-12,Philippines,Asia,933,4120411,0,66736
2023-11-19,Philippines,Asia,914,4121325,10,66746
2023-11-26,Philippines,Asia,1333,4122658,0,66746
2023-12-03,Philippines,Asia,1262,4123920,9,66755
2023-12-10,Philippines,Asia,1163,4125083,11,66766
2023-12-17,Philippines,Asia,1377,4126460,13,66779
2023-12-24,Philippines,Asia,2501,4128961,0,66779
2023-12-31,Philippines,Asia,3239,4132200,16,66795
2024-01-07,Philippines,Asia,3145,4135345,18,66813
2024-01-14,Philippines,Asia,3219,4138564,43,66856
2024-01-21,Philippines,Asia,1819,4140383,8,66864
2024-01-28,Philippines,Asia,0,4140383,0,66864
2024-02-04,Philippines,Asia,0,4140383,0,66864
2024-02-11,Philippines,Asia,0,4140383,0,66864
2024-02-18,Philippines,Asia,0,4140383,0,66864
2024-02-25,Philippines,Asia,0,4140383,0,66864
2024-03-03,Philippines,Asia,0,4140383,0,66864
2024-03-10,Philippines,Asia,0,4140383,0,66864
2024-03-17,Philippines,Asia,0,4140383,0,66864
2024-03-24,Philippines,Asia,0,4140383,0,66864
2024-03-31,Philippines,Asia,0,4140383,0,66864
2024-04-07,Philippines,Asia,0,4140383,0,66864
2024-04-14,Philippines,Asia,0,4140383,0,66864
2024-04-21,Philippines,Asia,0,4140383,0,66864
2024-04-28,Philippines,Asia,0,4140383,0,66864
2024-05-05,Philippines,Asia,0,4140383,0,66864
2024-05-12,Philippines,Asia,0,4140383,0,66864
2024-05-19,Philippines,Asia,0,4140383,0,66864
2024-05-26,Philippines,Asia,0,4140383,0,66864
2024-06-02,Philippines,Asia,0,4140383,0,66864
2024-06-09,Philippines,Asia,0,4140383,0,66864
2024-06-16,Philippines,Asia,0,4140383,0,66864
2024-06-23,Philippines,Asia,0,4140383,0,66864
2024-06-30,Philippines,Asia,0,4140383,0,66864
2024-07-07,Philippines,Asia,0,4140383,0,66864
2024-07-14,Philippines,Asia,0,4140383,0,66864
2024-07-21,Philippines,Asia,0,4140383,0,66864
2024-07-28,Philippines,Asia,0,4140383,0,66864
2024-08-04,Philippines,Asia,0,4140383,0,66864
2024-08-11,Philippines,Asia,0,4140383,0,66864
2024-08-18,Philippines,Asia,0,4140383,0,66864
2024-08-25,Philippines,Asia,0,4140383,0,66864
2024-09-01,Philippines,Asia,0,4140383,0,66864
2020-01-05,Pitcairn,island,0,0,0,0
2020-01-12,Pitcairn,island,0,0,0,0
2020-01-19,Pitcairn,island,0,0,0,0
2020-01-26,Pitcairn,island,0,0,0,0
2020-02-02,Pitcairn,island,0,0,0,0
2020-02-09,Pitcairn,island,0,0,0,0
2020-02-16,Pitcairn,island,0,0,0,0
2020-02-23,Pitcairn,island,0,0,0,0
2020-03-01,Pitcairn,island,0,0,0,0
2020-03-08,Pitcairn,island,0,0,0,0
2020-03-15,Pitcairn,island,0,0,0,0
2020-03-22,Pitcairn,island,0,0,0,0
2020-03-29,Pitcairn,island,0,0,0,0
2020-04-05,Pitcairn,island,0,0,0,0
2020-04-12,Pitcairn,island,0,0,0,0
2020-04-19,Pitcairn,island,0,0,0,0
2020-04-26,Pitcairn,island,0,0,0,0
2020-05-03,Pitcairn,island,0,0,0,0
2020-05-10,Pitcairn,island,0,0,0,0
2020-05-17,Pitcairn,island,0,0,0,0
2020-05-24,Pitcairn,island,0,0,0,0
2020-05-31,Pitcairn,island,0,0,0,0
2020-06-07,Pitcairn,island,0,0,0,0
2020-06-14,Pitcairn,island,0,0,0,0
2020-06-21,Pitcairn,island,0,0,0,0
2020-06-28,Pitcairn,island,0,0,0,0
2020-07-05,Pitcairn,island,0,0,0,0
2020-07-12,Pitcairn,island,0,0,0,0
2020-07-19,Pitcairn,island,0,0,0,0
2020-07-26,Pitcairn,island,0,0,0,0
2020-08-02,Pitcairn,island,0,0,0,0
2020-08-09,Pitcairn,island,0,0,0,0
2020-08-16,Pitcairn,island,0,0,0,0
2020-08-23,Pitcairn,island,0,0,0,0
2020-08-30,Pitcairn,island,0,0,0,0
2020-09-06,Pitcairn,island,0,0,0,0
2020-09-13,Pitcairn,island,0,0,0,0
2020-09-20,Pitcairn,island,0,0,0,0
2020-09-27,Pitcairn,island,0,0,0,0
2020-10-04,Pitcairn,island,0,0,0,0
2020-10-11,Pitcairn,island,0,0,0,0
2020-10-18,Pitcairn,island,0,0,0,0
2020-10-25,Pitcairn,island,0,0,0,0
2020-11-01,Pitcairn,island,0,0,0,0
2020-11-08,Pitcairn,island,0,0,0,0
2020-11-15,Pitcairn,island,0,0,0,0
2020-11-22,Pitcairn,island,0,0,0,0
2020-11-29,Pitcairn,island,0,0,0,0
2020-12-06,Pitcairn,island,0,0,0,0
2020-12-13,Pitcairn,island,0,0,0,0
2020-12-20,Pitcairn,island,0,0,0,0
2020-12-27,Pitcairn,island,0,0,0,0
2021-01-03,Pitcairn,island,0,0,0,0
2021-01-10,Pitcairn,island,0,0,0,0
2021-01-17,Pitcairn,island,0,0,0,0
2021-01-24,Pitcairn,island,0,0,0,0
2021-01-31,Pitcairn,island,0,0,0,0
2021-02-07,Pitcairn,island,0,0,0,0
2021-02-14,Pitcairn,island,0,0,0,0
2021-02-21,Pitcairn,island,0,0,0,0
2021-02-28,Pitcairn,island,0,0,0,0
2021-03-07,Pitcairn,island,0,0,0,0
2021-03-14,Pitcairn,island,0,0,0,0
2021-03-21,Pitcairn,island,0,0,0,0
2021-03-28,Pitcairn,island,0,0,0,0
2021-04-04,Pitcairn,island,0,0,0,0
2021-04-11,Pitcairn,island,0,0,0,0
2021-04-18,Pitcairn,island,0,0,0,0
2021-04-25,Pitcairn,island,0,0,0,0
2021-05-02,Pitcairn,island,0,0,0,0
2021-05-09,Pitcairn,island,0,0,0,0
2021-05-16,Pitcairn,island,0,0,0,0
2021-05-23,Pitcairn,island,0,0,0,0
2021-05-30,Pitcairn,island,0,0,0,0
2021-06-06,Pitcairn,island,0,0,0,0
2021-06-13,Pitcairn,island,0,0,0,0
2021-06-20,Pitcairn,island,0,0,0,0
2021-06-27,Pitcairn,island,0,0,0,0
2021-07-04,Pitcairn,island,0,0,0,0
2021-07-11,Pitcairn,island,0,0,0,0
2021-07-18,Pitcairn,island,0,0,0,0
2021-07-25,Pitcairn,island,0,0,0,0
2021-08-01,Pitcairn,island,0,0,0,0
2021-08-08,Pitcairn,island,0,0,0,0
2021-08-15,Pitcairn,island,0,0,0,0
2021-08-22,Pitcairn,island,0,0,0,0
2021-08-29,Pitcairn,island,0,0,0,0
2021-09-05,Pitcairn,island,0,0,0,0
2021-09-12,Pitcairn,island,0,0,0,0
2021-09-19,Pitcairn,island,0,0,0,0
2021-09-26,Pitcairn,island,0,0,0,0
2021-10-03,Pitcairn,island,0,0,0,0
2021-10-10,Pitcairn,island,0,0,0,0
2021-10-17,Pitcairn,island,0,0,0,0
2021-10-24,Pitcairn,island,0,0,0,0
2021-10-31,Pitcairn,island,0,0,0,0
2021-11-07,Pitcairn,island,0,0,0,0
2021-11-14,Pitcairn,island,0,0,0,0
2021-11-21,Pitcairn,island,0,0,0,0
2021-11-28,Pitcairn,island,0,0,0,0
2021-12-05,Pitcairn,island,0,0,0,0
2021-12-12,Pitcairn,island,0,0,0,0
2021-12-19,Pitcairn,island,0,0,0,0
2021-12-26,Pitcairn,island,0,0,0,0
2022-01-02,Pitcairn,island,0,0,0,0
2022-01-09,Pitcairn,island,0,0,0,0
2022-01-16,Pitcairn,island,0,0,0,0
2022-01-23,Pitcairn,island,0,0,0,0
2022-01-30,Pitcairn,island,0,0,0,0
2022-02-06,Pitcairn,island,0,0,0,0
2022-02-13,Pitcairn,island,0,0,0,0
2022-02-20,Pitcairn,island,0,0,0,0
2022-02-27,Pitcairn,island,0,0,0,0
2022-03-06,Pitcairn,island,0,0,0,0
2022-03-13,Pitcairn,island,0,0,0,0
2022-03-20,Pitcairn,island,0,0,0,0
2022-03-27,Pitcairn,island,0,0,0,0
2022-04-03,Pitcairn,island,0,0,0,0
2022-04-10,Pitcairn,island,0,0,0,0
2022-04-17,Pitcairn,island,0,0,0,0
2022-04-24,Pitcairn,island,0,0,0,0
2022-05-01,Pitcairn,island,0,0,0,0
2022-05-08,Pitcairn,island,0,0,0,0
2022-05-15,Pitcairn,island,0,0,0,0
2022-05-22,Pitcairn,island,0,0,0,0
2022-05-29,Pitcairn,island,0,0,0,0
2022-06-05,Pitcairn,island,0,0,0,0
2022-06-12,Pitcairn,island,0,0,0,0
2022-06-19,Pitcairn,island,0,0,0,0
2022-06-26,Pitcairn,island,0,0,0,0
2022-07-03,Pitcairn,island,0,0,0,0
2022-07-10,Pitcairn,island,0,0,0,0
2022-07-17,Pitcairn,island,0,0,0,0
2022-07-24,Pitcairn,island,4,4,0,0
2022-07-31,Pitcairn,island,0,4,0,0
2022-08-07,Pitcairn,island,0,4,0,0
2022-08-14,Pitcairn,island,0,4,0,0
2022-08-21,Pitcairn,island,0,4,0,0
2022-08-28,Pitcairn,island,0,4,0,0
2022-09-04,Pitcairn,island,0,4,0,0
2022-09-11,Pitcairn,island,0,4,0,0
2022-09-18,Pitcairn,island,0,4,0,0
2022-09-25,Pitcairn,island,0,4,0,0
2022-10-02,Pitcairn,island,0,4,0,0
2022-10-09,Pitcairn,island,0,4,0,0
2022-10-16,Pitcairn,island,0,4,0,0
2022-10-23,Pitcairn,island,0,4,0,0
2022-10-30,Pitcairn,island,0,4,0,0
2022-11-06,Pitcairn,island,0,4,0,0
2022-11-13,Pitcairn,island,0,4,0,0
2022-11-20,Pitcairn,island,0,4,0,0
2022-11-27,Pitcairn,island,0,4,0,0
2022-12-04,Pitcairn,island,0,4,0,0
2022-12-11,Pitcairn,island,0,4,0,0
2022-12-18,Pitcairn,island,0,4,0,0
2022-12-25,Pitcairn,island,0,4,0,0
2023-01-01,Pitcairn,island,0,4,0,0
2023-01-08,Pitcairn,island,0,4,0,0
2023-01-15,Pitcairn,island,0,4,0,0
2023-01-22,Pitcairn,island,0,4,0,0
2023-01-29,Pitcairn,island,0,4,0,0
2023-02-05,Pitcairn,island,0,4,0,0
2023-02-12,Pitcairn,island,0,4,0,0
2023-02-19,Pitcairn,island,0,4,0,0
2023-02-26,Pitcairn,island,0,4,0,0
2023-03-05,Pitcairn,island,0,4,0,0
2023-03-12,Pitcairn,island,0,4,0,0
2023-03-19,Pitcairn,island,0,4,0,0
2023-03-26,Pitcairn,island,0,4,0,0
2023-04-02,Pitcairn,island,0,4,0,0
2023-04-09,Pitcairn,island,0,4,0,0
2023-04-16,Pitcairn,island,0,4,0,0
2023-04-23,Pitcairn,island,0,4,0,0
2023-04-30,Pitcairn,island,0,4,0,0
2023-05-07,Pitcairn,island,0,4,0,0
2023-05-14,Pitcairn,island,0,4,0,0
2023-05-21,Pitcairn,island,0,4,0,0
2023-05-28,Pitcairn,island,0,4,0,0
2023-06-04,Pitcairn,island,0,4,0,0
2023-06-11,Pitcairn,island,0,4,0,0
2023-06-18,Pitcairn,island,0,4,0,0
2023-06-25,Pitcairn,island,0,4,0,0
2023-07-02,Pitcairn,island,0,4,0,0
2023-07-09,Pitcairn,island,0,4,0,0
2023-07-16,Pitcairn,island,0,4,0,0
2023-07-23,Pitcairn,island,0,4,0,0
2023-07-30,Pitcairn,island,0,4,0,0
2023-08-06,Pitcairn,island,0,4,0,0
2023-08-13,Pitcairn,island,0,4,0,0
2023-08-20,Pitcairn,island,0,4,0,0
2023-08-27,Pitcairn,island,0,4,0,0
2023-09-03,Pitcairn,island,0,4,0,0
2023-09-10,Pitcairn,island,0,4,0,0
2023-09-17,Pitcairn,island,0,4,0,0
2023-09-24,Pitcairn,island,0,4,0,0
2023-10-01,Pitcairn,island,0,4,0,0
2023-10-08,Pitcairn,island,0,4,0,0
2023-10-15,Pitcairn,island,0,4,0,0
2023-10-22,Pitcairn,island,0,4,0,0
2023-10-29,Pitcairn,island,0,4,0,0
2023-11-05,Pitcairn,island,0,4,0,0
2023-11-12,Pitcairn,island,0,4,0,0
2023-11-19,Pitcairn,island,0,4,0,0
2023-11-26,Pitcairn,island,0,4,0,0
2023-12-03,Pitcairn,island,0,4,0,0
2023-12-10,Pitcairn,island,0,4,0,0
2023-12-17,Pitcairn,island,0,4,0,0
2023-12-24,Pitcairn,island,0,4,0,0
2023-12-31,Pitcairn,island,0,4,0,0
2024-01-07,Pitcairn,island,0,4,0,0
2024-01-14,Pitcairn,island,0,4,0,0
2024-01-21,Pitcairn,island,0,4,0,0
2024-01-28,Pitcairn,island,0,4,0,0
2024-02-04,Pitcairn,island,0,4,0,0
2024-02-11,Pitcairn,island,0,4,0,0
2024-02-18,Pitcairn,island,0,4,0,0
2024-02-25,Pitcairn,island,0,4,0,0
2024-03-03,Pitcairn,island,0,4,0,0
2024-03-10,Pitcairn,island,0,4,0,0
2024-03-17,Pitcairn,island,0,4,0,0
2024-03-24,Pitcairn,island,0,4,0,0
2024-03-31,Pitcairn,island,0,4,0,0
2024-04-07,Pitcairn,island,0,4,0,0
2024-04-14,Pitcairn,island,0,4,0,0
2024-04-21,Pitcairn,island,0,4,0,0
2024-04-28,Pitcairn,island,0,4,0,0
2024-05-05,Pitcairn,island,0,4,0,0
2024-05-12,Pitcairn,island,0,4,0,0
2024-05-19,Pitcairn,island,0,4,0,0
2024-05-26,Pitcairn,island,0,4,0,0
2024-06-02,Pitcairn,island,0,4,0,0
2024-06-09,Pitcairn,island,0,4,0,0
2024-06-16,Pitcairn,island,0,4,0,0
2024-06-23,Pitcairn,island,0,4,0,0
2024-06-30,Pitcairn,island,0,4,0,0
2024-07-07,Pitcairn,island,0,4,0,0
2024-07-14,Pitcairn,island,0,4,0,0
2024-07-21,Pitcairn,island,0,4,0,0
2024-07-28,Pitcairn,island,0,4,0,0
2024-08-04,Pitcairn,island,0,4,0,0
2024-08-11,Pitcairn,island,0,4,0,0
2024-08-18,Pitcairn,island,0,4,0,0
2024-08-25,Pitcairn,island,0,4,0,0
2024-09-01,Pitcairn,island,0,4,0,0
2020-01-05,Poland,Europe,0,0,0,0
2020-01-12,Poland,Europe,0,0,0,0
2020-01-19,Poland,Europe,0,0,0,0
2020-01-26,Poland,Europe,0,0,0,0
2020-02-02,Poland,Europe,0,0,0,0
2020-02-09,Poland,Europe,0,0,0,0
2020-02-16,Poland,Europe,0,0,0,0
2020-02-23,Poland,Europe,0,0,0,0
2020-03-01,Poland,Europe,0,0,0,0
2020-03-08,Poland,Europe,6,6,0,0
2020-03-15,Poland,Europe,97,103,3,3
2020-03-22,Poland,Europe,431,534,2,5
2020-03-29,Poland,Europe,1104,1638,13,18
2020-04-05,Poland,Europe,1989,3627,61,79
2020-04-12,Poland,Europe,2728,6355,129,208
2020-04-19,Poland,Europe,2387,8742,137,345
2020-04-26,Poland,Europe,2531,11273,176,521
2020-05-03,Poland,Europe,2102,13375,140,661
2020-05-10,Poland,Europe,2276,15651,122,783
2020-05-17,Poland,Europe,2606,18257,131,914
2020-05-24,Poland,Europe,2674,20931,78,992
2020-05-31,Poland,Europe,2640,23571,68,1060
2020-06-07,Poland,Europe,2415,25986,90,1150
2020-06-14,Poland,Europe,3031,29017,86,1236
2020-06-21,Poland,Europe,2603,31620,109,1345
2020-06-28,Poland,Europe,2094,33714,89,1434
2020-07-05,Poland,Europe,2005,35719,77,1511
2020-07-12,Poland,Europe,1802,37521,57,1568
2020-07-19,Poland,Europe,2225,39746,49,1617
2020-07-26,Poland,Europe,2876,42622,47,1664
2020-08-02,Poland,Europe,3724,46346,57,1721
2020-08-09,Poland,Europe,4821,51167,79,1800
2020-08-16,Poland,Europe,4923,56090,69,1869
2020-08-23,Poland,Europe,5091,61181,82,1951
2020-08-30,Poland,Europe,5058,66239,81,2032
2020-09-06,Poland,Europe,4148,70387,81,2113
2020-09-13,Poland,Europe,3263,73650,68,2181
2020-09-20,Poland,Europe,4680,78330,100,2281
2020-09-27,Poland,Europe,7650,85980,142,2423
2020-10-04,Poland,Europe,12160,98140,180,2603
2020-10-11,Poland,Europe,23498,121638,369,2972
2020-10-18,Poland,Europe,45592,167230,553,3525
2020-10-25,Poland,Europe,74716,241946,790,4315
2020-11-01,Poland,Europe,124785,366731,1316,5631
2020-11-08,Poland,Europe,172909,539640,2005,7636
2020-11-15,Poland,Europe,183478,723118,2409,10045
2020-11-22,Poland,Europe,160188,883306,3243,13288
2020-11-29,Poland,Europe,103928,987234,3773,17061
2020-12-06,Poland,Europe,78343,1065577,3060,20121
2020-12-13,Poland,Europe,72231,1137808,2775,22896
2020-12-20,Poland,Europe,67012,1204820,2533,25429
2020-12-27,Poland,Europe,55103,1259923,1778,27207
2021-01-03,Poland,Europe,61169,1321092,1998,29205
2021-01-10,Poland,Europe,67009,1388101,2069,31274
2021-01-17,Poland,Europe,49942,1438043,2160,33434
2021-01-24,Poland,Europe,39822,1477865,2007,35441
2021-01-31,Poland,Europe,37682,1515547,1817,37258
2021-02-07,Poland,Europe,36873,1552420,1904,39162
2021-02-14,Poland,Europe,38697,1591117,1717,40879
2021-02-21,Poland,Europe,49813,1640930,1362,42241
2021-02-28,Poland,Europe,68226,1709156,1598,43839
2021-03-07,Poland,Europe,87931,1797087,1472,45311
2021-03-14,Poland,Europe,111512,1908599,1891,47202
2021-03-21,Poland,Europe,151874,2060473,2117,49319
2021-03-28,Poland,Europe,191601,2252074,2578,51897
2021-04-04,Poland,Europe,187526,2439600,3055,54952
2021-04-11,Poland,Europe,135990,2575590,3478,58430
2021-04-18,Poland,Europe,113416,2689006,3608,62038
2021-04-25,Poland,Europe,70799,2759805,3381,65419
2021-05-02,Poland,Europe,44359,2804164,2655,68074
2021-05-09,Poland,Europe,29812,2833976,1945,70019
2021-05-16,Poland,Europe,21466,2855442,1668,71687
2021-05-23,Poland,Europe,11543,2866985,1263,72950
2021-05-30,Poland,Europe,6356,2873341,810,73760
2021-06-06,Poland,Europe,3203,2876544,414,74174
2021-06-13,Poland,Europe,2211,2878755,421,74595
2021-06-20,Poland,Europe,1305,2880060,255,74850
2021-06-27,Poland,Europe,877,2880937,151,75001
2021-07-04,Poland,Europe,634,2881571,105,75106
2021-07-11,Poland,Europe,558,2882129,72,75178
2021-07-18,Poland,Europe,607,2882736,55,75233
2021-07-25,Poland,Europe,733,2883469,27,75260
2021-08-01,Poland,Europe,882,2884351,19,75279
2021-08-08,Poland,Europe,1070,2885421,24,75303
2021-08-15,Poland,Europe,1240,2886661,14,75317
2021-08-22,Poland,Europe,1373,2888034,17,75334
2021-08-29,Poland,Europe,1577,2889611,24,75358
2021-09-05,Poland,Europe,2254,2891865,37,75395
2021-09-12,Poland,Europe,3166,2895031,46,75441
2021-09-19,Poland,Europe,4284,2899315,62,75503
2021-09-26,Poland,Europe,5303,2904618,84,75587
2021-10-03,Poland,Europe,7634,2912252,123,75710
2021-10-10,Poland,Europe,11535,2923787,173,75883
2021-10-17,Poland,Europe,17191,2940978,243,76126
2021-10-24,Poland,Europe,33327,2974305,335,76461
2021-10-31,Poland,Europe,52284,3026589,553,77014
2021-11-07,Poland,Europe,78939,3105528,758,77772
2021-11-14,Poland,Europe,100283,3205811,1109,78881
2021-11-21,Poland,Europe,140762,3346573,1953,80834
2021-11-28,Poland,Europe,162271,3508844,2213,83047
2021-12-05,Poland,Europe,163539,3672383,2633,85680
2021-12-12,Poland,Europe,156823,3829206,2805,88485
2021-12-19,Poland,Europe,130602,3959808,3006,91491
2021-12-26,Poland,Europe,91024,4050832,2839,94330
2022-01-02,Poland,Europe,77580,4128412,3266,97596
2022-01-09,Poland,Europe,85772,4214184,2151,99747
2022-01-16,Poland,Europe,99852,4314036,2564,102311
2022-01-23,Poland,Europe,205147,4519183,1537,103848
2022-01-30,Poland,Europe,334382,4853565,1317,105165
2022-02-06,Poland,Europe,311108,5164673,1434,106599
2022-02-13,Poland,Europe,236085,5400758,1522,108121
2022-02-20,Poland,Europe,152407,5553165,1695,109816
2022-02-27,Poland,Europe,106705,5659870,1501,111317
2022-03-06,Poland,Europe,81270,5741140,1228,112545
2022-03-13,Poland,Europe,76923,5818063,899,113444
2022-03-20,Poland,Europe,72482,5890545,775,114219
2022-03-27,Poland,Europe,52113,5942658,608,114827
2022-04-03,Poland,Europe,26428,5969086,517,115344
2022-04-10,Poland,Europe,8626,5977712,290,115634
2022-04-17,Poland,Europe,7050,5984762,203,115837
2022-04-24,Poland,Europe,5956,5990718,110,115947
2022-05-01,Poland,Europe,5555,5996273,111,116058
2022-05-08,Poland,Europe,3677,5999950,79,116137
2022-05-15,Poland,Europe,3019,6002969,70,116207
2022-05-22,Poland,Europe,2100,6005069,61,116268
2022-05-29,Poland,Europe,1627,6006696,43,116311
2022-06-05,Poland,Europe,1457,6008153,36,116347
2022-06-12,Poland,Europe,1436,6009589,22,116369
2022-06-19,Poland,Europe,1196,6010785,22,116391
2022-06-26,Poland,Europe,1840,6012625,24,116415
2022-07-03,Poland,Europe,3335,6015960,18,116433
2022-07-10,Poland,Europe,5820,6021780,18,116451
2022-07-17,Poland,Europe,10251,6032031,17,116468
2022-07-24,Poland,Europe,16595,6048626,40,116508
2022-07-31,Poland,Europe,20661,6069287,60,116568
2022-08-07,Poland,Europe,24630,6093917,90,116658
2022-08-14,Poland,Europe,25009,6118926,113,116771
2022-08-21,Poland,Europe,24437,6143363,108,116879
2022-08-28,Poland,Europe,23541,6166904,149,117028
2022-09-04,Poland,Europe,20275,6187179,123,117151
2022-09-11,Poland,Europe,25179,6212358,99,117250
2022-09-18,Poland,Europe,32071,6244429,99,117349
2022-09-25,Poland,Europe,28692,6273121,106,117455
2022-10-02,Poland,Europe,24135,6297256,142,117597
2022-10-09,Poland,Europe,17763,6315019,158,117755
2022-10-16,Poland,Europe,11598,6326617,144,117899
2022-10-23,Poland,Europe,8147,6334764,129,118028
2022-10-30,Poland,Europe,5404,6340168,95,118123
2022-11-06,Poland,Europe,3491,6343659,46,118169
2022-11-13,Poland,Europe,2539,6346198,40,118209
2022-11-20,Poland,Europe,2533,6348731,64,118273
2022-11-27,Poland,Europe,2475,6351206,32,118305
2022-12-04,Poland,Europe,3091,6354297,34,118339
2022-12-11,Poland,Europe,3089,6357386,43,118382
2022-12-18,Poland,Europe,4105,6361491,47,118429
2022-12-25,Poland,Europe,3891,6365382,46,118475
2023-01-01,Poland,Europe,3160,6368542,58,118533
2023-01-08,Poland,Europe,2633,6371175,53,118586
2023-01-15,Poland,Europe,2060,6373235,65,118651
2023-01-22,Poland,Europe,2083,6375318,30,118681
2023-01-29,Poland,Europe,2888,6378206,34,118715
2023-02-05,Poland,Europe,4754,6382960,33,118748
2023-02-12,Poland,Europe,6655,6389615,31,118779
2023-02-19,Poland,Europe,10603,6400218,47,118826
2023-02-26,Poland,Europe,14971,6415189,42,118868
2023-03-05,Poland,Europe,17062,6432251,84,118952
2023-03-12,Poland,Europe,20385,6452636,78,119030
2023-03-19,Poland,Europe,20347,6472983,106,119136
2023-03-26,Poland,Europe,15383,6488366,109,119245
2023-04-02,Poland,Europe,9358,6497724,116,119361
2023-04-09,Poland,Europe,6370,6504094,62,119423
2023-04-16,Poland,Europe,4671,6508765,59,119482
2023-04-23,Poland,Europe,3215,6511980,38,119520
2023-04-30,Poland,Europe,1901,6513881,35,119555
2023-05-07,Poland,Europe,933,6514814,8,119563
2023-05-14,Poland,Europe,805,6515619,22,119585
2023-05-21,Poland,Europe,652,6516271,11,119596
2023-05-28,Poland,Europe,510,6516781,13,119609
2023-06-04,Poland,Europe,386,6517167,8,119617
2023-06-11,Poland,Europe,260,6517427,5,119622
2023-06-18,Poland,Europe,201,6517628,1,119623
2023-06-25,Poland,Europe,179,6517807,1,119624
2023-07-02,Poland,Europe,103,6517910,3,119627
2023-07-09,Poland,Europe,67,6517977,3,119630
2023-07-16,Poland,Europe,81,6518058,2,119632
2023-07-23,Poland,Europe,71,6518129,0,119632
2023-07-30,Poland,Europe,47,6518176,3,119635
2023-08-06,Poland,Europe,94,6518270,0,119635
2023-08-13,Poland,Europe,125,6518395,0,119635
2023-08-20,Poland,Europe,188,6518583,2,119637
2023-08-27,Poland,Europe,252,6518835,1,119638
2023-09-03,Poland,Europe,369,6519204,2,119640
2023-09-10,Poland,Europe,539,6519743,2,119642
2023-09-17,Poland,Europe,933,6520676,3,119645
2023-09-24,Poland,Europe,1222,6521898,2,119647
2023-10-01,Poland,Europe,1437,6523335,7,119654
2023-10-08,Poland,Europe,1431,6524766,1,119655
2023-10-15,Poland,Europe,1740,6526506,2,119657
2023-10-22,Poland,Europe,2495,6529001,8,119665
2023-10-29,Poland,Europe,3938,6532939,21,119686
2023-11-05,Poland,Europe,4261,6537200,9,119695
2023-11-12,Poland,Europe,6227,6543427,26,119721
2023-11-19,Poland,Europe,7463,6550890,24,119745
2023-11-26,Poland,Europe,9710,6560600,64,119809
2023-12-03,Poland,Europe,13111,6573711,30,119839
2023-12-10,Poland,Europe,17007,6590718,47,119886
2023-12-17,Poland,Europe,18374,6609092,132,120018
2023-12-24,Poland,Europe,15554,6624646,141,120159
2023-12-31,Poland,Europe,7419,6632065,79,120238
2024-01-07,Poland,Europe,8613,6640678,191,120429
2024-01-14,Poland,Europe,4974,6645652,68,120497
2024-01-21,Poland,Europe,4265,6649917,53,120550
2024-01-28,Poland,Europe,3448,6653365,27,120577
2024-02-04,Poland,Europe,2394,6655759,41,120618
2024-02-11,Poland,Europe,1793,6657552,24,120642
2024-02-18,Poland,Europe,1300,6658852,23,120665
2024-02-25,Poland,Europe,1107,6659959,12,120677
2024-03-03,Poland,Europe,683,6660642,10,120687
2024-03-10,Poland,Europe,467,6661109,3,120690
2024-03-17,Poland,Europe,380,6661489,11,120701
2024-03-24,Poland,Europe,277,6661766,5,120706
2024-03-31,Poland,Europe,253,6662019,0,120706
2024-04-07,Poland,Europe,171,6662190,1,120707
2024-04-14,Poland,Europe,136,6662326,2,120709
2024-04-21,Poland,Europe,85,6662411,0,120709
2024-04-28,Poland,Europe,110,6662521,2,120711
2024-05-05,Poland,Europe,110,6662631,0,120711
2024-05-12,Poland,Europe,101,6662732,0,120711
2024-05-19,Poland,Europe,156,6662888,0,120711
2024-05-26,Poland,Europe,141,6663029,0,120711
2024-06-02,Poland,Europe,125,6663154,0,120711
2024-06-09,Poland,Europe,171,6663325,1,120712
2024-06-16,Poland,Europe,255,6663580,1,120713
2024-06-23,Poland,Europe,385,6663965,0,120713
2024-06-30,Poland,Europe,451,6664416,2,120715
2024-07-07,Poland,Europe,519,6664935,2,120717
2024-07-14,Poland,Europe,788,6665723,1,120718
2024-07-21,Poland,Europe,914,6666637,0,120718
2024-07-28,Poland,Europe,1699,6668336,4,120722
2024-08-04,Poland,Europe,2463,6670799,4,120726
2024-08-11,Poland,Europe,3243,6674042,8,120734
2024-08-18,Poland,Europe,4194,6678236,8,120742
2024-08-25,Poland,Europe,6401,6684637,15,120757
2024-09-01,Poland,Europe,8185,6692822,18,120775
2020-01-05,Portugal,Europe,0,0,0,0
2020-01-12,Portugal,Europe,0,0,0,0
2020-01-19,Portugal,Europe,0,0,0,0
2020-01-26,Portugal,Europe,0,0,0,0
2020-02-02,Portugal,Europe,0,0,0,0
2020-02-09,Portugal,Europe,0,0,0,0
2020-02-16,Portugal,Europe,0,0,0,0
2020-02-23,Portugal,Europe,1,1,0,0
2020-03-01,Portugal,Europe,1,2,0,0
2020-03-08,Portugal,Europe,27,29,0,0
2020-03-15,Portugal,Europe,289,318,0,0
2020-03-22,Portugal,Europe,1405,1723,26,26
2020-03-29,Portugal,Europe,3726,5449,124,150
2020-04-05,Portugal,Europe,5045,10494,206,356
2020-04-12,Portugal,Europe,4433,14927,246,602
2020-04-19,Portugal,Europe,4241,19168,217,819
2020-04-26,Portugal,Europe,3181,22349,187,1006
2020-05-03,Portugal,Europe,2371,24720,140,1146
2020-05-10,Portugal,Europe,2326,27046,80,1226
2020-05-17,Portugal,Europe,1853,28899,69,1295
2020-05-24,Portugal,Europe,2008,30907,68,1363
2020-05-31,Portugal,Europe,1956,32863,69,1432
2020-06-07,Portugal,Europe,2111,34974,50,1482
2020-06-14,Portugal,Europe,1959,36933,31,1513
2020-06-21,Portugal,Europe,2461,39394,20,1533
2020-06-28,Portugal,Europe,2673,42067,38,1571
2020-07-05,Portugal,Europe,2457,44524,54,1625
2020-07-12,Portugal,Europe,2566,47090,41,1666
2020-07-19,Portugal,Europe,2143,49233,29,1695
2020-07-26,Portugal,Europe,1700,50933,29,1724
2020-08-02,Portugal,Europe,1444,52377,18,1742
2020-08-09,Portugal,Europe,1484,53861,22,1764
2020-08-16,Portugal,Europe,1597,55458,19,1783
2020-08-23,Portugal,Europe,1524,56982,23,1806
2020-08-30,Portugal,Europe,2322,59304,21,1827
2020-09-06,Portugal,Europe,2566,61870,22,1849
2020-09-13,Portugal,Europe,3818,65688,28,1877
2020-09-20,Portugal,Europe,4518,70206,49,1926
2020-09-27,Portugal,Europe,4815,75021,37,1963
2020-10-04,Portugal,Europe,5383,80404,61,2024
2020-10-11,Portugal,Europe,7508,87912,81,2105
2020-10-18,Portugal,Europe,12995,100907,105,2210
2020-10-25,Portugal,Europe,17475,118382,146,2356
2020-11-01,Portugal,Europe,23294,141676,245,2601
2020-11-08,Portugal,Europe,32323,173999,377,2978
2020-11-15,Portugal,Europe,34571,208570,527,3505
2020-11-22,Portugal,Europe,36869,245439,480,3985
2020-11-29,Portugal,Europe,33275,278714,532,4517
2020-12-06,Portugal,Europe,26465,305179,534,5051
2020-12-13,Portugal,Europe,25959,331138,609,5660
2020-12-20,Portugal,Europe,26186,357324,543,6203
2020-12-27,Portugal,Europe,20150,377474,492,6695
2021-01-03,Portugal,Europe,32506,409980,530,7225
2021-01-10,Portugal,Europe,53049,463029,745,7970
2021-01-17,Portugal,Europe,62101,525130,1109,9079
2021-01-24,Portugal,Europe,81676,606806,1698,10777
2021-01-31,Portugal,Europe,78867,685673,2014,12791
2021-02-07,Portugal,Europe,44485,730158,1587,14378
2021-02-14,Portugal,Europe,22830,752988,1034,15412
2021-02-21,Portugal,Europe,13874,766862,608,16020
2021-02-28,Portugal,Europe,8805,775667,326,16346
2021-03-07,Portugal,Europe,8816,784483,209,16555
2021-03-14,Portugal,Europe,7577,792060,130,16685
2021-03-21,Portugal,Europe,4789,796849,88,16773
2021-03-28,Portugal,Europe,4960,801809,59,16832
2021-04-04,Portugal,Europe,4342,806151,42,16874
2021-04-11,Portugal,Europe,4479,810630,34,16908
2021-04-18,Portugal,Europe,4181,814811,27,16935
2021-04-25,Portugal,Europe,4125,818936,19,16954
2021-05-02,Portugal,Europe,3760,822696,13,16967
2021-05-09,Portugal,Europe,3480,826176,15,16982
2021-05-16,Portugal,Europe,3228,829404,17,16999
2021-05-23,Portugal,Europe,3653,833057,7,17006
2021-05-30,Portugal,Europe,3887,836944,7,17013
2021-06-06,Portugal,Europe,4288,841232,12,17025
2021-06-13,Portugal,Europe,5133,846365,10,17035
2021-06-20,Portugal,Europe,7841,854206,22,17057
2021-06-27,Portugal,Europe,9700,863906,19,17076
2021-07-04,Portugal,Europe,14651,878557,31,17107
2021-07-11,Portugal,Europe,19512,898069,49,17156
2021-07-18,Portugal,Europe,25787,923856,52,17208
2021-07-25,Portugal,Europe,23120,946976,86,17294
2021-08-01,Portugal,Europe,18721,965697,79,17373
2021-08-08,Portugal,Europe,16062,981759,103,17476
2021-08-15,Portugal,Europe,16530,998289,89,17565
2021-08-22,Portugal,Europe,16297,1014586,70,17635
2021-08-29,Portugal,Europe,16168,1030754,83,17718
2021-09-05,Portugal,Europe,12570,1043324,80,17798
2021-09-12,Portugal,Europe,9003,1052327,56,17854
2021-09-19,Portugal,Europe,6887,1059214,48,17902
2021-09-26,Portugal,Europe,6193,1065407,40,17942
2021-10-03,Portugal,Europe,4753,1070160,45,17987
2021-10-10,Portugal,Europe,4540,1074700,49,18036
2021-10-17,Portugal,Europe,4986,1079686,51,18087
2021-10-24,Portugal,Europe,5452,1085138,38,18125
2021-10-31,Portugal,Europe,5882,1091020,25,18150
2021-11-07,Portugal,Europe,6953,1097973,45,18195
2021-11-14,Portugal,Europe,9958,1107931,60,18255
2021-11-21,Portugal,Europe,14949,1122880,79,18334
2021-11-28,Portugal,Europe,20269,1143149,92,18426
2021-12-05,Portugal,Europe,23850,1166999,122,18548
2021-12-12,Portugal,Europe,27410,1194409,122,18670
2021-12-19,Portugal,Europe,31699,1226108,125,18795
2021-12-26,Portugal,Europe,56540,1282648,93,18888
2022-01-02,Portugal,Europe,149550,1432198,114,19002
2022-01-09,Portugal,Europe,236118,1668316,133,19135
2022-01-16,Portugal,Europe,264007,1932323,205,19340
2022-01-23,Portugal,Europe,367358,2299681,281,19621
2022-01-30,Portugal,Europe,405306,2704987,292,19913
2022-02-06,Portugal,Europe,308062,3013049,355,20268
2022-02-13,Portugal,Europe,169681,3182730,301,20569
2022-02-20,Portugal,Europe,105839,3288569,298,20867
2022-02-27,Portugal,Europe,80116,3368685,202,21069
2022-03-06,Portugal,Europe,82398,3451083,155,21224
2022-03-13,Portugal,Europe,85842,3536925,140,21364
2022-03-20,Portugal,Europe,81477,3618402,127,21491
2022-03-27,Portugal,Europe,77148,3695550,158,21649
2022-04-03,Portugal,Europe,68162,3763712,151,21800
2022-04-10,Portugal,Europe,62897,3826609,152,21952
2022-04-17,Portugal,Europe,63637,3890246,145,22097
2022-04-24,Portugal,Europe,70068,3960314,127,22224
2022-05-01,Portugal,Europe,74057,4034371,128,22352
2022-05-08,Portugal,Europe,100901,4135272,131,22483
2022-05-15,Portugal,Europe,160111,4295383,192,22675
2022-05-22,Portugal,Europe,190560,4485943,223,22898
2022-05-29,Portugal,Europe,175844,4661787,231,23129
2022-06-05,Portugal,Europe,165476,4827263,295,23424
2022-06-12,Portugal,Europe,118089,4945352,262,23686
2022-06-19,Portugal,Europe,100752,5046104,269,23955
2022-06-26,Portugal,Europe,75145,5121249,155,24110
2022-07-03,Portugal,Europe,66673,5187922,136,24246
2022-07-10,Portugal,Europe,53160,5241082,139,24385
2022-07-17,Portugal,Europe,36813,5277895,119,24504
2022-07-24,Portugal,Europe,30282,5308177,83,24587
2022-07-31,Portugal,Europe,22110,5330287,70,24657
2022-08-07,Portugal,Europe,19202,5349489,70,24727
2022-08-14,Portugal,Europe,17633,5367122,57,24784
2022-08-21,Portugal,Europe,16001,5383123,40,24824
2022-08-28,Portugal,Europe,17870,5400993,45,24869
2022-09-04,Portugal,Europe,16575,5417568,48,24917
2022-09-11,Portugal,Europe,15909,5433477,39,24956
2022-09-18,Portugal,Europe,17355,5450832,41,24997
2022-09-25,Portugal,Europe,19259,5470091,42,25039
2022-10-02,Portugal,Europe,17513,5487604,50,25089
2022-10-09,Portugal,Europe,6467,5494071,42,25131
2022-10-16,Portugal,Europe,7052,5501123,47,25178
2022-10-23,Portugal,Europe,7736,5508859,50,25228
2022-10-30,Portugal,Europe,5806,5514665,61,25289
2022-11-06,Portugal,Europe,5304,5519969,49,25338
2022-11-13,Portugal,Europe,6060,5526029,55,25393
2022-11-20,Portugal,Europe,6093,5532122,48,25441
2022-11-27,Portugal,Europe,5126,5537248,60,25501
2022-12-04,Portugal,Europe,3963,5541211,69,25570
2022-12-11,Portugal,Europe,3370,5544581,73,25643
2022-12-18,Portugal,Europe,3445,5548026,71,25714
2022-12-25,Portugal,Europe,2542,5550568,59,25773
2023-01-01,Portugal,Europe,2401,5552969,50,25823
2023-01-08,Portugal,Europe,2154,5555123,61,25884
2023-01-15,Portugal,Europe,1851,5556974,58,25942
2023-01-22,Portugal,Europe,1333,5558307,64,26006
2023-01-29,Portugal,Europe,1242,5559549,33,26039
2023-02-05,Portugal,Europe,1074,5560623,27,26066
2023-02-12,Portugal,Europe,1646,5562269,52,26118
2023-02-19,Portugal,Europe,1544,5563813,57,26175
2023-02-26,Portugal,Europe,1567,5565380,53,26228
2023-03-05,Portugal,Europe,1585,5566965,49,26277
2023-03-12,Portugal,Europe,1609,5568574,42,26319
2023-03-19,Portugal,Europe,1736,5570310,57,26376
2023-03-26,Portugal,Europe,1615,5571925,45,26421
2023-04-02,Portugal,Europe,1568,5573493,44,26465
2023-04-09,Portugal,Europe,1344,5574837,30,26495
2023-04-16,Portugal,Europe,1754,5576591,36,26531
2023-04-23,Portugal,Europe,1510,5578101,39,26570
2023-04-30,Portugal,Europe,1309,5579410,34,26604
2023-05-07,Portugal,Europe,1379,5580789,50,26654
2023-05-14,Portugal,Europe,1333,5582122,24,26678
2023-05-21,Portugal,Europe,1618,5583740,42,26720
2023-05-28,Portugal,Europe,2082,5585822,36,26756
2023-06-04,Portugal,Europe,1758,5587580,46,26802
2023-06-11,Portugal,Europe,1255,5588835,40,26842
2023-06-18,Portugal,Europe,1123,5589958,45,26887
2023-06-25,Portugal,Europe,1096,5591054,26,26913
2023-07-02,Portugal,Europe,1029,5592083,27,26940
2023-07-09,Portugal,Europe,1253,5593336,30,26970
2023-07-16,Portugal,Europe,1400,5594736,23,26993
2023-07-23,Portugal,Europe,1379,5596115,31,27024
2023-07-30,Portugal,Europe,1837,5597952,37,27061
2023-08-06,Portugal,Europe,1713,5599665,45,27106
2023-08-13,Portugal,Europe,2386,5602051,33,27139
2023-08-20,Portugal,Europe,3172,5605223,52,27191
2023-08-27,Portugal,Europe,4332,5609555,73,27264
2023-09-03,Portugal,Europe,4165,5613720,54,27318
2023-09-10,Portugal,Europe,3980,5617700,56,27374
2023-09-17,Portugal,Europe,3231,5620931,60,27434
2023-09-24,Portugal,Europe,2583,5623514,68,27502
2023-10-01,Portugal,Europe,2649,5626163,42,27544
2023-10-08,Portugal,Europe,1903,5628066,37,27581
2023-10-15,Portugal,Europe,1734,5629800,53,27634
2023-10-22,Portugal,Europe,1085,5630885,40,27674
2023-10-29,Portugal,Europe,744,5631629,28,27702
2023-11-05,Portugal,Europe,649,5632278,11,27713
2023-11-12,Portugal,Europe,711,5632989,10,27723
2023-11-19,Portugal,Europe,702,5633691,0,27723
2023-11-26,Portugal,Europe,768,5634459,0,27723
2023-12-03,Portugal,Europe,797,5635256,10,27733
2023-12-10,Portugal,Europe,846,5636102,16,27749
2023-12-17,Portugal,Europe,1067,5637169,1,27750
2023-12-24,Portugal,Europe,1173,5638342,0,27750
2023-12-31,Portugal,Europe,1161,5639503,0,27750
2024-01-07,Portugal,Europe,1025,5640528,14,27764
2024-01-14,Portugal,Europe,622,5641150,7,27771
2024-01-21,Portugal,Europe,515,5641665,0,27771
2024-01-28,Portugal,Europe,326,5641991,1,27772
2024-02-04,Portugal,Europe,270,5642261,2,27774
2024-02-11,Portugal,Europe,238,5642499,9,27783
2024-02-18,Portugal,Europe,134,5642633,0,27783
2024-02-25,Portugal,Europe,108,5642741,0,27783
2024-03-03,Portugal,Europe,141,5642882,3,27786
2024-03-10,Portugal,Europe,93,5642975,13,27799
2024-03-17,Portugal,Europe,71,5643046,0,27799
2024-03-24,Portugal,Europe,54,5643100,0,27799
2024-03-31,Portugal,Europe,60,5643160,0,27799
2024-04-07,Portugal,Europe,61,5643221,6,27805
2024-04-14,Portugal,Europe,79,5643300,2,27807
2024-04-21,Portugal,Europe,87,5643387,0,27807
2024-04-28,Portugal,Europe,72,5643459,0,27807
2024-05-05,Portugal,Europe,95,5643554,1,27808
2024-05-12,Portugal,Europe,219,5643773,4,27812
2024-05-19,Portugal,Europe,399,5644172,0,27812
2024-05-26,Portugal,Europe,726,5644898,0,27812
2024-06-02,Portugal,Europe,1118,5646016,3,27815
2024-06-09,Portugal,Europe,1615,5647631,8,27823
2024-06-16,Portugal,Europe,2185,5649816,0,27823
2024-06-23,Portugal,Europe,2407,5652223,0,27823
2024-06-30,Portugal,Europe,2666,5654889,0,27823
2024-07-07,Portugal,Europe,2699,5657588,14,27837
2024-07-14,Portugal,Europe,2298,5659886,3,27840
2024-07-21,Portugal,Europe,1761,5661647,0,27840
2024-07-28,Portugal,Europe,1421,5663068,0,27840
2024-08-04,Portugal,Europe,1062,5664130,5,27845
2024-08-11,Portugal,Europe,942,5665072,10,27855
2024-08-18,Portugal,Europe,610,5665682,0,27855
2024-08-25,Portugal,Europe,617,5666299,0,27855
2024-09-01,Portugal,Europe,541,5666840,3,27858
2020-01-05,Puerto Rico,North America,0,0,0,0
2020-01-12,Puerto Rico,North America,0,0,0,0
2020-01-19,Puerto Rico,North America,0,0,0,0
2020-01-26,Puerto Rico,North America,0,0,0,0
2020-02-02,Puerto Rico,North America,0,0,0,0
2020-02-09,Puerto Rico,North America,0,0,0,0
2020-02-16,Puerto Rico,North America,0,0,0,0
2020-02-23,Puerto Rico,North America,0,0,0,0
2020-03-01,Puerto Rico,North America,0,0,0,0
2020-03-08,Puerto Rico,North America,0,0,0,0
2020-03-15,Puerto Rico,North America,2,2,0,0
2020-03-22,Puerto Rico,North America,39,41,4,4
2020-03-29,Puerto Rico,North America,255,296,12,16
2020-04-05,Puerto Rico,North America,335,631,18,34
2020-04-12,Puerto Rico,North America,158,789,24,58
2020-04-19,Puerto Rico,North America,138,927,21,79
2020-04-26,Puerto Rico,North America,109,1036,19,98
2020-05-03,Puerto Rico,North America,92,1128,15,113
2020-05-10,Puerto Rico,North America,108,1236,10,123
2020-05-17,Puerto Rico,North America,73,1309,5,128
2020-05-24,Puerto Rico,North America,59,1368,9,137
2020-05-31,Puerto Rico,North America,77,1445,6,143
2020-06-07,Puerto Rico,North America,86,1531,6,149
2020-06-14,Puerto Rico,North America,85,1616,4,153
2020-06-21,Puerto Rico,North America,104,1720,3,156
2020-06-28,Puerto Rico,North America,220,1940,2,158
2020-07-05,Puerto Rico,North America,488,2428,5,163
2020-07-12,Puerto Rico,North America,1346,3774,14,177
2020-07-19,Puerto Rico,North America,2008,5782,16,193
2020-07-26,Puerto Rico,North America,1678,7460,29,222
2020-08-02,Puerto Rico,North America,1559,9019,44,266
2020-08-09,Puerto Rico,North America,2520,11539,45,311
2020-08-16,Puerto Rico,North America,2379,13918,73,384
2020-08-23,Puerto Rico,North America,1954,15872,49,433
2020-08-30,Puerto Rico,North America,1779,17651,29,462
2020-09-06,Puerto Rico,North America,1750,19401,53,515
2020-09-13,Puerto Rico,North America,2283,21684,73,588
2020-09-20,Puerto Rico,North America,2697,24381,47,635
2020-09-27,Puerto Rico,North America,1926,26307,46,681
2020-10-04,Puerto Rico,North America,1921,28228,50,731
2020-10-11,Puerto Rico,North America,2507,30735,42,773
2020-10-18,Puerto Rico,North America,2692,33427,40,813
2020-10-25,Puerto Rico,North America,3343,36770,37,850
2020-11-01,Puerto Rico,North America,4007,40777,41,891
2020-11-08,Puerto Rico,North America,4559,45336,54,945
2020-11-15,Puerto Rico,North America,5835,51171,73,1018
2020-11-22,Puerto Rico,North America,6477,57648,82,1100
2020-11-29,Puerto Rico,North America,4783,62431,108,1208
2020-12-06,Puerto Rico,North America,6636,69067,104,1312
2020-12-13,Puerto Rico,North America,5807,74874,117,1429
2020-12-20,Puerto Rico,North America,4687,79561,109,1538
2020-12-27,Puerto Rico,North America,2742,82303,92,1630
2021-01-03,Puerto Rico,North America,3042,85345,68,1698
2021-01-10,Puerto Rico,North America,3514,88859,81,1779
2021-01-17,Puerto Rico,North America,3810,92669,58,1837
2021-01-24,Puerto Rico,North America,2834,95503,47,1884
2021-01-31,Puerto Rico,North America,2412,97915,53,1937
2021-02-07,Puerto Rico,North America,1942,99857,44,1981
2021-02-14,Puerto Rico,North America,1497,101354,31,2012
2021-02-21,Puerto Rico,North America,1280,102634,29,2041
2021-02-28,Puerto Rico,North America,1336,103970,26,2067
2021-03-07,Puerto Rico,North America,1176,105146,18,2085
2021-03-14,Puerto Rico,North America,1160,106306,13,2098
2021-03-21,Puerto Rico,North America,1815,108121,19,2117
2021-03-28,Puerto Rico,North America,2503,110624,12,2129
2021-04-04,Puerto Rico,North America,3463,114087,22,2151
2021-04-11,Puerto Rico,North America,7814,121901,28,2179
2021-04-18,Puerto Rico,North America,7458,129359,54,2233
2021-04-25,Puerto Rico,North America,5377,134736,58,2291
2021-05-02,Puerto Rico,North America,3366,138102,53,2344
2021-05-09,Puerto Rico,North America,1902,140004,56,2400
2021-05-16,Puerto Rico,North America,1253,141257,55,2455
2021-05-23,Puerto Rico,North America,952,142209,38,2493
2021-05-30,Puerto Rico,North America,653,142862,22,2515
2021-06-06,Puerto Rico,North America,404,143266,19,2534
2021-06-13,Puerto Rico,North America,368,143634,9,2543
2021-06-20,Puerto Rico,North America,330,143964,9,2552
2021-06-27,Puerto Rico,North America,299,144263,5,2557
2021-07-04,Puerto Rico,North America,469,144732,5,2562
2021-07-11,Puerto Rico,North America,661,145393,3,2565
2021-07-18,Puerto Rico,North America,1354,146747,6,2571
2021-07-25,Puerto Rico,North America,2326,149073,8,2579
2021-08-01,Puerto Rico,North America,3914,152987,15,2594
2021-08-08,Puerto Rico,North America,5806,158793,34,2628
2021-08-15,Puerto Rico,North America,7050,165843,59,2687
2021-08-22,Puerto Rico,North America,6078,171921,90,2777
2021-08-29,Puerto Rico,North America,5321,177242,83,2860
2021-09-05,Puerto Rico,North America,4103,181345,90,2950
2021-09-12,Puerto Rico,North America,2803,184148,86,3036
2021-09-19,Puerto Rico,North America,1952,186100,65,3101
2021-09-26,Puerto Rico,North America,1490,187590,55,3156
2021-10-03,Puerto Rico,North America,980,188570,26,3182
2021-10-10,Puerto Rico,North America,975,189545,23,3205
2021-10-17,Puerto Rico,North America,714,190259,14,3219
2021-10-24,Puerto Rico,North America,678,190937,16,3235
2021-10-31,Puerto Rico,North America,745,191682,11,3246
2021-11-07,Puerto Rico,North America,941,192623,7,3253
2021-11-14,Puerto Rico,North America,898,193521,10,3263
2021-11-21,Puerto Rico,North America,884,194405,7,3270
2021-11-28,Puerto Rico,North America,573,194978,4,3274
2021-12-05,Puerto Rico,North America,982,195960,4,3278
2021-12-12,Puerto Rico,North America,894,196854,4,3282
2021-12-19,Puerto Rico,North America,12116,208970,10,3292
2021-12-26,Puerto Rico,North America,43364,252334,9,3301
2022-01-02,Puerto Rico,North America,72566,324900,30,3331
2022-01-09,Puerto Rico,North America,66268,391168,98,3429
2022-01-16,Puerto Rico,North America,53195,444363,163,3592
2022-01-23,Puerto Rico,North America,23235,467598,180,3772
2022-01-30,Puerto Rico,North America,12423,480021,136,3908
2022-02-06,Puerto Rico,North America,6736,486757,87,3995
2022-02-13,Puerto Rico,North America,4004,490761,69,4064
2022-02-20,Puerto Rico,North America,2469,493230,43,4107
2022-02-27,Puerto Rico,North America,1847,495077,29,4136
2022-03-06,Puerto Rico,North America,1604,496681,22,4158
2022-03-13,Puerto Rico,North America,1426,498107,9,4167
2022-03-20,Puerto Rico,North America,1552,499659,2,4169
2022-03-27,Puerto Rico,North America,2114,501773,4,4173
2022-04-03,Puerto Rico,North America,3456,505229,9,4182
2022-04-10,Puerto Rico,North America,6088,511317,11,4193
2022-04-17,Puerto Rico,North America,10770,522087,5,4198
2022-04-24,Puerto Rico,North America,23624,545711,8,4206
2022-05-01,Puerto Rico,North America,29984,575695,17,4223
2022-05-08,Puerto Rico,North America,33645,609340,27,4250
2022-05-15,Puerto Rico,North America,35589,644929,38,4288
2022-05-22,Puerto Rico,North America,33626,678555,51,4339
2022-05-29,Puerto Rico,North America,30231,708786,49,4388
2022-06-05,Puerto Rico,North America,28179,736965,39,4427
2022-06-12,Puerto Rico,North America,25388,762353,41,4468
2022-06-19,Puerto Rico,North America,24883,787236,41,4509
2022-06-26,Puerto Rico,North America,24923,812159,64,4573
2022-07-03,Puerto Rico,North America,22949,835108,51,4624
2022-07-10,Puerto Rico,North America,18243,853351,41,4665
2022-07-17,Puerto Rico,North America,18704,872055,44,4709
2022-07-24,Puerto Rico,North America,20155,892210,45,4754
2022-07-31,Puerto Rico,North America,18555,910765,47,4801
2022-08-07,Puerto Rico,North America,22489,933254,47,4848
2022-08-14,Puerto Rico,North America,18684,951938,50,4898
2022-08-21,Puerto Rico,North America,15185,967123,39,4937
2022-08-28,Puerto Rico,North America,15613,982736,53,4990
2022-09-04,Puerto Rico,North America,13188,995924,40,5030
2022-09-11,Puerto Rico,North America,10193,1006117,33,5063
2022-09-18,Puerto Rico,North America,8459,1014576,47,5110
2022-09-25,Puerto Rico,North America,4188,1018764,49,5159
2022-10-02,Puerto Rico,North America,5078,1023842,20,5179
2022-10-09,Puerto Rico,North America,5375,1029217,27,5206
2022-10-16,Puerto Rico,North America,5811,1035028,29,5235
2022-10-23,Puerto Rico,North America,7360,1042388,23,5258
2022-10-30,Puerto Rico,North America,7747,1050135,17,5275
2022-11-06,Puerto Rico,North America,8047,1058182,20,5295
2022-11-13,Puerto Rico,North America,7865,1066047,23,5318
2022-11-20,Puerto Rico,North America,8840,1074887,28,5346
2022-11-27,Puerto Rico,North America,7259,1082146,36,5382
2022-12-04,Puerto Rico,North America,12431,1094577,42,5424
2022-12-11,Puerto Rico,North America,12129,1106706,38,5462
2022-12-18,Puerto Rico,North America,13058,1119764,39,5501
2022-12-25,Puerto Rico,North America,11275,1131039,40,5541
2023-01-01,Puerto Rico,North America,10107,1141146,36,5577
2023-01-08,Puerto Rico,North America,7978,1149124,37,5614
2023-01-15,Puerto Rico,North America,11238,1160362,34,5648
2023-01-22,Puerto Rico,North America,8830,1169192,34,5682
2023-01-29,Puerto Rico,North America,8127,1177319,32,5714
2023-02-05,Puerto Rico,North America,6087,1183406,29,5743
2023-02-12,Puerto Rico,North America,5033,1188439,32,5775
2023-02-19,Puerto Rico,North America,4574,1193013,23,5798
2023-02-26,Puerto Rico,North America,3700,1196713,15,5813
2023-03-05,Puerto Rico,North America,3062,1199775,17,5830
2023-03-12,Puerto Rico,North America,3086,1202861,14,5844
2023-03-19,Puerto Rico,North America,3026,1205887,11,5855
2023-03-26,Puerto Rico,North America,3117,1209004,6,5861
2023-04-02,Puerto Rico,North America,2775,1211779,7,5868
2023-04-09,Puerto Rico,North America,1887,1213666,6,5874
2023-04-16,Puerto Rico,North America,3211,1216877,8,5882
2023-04-23,Puerto Rico,North America,3521,1220398,8,5890
2023-04-30,Puerto Rico,North America,3968,1224366,11,5901
2023-05-07,Puerto Rico,North America,5044,1229410,11,5912
2023-05-14,Puerto Rico,North America,6240,1235650,15,5927
2023-05-21,Puerto Rico,North America,6916,1242566,11,5938
2023-05-28,Puerto Rico,North America,6903,1249469,0,5938
2023-06-04,Puerto Rico,North America,3244,1252713,0,5938
2023-06-11,Puerto Rico,North America,0,1252713,0,5938
2023-06-18,Puerto Rico,North America,0,1252713,0,5938
2023-06-25,Puerto Rico,North America,0,1252713,0,5938
2023-07-02,Puerto Rico,North America,0,1252713,0,5938
2023-07-09,Puerto Rico,North America,0,1252713,0,5938
2023-07-16,Puerto Rico,North America,0,1252713,0,5938
2023-07-23,Puerto Rico,North America,0,1252713,0,5938
2023-07-30,Puerto Rico,North America,0,1252713,0,5938
2023-08-06,Puerto Rico,North America,0,1252713,0,5938
2023-08-13,Puerto Rico,North America,0,1252713,0,5938
2023-08-20,Puerto Rico,North America,0,1252713,0,5938
2023-08-27,Puerto Rico,North America,0,1252713,0,5938
2023-09-03,Puerto Rico,North America,0,1252713,0,5938
2023-09-10,Puerto Rico,North America,0,1252713,0,5938
2023-09-17,Puerto Rico,North America,0,1252713,0,5938
2023-09-24,Puerto Rico,North America,0,1252713,0,5938
2023-10-01,Puerto Rico,North America,0,1252713,0,5938
2023-10-08,Puerto Rico,North America,0,1252713,0,5938
2023-10-15,Puerto Rico,North America,0,1252713,0,5938
2023-10-22,Puerto Rico,North America,0,1252713,0,5938
2023-10-29,Puerto Rico,North America,0,1252713,0,5938
2023-11-05,Puerto Rico,North America,0,1252713,0,5938
2023-11-12,Puerto Rico,North America,0,1252713,0,5938
2023-11-19,Puerto Rico,North America,0,1252713,0,5938
2023-11-26,Puerto Rico,North America,0,1252713,0,5938
2023-12-03,Puerto Rico,North America,0,1252713,0,5938
2023-12-10,Puerto Rico,North America,0,1252713,0,5938
2023-12-17,Puerto Rico,North America,0,1252713,0,5938
2023-12-24,Puerto Rico,North America,0,1252713,0,5938
2023-12-31,Puerto Rico,North America,0,1252713,0,5938
2024-01-07,Puerto Rico,North America,0,1252713,0,5938
2024-01-14,Puerto Rico,North America,0,1252713,0,5938
2024-01-21,Puerto Rico,North America,0,1252713,0,5938
2024-01-28,Puerto Rico,North America,0,1252713,0,5938
2024-02-04,Puerto Rico,North America,0,1252713,0,5938
2024-02-11,Puerto Rico,North America,0,1252713,0,5938
2024-02-18,Puerto Rico,North America,0,1252713,0,5938
2024-02-25,Puerto Rico,North America,0,1252713,0,5938
2024-03-03,Puerto Rico,North America,0,1252713,0,5938
2024-03-10,Puerto Rico,North America,0,1252713,0,5938
2024-03-17,Puerto Rico,North America,0,1252713,0,5938
2024-03-24,Puerto Rico,North America,0,1252713,0,5938
2024-03-31,Puerto Rico,North America,0,1252713,0,5938
2024-04-07,Puerto Rico,North America,0,1252713,0,5938
2024-04-14,Puerto Rico,North America,0,1252713,0,5938
2024-04-21,Puerto Rico,North America,0,1252713,0,5938
2024-04-28,Puerto Rico,North America,0,1252713,0,5938
2024-05-05,Puerto Rico,North America,0,1252713,0,5938
2024-05-12,Puerto Rico,North America,0,1252713,0,5938
2024-05-19,Puerto Rico,North America,0,1252713,0,5938
2024-05-26,Puerto Rico,North America,0,1252713,0,5938
2024-06-02,Puerto Rico,North America,0,1252713,0,5938
2024-06-09,Puerto Rico,North America,0,1252713,0,5938
2024-06-16,Puerto Rico,North America,0,1252713,0,5938
2024-06-23,Puerto Rico,North America,0,1252713,0,5938
2024-06-30,Puerto Rico,North America,0,1252713,0,5938
2024-07-07,Puerto Rico,North America,0,1252713,0,5938
2024-07-14,Puerto Rico,North America,0,1252713,0,5938
2024-07-21,Puerto Rico,North America,0,1252713,0,5938
2024-07-28,Puerto Rico,North America,0,1252713,0,5938
2024-08-04,Puerto Rico,North America,0,1252713,0,5938
2024-08-11,Puerto Rico,North America,0,1252713,0,5938
2024-08-18,Puerto Rico,North America,0,1252713,0,5938
2024-08-25,Puerto Rico,North America,0,1252713,0,5938
2024-09-01,Puerto Rico,North America,0,1252713,0,5938
2020-01-05,Qatar,Asia,0,0,0,0
2020-01-12,Qatar,Asia,0,0,0,0
2020-01-19,Qatar,Asia,0,0,0,0
2020-01-26,Qatar,Asia,0,0,0,0
2020-02-02,Qatar,Asia,0,0,0,0
2020-02-09,Qatar,Asia,0,0,0,0
2020-02-16,Qatar,Asia,0,0,0,0
2020-02-23,Qatar,Asia,0,0,0,0
2020-03-01,Qatar,Asia,1,1,0,0
2020-03-08,Qatar,Asia,11,12,0,0
2020-03-15,Qatar,Asia,325,337,0,0
2020-03-22,Qatar,Asia,144,481,0,0
2020-03-29,Qatar,Asia,109,590,1,1
2020-04-05,Qatar,Asia,735,1325,2,3
2020-04-12,Qatar,Asia,1403,2728,3,6
2020-04-19,Qatar,Asia,2280,5008,2,8
2020-04-26,Qatar,Asia,4350,9358,2,10
2020-05-03,Qatar,Asia,5514,14872,2,12
2020-05-10,Qatar,Asia,6459,21331,1,13
2020-05-17,Qatar,Asia,9641,30972,2,15
2020-05-24,Qatar,Asia,11241,42213,6,21
2020-05-31,Qatar,Asia,13049,55262,15,36
2020-06-07,Qatar,Asia,11933,67195,15,51
2020-06-14,Qatar,Asia,11221,78416,19,70
2020-06-21,Qatar,Asia,8072,86488,24,94
2020-06-28,Qatar,Asia,7175,93663,16,110
2020-07-05,Qatar,Asia,5520,99183,13,123
2020-07-12,Qatar,Asia,3945,103128,23,146
2020-07-19,Qatar,Asia,3180,106308,8,154
2020-07-26,Qatar,Asia,2728,109036,10,164
2020-08-02,Qatar,Asia,1875,110911,10,174
2020-08-09,Qatar,Asia,1739,112650,8,182
2020-08-16,Qatar,Asia,2159,114809,10,192
2020-08-23,Qatar,Asia,1956,116765,1,193
2020-08-30,Qatar,Asia,1642,118407,3,196
2020-09-06,Qatar,Asia,1457,119864,6,202
2020-09-13,Qatar,Asia,1659,121523,3,205
2020-09-20,Qatar,Asia,1623,123146,4,209
2020-09-27,Qatar,Asia,1704,124850,5,214
2020-10-04,Qatar,Asia,1489,126339,2,216
2020-10-11,Qatar,Asia,1439,127778,3,219
2020-10-18,Qatar,Asia,1449,129227,4,223
2020-10-25,Qatar,Asia,1738,130965,6,229
2020-11-01,Qatar,Asia,1591,132556,3,232
2020-11-08,Qatar,Asia,1457,134013,0,232
2020-11-15,Qatar,Asia,1557,135570,2,234
2020-11-22,Qatar,Asia,1492,137062,1,235
2020-11-29,Qatar,Asia,1415,138477,2,237
2020-12-06,Qatar,Asia,1306,139783,2,239
2020-12-13,Qatar,Asia,1044,140827,1,240
2020-12-20,Qatar,Asia,1031,141858,3,243
2020-12-27,Qatar,Asia,1045,142903,1,244
2021-01-03,Qatar,Asia,1337,144240,1,245
2021-01-10,Qatar,Asia,1432,145672,1,246
2021-01-17,Qatar,Asia,1417,147089,0,246
2021-01-24,Qatar,Asia,1683,148772,2,248
2021-01-31,Qatar,Asia,2212,150984,0,248
2021-02-07,Qatar,Asia,2706,153690,2,250
2021-02-14,Qatar,Asia,3114,156804,5,255
2021-02-21,Qatar,Asia,3163,159967,1,256
2021-02-28,Qatar,Asia,3230,163197,1,257
2021-03-07,Qatar,Asia,3278,166475,5,262
2021-03-14,Qatar,Asia,3292,169767,3,265
2021-03-21,Qatar,Asia,3439,173206,7,272
2021-03-28,Qatar,Asia,3929,177135,12,284
2021-04-04,Qatar,Asia,5413,182548,17,301
2021-04-11,Qatar,Asia,6516,189064,30,331
2021-04-18,Qatar,Asia,6693,195757,45,376
2021-04-25,Qatar,Asia,5739,201496,42,418
2021-05-02,Qatar,Asia,4806,206302,47,465
2021-05-09,Qatar,Asia,4301,210603,37,502
2021-05-16,Qatar,Asia,2324,212927,24,526
2021-05-23,Qatar,Asia,2233,215160,17,543
2021-05-30,Qatar,Asia,1881,217041,11,554
2021-06-06,Qatar,Asia,1414,218455,12,566
2021-06-13,Qatar,Asia,1158,219613,10,576
2021-06-20,Qatar,Asia,1080,220693,6,582
2021-06-27,Qatar,Asia,897,221590,6,588
2021-07-04,Qatar,Asia,863,222453,4,592
2021-07-11,Qatar,Asia,819,223272,7,599
2021-07-18,Qatar,Asia,888,224160,0,599
2021-07-25,Qatar,Asia,912,225072,1,600
2021-08-01,Qatar,Asia,1167,226239,1,601
2021-08-08,Qatar,Asia,1233,227472,0,601
2021-08-15,Qatar,Asia,1509,228981,0,601
2021-08-22,Qatar,Asia,1651,230632,0,601
2021-08-29,Qatar,Asia,1555,232187,1,602
2021-09-05,Qatar,Asia,1250,233437,0,602
2021-09-12,Qatar,Asia,1072,234509,2,604
2021-09-19,Qatar,Asia,877,235386,0,604
2021-09-26,Qatar,Asia,845,236231,0,604
2021-10-03,Qatar,Asia,603,236834,2,606
2021-10-10,Qatar,Asia,525,237359,1,607
2021-10-17,Qatar,Asia,508,237867,1,608
2021-10-24,Qatar,Asia,569,238436,0,608
2021-10-31,Qatar,Asia,707,239143,2,610
2021-11-07,Qatar,Asia,852,239995,1,611
2021-11-14,Qatar,Asia,970,240965,0,611
2021-11-21,Qatar,Asia,1004,241969,0,611
2021-11-28,Qatar,Asia,1010,242979,0,611
2021-12-05,Qatar,Asia,1092,244071,0,611
2021-12-12,Qatar,Asia,1117,245188,1,612
2021-12-19,Qatar,Asia,1179,246367,2,614
2021-12-26,Qatar,Asia,1429,247796,0,614
2022-01-02,Qatar,Asia,3565,251361,4,618
2022-01-09,Qatar,Asia,15601,266962,0,618
2022-01-16,Qatar,Asia,28259,295221,6,624
2022-01-23,Qatar,Asia,25143,320364,9,633
2022-01-30,Qatar,Asia,15717,336081,12,645
2022-02-06,Qatar,Asia,8630,344711,7,652
2022-02-13,Qatar,Asia,5477,350188,4,656
2022-02-20,Qatar,Asia,3592,353780,6,662
2022-02-27,Qatar,Asia,2583,356363,5,667
2022-03-06,Qatar,Asia,1720,358083,3,670
2022-03-13,Qatar,Asia,945,359028,5,675
2022-03-20,Qatar,Asia,778,359806,2,677
2022-03-27,Qatar,Asia,898,360704,0,677
2022-04-03,Qatar,Asia,963,361667,0,677
2022-04-10,Qatar,Asia,956,362623,0,677
2022-04-17,Qatar,Asia,820,363443,0,677
2022-04-24,Qatar,Asia,646,364089,0,677
2022-05-01,Qatar,Asia,513,364602,0,677
2022-05-08,Qatar,Asia,456,365058,0,677
2022-05-15,Qatar,Asia,976,366034,0,677
2022-05-22,Qatar,Asia,918,366952,0,677
2022-05-29,Qatar,Asia,1135,368087,0,677
2022-06-05,Qatar,Asia,1549,369636,0,677
2022-06-12,Qatar,Asia,2210,371846,0,677
2022-06-19,Qatar,Asia,3077,374923,1,678
2022-06-26,Qatar,Asia,4354,379277,0,678
2022-07-03,Qatar,Asia,4530,383807,1,679
2022-07-10,Qatar,Asia,4574,388381,0,679
2022-07-17,Qatar,Asia,5453,393834,1,680
2022-07-24,Qatar,Asia,7488,401322,0,680
2022-07-31,Qatar,Asia,6427,407749,1,681
2022-08-07,Qatar,Asia,5740,413489,0,681
2022-08-14,Qatar,Asia,5133,418622,0,681
2022-08-21,Qatar,Asia,4496,423118,0,681
2022-08-28,Qatar,Asia,3883,427001,0,681
2022-09-04,Qatar,Asia,3944,430945,0,681
2022-09-11,Qatar,Asia,4247,435192,1,682
2022-09-18,Qatar,Asia,5388,440580,0,682
2022-09-25,Qatar,Asia,5697,446277,0,682
2022-10-02,Qatar,Asia,5398,451675,0,682
2022-10-09,Qatar,Asia,5144,456819,0,682
2022-10-16,Qatar,Asia,4579,461398,0,682
2022-10-23,Qatar,Asia,3732,465130,2,684
2022-10-30,Qatar,Asia,3172,468302,0,684
2022-11-06,Qatar,Asia,2702,471004,0,684
2022-11-13,Qatar,Asia,2436,473440,0,684
2022-11-20,Qatar,Asia,2186,475626,0,684
2022-11-27,Qatar,Asia,1794,477420,1,685
2022-12-04,Qatar,Asia,2679,480099,0,685
2022-12-11,Qatar,Asia,3722,483821,0,685
2022-12-18,Qatar,Asia,2406,486227,0,685
2022-12-25,Qatar,Asia,1760,487987,0,685
2023-01-01,Qatar,Asia,1441,489428,0,685
2023-01-08,Qatar,Asia,1065,490493,0,685
2023-01-15,Qatar,Asia,811,491304,0,685
2023-01-22,Qatar,Asia,606,491910,1,686
2023-01-29,Qatar,Asia,344,492254,0,686
2023-02-05,Qatar,Asia,341,492595,0,686
2023-02-12,Qatar,Asia,330,492925,0,686
2023-02-19,Qatar,Asia,427,493352,0,686
2023-02-26,Qatar,Asia,372,493724,0,686
2023-03-05,Qatar,Asia,653,494377,1,687
2023-03-12,Qatar,Asia,713,495090,1,688
2023-03-19,Qatar,Asia,766,495856,0,688
2023-03-26,Qatar,Asia,2056,497912,0,688
2023-04-02,Qatar,Asia,1939,499851,0,688
2023-04-09,Qatar,Asia,2257,502108,0,688
2023-04-16,Qatar,Asia,2744,504852,2,690
2023-04-23,Qatar,Asia,1471,506323,0,690
2023-04-30,Qatar,Asia,1684,508007,0,690
2023-05-07,Qatar,Asia,1433,509440,0,690
2023-05-14,Qatar,Asia,1539,510979,0,690
2023-05-21,Qatar,Asia,953,511932,0,690
2023-05-28,Qatar,Asia,1183,513115,0,690
2023-06-04,Qatar,Asia,465,513580,0,690
2023-06-11,Qatar,Asia,465,514045,0,690
2023-06-18,Qatar,Asia,291,514336,0,690
2023-06-25,Qatar,Asia,188,514524,0,690
2023-07-02,Qatar,Asia,0,514524,0,690
2023-07-09,Qatar,Asia,0,514524,0,690
2023-07-16,Qatar,Asia,0,514524,0,690
2023-07-23,Qatar,Asia,0,514524,0,690
2023-07-30,Qatar,Asia,0,514524,0,690
2023-08-06,Qatar,Asia,0,514524,0,690
2023-08-13,Qatar,Asia,0,514524,0,690
2023-08-20,Qatar,Asia,0,514524,0,690
2023-08-27,Qatar,Asia,0,514524,0,690
2023-09-03,Qatar,Asia,0,514524,0,690
2023-09-10,Qatar,Asia,0,514524,0,690
2023-09-17,Qatar,Asia,0,514524,0,690
2023-09-24,Qatar,Asia,0,514524,0,690
2023-10-01,Qatar,Asia,0,514524,0,690
2023-10-08,Qatar,Asia,0,514524,0,690
2023-10-15,Qatar,Asia,0,514524,0,690
2023-10-22,Qatar,Asia,0,514524,0,690
2023-10-29,Qatar,Asia,0,514524,0,690
2023-11-05,Qatar,Asia,0,514524,0,690
2023-11-12,Qatar,Asia,0,514524,0,690
2023-11-19,Qatar,Asia,0,514524,0,690
2023-11-26,Qatar,Asia,0,514524,0,690
2023-12-03,Qatar,Asia,0,514524,0,690
2023-12-10,Qatar,Asia,0,514524,0,690
2023-12-17,Qatar,Asia,0,514524,0,690
2023-12-24,Qatar,Asia,0,514524,0,690
2023-12-31,Qatar,Asia,0,514524,0,690
2024-01-07,Qatar,Asia,0,514524,0,690
2024-01-14,Qatar,Asia,0,514524,0,690
2024-01-21,Qatar,Asia,0,514524,0,690
2024-01-28,Qatar,Asia,0,514524,0,690
2024-02-04,Qatar,Asia,0,514524,0,690
2024-02-11,Qatar,Asia,0,514524,0,690
2024-02-18,Qatar,Asia,0,514524,0,690
2024-02-25,Qatar,Asia,0,514524,0,690
2024-03-03,Qatar,Asia,0,514524,0,690
2024-03-10,Qatar,Asia,0,514524,0,690
2024-03-17,Qatar,Asia,0,514524,0,690
2024-03-24,Qatar,Asia,0,514524,0,690
2024-03-31,Qatar,Asia,0,514524,0,690
2024-04-07,Qatar,Asia,0,514524,0,690
2024-04-14,Qatar,Asia,0,514524,0,690
2024-04-21,Qatar,Asia,0,514524,0,690
2024-04-28,Qatar,Asia,0,514524,0,690
2024-05-05,Qatar,Asia,0,514524,0,690
2024-05-12,Qatar,Asia,0,514524,0,690
2024-05-19,Qatar,Asia,0,514524,0,690
2024-05-26,Qatar,Asia,0,514524,0,690
2024-06-02,Qatar,Asia,0,514524,0,690
2024-06-09,Qatar,Asia,0,514524,0,690
2024-06-16,Qatar,Asia,0,514524,0,690
2024-06-23,Qatar,Asia,0,514524,0,690
2024-06-30,Qatar,Asia,0,514524,0,690
2024-07-07,Qatar,Asia,0,514524,0,690
2024-07-14,Qatar,Asia,0,514524,0,690
2024-07-21,Qatar,Asia,0,514524,0,690
2024-07-28,Qatar,Asia,0,514524,0,690
2024-08-04,Qatar,Asia,0,514524,0,690
2024-08-11,Qatar,Asia,0,514524,0,690
2024-08-18,Qatar,Asia,0,514524,0,690
2024-08-25,Qatar,Asia,0,514524,0,690
2024-09-01,Qatar,Asia,0,514524,0,690
2020-01-05,Republic of Korea,Asia,0,0,0,0
2020-01-12,Republic of Korea,Asia,0,0,0,0
2020-01-19,Republic of Korea,Asia,1,1,0,0
2020-01-26,Republic of Korea,Asia,2,3,0,0
2020-02-02,Republic of Korea,Asia,12,15,0,0
2020-02-09,Republic of Korea,Asia,12,27,0,0
2020-02-16,Republic of Korea,Asia,3,30,0,0
2020-02-23,Republic of Korea,Asia,526,556,3,3
2020-03-01,Republic of Korea,Asia,2970,3526,14,17
2020-03-08,Republic of Korea,Asia,3608,7134,33,50
2020-03-15,Republic of Korea,Asia,1028,8162,25,75
2020-03-22,Republic of Korea,Asia,735,8897,29,104
2020-03-29,Republic of Korea,Asia,686,9583,48,152
2020-04-05,Republic of Korea,Asia,654,10237,31,183
2020-04-12,Republic of Korea,Asia,275,10512,31,214
2020-04-19,Republic of Korea,Asia,149,10661,20,234
2020-04-26,Republic of Korea,Asia,67,10728,8,242
2020-05-03,Republic of Korea,Asia,65,10793,8,250
2020-05-10,Republic of Korea,Asia,81,10874,6,256
2020-05-17,Republic of Korea,Asia,176,11050,6,262
2020-05-24,Republic of Korea,Asia,140,11190,4,266
2020-05-31,Republic of Korea,Asia,278,11468,4,270
2020-06-07,Republic of Korea,Asia,308,11776,3,273
2020-06-14,Republic of Korea,Asia,308,12084,4,277
2020-06-21,Republic of Korea,Asia,337,12421,3,280
2020-06-28,Republic of Korea,Asia,294,12715,2,282
2020-07-05,Republic of Korea,Asia,374,13089,1,283
2020-07-12,Republic of Korea,Asia,328,13417,6,289
2020-07-19,Republic of Korea,Asia,328,13745,6,295
2020-07-26,Republic of Korea,Asia,405,14150,3,298
2020-08-02,Republic of Korea,Asia,216,14366,3,301
2020-08-09,Republic of Korea,Asia,232,14598,4,305
2020-08-16,Republic of Korea,Asia,720,15318,0,305
2020-08-23,Republic of Korea,Asia,2081,17399,4,309
2020-08-30,Republic of Korea,Asia,2300,19699,14,323
2020-09-06,Republic of Korea,Asia,1478,21177,11,334
2020-09-13,Republic of Korea,Asia,999,22176,24,358
2020-09-20,Republic of Korea,Asia,799,22975,25,383
2020-09-27,Republic of Korea,Asia,636,23611,18,401
2020-10-04,Republic of Korea,Asia,480,24091,20,421
2020-10-11,Republic of Korea,Asia,515,24606,11,432
2020-10-18,Republic of Korea,Asia,593,25199,12,444
2020-10-25,Republic of Korea,Asia,637,25836,13,457
2020-11-01,Republic of Korea,Asia,799,26635,9,466
2020-11-08,Republic of Korea,Asia,791,27426,12,478
2020-11-15,Republic of Korea,Asia,1118,28544,15,493
2020-11-22,Republic of Korea,Asia,2126,30670,12,505
2020-11-29,Republic of Korea,Asia,3091,33761,18,523
2020-12-06,Republic of Korea,Asia,3776,37537,22,545
2020-12-13,Republic of Korea,Asia,5221,42758,35,580
2020-12-20,Republic of Korea,Asia,6896,49654,94,674
2020-12-27,Republic of Korea,Asia,7201,56855,134,808
2021-01-03,Republic of Korea,Asia,7396,64251,154,962
2021-01-10,Republic of Korea,Asia,4844,69095,163,1125
2021-01-17,Republic of Korea,Asia,3623,72718,124,1249
2021-01-24,Republic of Korea,Asia,2796,75514,100,1349
2021-01-31,Republic of Korea,Asia,2989,78503,71,1420
2021-02-07,Republic of Korea,Asia,2673,81176,51,1471
2021-02-14,Republic of Korea,Asia,2685,83861,51,1522
2021-02-21,Republic of Korea,Asia,3456,87317,35,1557
2021-02-28,Republic of Korea,Asia,2703,90020,46,1603
2021-03-07,Republic of Korea,Asia,2790,92810,31,1634
2021-03-14,Republic of Korea,Asia,3197,96007,35,1669
2021-03-21,Republic of Korea,Asia,3058,99065,27,1696
2021-03-28,Republic of Korea,Asia,3062,102127,26,1722
2021-04-04,Republic of Korea,Asia,3620,105747,22,1744
2021-04-11,Republic of Korea,Asia,4394,110141,24,1768
2021-04-18,Republic of Korea,Asia,4505,114646,29,1797
2021-04-25,Republic of Korea,Asia,4732,119378,16,1813
2021-05-02,Republic of Korea,Asia,4342,123720,21,1834
2021-05-09,Republic of Korea,Asia,4044,127764,41,1875
2021-05-16,Republic of Korea,Asia,4516,132280,28,1903
2021-05-23,Republic of Korea,Asia,4178,136458,31,1934
2021-05-30,Republic of Korea,Asia,3880,140338,25,1959
2021-06-06,Republic of Korea,Asia,4297,144635,15,1974
2021-06-13,Republic of Korea,Asia,3638,148273,14,1988
2021-06-20,Republic of Korea,Asia,3233,151506,16,2004
2021-06-27,Republic of Korea,Asia,4066,155572,11,2015
2021-07-04,Republic of Korea,Asia,5223,160795,13,2028
2021-07-11,Republic of Korea,Asia,8351,169146,16,2044
2021-07-18,Republic of Korea,Asia,10057,179203,14,2058
2021-07-25,Republic of Korea,Asia,10963,190166,19,2077
2021-08-01,Republic of Korea,Asia,10835,201001,22,2099
2021-08-08,Republic of Korea,Asia,11446,212447,26,2125
2021-08-15,Republic of Korea,Asia,13034,225481,42,2167
2021-08-22,Republic of Korea,Asia,12297,237778,55,2222
2021-08-29,Republic of Korea,Asia,12271,250049,62,2284
2021-09-05,Republic of Korea,Asia,11728,261777,43,2327
2021-09-12,Republic of Korea,Asia,12636,274413,33,2360
2021-09-19,Republic of Korea,Asia,13121,287534,49,2409
2021-09-26,Republic of Korea,Asia,16019,303553,47,2456
2021-10-03,Republic of Korea,Asia,16224,319777,57,2513
2021-10-10,Republic of Korea,Asia,13039,332816,70,2583
2021-10-17,Republic of Korea,Asia,10629,343445,85,2668
2021-10-24,Republic of Korea,Asia,9644,353089,105,2773
2021-10-31,Republic of Korea,Asia,13296,366385,86,2859
2021-11-07,Republic of Korea,Asia,15307,381692,121,2980
2021-11-14,Republic of Korea,Asia,15774,397466,135,3115
2021-11-21,Republic of Korea,Asia,20785,418251,183,3298
2021-11-28,Republic of Korea,Asia,25947,444198,282,3580
2021-12-05,Republic of Korea,Asia,33158,477356,313,3893
2021-12-12,Republic of Korea,Asia,45729,523085,400,4293
2021-12-19,Republic of Korea,Asia,47328,570413,483,4776
2021-12-26,Republic of Korea,Asia,41254,611667,524,5300
2022-01-02,Republic of Korea,Asia,30535,642202,430,5730
2022-01-09,Republic of Korea,Asia,25184,667386,341,6071
2022-01-16,Republic of Korea,Asia,28644,696030,262,6333
2022-01-23,Republic of Korea,Asia,45378,741408,232,6565
2022-01-30,Republic of Korea,Asia,104291,845699,190,6755
2022-02-06,Republic of Korea,Asia,199263,1044962,131,6886
2022-02-13,Republic of Korea,Asia,360282,1405244,216,7102
2022-02-20,Republic of Korea,Asia,652917,2058161,348,7450
2022-02-27,Republic of Korea,Asia,1076295,3134456,608,8058
2022-03-06,Republic of Korea,Asia,1532514,4666970,1038,9096
2022-03-13,Republic of Korea,Asia,2199242,6866212,1499,10595
2022-03-20,Republic of Korea,Asia,2716348,9582560,2162,12757
2022-03-27,Republic of Korea,Asia,2420314,12002874,2429,15186
2022-04-03,Republic of Korea,Asia,1998392,14001266,2267,17453
2022-04-10,Republic of Korea,Asia,1423253,15424519,2226,19679
2022-04-17,Republic of Korea,Asia,928917,16353436,1545,21224
2022-04-24,Republic of Korea,Asia,576068,16929504,1019,22243
2022-05-01,Republic of Korea,Asia,366118,17295622,715,22958
2022-05-08,Republic of Korea,Asia,269340,17564962,442,23400
2022-05-15,Republic of Korea,Asia,230350,17795312,344,23744
2022-05-22,Republic of Korea,Asia,172329,17967641,243,23987
2022-05-29,Republic of Korea,Asia,118806,18086447,180,24167
2022-06-05,Republic of Korea,Asia,82261,18168708,132,24299
2022-06-12,Republic of Korea,Asia,60570,18229278,91,24390
2022-06-19,Republic of Korea,Asia,50785,18280063,73,24463
2022-06-26,Republic of Korea,Asia,49360,18329423,67,24530
2022-07-03,Republic of Korea,Asia,60188,18389611,46,24576
2022-07-10,Republic of Korea,Asia,122234,18511845,92,24668
2022-07-17,Republic of Korea,Asia,249912,18761757,97,24765
2022-07-24,Republic of Korea,Asia,449856,19211613,142,24907
2022-07-31,Republic of Korea,Asia,564437,19776050,177,25084
2022-08-07,Republic of Korea,Asia,713078,20489128,248,25332
2022-08-14,Republic of Korea,Asia,866830,21355958,378,25710
2022-08-21,Republic of Korea,Asia,884373,22240331,451,26161
2022-08-28,Republic of Korea,Asia,743487,22983818,528,26689
2022-09-04,Republic of Korea,Asia,585374,23569192,504,27193
2022-09-11,Republic of Korea,Asia,435695,24004887,340,27533
2022-09-18,Republic of Korea,Asia,389579,24394466,358,27891
2022-09-25,Republic of Korea,Asia,225662,24620128,381,28272
2022-10-02,Republic of Korea,Asia,199483,24819611,256,28528
2022-10-09,Republic of Korea,Asia,151178,24970789,180,28708
2022-10-16,Republic of Korea,Asia,149676,25120465,148,28856
2022-10-23,Republic of Korea,Asia,176869,25297334,161,29017
2022-10-30,Republic of Korea,Asia,241465,25538799,213,29230
2022-11-06,Republic of Korea,Asia,299440,25838239,190,29420
2022-11-13,Republic of Korea,Asia,355990,26194229,328,29748
2022-11-20,Republic of Korea,Asia,364536,26558765,363,30111
2022-11-27,Republic of Korea,Asia,378751,26937516,343,30454
2022-12-04,Republic of Korea,Asia,370574,27308090,339,30793
2022-12-11,Republic of Korea,Asia,420392,27728482,335,31128
2022-12-18,Republic of Korea,Asia,459811,28188293,362,31490
2022-12-25,Republic of Korea,Asia,470762,28659055,392,31882
2023-01-01,Republic of Korea,Asia,457745,29116800,419,32301
2023-01-08,Republic of Korea,Asia,403800,29520600,195,32496
2023-01-15,Republic of Korea,Asia,286291,29806891,0,32496
2023-01-22,Republic of Korea,Asia,192638,29999529,0,32496
2023-01-29,Republic of Korea,Asia,150072,30149601,0,32496
2023-02-05,Republic of Korea,Asia,107810,30257411,1118,33614
2023-02-12,Republic of Korea,Asia,92788,30350199,133,33747
2023-02-19,Republic of Korea,Asia,79372,30429571,118,33865
2023-02-26,Republic of Korea,Asia,69307,30498878,96,33961
2023-03-05,Republic of Korea,Asia,66037,30564915,73,34034
2023-03-12,Republic of Korea,Asia,69816,30634731,81,34115
2023-03-19,Republic of Korea,Asia,64299,30699030,56,34171
2023-03-26,Republic of Korea,Asia,70226,30769256,52,34223
2023-04-02,Republic of Korea,Asia,71121,30840377,58,34281
2023-04-09,Republic of Korea,Asia,73678,30914055,51,34332
2023-04-16,Republic of Korea,Asia,75087,30989142,44,34376
2023-04-23,Republic of Korea,Asia,89417,31078559,51,34427
2023-04-30,Republic of Korea,Asia,92327,31170886,60,34487
2023-05-07,Republic of Korea,Asia,106860,31277746,47,34534
2023-05-14,Republic of Korea,Asia,130356,31408102,76,34610
2023-05-21,Republic of Korea,Asia,133183,31541285,77,34687
2023-05-28,Republic of Korea,Asia,105688,31646973,67,34754
2023-06-04,Republic of Korea,Asia,100866,31747839,73,34827
2023-06-11,Republic of Korea,Asia,135758,31883597,66,34893
2023-06-18,Republic of Korea,Asia,21070,31904667,67,34960
2023-06-25,Republic of Korea,Asia,113819,32018486,57,35017
2023-07-02,Republic of Korea,Asia,113120,32131606,0,35017
2023-07-09,Republic of Korea,Asia,124548,32256154,54,35071
2023-07-16,Republic of Korea,Asia,150444,32406598,0,35071
2023-07-23,Republic of Korea,Asia,204911,32611509,88,35159
2023-07-30,Republic of Korea,Asia,271581,32883090,57,35216
2023-08-06,Republic of Korea,Asia,651129,33534219,195,35411
2023-08-13,Republic of Korea,Asia,81573,33615792,0,35411
2023-08-20,Republic of Korea,Asia,281745,33897537,146,35557
2023-08-27,Republic of Korea,Asia,282263,34179800,255,35812
2023-09-03,Republic of Korea,Asia,256742,34436542,0,35812
2023-09-10,Republic of Korea,Asia,135331,34571873,122,35934
2023-09-17,Republic of Korea,Asia,0,34571873,0,35934
2023-09-24,Republic of Korea,Asia,0,34571873,0,35934
2023-10-01,Republic of Korea,Asia,0,34571873,0,35934
2023-10-08,Republic of Korea,Asia,0,34571873,0,35934
2023-10-15,Republic of Korea,Asia,0,34571873,0,35934
2023-10-22,Republic of Korea,Asia,0,34571873,0,35934
2023-10-29,Republic of Korea,Asia,0,34571873,0,35934
2023-11-05,Republic of Korea,Asia,0,34571873,0,35934
2023-11-12,Republic of Korea,Asia,0,34571873,0,35934
2023-11-19,Republic of Korea,Asia,0,34571873,0,35934
2023-11-26,Republic of Korea,Asia,0,34571873,0,35934
2023-12-03,Republic of Korea,Asia,0,34571873,0,35934
2023-12-10,Republic of Korea,Asia,0,34571873,0,35934
2023-12-17,Republic of Korea,Asia,0,34571873,0,35934
2023-12-24,Republic of Korea,Asia,0,34571873,0,35934
2023-12-31,Republic of Korea,Asia,0,34571873,0,35934
2024-01-07,Republic of Korea,Asia,0,34571873,0,35934
2024-01-14,Republic of Korea,Asia,0,34571873,0,35934
2024-01-21,Republic of Korea,Asia,0,34571873,0,35934
2024-01-28,Republic of Korea,Asia,0,34571873,0,35934
2024-02-04,Republic of Korea,Asia,0,34571873,0,35934
2024-02-11,Republic of Korea,Asia,0,34571873,0,35934
2024-02-18,Republic of Korea,Asia,0,34571873,0,35934
2024-02-25,Republic of Korea,Asia,0,34571873,0,35934
2024-03-03,Republic of Korea,Asia,0,34571873,0,35934
2024-03-10,Republic of Korea,Asia,0,34571873,0,35934
2024-03-17,Republic of Korea,Asia,0,34571873,0,35934
2024-03-24,Republic of Korea,Asia,0,34571873,0,35934
2024-03-31,Republic of Korea,Asia,0,34571873,0,35934
2024-04-07,Republic of Korea,Asia,0,34571873,0,35934
2024-04-14,Republic of Korea,Asia,0,34571873,0,35934
2024-04-21,Republic of Korea,Asia,0,34571873,0,35934
2024-04-28,Republic of Korea,Asia,0,34571873,0,35934
2024-05-05,Republic of Korea,Asia,0,34571873,0,35934
2024-05-12,Republic of Korea,Asia,0,34571873,0,35934
2024-05-19,Republic of Korea,Asia,0,34571873,0,35934
2024-05-26,Republic of Korea,Asia,0,34571873,0,35934
2024-06-02,Republic of Korea,Asia,0,34571873,0,35934
2024-06-09,Republic of Korea,Asia,0,34571873,0,35934
2024-06-16,Republic of Korea,Asia,0,34571873,0,35934
2024-06-23,Republic of Korea,Asia,0,34571873,0,35934
2024-06-30,Republic of Korea,Asia,0,34571873,0,35934
2024-07-07,Republic of Korea,Asia,0,34571873,0,35934
2024-07-14,Republic of Korea,Asia,0,34571873,0,35934
2024-07-21,Republic of Korea,Asia,0,34571873,0,35934
2024-07-28,Republic of Korea,Asia,0,34571873,0,35934
2024-08-04,Republic of Korea,Asia,0,34571873,0,35934
2024-08-11,Republic of Korea,Asia,0,34571873,0,35934
2024-08-18,Republic of Korea,Asia,0,34571873,0,35934
2024-08-25,Republic of Korea,Asia,0,34571873,0,35934
2024-09-01,Republic of Korea,Asia,0,34571873,0,35934
2020-01-05,Republic of Moldova,Europe,0,0,0,0
2020-01-12,Republic of Moldova,Europe,0,0,0,0
2020-01-19,Republic of Moldova,Europe,0,0,0,0
2020-01-26,Republic of Moldova,Europe,0,0,0,0
2020-02-02,Republic of Moldova,Europe,0,0,0,0
2020-02-09,Republic of Moldova,Europe,0,0,0,0
2020-02-16,Republic of Moldova,Europe,0,0,0,0
2020-02-23,Republic of Moldova,Europe,0,0,0,0
2020-03-01,Republic of Moldova,Europe,0,0,0,0
2020-03-08,Republic of Moldova,Europe,1,1,0,0
2020-03-15,Republic of Moldova,Europe,7,8,0,0
2020-03-22,Republic of Moldova,Europe,72,80,1,1
2020-03-29,Republic of Moldova,Europe,151,231,1,2
2020-04-05,Republic of Moldova,Europe,521,752,10,12
2020-04-12,Republic of Moldova,Europe,808,1560,18,30
2020-04-19,Republic of Moldova,Europe,791,2351,30,60
2020-04-26,Republic of Moldova,Europe,953,3304,34,94
2020-05-03,Republic of Moldova,Europe,748,4052,30,124
2020-05-10,Republic of Moldova,Europe,815,4867,41,165
2020-05-17,Republic of Moldova,Europe,1067,5934,44,209
2020-05-24,Republic of Moldova,Europe,1060,6994,41,250
2020-05-31,Republic of Moldova,Europe,1104,8098,46,296
2020-06-07,Republic of Moldova,Europe,1413,9511,41,337
2020-06-14,Republic of Moldova,Europe,1948,11459,64,401
2020-06-21,Republic of Moldova,Europe,2494,13953,65,466
2020-06-28,Republic of Moldova,Europe,2127,16080,62,528
2020-07-05,Republic of Moldova,Europe,1592,17672,58,586
2020-07-12,Republic of Moldova,Europe,1536,19208,58,644
2020-07-19,Republic of Moldova,Europe,1586,20794,40,684
2020-07-26,Republic of Moldova,Europe,2034,22828,53,737
2020-08-02,Republic of Moldova,Europe,2285,25113,57,794
2020-08-09,Republic of Moldova,Europe,2330,27443,52,846
2020-08-16,Republic of Moldova,Europe,2462,29905,54,900
2020-08-23,Republic of Moldova,Europe,3167,33072,40,940
2020-08-30,Republic of Moldova,Europe,3332,36404,55,995
2020-09-06,Republic of Moldova,Europe,3069,39473,73,1068
2020-09-13,Republic of Moldova,Europe,3241,42714,55,1123
2020-09-20,Republic of Moldova,Europe,3622,46336,83,1206
2020-09-27,Republic of Moldova,Europe,4198,50534,78,1284
2020-10-04,Republic of Moldova,Europe,5354,55888,78,1362
2020-10-11,Republic of Moldova,Europe,5874,61762,105,1467
2020-10-18,Republic of Moldova,Europe,4890,66652,111,1578
2020-10-25,Republic of Moldova,Europe,4437,71089,100,1678
2020-11-01,Republic of Moldova,Europe,4951,76040,133,1811
2020-11-08,Republic of Moldova,Europe,5635,81675,106,1917
2020-11-15,Republic of Moldova,Europe,7097,88772,115,2032
2020-11-22,Republic of Moldova,Europe,7917,96689,124,2156
2020-11-29,Republic of Moldova,Europe,9163,105852,139,2295
2020-12-06,Republic of Moldova,Europe,9705,115557,185,2480
2020-12-13,Republic of Moldova,Europe,10166,125723,144,2624
2020-12-20,Republic of Moldova,Europe,8855,134578,180,2804
2020-12-27,Republic of Moldova,Europe,6418,140996,156,2960
2021-01-03,Republic of Moldova,Europe,4698,145694,211,3171
2021-01-10,Republic of Moldova,Europe,3399,149093,110,3281
2021-01-17,Republic of Moldova,Europe,3547,152640,115,3396
2021-01-24,Republic of Moldova,Europe,3297,155937,102,3498
2021-01-31,Republic of Moldova,Europe,3576,159513,123,3621
2021-02-07,Republic of Moldova,Europe,4730,164243,96,3717
2021-02-14,Republic of Moldova,Europe,5562,169805,110,3827
2021-02-21,Republic of Moldova,Europe,6440,176245,120,3947
2021-02-28,Republic of Moldova,Europe,8611,184856,236,4183
2021-03-07,Republic of Moldova,Europe,9749,194605,167,4350
2021-03-14,Republic of Moldova,Europe,9105,203710,203,4553
2021-03-21,Republic of Moldova,Europe,10493,214203,237,4790
2021-03-28,Republic of Moldova,Europe,11457,225660,254,5044
2021-04-04,Republic of Moldova,Europe,8734,234394,479,5523
2021-04-11,Republic of Moldova,Europe,6492,240886,277,5800
2021-04-18,Republic of Moldova,Europe,4608,245494,179,5979
2021-04-25,Republic of Moldova,Europe,3404,248898,161,6140
2021-05-02,Republic of Moldova,Europe,2262,251160,184,6324
2021-05-09,Republic of Moldova,Europe,1444,252604,117,6441
2021-05-16,Republic of Moldova,Europe,1132,253736,73,6514
2021-05-23,Republic of Moldova,Europe,865,254601,56,6570
2021-05-30,Republic of Moldova,Europe,504,255105,28,6598
2021-06-06,Republic of Moldova,Europe,327,255432,77,6675
2021-06-13,Republic of Moldova,Europe,326,255758,20,6695
2021-06-20,Republic of Moldova,Europe,345,256103,16,6711
2021-06-27,Republic of Moldova,Europe,424,256527,15,6726
2021-07-04,Republic of Moldova,Europe,404,256931,17,6743
2021-07-11,Republic of Moldova,Europe,488,257419,13,6756
2021-07-18,Republic of Moldova,Europe,484,257903,16,6772
2021-07-25,Republic of Moldova,Europe,678,258581,18,6790
2021-08-01,Republic of Moldova,Europe,897,259478,20,6810
2021-08-08,Republic of Moldova,Europe,1077,260555,24,6834
2021-08-15,Republic of Moldova,Europe,1392,261947,25,6859
2021-08-22,Republic of Moldova,Europe,2336,264283,52,6911
2021-08-29,Republic of Moldova,Europe,2501,266784,34,6945
2021-09-05,Republic of Moldova,Europe,3202,269986,50,6995
2021-09-12,Republic of Moldova,Europe,4613,274599,81,7076
2021-09-19,Republic of Moldova,Europe,6617,281216,79,7155
2021-09-26,Republic of Moldova,Europe,7161,288377,93,7248
2021-10-03,Republic of Moldova,Europe,8295,296672,156,7404
2021-10-10,Republic of Moldova,Europe,9305,305977,173,7577
2021-10-17,Republic of Moldova,Europe,9437,315414,204,7781
2021-10-24,Republic of Moldova,Europe,11680,327094,253,8034
2021-10-31,Republic of Moldova,Europe,10021,337115,296,8330
2021-11-07,Republic of Moldova,Europe,8402,345517,305,8635
2021-11-14,Republic of Moldova,Europe,7153,352670,390,9025
2021-11-21,Republic of Moldova,Europe,5161,357831,353,9378
2021-11-28,Republic of Moldova,Europe,4495,362326,255,9633
2021-12-05,Republic of Moldova,Europe,3836,366162,154,9787
2021-12-12,Republic of Moldova,Europe,3240,369402,146,9933
2021-12-19,Republic of Moldova,Europe,2752,372154,128,10061
2021-12-26,Republic of Moldova,Europe,2195,374349,123,10184
2022-01-02,Republic of Moldova,Europe,2085,376434,100,10284
2022-01-09,Republic of Moldova,Europe,3467,379901,72,10356
2022-01-16,Republic of Moldova,Europe,8019,387920,81,10437
2022-01-23,Republic of Moldova,Europe,19083,407003,76,10513
2022-01-30,Republic of Moldova,Europe,31246,438249,122,10635
2022-02-06,Republic of Moldova,Europe,29022,467271,133,10768
2022-02-13,Republic of Moldova,Europe,17245,484516,172,10940
2022-02-20,Republic of Moldova,Europe,10668,495184,163,11103
2022-02-27,Republic of Moldova,Europe,6128,501312,110,11213
2022-03-06,Republic of Moldova,Europe,4081,505393,79,11292
2022-03-13,Republic of Moldova,Europe,2601,507994,54,11346
2022-03-20,Republic of Moldova,Europe,2466,510460,43,11389
2022-03-27,Republic of Moldova,Europe,2142,512602,28,11417
2022-04-03,Republic of Moldova,Europe,1597,514199,29,11446
2022-04-10,Republic of Moldova,Europe,1246,515445,16,11462
2022-04-17,Republic of Moldova,Europe,986,516431,19,11481
2022-04-24,Republic of Moldova,Europe,555,516986,8,11489
2022-05-01,Republic of Moldova,Europe,220,517206,3,11492
2022-05-08,Republic of Moldova,Europe,547,517753,11,11503
2022-05-15,Republic of Moldova,Europe,413,518166,13,11516
2022-05-22,Republic of Moldova,Europe,326,518492,5,11521
2022-05-29,Republic of Moldova,Europe,475,518967,23,11544
2022-06-05,Republic of Moldova,Europe,34,519001,0,11544
2022-06-12,Republic of Moldova,Europe,227,519228,7,11551
2022-06-19,Republic of Moldova,Europe,224,519452,3,11554
2022-06-26,Republic of Moldova,Europe,251,519703,9,11563
2022-07-03,Republic of Moldova,Europe,465,520168,4,11567
2022-07-10,Republic of Moldova,Europe,1014,521182,3,11570
2022-07-17,Republic of Moldova,Europe,1852,523034,14,11584
2022-07-24,Republic of Moldova,Europe,3360,526394,8,11592
2022-07-31,Republic of Moldova,Europe,5793,532187,16,11608
2022-08-07,Republic of Moldova,Europe,9528,541715,22,11630
2022-08-14,Republic of Moldova,Europe,10147,551862,32,11662
2022-08-21,Republic of Moldova,Europe,9334,561196,31,11693
2022-08-28,Republic of Moldova,Europe,7892,569088,32,11725
2022-09-04,Republic of Moldova,Europe,5964,575052,30,11755
2022-09-11,Republic of Moldova,Europe,8131,583183,53,11808
2022-09-18,Republic of Moldova,Europe,3840,587023,13,11821
2022-09-25,Republic of Moldova,Europe,2414,589437,23,11844
2022-10-02,Republic of Moldova,Europe,1374,590811,14,11858
2022-10-09,Republic of Moldova,Europe,1101,591912,12,11870
2022-10-16,Republic of Moldova,Europe,623,592535,8,11878
2022-10-23,Republic of Moldova,Europe,622,593157,9,11887
2022-10-30,Republic of Moldova,Europe,566,593723,7,11894
2022-11-06,Republic of Moldova,Europe,0,593723,0,11894
2022-11-13,Republic of Moldova,Europe,347,594070,6,11900
2022-11-20,Republic of Moldova,Europe,278,594348,6,11906
2022-11-27,Republic of Moldova,Europe,313,594661,7,11913
2022-12-04,Republic of Moldova,Europe,319,594980,5,11918
2022-12-11,Republic of Moldova,Europe,329,595309,2,11920
2022-12-18,Republic of Moldova,Europe,343,595652,2,11922
2022-12-25,Republic of Moldova,Europe,448,596100,7,11929
2023-01-01,Republic of Moldova,Europe,358,596458,4,11933
2023-01-08,Republic of Moldova,Europe,364,596822,3,11936
2023-01-15,Republic of Moldova,Europe,302,597124,4,11940
2023-01-22,Republic of Moldova,Europe,857,597981,10,11950
2023-01-29,Republic of Moldova,Europe,600,598581,3,11953
2023-02-05,Republic of Moldova,Europe,905,599486,4,11957
2023-02-12,Republic of Moldova,Europe,1338,600824,7,11964
2023-02-19,Republic of Moldova,Europe,2834,603658,10,11974
2023-02-26,Republic of Moldova,Europe,3702,607360,14,11988
2023-03-05,Republic of Moldova,Europe,3690,611050,15,12003
2023-03-12,Republic of Moldova,Europe,2836,613886,22,12025
2023-03-19,Republic of Moldova,Europe,2373,616259,23,12048
2023-03-26,Republic of Moldova,Europe,1491,617750,21,12069
2023-04-02,Republic of Moldova,Europe,991,618741,17,12086
2023-04-09,Republic of Moldova,Europe,684,619425,14,12100
2023-04-16,Republic of Moldova,Europe,463,619888,6,12106
2023-04-23,Republic of Moldova,Europe,280,620168,6,12112
2023-04-30,Republic of Moldova,Europe,165,620333,1,12113
2023-05-07,Republic of Moldova,Europe,110,620443,2,12115
2023-05-14,Republic of Moldova,Europe,76,620519,3,12118
2023-05-21,Republic of Moldova,Europe,55,620574,0,12118
2023-05-28,Republic of Moldova,Europe,52,620626,0,12118
2023-06-04,Republic of Moldova,Europe,30,620656,5,12123
2023-06-11,Republic of Moldova,Europe,29,620685,1,12124
2023-06-18,Republic of Moldova,Europe,32,620717,0,12124
2023-06-25,Republic of Moldova,Europe,19,620736,0,12124
2023-07-02,Republic of Moldova,Europe,22,620758,0,12124
2023-07-09,Republic of Moldova,Europe,17,620775,1,12125
2023-07-16,Republic of Moldova,Europe,31,620806,0,12125
2023-07-23,Republic of Moldova,Europe,17,620823,0,12125
2023-07-30,Republic of Moldova,Europe,25,620848,0,12125
2023-08-06,Republic of Moldova,Europe,25,620873,0,12125
2023-08-13,Republic of Moldova,Europe,54,620927,0,12125
2023-08-20,Republic of Moldova,Europe,138,621065,0,12125
2023-08-27,Republic of Moldova,Europe,173,621238,0,12125
2023-09-03,Republic of Moldova,Europe,203,621441,0,12125
2023-09-10,Republic of Moldova,Europe,424,621865,1,12126
2023-09-17,Republic of Moldova,Europe,825,622690,0,12126
2023-09-24,Republic of Moldova,Europe,994,623684,0,12126
2023-10-01,Republic of Moldova,Europe,839,624523,2,12128
2023-10-08,Republic of Moldova,Europe,630,625153,0,12128
2023-10-15,Republic of Moldova,Europe,559,625712,7,12135
2023-10-22,Republic of Moldova,Europe,568,626280,8,12143
2023-10-29,Republic of Moldova,Europe,372,626652,7,12150
2023-11-05,Republic of Moldova,Europe,355,627007,2,12152
2023-11-12,Republic of Moldova,Europe,451,627458,2,12154
2023-11-19,Republic of Moldova,Europe,270,627728,2,12156
2023-11-26,Republic of Moldova,Europe,223,627951,1,12157
2023-12-03,Republic of Moldova,Europe,508,628459,2,12159
2023-12-10,Republic of Moldova,Europe,484,628943,2,12161
2023-12-17,Republic of Moldova,Europe,558,629501,6,12167
2023-12-24,Republic of Moldova,Europe,722,630223,3,12170
2023-12-31,Republic of Moldova,Europe,838,631061,4,12174
2024-01-07,Republic of Moldova,Europe,833,631894,5,12179
2024-01-14,Republic of Moldova,Europe,708,632602,6,12185
2024-01-21,Republic of Moldova,Europe,582,633184,5,12190
2024-01-28,Republic of Moldova,Europe,486,633670,7,12197
2024-02-04,Republic of Moldova,Europe,460,634130,5,12202
2024-02-11,Republic of Moldova,Europe,378,634508,4,12206
2024-02-18,Republic of Moldova,Europe,251,634759,10,12216
2024-02-25,Republic of Moldova,Europe,175,634934,0,12216
2024-03-03,Republic of Moldova,Europe,127,635061,1,12217
2024-03-10,Republic of Moldova,Europe,84,635145,1,12218
2024-03-17,Republic of Moldova,Europe,100,635245,6,12224
2024-03-24,Republic of Moldova,Europe,76,635321,7,12231
2024-03-31,Republic of Moldova,Europe,68,635389,0,12231
2024-04-07,Republic of Moldova,Europe,70,635459,2,12233
2024-04-14,Republic of Moldova,Europe,64,635523,0,12233
2024-04-21,Republic of Moldova,Europe,47,635570,0,12233
2024-04-28,Republic of Moldova,Europe,44,635614,1,12234
2024-05-05,Republic of Moldova,Europe,17,635631,1,12235
2024-05-12,Republic of Moldova,Europe,20,635651,2,12237
2024-05-19,Republic of Moldova,Europe,15,635666,0,12237
2024-05-26,Republic of Moldova,Europe,18,635684,0,12237
2024-06-02,Republic of Moldova,Europe,29,635713,0,12237
2024-06-09,Republic of Moldova,Europe,15,635728,1,12238
2024-06-16,Republic of Moldova,Europe,21,635749,1,12239
2024-06-23,Republic of Moldova,Europe,14,635763,0,12239
2024-06-30,Republic of Moldova,Europe,47,635810,0,12239
2024-07-07,Republic of Moldova,Europe,57,635867,0,12239
2024-07-14,Republic of Moldova,Europe,144,636011,1,12240
2024-07-21,Republic of Moldova,Europe,255,636266,1,12241
2024-07-28,Republic of Moldova,Europe,511,636777,2,12243
2024-08-04,Republic of Moldova,Europe,743,637520,2,12245
2024-08-11,Republic of Moldova,Europe,1381,638901,3,12248
2024-08-18,Republic of Moldova,Europe,2213,641114,3,12251
2024-08-25,Republic of Moldova,Europe,2675,643789,0,12251
2024-09-01,Republic of Moldova,Europe,1998,645787,5,12256
2020-01-05,Réunion,Africa,0,0,0,0
2020-01-12,Réunion,Africa,0,0,0,0
2020-01-19,Réunion,Africa,0,0,0,0
2020-01-26,Réunion,Africa,0,0,0,0
2020-02-02,Réunion,Africa,0,0,0,0
2020-02-09,Réunion,Africa,0,0,0,0
2020-02-16,Réunion,Africa,0,0,0,0
2020-02-23,Réunion,Africa,0,0,0,0
2020-03-01,Réunion,Africa,0,0,0,0
2020-03-08,Réunion,Africa,0,0,0,0
2020-03-15,Réunion,Africa,13,13,0,0
2020-03-22,Réunion,Africa,34,47,0,0
2020-03-29,Réunion,Africa,96,143,0,0
2020-04-05,Réunion,Africa,191,334,0,0
2020-04-12,Réunion,Africa,54,388,0,0
2020-04-19,Réunion,Africa,19,407,0,0
2020-04-26,Réunion,Africa,4,411,0,0
2020-05-03,Réunion,Africa,9,420,0,0
2020-05-10,Réunion,Africa,10,430,0,0
2020-05-17,Réunion,Africa,13,443,0,0
2020-05-24,Réunion,Africa,9,452,1,1
2020-05-31,Réunion,Africa,19,471,0,1
2020-06-07,Réunion,Africa,9,480,0,1
2020-06-14,Réunion,Africa,9,489,0,1
2020-06-21,Réunion,Africa,16,505,0,1
2020-06-28,Réunion,Africa,15,520,1,2
2020-07-05,Réunion,Africa,16,536,0,2
2020-07-12,Réunion,Africa,41,577,1,3
2020-07-19,Réunion,Africa,47,624,0,3
2020-07-26,Réunion,Africa,33,657,0,3
2020-08-02,Réunion,Africa,7,664,1,4
2020-08-09,Réunion,Africa,17,681,1,5
2020-08-16,Réunion,Africa,107,788,0,5
2020-08-23,Réunion,Africa,329,1117,1,6
2020-08-30,Réunion,Africa,440,1557,-3,3
2020-09-06,Réunion,Africa,558,2115,3,6
2020-09-13,Réunion,Africa,608,2723,4,10
2020-09-20,Réunion,Africa,471,3194,0,10
2020-09-27,Réunion,Africa,491,3685,1,11
2020-10-04,Réunion,Africa,493,4178,5,16
2020-10-11,Réunion,Africa,313,4491,0,16
2020-10-18,Réunion,Africa,285,4776,1,17
2020-10-25,Réunion,Africa,373,5149,3,20
2020-11-01,Réunion,Africa,510,5659,2,22
2020-11-08,Réunion,Africa,605,6264,5,27
2020-11-15,Réunion,Africa,617,6881,2,29
2020-11-22,Réunion,Africa,620,7501,6,35
2020-11-29,Réunion,Africa,439,7940,5,40
2020-12-06,Réunion,Africa,260,8200,1,41
2020-12-13,Réunion,Africa,145,8345,0,41
2020-12-20,Réunion,Africa,359,8704,1,42
2020-12-27,Réunion,Africa,205,8909,0,42
2021-01-03,Réunion,Africa,128,9037,0,42
2021-01-10,Réunion,Africa,210,9247,0,42
2021-01-17,Réunion,Africa,196,9443,3,45
2021-01-24,Réunion,Africa,258,9701,0,45
2021-01-31,Réunion,Africa,295,9996,1,46
2021-02-07,Réunion,Africa,491,10487,1,47
2021-02-14,Réunion,Africa,420,10907,0,47
2021-02-21,Réunion,Africa,655,11562,1,48
2021-02-28,Réunion,Africa,854,12416,4,52
2021-03-07,Réunion,Africa,709,13125,7,59
2021-03-14,Réunion,Africa,676,13801,12,71
2021-03-21,Réunion,Africa,830,14631,16,87
2021-03-28,Réunion,Africa,930,15561,15,102
2021-04-04,Réunion,Africa,1025,16586,13,115
2021-04-11,Réunion,Africa,922,17508,8,123
2021-04-18,Réunion,Africa,917,18425,12,135
2021-04-25,Réunion,Africa,918,19343,6,141
2021-05-02,Réunion,Africa,1038,20381,7,148
2021-05-09,Réunion,Africa,1070,21451,2,150
2021-05-16,Réunion,Africa,1193,22644,19,169
2021-05-23,Réunion,Africa,922,23566,7,176
2021-05-30,Réunion,Africa,1335,24901,13,189
2021-06-06,Réunion,Africa,1174,26075,14,203
2021-06-13,Réunion,Africa,1160,27235,9,212
2021-06-20,Réunion,Africa,1206,28441,8,220
2021-06-27,Réunion,Africa,1061,29502,6,226
2021-07-04,Réunion,Africa,1081,30583,11,237
2021-07-11,Réunion,Africa,1262,31845,7,244
2021-07-18,Réunion,Africa,1450,33295,12,256
2021-07-25,Réunion,Africa,1320,34615,10,266
2021-08-01,Réunion,Africa,2616,37231,9,275
2021-08-08,Réunion,Africa,3014,40245,13,288
2021-08-15,Réunion,Africa,3590,43835,10,298
2021-08-22,Réunion,Africa,2919,46754,12,310
2021-08-29,Réunion,Africa,1929,48683,22,332
2021-09-05,Réunion,Africa,1663,50346,10,342
2021-09-12,Réunion,Africa,1305,51651,12,354
2021-09-19,Réunion,Africa,992,52643,4,358
2021-09-26,Réunion,Africa,598,53241,5,363
2021-10-03,Réunion,Africa,0,53241,3,366
2021-10-10,Réunion,Africa,722,53963,3,369
2021-10-17,Réunion,Africa,61,54024,1,370
2021-10-24,Réunion,Africa,414,54438,2,372
2021-10-31,Réunion,Africa,230,54668,2,374
2021-11-07,Réunion,Africa,457,55125,2,376
2021-11-14,Réunion,Africa,740,55865,0,376
2021-11-21,Réunion,Africa,1308,57173,3,379
2021-11-28,Réunion,Africa,1875,59048,2,381
2021-12-05,Réunion,Africa,2140,61188,3,384
2021-12-12,Réunion,Africa,2675,63863,7,391
2021-12-19,Réunion,Africa,3374,67237,2,393
2021-12-26,Réunion,Africa,4558,71795,8,401
2022-01-02,Réunion,Africa,4807,76602,8,409
2022-01-09,Réunion,Africa,9358,85960,10,419
2022-01-16,Réunion,Africa,16256,102216,16,435
2022-01-23,Réunion,Africa,31401,133617,27,462
2022-01-30,Réunion,Africa,46914,180531,38,500
2022-02-06,Réunion,Africa,45474,226005,31,531
2022-02-13,Réunion,Africa,30782,256787,34,565
2022-02-20,Réunion,Africa,21707,278494,38,603
2022-02-27,Réunion,Africa,13632,292126,37,640
2022-03-06,Réunion,Africa,10036,302162,26,666
2022-03-13,Réunion,Africa,8019,310181,14,680
2022-03-20,Réunion,Africa,8514,318695,9,689
2022-03-27,Réunion,Africa,8494,327189,13,702
2022-04-03,Réunion,Africa,9756,336945,7,709
2022-04-10,Réunion,Africa,10996,347941,11,720
2022-04-17,Réunion,Africa,12504,360445,11,731
2022-04-24,Réunion,Africa,13850,374295,11,742
2022-05-01,Réunion,Africa,12889,387184,7,749
2022-05-08,Réunion,Africa,10931,398115,7,756
2022-05-15,Réunion,Africa,7865,405980,6,762
2022-05-22,Réunion,Africa,5383,411363,8,770
2022-05-29,Réunion,Africa,3252,414615,7,777
2022-06-05,Réunion,Africa,2046,416661,7,784
2022-06-12,Réunion,Africa,1924,418585,12,796
2022-06-19,Réunion,Africa,1383,419968,3,799
2022-06-26,Réunion,Africa,1301,421269,8,807
2022-07-03,Réunion,Africa,1500,422769,5,812
2022-07-10,Réunion,Africa,2869,425638,7,819
2022-07-17,Réunion,Africa,3599,429237,6,825
2022-07-24,Réunion,Africa,4235,433472,6,831
2022-07-31,Réunion,Africa,5687,439159,7,838
2022-08-07,Réunion,Africa,5823,444982,7,845
2022-08-14,Réunion,Africa,4590,449572,8,853
2022-08-21,Réunion,Africa,5093,454665,2,855
2022-08-28,Réunion,Africa,5711,460376,6,861
2022-09-04,Réunion,Africa,7014,467390,13,874
2022-09-11,Réunion,Africa,4661,472051,5,879
2022-09-18,Réunion,Africa,2572,474623,5,884
2022-09-25,Réunion,Africa,1325,475948,6,890
2022-10-02,Réunion,Africa,623,476571,3,893
2022-10-09,Réunion,Africa,356,476927,1,894
2022-10-16,Réunion,Africa,336,477263,2,896
2022-10-23,Réunion,Africa,340,477603,2,898
2022-10-30,Réunion,Africa,356,477959,1,899
2022-11-06,Réunion,Africa,387,478346,0,899
2022-11-13,Réunion,Africa,509,478855,0,899
2022-11-20,Réunion,Africa,575,479430,3,902
2022-11-27,Réunion,Africa,893,480323,0,902
2022-12-04,Réunion,Africa,1217,481540,1,903
2022-12-11,Réunion,Africa,1366,482906,2,905
2022-12-18,Réunion,Africa,1830,484736,0,905
2022-12-25,Réunion,Africa,1923,486659,1,906
2023-01-01,Réunion,Africa,1849,488508,1,907
2023-01-08,Réunion,Africa,2104,490612,4,911
2023-01-15,Réunion,Africa,1213,491825,4,915
2023-01-22,Réunion,Africa,995,492820,1,916
2023-01-29,Réunion,Africa,1082,493902,3,919
2023-02-05,Réunion,Africa,693,494595,2,921
2023-02-12,Réunion,Africa,0,494595,0,921
2023-02-19,Réunion,Africa,0,494595,0,921
2023-02-26,Réunion,Africa,0,494595,0,921
2023-03-05,Réunion,Africa,0,494595,0,921
2023-03-12,Réunion,Africa,0,494595,0,921
2023-03-19,Réunion,Africa,0,494595,0,921
2023-03-26,Réunion,Africa,0,494595,0,921
2023-04-02,Réunion,Africa,0,494595,0,921
2023-04-09,Réunion,Africa,0,494595,0,921
2023-04-16,Réunion,Africa,0,494595,0,921
2023-04-23,Réunion,Africa,0,494595,0,921
2023-04-30,Réunion,Africa,0,494595,0,921
2023-05-07,Réunion,Africa,0,494595,0,921
2023-05-14,Réunion,Africa,0,494595,0,921
2023-05-21,Réunion,Africa,0,494595,0,921
2023-05-28,Réunion,Africa,0,494595,0,921
2023-06-04,Réunion,Africa,0,494595,0,921
2023-06-11,Réunion,Africa,0,494595,0,921
2023-06-18,Réunion,Africa,0,494595,0,921
2023-06-25,Réunion,Africa,0,494595,0,921
2023-07-02,Réunion,Africa,0,494595,0,921
2023-07-09,Réunion,Africa,0,494595,0,921
2023-07-16,Réunion,Africa,0,494595,0,921
2023-07-23,Réunion,Africa,0,494595,0,921
2023-07-30,Réunion,Africa,0,494595,0,921
2023-08-06,Réunion,Africa,0,494595,0,921
2023-08-13,Réunion,Africa,0,494595,0,921
2023-08-20,Réunion,Africa,0,494595,0,921
2023-08-27,Réunion,Africa,0,494595,0,921
2023-09-03,Réunion,Africa,0,494595,0,921
2023-09-10,Réunion,Africa,0,494595,0,921
2023-09-17,Réunion,Africa,0,494595,0,921
2023-09-24,Réunion,Africa,0,494595,0,921
2023-10-01,Réunion,Africa,0,494595,0,921
2023-10-08,Réunion,Africa,0,494595,0,921
2023-10-15,Réunion,Africa,0,494595,0,921
2023-10-22,Réunion,Africa,0,494595,0,921
2023-10-29,Réunion,Africa,0,494595,0,921
2023-11-05,Réunion,Africa,0,494595,0,921
2023-11-12,Réunion,Africa,0,494595,0,921
2023-11-19,Réunion,Africa,0,494595,0,921
2023-11-26,Réunion,Africa,0,494595,0,921
2023-12-03,Réunion,Africa,0,494595,0,921
2023-12-10,Réunion,Africa,0,494595,0,921
2023-12-17,Réunion,Africa,0,494595,0,921
2023-12-24,Réunion,Africa,0,494595,0,921
2023-12-31,Réunion,Africa,0,494595,0,921
2024-01-07,Réunion,Africa,0,494595,0,921
2024-01-14,Réunion,Africa,0,494595,0,921
2024-01-21,Réunion,Africa,0,494595,0,921
2024-01-28,Réunion,Africa,0,494595,0,921
2024-02-04,Réunion,Africa,0,494595,0,921
2024-02-11,Réunion,Africa,0,494595,0,921
2024-02-18,Réunion,Africa,0,494595,0,921
2024-02-25,Réunion,Africa,0,494595,0,921
2024-03-03,Réunion,Africa,0,494595,0,921
2024-03-10,Réunion,Africa,0,494595,0,921
2024-03-17,Réunion,Africa,0,494595,0,921
2024-03-24,Réunion,Africa,0,494595,0,921
2024-03-31,Réunion,Africa,0,494595,0,921
2024-04-07,Réunion,Africa,0,494595,0,921
2024-04-14,Réunion,Africa,0,494595,0,921
2024-04-21,Réunion,Africa,0,494595,0,921
2024-04-28,Réunion,Africa,0,494595,0,921
2024-05-05,Réunion,Africa,0,494595,0,921
2024-05-12,Réunion,Africa,0,494595,0,921
2024-05-19,Réunion,Africa,0,494595,0,921
2024-05-26,Réunion,Africa,0,494595,0,921
2024-06-02,Réunion,Africa,0,494595,0,921
2024-06-09,Réunion,Africa,0,494595,0,921
2024-06-16,Réunion,Africa,0,494595,0,921
2024-06-23,Réunion,Africa,0,494595,0,921
2024-06-30,Réunion,Africa,0,494595,0,921
2024-07-07,Réunion,Africa,0,494595,0,921
2024-07-14,Réunion,Africa,0,494595,0,921
2024-07-21,Réunion,Africa,0,494595,0,921
2024-07-28,Réunion,Africa,0,494595,0,921
2024-08-04,Réunion,Africa,0,494595,0,921
2024-08-11,Réunion,Africa,0,494595,0,921
2024-08-18,Réunion,Africa,0,494595,0,921
2024-08-25,Réunion,Africa,0,494595,0,921
2024-09-01,Réunion,Africa,0,494595,0,921
2020-01-05,Romania,Europe,0,0,0,0
2020-01-12,Romania,Europe,0,0,0,0
2020-01-19,Romania,Europe,0,0,0,0
2020-01-26,Romania,Europe,0,0,0,0
2020-02-02,Romania,Europe,0,0,0,0
2020-02-09,Romania,Europe,0,0,0,0
2020-02-16,Romania,Europe,0,0,0,0
2020-02-23,Romania,Europe,0,0,0,0
2020-03-01,Romania,Europe,4,4,0,0
2020-03-08,Romania,Europe,11,15,0,0
2020-03-15,Romania,Europe,124,139,0,0
2020-03-22,Romania,Europe,228,367,0,0
2020-03-29,Romania,Europe,1085,1452,37,37
2020-04-05,Romania,Europe,2161,3613,109,146
2020-04-12,Romania,Europe,2377,5990,145,291
2020-04-19,Romania,Europe,2428,8418,130,421
2020-04-26,Romania,Europe,2217,10635,180,601
2020-05-03,Romania,Europe,2097,12732,170,771
2020-05-10,Romania,Europe,2399,15131,168,939
2020-05-17,Romania,Europe,1573,16704,155,1094
2020-05-24,Romania,Europe,1153,17857,82,1176
2020-05-31,Romania,Europe,1276,19133,83,1259
2020-06-07,Romania,Europe,1157,20290,59,1318
2020-06-14,Romania,Europe,1389,21679,76,1394
2020-06-21,Romania,Europe,2051,23730,106,1500
2020-06-28,Romania,Europe,2292,26022,89,1589
2020-07-05,Romania,Europe,2560,28582,142,1731
2020-07-12,Romania,Europe,3497,32079,140,1871
2020-07-19,Romania,Europe,4612,36691,138,2009
2020-07-26,Romania,Europe,6987,43678,156,2165
2020-08-02,Romania,Europe,8433,52111,214,2379
2020-08-09,Romania,Europe,8512,60623,280,2659
2020-08-16,Romania,Europe,8751,69374,295,2954
2020-08-23,Romania,Europe,8170,77544,279,3233
2020-08-30,Romania,Europe,8289,85833,306,3539
2020-09-06,Romania,Europe,8031,93864,311,3850
2020-09-13,Romania,Europe,8522,102386,277,4127
2020-09-20,Romania,Europe,9164,111550,275,4402
2020-09-27,Romania,Europe,9685,121235,285,4687
2020-10-04,Romania,Europe,12830,134065,260,4947
2020-10-11,Romania,Europe,18338,152403,411,5358
2020-10-18,Romania,Europe,24065,176468,454,5812
2020-10-25,Romania,Europe,29325,205793,506,6318
2020-11-01,Romania,Europe,35546,241339,650,6968
2020-11-08,Romania,Europe,55660,296999,825,7793
2020-11-15,Romania,Europe,56186,353185,1020,8813
2020-11-22,Romania,Europe,59623,412808,1103,9916
2020-11-29,Romania,Europe,53174,465982,1129,11045
2020-12-06,Romania,Europe,42363,508345,1141,12186
2020-12-13,Romania,Europe,43555,551900,1078,13264
2020-12-20,Romania,Europe,36044,587944,1032,14296
2020-12-27,Romania,Europe,25816,613760,812,15108
2021-01-03,Romania,Europe,23635,637395,811,15919
2021-01-10,Romania,Europe,30807,668202,673,16592
2021-01-17,Romania,Europe,23286,691488,572,17164
2021-01-24,Romania,Europe,17706,709194,558,17722
2021-01-31,Romania,Europe,17724,726918,542,18264
2021-02-07,Romania,Europe,16425,743343,545,18809
2021-02-14,Romania,Europe,16748,760091,516,19325
2021-02-21,Romania,Europe,17185,777276,470,19795
2021-02-28,Romania,Europe,21888,799164,492,20287
2021-03-07,Romania,Europe,25831,824995,567,20854
2021-03-14,Romania,Europe,30331,855326,585,21439
2021-03-21,Romania,Europe,37522,892848,693,22132
2021-03-28,Romania,Europe,39331,932179,865,22997
2021-04-04,Romania,Europe,38045,970224,976,23973
2021-04-11,Romania,Europe,32641,1002865,1033,25006
2021-04-18,Romania,Europe,24174,1027039,1066,26072
2021-04-25,Romania,Europe,17683,1044722,1195,27267
2021-05-02,Romania,Europe,11850,1056572,927,28194
2021-05-09,Romania,Europe,8682,1065254,709,28903
2021-05-16,Romania,Europe,6080,1071334,582,29485
2021-05-23,Romania,Europe,3902,1075236,400,29885
2021-05-30,Romania,Europe,2190,1077426,362,30247
2021-06-06,Romania,Europe,1316,1078742,478,30725
2021-06-13,Romania,Europe,915,1079657,1079,31804
2021-06-20,Romania,Europe,546,1080203,504,32308
2021-06-27,Romania,Europe,381,1080584,869,33177
2021-07-04,Romania,Europe,334,1080918,748,33925
2021-07-11,Romania,Europe,292,1081210,291,34216
2021-07-18,Romania,Europe,378,1081588,36,34252
2021-07-25,Romania,Europe,595,1082183,15,34267
2021-08-01,Romania,Europe,1006,1083189,14,34281
2021-08-08,Romania,Europe,1522,1084711,32,34313
2021-08-15,Romania,Europe,2189,1086900,29,34342
2021-08-22,Romania,Europe,3508,1090408,61,34403
2021-08-29,Romania,Europe,5477,1095885,106,34509
2021-09-05,Romania,Europe,8881,1104766,169,34678
2021-09-12,Romania,Europe,13783,1118549,283,34961
2021-09-19,Romania,Europe,26344,1144893,495,35456
2021-09-26,Romania,Europe,42880,1187773,774,36230
2021-10-03,Romania,Europe,69372,1257145,1164,37394
2021-10-10,Romania,Europe,89095,1346240,1815,39209
2021-10-17,Romania,Europe,99474,1445714,2273,41482
2021-10-24,Romania,Europe,104489,1550203,2808,44290
2021-10-31,Romania,Europe,90404,1640607,3034,47324
2021-11-07,Romania,Europe,60982,1701589,3158,50482
2021-11-14,Romania,Europe,37694,1739283,2354,52836
2021-11-21,Romania,Europe,21482,1760765,2002,54838
2021-11-28,Romania,Europe,14807,1775572,1331,56169
2021-12-05,Romania,Europe,9548,1785120,852,57021
2021-12-12,Romania,Europe,7313,1792433,615,57636
2021-12-19,Romania,Europe,5273,1797706,507,58143
2021-12-26,Romania,Europe,4690,1802396,393,58536
2022-01-02,Romania,Europe,7946,1810342,243,58779
2022-01-09,Romania,Europe,29483,1839825,218,58997
2022-01-16,Romania,Europe,56008,1895833,215,59212
2022-01-23,Romania,Europe,107208,2003041,313,59525
2022-01-30,Romania,Europe,173685,2176726,407,59932
2022-02-06,Romania,Europe,208987,2385713,628,60560
2022-02-13,Romania,Europe,164635,2550348,960,61520
2022-02-20,Romania,Europe,105585,2655933,951,62471
2022-02-27,Romania,Europe,68547,2724480,823,63294
2022-03-06,Romania,Europe,40689,2765169,637,63931
2022-03-13,Romania,Europe,25199,2790368,404,64335
2022-03-20,Romania,Europe,23430,2813798,334,64669
2022-03-27,Romania,Europe,25051,2838849,226,64895
2022-04-03,Romania,Europe,19816,2858665,184,65079
2022-04-10,Romania,Europe,13272,2871937,119,65198
2022-04-17,Romania,Europe,9385,2881322,133,65331
2022-04-24,Romania,Europe,6502,2887824,90,65421
2022-05-01,Romania,Europe,6052,2893876,65,65486
2022-05-08,Romania,Europe,4972,2898848,74,65560
2022-05-15,Romania,Europe,3942,2902790,46,65606
2022-05-22,Romania,Europe,3069,2905859,45,65651
2022-05-29,Romania,Europe,2454,2908313,26,65677
2022-06-05,Romania,Europe,2079,2910392,14,65691
2022-06-12,Romania,Europe,2145,2912537,22,65713
2022-06-19,Romania,Europe,341,2912878,1,65714
2022-06-26,Romania,Europe,2609,2915487,12,65726
2022-07-03,Romania,Europe,3974,2919461,13,65739
2022-07-10,Romania,Europe,7726,2927187,16,65755
2022-07-17,Romania,Europe,34582,2961769,57,65812
2022-07-24,Romania,Europe,40893,3002662,41,65853
2022-07-31,Romania,Europe,56906,3059568,130,65983
2022-08-07,Romania,Europe,52906,3112474,188,66171
2022-08-14,Romania,Europe,42247,3154721,165,66336
2022-08-21,Romania,Europe,30209,3184930,147,66483
2022-08-28,Romania,Europe,23973,3208903,148,66631
2022-09-04,Romania,Europe,17304,3226207,135,66766
2022-09-11,Romania,Europe,13185,3239392,83,66849
2022-09-18,Romania,Europe,12971,3252363,63,66912
2022-09-25,Romania,Europe,9251,3261614,60,66972
2022-10-02,Romania,Europe,7884,3269498,55,67027
2022-10-09,Romania,Europe,5778,3275276,49,67076
2022-10-16,Romania,Europe,4347,3279623,43,67119
2022-10-23,Romania,Europe,3524,3283147,42,67161
2022-10-30,Romania,Europe,3038,3286185,25,67186
2022-11-06,Romania,Europe,2819,3289004,25,67211
2022-11-13,Romania,Europe,2585,3291589,25,67236
2022-11-20,Romania,Europe,2476,3294065,17,67253
2022-11-27,Romania,Europe,382,3294447,0,67253
2022-12-04,Romania,Europe,2387,3296834,23,67276
2022-12-11,Romania,Europe,1904,3298738,13,67289
2022-12-18,Romania,Europe,2924,3301662,21,67310
2022-12-25,Romania,Europe,3386,3305048,31,67341
2023-01-01,Romania,Europe,3432,3308480,33,67374
2023-01-08,Romania,Europe,3605,3312085,34,67408
2023-01-15,Romania,Europe,4107,3316192,52,67460
2023-01-22,Romania,Europe,6456,3322648,82,67542
2023-01-29,Romania,Europe,2358,3325006,34,67576
2023-02-05,Romania,Europe,2799,3327805,43,67619
2023-02-12,Romania,Europe,3200,3331005,31,67650
2023-02-19,Romania,Europe,4126,3335131,25,67675
2023-02-26,Romania,Europe,5211,3340342,29,67704
2023-03-05,Romania,Europe,5704,3346046,32,67736
2023-03-12,Romania,Europe,6310,3352356,37,67773
2023-03-19,Romania,Europe,7483,3359839,48,67821
2023-03-26,Romania,Europe,8082,3367921,37,67858
2023-04-02,Romania,Europe,6904,3374825,59,67917
2023-04-09,Romania,Europe,6066,3380891,44,67961
2023-04-16,Romania,Europe,4201,3385092,40,68001
2023-04-23,Romania,Europe,5032,3390124,46,68047
2023-04-30,Romania,Europe,3778,3393902,42,68089
2023-05-07,Romania,Europe,3463,3397365,28,68117
2023-05-14,Romania,Europe,2612,3399977,26,68143
2023-05-21,Romania,Europe,2379,3402356,29,68172
2023-05-28,Romania,Europe,1841,3404197,12,68184
2023-06-04,Romania,Europe,1009,3405206,9,68193
2023-06-11,Romania,Europe,963,3406169,24,68217
2023-06-18,Romania,Europe,730,3406899,7,68224
2023-06-25,Romania,Europe,586,3407485,9,68233
2023-07-02,Romania,Europe,510,3407995,7,68240
2023-07-09,Romania,Europe,460,3408455,3,68243
2023-07-16,Romania,Europe,430,3408885,3,68246
2023-07-23,Romania,Europe,517,3409402,3,68249
2023-07-30,Romania,Europe,595,3409997,4,68253
2023-08-06,Romania,Europe,906,3410903,6,68259
2023-08-13,Romania,Europe,1054,3411957,3,68262
2023-08-20,Romania,Europe,1894,3413851,4,68266
2023-08-27,Romania,Europe,3326,3417177,4,68270
2023-09-03,Romania,Europe,4772,3421949,12,68282
2023-09-10,Romania,Europe,7171,3429120,14,68296
2023-09-17,Romania,Europe,11226,3440346,18,68314
2023-09-24,Romania,Europe,14861,3455207,27,68341
2023-10-01,Romania,Europe,13165,3468372,31,68372
2023-10-08,Romania,Europe,9719,3478091,37,68409
2023-10-15,Romania,Europe,7701,3485792,46,68455
2023-10-22,Romania,Europe,6404,3492196,32,68487
2023-10-29,Romania,Europe,5030,3497226,38,68525
2023-11-05,Romania,Europe,2298,3499524,32,68557
2023-11-12,Romania,Europe,1536,3501060,19,68576
2023-11-19,Romania,Europe,1367,3502427,26,68602
2023-11-26,Romania,Europe,1399,3503826,25,68627
2023-12-03,Romania,Europe,1229,3505055,12,68639
2023-12-10,Romania,Europe,1460,3506515,12,68651
2023-12-17,Romania,Europe,1815,3508330,18,68669
2023-12-24,Romania,Europe,2068,3510398,21,68690
2023-12-31,Romania,Europe,2195,3512593,24,68714
2024-01-07,Romania,Europe,2096,3514689,18,68732
2024-01-14,Romania,Europe,2012,3516701,12,68744
2024-01-21,Romania,Europe,2124,3518825,9,68753
2024-01-28,Romania,Europe,1817,3520642,7,68760
2024-02-04,Romania,Europe,1725,3522367,8,68768
2024-02-11,Romania,Europe,1619,3523986,6,68774
2024-02-18,Romania,Europe,986,3524972,7,68781
2024-02-25,Romania,Europe,833,3525805,4,68785
2024-03-03,Romania,Europe,558,3526363,0,68785
2024-03-10,Romania,Europe,472,3526835,2,68787
2024-03-17,Romania,Europe,395,3527230,1,68788
2024-03-24,Romania,Europe,330,3527560,4,68792
2024-03-31,Romania,Europe,313,3527873,0,68792
2024-04-07,Romania,Europe,253,3528126,2,68794
2024-04-14,Romania,Europe,183,3528309,5,68799
2024-04-21,Romania,Europe,141,3528450,0,68799
2024-04-28,Romania,Europe,131,3528581,0,68799
2024-05-05,Romania,Europe,81,3528662,1,68800
2024-05-12,Romania,Europe,91,3528753,2,68802
2024-05-19,Romania,Europe,113,3528866,1,68803
2024-05-26,Romania,Europe,145,3529011,0,68803
2024-06-02,Romania,Europe,202,3529213,0,68803
2024-06-09,Romania,Europe,233,3529446,0,68803
2024-06-16,Romania,Europe,236,3529682,2,68805
2024-06-23,Romania,Europe,278,3529960,1,68806
2024-06-30,Romania,Europe,445,3530405,1,68807
2024-07-07,Romania,Europe,624,3531029,1,68808
2024-07-14,Romania,Europe,1114,3532143,1,68809
2024-07-21,Romania,Europe,1844,3533987,6,68815
2024-07-28,Romania,Europe,2999,3536986,4,68819
2024-08-04,Romania,Europe,4633,3541619,6,68825
2024-08-11,Romania,Europe,5033,3546652,16,68841
2024-08-18,Romania,Europe,4740,3551392,12,68853
2024-08-25,Romania,Europe,4651,3556043,14,68867
2024-09-01,Romania,Europe,3935,3559978,12,68879
2020-01-05,Russian Federation,Asia,0,0,0,0
2020-01-12,Russian Federation,Asia,0,0,0,0
2020-01-19,Russian Federation,Asia,0,0,0,0
2020-01-26,Russian Federation,Asia,0,0,0,0
2020-02-02,Russian Federation,Asia,2,2,0,0
2020-02-09,Russian Federation,Asia,0,2,0,0
2020-02-16,Russian Federation,Asia,0,2,0,0
2020-02-23,Russian Federation,Asia,0,2,0,0
2020-03-01,Russian Federation,Asia,0,2,0,0
2020-03-08,Russian Federation,Asia,5,7,0,0
2020-03-15,Russian Federation,Asia,27,34,0,0
2020-03-22,Russian Federation,Asia,272,306,0,0
2020-03-29,Russian Federation,Asia,1228,1534,8,8
2020-04-05,Russian Federation,Asia,3197,4731,35,43
2020-04-12,Russian Federation,Asia,11039,15770,87,130
2020-04-19,Russian Federation,Asia,27083,42853,231,361
2020-04-26,Russian Federation,Asia,38096,80949,386,747
2020-05-03,Russian Federation,Asia,53738,134687,533,1280
2020-05-10,Russian Federation,Asia,75001,209688,635,1915
2020-05-17,Russian Federation,Asia,72064,281752,716,2631
2020-05-24,Russian Federation,Asia,62729,344481,910,3541
2020-05-31,Russian Federation,Asia,61362,405843,1152,4693
2020-06-07,Russian Federation,Asia,61830,467673,1166,5859
2020-06-14,Russian Federation,Asia,61291,528964,1089,6948
2020-06-21,Russian Federation,Asia,55716,584680,1163,8111
2020-06-28,Russian Federation,Asia,49757,634437,962,9073
2020-07-05,Russian Federation,Asia,46814,681251,1088,10161
2020-07-12,Russian Federation,Asia,45911,727162,1174,11335
2020-07-19,Russian Federation,Asia,44384,771546,1007,12342
2020-07-26,Russian Federation,Asia,40939,812485,927,13269
2020-08-02,Russian Federation,Asia,38385,850870,859,14128
2020-08-09,Russian Federation,Asia,36666,887536,803,14931
2020-08-16,Russian Federation,Asia,35317,922853,754,15685
2020-08-23,Russian Federation,Asia,33896,956749,698,16383
2020-08-30,Russian Federation,Asia,33577,990326,710,17093
2020-09-06,Russian Federation,Asia,35179,1025505,727,17820
2020-09-13,Russian Federation,Asia,37306,1062811,758,18578
2020-09-20,Russian Federation,Asia,40588,1103399,840,19418
2020-09-27,Russian Federation,Asia,48039,1151438,906,20324
2020-10-04,Russian Federation,Asia,63563,1215001,1034,21358
2020-10-11,Russian Federation,Asia,83717,1298718,1239,22597
2020-10-18,Russian Federation,Asia,100616,1399334,1590,24187
2020-10-25,Russian Federation,Asia,114543,1513877,1863,26050
2020-11-01,Russian Federation,Asia,122904,1636781,2185,28235
2020-11-08,Russian Federation,Asia,137553,1774334,2302,30537
2020-11-15,Russian Federation,Asia,151491,1925825,2649,33186
2020-11-22,Russian Federation,Asia,163504,2089329,2993,36179
2020-11-29,Russian Federation,Asia,179987,2269316,3348,39527
2020-12-06,Russian Federation,Asia,191454,2460770,3614,43141
2020-12-13,Russian Federation,Asia,193158,2653928,3800,46941
2020-12-20,Russian Federation,Asia,194449,2848377,3917,50858
2020-12-27,Russian Federation,Asia,201871,3050248,3920,54778
2021-01-03,Russian Federation,Asia,186539,3236787,3728,58506
2021-01-10,Russian Federation,Asia,165167,3401954,3331,61837
2021-01-17,Russian Federation,Asia,166255,3568209,3729,65566
2021-01-24,Russian Federation,Asia,151191,3719400,3896,69462
2021-01-31,Russian Federation,Asia,131039,3850439,3720,73182
2021-02-07,Russian Federation,Asia,116842,3967281,3479,76661
2021-02-14,Russian Federation,Asia,104602,4071883,3465,80126
2021-02-21,Russian Federation,Asia,92843,4164726,3167,83293
2021-02-28,Russian Federation,Asia,81353,4246079,2829,86122
2021-03-07,Russian Federation,Asia,76697,4322776,2978,89100
2021-03-14,Russian Federation,Asia,67832,4390608,2990,92090
2021-03-21,Russian Federation,Asia,66261,4456869,2940,95030
2021-03-28,Russian Federation,Asia,62963,4519832,2710,97740
2021-04-04,Russian Federation,Asia,61062,4580894,2634,100374
2021-04-11,Russian Federation,Asia,60496,4641390,2612,102986
2021-04-18,Russian Federation,Asia,60711,4702101,2596,105582
2021-04-25,Russian Federation,Asia,60468,4762569,2650,108232
2021-05-02,Russian Federation,Asia,60686,4823255,2630,110862
2021-05-09,Russian Federation,Asia,57007,4880262,2464,113326
2021-05-16,Russian Federation,Asia,59983,4940245,2545,115871
2021-05-23,Russian Federation,Asia,61260,5001505,2611,118482
2021-05-30,Russian Federation,Asia,61937,5063442,2680,121162
2021-06-06,Russian Federation,Asia,62995,5126437,2625,123787
2021-06-13,Russian Federation,Asia,82250,5208687,2643,126430
2021-06-20,Russian Federation,Asia,108139,5316826,2931,129361
2021-06-27,Russian Federation,Asia,134465,5451291,3921,133282
2021-07-04,Russian Federation,Asia,159650,5610941,4643,137925
2021-07-11,Russian Federation,Asia,172392,5783333,5077,143002
2021-07-18,Russian Federation,Asia,174800,5958133,5417,148419
2021-07-25,Russian Federation,Asia,168408,6126541,5455,153874
2021-08-01,Russian Federation,Asia,162136,6288677,5478,159352
2021-08-08,Russian Federation,Asia,159073,6447750,5529,164881
2021-08-15,Russian Federation,Asia,153086,6600836,5618,170499
2021-08-22,Russian Federation,Asia,146251,6747087,5545,176044
2021-08-29,Russian Federation,Asia,135740,6882827,5593,181637
2021-09-05,Russian Federation,Asia,129772,7012599,5563,187200
2021-09-12,Russian Federation,Asia,127471,7140070,5549,192749
2021-09-19,Russian Federation,Asia,134858,7274928,5469,198218
2021-09-26,Russian Federation,Asia,145985,7420913,5682,203900
2021-10-03,Russian Federation,Asia,165623,7586536,6018,209918
2021-10-10,Russian Federation,Asia,188829,7775365,6497,216415
2021-10-17,Russian Federation,Asia,217322,7992687,6897,223312
2021-10-24,Russian Federation,Asia,248956,8241643,7288,230600
2021-10-31,Russian Federation,Asia,272147,8513790,7938,238538
2021-11-07,Russian Federation,Asia,281305,8795095,8276,246814
2021-11-14,Russian Federation,Asia,275579,9070674,8572,255386
2021-11-21,Russian Federation,Asia,260484,9331158,8709,264095
2021-11-28,Russian Federation,Asia,239215,9570373,8660,272755
2021-12-05,Russian Federation,Asia,231240,9801613,8523,281278
2021-12-12,Russian Federation,Asia,215283,10016896,8205,289483
2021-12-19,Russian Federation,Asia,197894,10214790,7720,297203
2021-12-26,Russian Federation,Asia,177230,10392020,7015,304218
2022-01-02,Russian Federation,Asia,145946,10537966,6300,310518
2022-01-09,Russian Federation,Asia,112883,10650849,5645,316163
2022-01-16,Russian Federation,Asia,152685,10803534,5157,321320
2022-01-23,Russian Federation,Asia,304657,11108191,4792,326112
2022-01-30,Russian Federation,Asia,628816,11737007,4616,330728
2022-02-06,Russian Federation,Asia,1073111,12810118,4686,335414
2022-02-13,Russian Federation,Asia,1323391,14133509,4834,340248
2022-02-20,Russian Federation,Asia,1236910,15370419,5252,345500
2022-02-27,Russian Federation,Asia,920697,16291116,5427,350927
2022-03-06,Russian Federation,Asia,650540,16941656,5354,356281
2022-03-13,Russian Federation,Asia,393530,17335186,4530,360811
2022-03-20,Russian Federation,Asia,247506,17582692,3681,364492
2022-03-27,Russian Federation,Asia,180050,17762742,2859,367351
2022-04-03,Russian Federation,Asia,134124,17896866,2357,369708
2022-04-10,Russian Federation,Asia,99194,17996060,2008,371716
2022-04-17,Russian Federation,Asia,78657,18074717,1784,373500
2022-04-24,Russian Federation,Asia,62420,18137137,1402,374902
2022-05-01,Russian Federation,Asia,52264,18189401,1129,376031
2022-05-08,Russian Federation,Asia,38265,18227666,915,376946
2022-05-15,Russian Federation,Asia,32627,18260293,724,377670
2022-05-22,Russian Federation,Asia,33157,18293450,680,378350
2022-05-29,Russian Federation,Asia,30586,18324036,605,378955
2022-06-05,Russian Federation,Asia,27815,18351851,565,379520
2022-06-12,Russian Federation,Asia,24736,18376587,500,380020
2022-06-19,Russian Federation,Asia,21673,18398260,443,380463
2022-06-26,Russian Federation,Asia,20621,18418881,429,380892
2022-07-03,Russian Federation,Asia,20878,18439759,371,381263
2022-07-10,Russian Federation,Asia,22452,18462211,320,381583
2022-07-17,Russian Federation,Asia,28085,18490296,298,381881
2022-07-24,Russian Federation,Asia,41959,18532255,274,382155
2022-07-31,Russian Federation,Asia,69464,18601719,278,382433
2022-08-07,Russian Federation,Asia,110980,18712699,308,382741
2022-08-14,Russian Federation,Asia,169259,18881958,384,383125
2022-08-21,Russian Federation,Asia,235385,19117343,435,383560
2022-08-28,Russian Federation,Asia,288580,19405923,523,384083
2022-09-04,Russian Federation,Asia,323500,19729423,628,384711
2022-09-11,Russian Federation,Asia,337187,20066610,637,385348
2022-09-18,Russian Federation,Asia,372485,20439095,697,386045
2022-09-25,Russian Federation,Asia,353826,20792921,712,386757
2022-10-02,Russian Federation,Asia,256106,21049027,711,387468
2022-10-09,Russian Federation,Asia,154305,21203332,731,388199
2022-10-16,Russian Federation,Asia,101222,21304554,702,388901
2022-10-23,Russian Federation,Asia,68381,21372935,636,389537
2022-10-30,Russian Federation,Asia,50790,21423725,567,390104
2022-11-06,Russian Federation,Asia,40125,21463850,484,390588
2022-11-13,Russian Federation,Asia,36102,21499952,436,391024
2022-11-20,Russian Federation,Asia,36277,21536229,430,391454
2022-11-27,Russian Federation,Asia,38535,21574764,386,391840
2022-12-04,Russian Federation,Asia,42837,21617601,391,392231
2022-12-11,Russian Federation,Asia,47551,21665152,380,392611
2022-12-18,Russian Federation,Asia,50922,21716074,389,393000
2022-12-25,Russian Federation,Asia,48218,21764292,383,393383
2023-01-01,Russian Federation,Asia,39255,21803547,379,393762
2023-01-08,Russian Federation,Asia,23435,21826982,318,394080
2023-01-15,Russian Federation,Asia,29631,21856613,318,394398
2023-01-22,Russian Federation,Asia,37544,21894157,296,394694
2023-01-29,Russian Federation,Asia,44264,21938421,290,394984
2023-02-05,Russian Federation,Asia,58323,21996744,295,395279
2023-02-12,Russian Federation,Asia,75973,22072717,272,395551
2023-02-19,Russian Federation,Asia,93918,22166635,248,395799
2023-02-26,Russian Federation,Asia,86502,22253137,236,396035
2023-03-05,Russian Federation,Asia,88991,22342128,263,396298
2023-03-12,Russian Federation,Asia,80965,22423093,288,396586
2023-03-19,Russian Federation,Asia,83106,22506199,248,396834
2023-03-26,Russian Federation,Asia,80011,22586210,244,397078
2023-04-02,Russian Federation,Asia,69916,22656126,234,397312
2023-04-09,Russian Federation,Asia,58862,22714988,258,397570
2023-04-16,Russian Federation,Asia,50349,22765337,258,397828
2023-04-23,Russian Federation,Asia,44927,22810264,245,398073
2023-04-30,Russian Federation,Asia,40945,22851209,232,398305
2023-05-07,Russian Federation,Asia,27440,22878649,220,398525
2023-05-14,Russian Federation,Asia,19727,22898376,185,398710
2023-05-21,Russian Federation,Asia,2379,22900755,26,398736
2023-05-28,Russian Federation,Asia,17118,22917873,183,398919
2023-06-04,Russian Federation,Asia,11276,22929149,138,399057
2023-06-11,Russian Federation,Asia,13309,22942458,169,399226
2023-06-18,Russian Federation,Asia,4406,22946864,87,399313
2023-06-25,Russian Federation,Asia,6545,22953409,123,399436
2023-07-02,Russian Federation,Asia,5789,22959198,127,399563
2023-07-09,Russian Federation,Asia,4490,22963688,86,399649
2023-07-16,Russian Federation,Asia,4030,22967718,66,399715
2023-07-23,Russian Federation,Asia,3389,22971107,57,399772
2023-07-30,Russian Federation,Asia,3182,22974289,42,399814
2023-08-06,Russian Federation,Asia,2985,22977274,40,399854
2023-08-13,Russian Federation,Asia,2932,22980206,43,399897
2023-08-20,Russian Federation,Asia,2944,22983150,41,399938
2023-08-27,Russian Federation,Asia,3378,22986528,34,399972
2023-09-03,Russian Federation,Asia,4020,22990548,11,399983
2023-09-10,Russian Federation,Asia,5217,22995765,16,399999
2023-09-17,Russian Federation,Asia,7688,23003453,10,400009
2023-09-24,Russian Federation,Asia,11516,23014969,14,400023
2023-10-01,Russian Federation,Asia,14435,23029404,24,400047
2023-10-08,Russian Federation,Asia,16429,23045833,30,400077
2023-10-15,Russian Federation,Asia,16127,23061960,25,400102
2023-10-22,Russian Federation,Asia,16852,23078812,43,400145
2023-10-29,Russian Federation,Asia,19922,23098734,50,400195
2023-11-05,Russian Federation,Asia,34191,23132925,63,400258
2023-11-12,Russian Federation,Asia,41386,23174311,76,400334
2023-11-19,Russian Federation,Asia,58150,23232461,93,400427
2023-11-26,Russian Federation,Asia,77106,23309567,90,400517
2023-12-03,Russian Federation,Asia,95079,23404646,138,400655
2023-12-10,Russian Federation,Asia,107174,23511820,148,400803
2023-12-17,Russian Federation,Asia,96903,23608723,164,400967
2023-12-24,Russian Federation,Asia,79032,23687755,186,401153
2023-12-31,Russian Federation,Asia,58797,23746552,206,401359
2024-01-07,Russian Federation,Asia,25922,23772474,123,401482
2024-01-14,Russian Federation,Asia,26993,23799467,150,401632
2024-01-21,Russian Federation,Asia,26000,23825467,141,401773
2024-01-28,Russian Federation,Asia,24288,23849755,111,401884
2024-02-04,Russian Federation,Asia,25751,23875506,107,401991
2024-02-11,Russian Federation,Asia,27400,23902906,106,402097
2024-02-18,Russian Federation,Asia,28257,23931163,0,402097
2024-02-25,Russian Federation,Asia,26623,23957786,65,402162
2024-03-03,Russian Federation,Asia,25835,23983621,70,402232
2024-03-10,Russian Federation,Asia,24099,24007720,65,402297
2024-03-17,Russian Federation,Asia,24056,24031776,77,402374
2024-03-24,Russian Federation,Asia,24912,24056688,71,402445
2024-03-31,Russian Federation,Asia,21590,24078278,75,402520
2024-04-07,Russian Federation,Asia,19954,24098232,69,402589
2024-04-14,Russian Federation,Asia,18137,24116369,61,402650
2024-04-21,Russian Federation,Asia,16280,24132649,55,402705
2024-04-28,Russian Federation,Asia,14940,24147589,69,402774
2024-05-05,Russian Federation,Asia,10913,24158502,47,402821
2024-05-12,Russian Federation,Asia,10857,24169359,49,402870
2024-05-19,Russian Federation,Asia,11550,24180909,8,402878
2024-05-26,Russian Federation,Asia,12342,24193251,48,402926
2024-06-02,Russian Federation,Asia,12339,24205590,30,402956
2024-06-09,Russian Federation,Asia,11701,24217291,44,403000
2024-06-16,Russian Federation,Asia,8168,24225459,31,403031
2024-06-23,Russian Federation,Asia,6770,24232229,41,403072
2024-06-30,Russian Federation,Asia,5948,24238177,19,403091
2024-07-07,Russian Federation,Asia,5847,24244024,17,403108
2024-07-14,Russian Federation,Asia,5348,24249372,27,403135
2024-07-21,Russian Federation,Asia,5431,24254803,20,403155
2024-07-28,Russian Federation,Asia,6148,24260951,23,403178
2024-08-04,Russian Federation,Asia,7777,24268728,10,403188
2024-08-11,Russian Federation,Asia,9943,24278671,14,403202
2024-08-18,Russian Federation,Asia,13254,24291925,11,403213
2024-08-25,Russian Federation,Asia,17641,24309566,17,403230
2024-09-01,Russian Federation,Asia,21324,24330890,28,403258
2020-01-05,Rwanda,Africa,0,0,0,0
2020-01-12,Rwanda,Africa,0,0,0,0
2020-01-19,Rwanda,Africa,0,0,0,0
2020-01-26,Rwanda,Africa,0,0,0,0
2020-02-02,Rwanda,Africa,0,0,0,0
2020-02-09,Rwanda,Africa,0,0,0,0
2020-02-16,Rwanda,Africa,0,0,0,0
2020-02-23,Rwanda,Africa,0,0,0,0
2020-03-01,Rwanda,Africa,0,0,0,0
2020-03-08,Rwanda,Africa,0,0,0,0
2020-03-15,Rwanda,Africa,1,1,0,0
2020-03-22,Rwanda,Africa,16,17,0,0
2020-03-29,Rwanda,Africa,41,58,0,0
2020-04-05,Rwanda,Africa,44,102,0,0
2020-04-12,Rwanda,Africa,18,120,0,0
2020-04-19,Rwanda,Africa,24,144,0,0
2020-04-26,Rwanda,Africa,39,183,0,0
2020-05-03,Rwanda,Africa,72,255,0,0
2020-05-10,Rwanda,Africa,26,281,0,0
2020-05-17,Rwanda,Africa,8,289,0,0
2020-05-24,Rwanda,Africa,36,325,0,0
2020-05-31,Rwanda,Africa,34,359,1,1
2020-06-07,Rwanda,Africa,72,431,1,2
2020-06-14,Rwanda,Africa,110,541,0,2
2020-06-21,Rwanda,Africa,161,702,0,2
2020-06-28,Rwanda,Africa,176,878,0,2
2020-07-05,Rwanda,Africa,214,1092,1,3
2020-07-12,Rwanda,Africa,207,1299,1,4
2020-07-19,Rwanda,Africa,240,1539,1,5
2020-07-26,Rwanda,Africa,213,1752,0,5
2020-08-02,Rwanda,Africa,290,2042,0,5
2020-08-09,Rwanda,Africa,93,2135,1,6
2020-08-16,Rwanda,Africa,217,2352,2,8
2020-08-23,Rwanda,Africa,537,2889,3,11
2020-08-30,Rwanda,Africa,954,3843,5,16
2020-09-06,Rwanda,Africa,506,4349,2,18
2020-09-13,Rwanda,Africa,216,4565,4,22
2020-09-20,Rwanda,Africa,124,4689,4,26
2020-09-27,Rwanda,Africa,122,4811,3,29
2020-10-04,Rwanda,Africa,40,4851,0,29
2020-10-11,Rwanda,Africa,41,4892,1,30
2020-10-18,Rwanda,Africa,79,4971,4,34
2020-10-25,Rwanda,Africa,89,5060,0,34
2020-11-01,Rwanda,Africa,77,5137,1,35
2020-11-08,Rwanda,Africa,76,5213,1,36
2020-11-15,Rwanda,Africa,181,5394,6,42
2020-11-22,Rwanda,Africa,226,5620,4,46
2020-11-29,Rwanda,Africa,271,5891,1,47
2020-12-06,Rwanda,Africa,193,6084,4,51
2020-12-13,Rwanda,Africa,444,6528,5,56
2020-12-20,Rwanda,Africa,704,7232,3,59
2020-12-27,Rwanda,Africa,585,7817,14,73
2021-01-03,Rwanda,Africa,750,8567,25,98
2021-01-10,Rwanda,Africa,894,9461,20,118
2021-01-17,Rwanda,Africa,1389,10850,22,140
2021-01-24,Rwanda,Africa,1797,12647,32,172
2021-01-31,Rwanda,Africa,2471,15118,21,193
2021-02-07,Rwanda,Africa,1219,16337,24,217
2021-02-14,Rwanda,Africa,930,17267,19,236
2021-02-21,Rwanda,Africa,721,17988,11,247
2021-02-28,Rwanda,Africa,802,18790,14,261
2021-03-07,Rwanda,Africa,636,19426,6,267
2021-03-14,Rwanda,Africa,717,20143,9,276
2021-03-21,Rwanda,Africa,618,20761,11,287
2021-03-28,Rwanda,Africa,609,21370,14,301
2021-04-04,Rwanda,Africa,873,22243,10,311
2021-04-11,Rwanda,Africa,1100,23343,3,314
2021-04-18,Rwanda,Africa,523,23866,8,322
2021-04-25,Rwanda,Africa,669,24535,6,328
2021-05-02,Rwanda,Africa,690,25225,7,335
2021-05-09,Rwanda,Africa,361,25586,3,338
2021-05-16,Rwanda,Africa,348,25934,4,342
2021-05-23,Rwanda,Africa,490,26424,6,348
2021-05-30,Rwanda,Africa,356,26780,1,349
2021-06-06,Rwanda,Africa,382,27162,10,359
2021-06-13,Rwanda,Africa,498,27660,7,366
2021-06-20,Rwanda,Africa,2388,30048,12,378
2021-06-27,Rwanda,Africa,4970,35018,26,404
2021-07-04,Rwanda,Africa,6678,41696,61,465
2021-07-11,Rwanda,Africa,5971,47667,86,551
2021-07-18,Rwanda,Africa,6882,54549,87,638
2021-07-25,Rwanda,Africa,10060,64609,89,727
2021-08-01,Rwanda,Africa,6089,70698,81,808
2021-08-08,Rwanda,Africa,4945,75643,73,881
2021-08-15,Rwanda,Africa,3651,79294,68,949
2021-08-22,Rwanda,Africa,3336,82630,61,1010
2021-08-29,Rwanda,Africa,3612,86242,64,1074
2021-09-05,Rwanda,Africa,3282,89524,43,1117
2021-09-12,Rwanda,Africa,2869,92393,47,1164
2021-09-19,Rwanda,Africa,2724,95117,42,1206
2021-09-26,Rwanda,Africa,1610,96727,42,1248
2021-10-03,Rwanda,Africa,1054,97781,33,1281
2021-10-10,Rwanda,Africa,818,98599,23,1304
2021-10-17,Rwanda,Africa,527,99126,9,1313
2021-10-24,Rwanda,Africa,226,99352,7,1320
2021-10-31,Rwanda,Africa,329,99681,8,1328
2021-11-07,Rwanda,Africa,250,99931,4,1332
2021-11-14,Rwanda,Africa,194,100125,6,1338
2021-11-21,Rwanda,Africa,82,100207,2,1340
2021-11-28,Rwanda,Africa,118,100325,2,1342
2021-12-05,Rwanda,Africa,79,100404,1,1343
2021-12-12,Rwanda,Africa,180,100584,1,1344
2021-12-19,Rwanda,Africa,829,101413,0,1344
2021-12-26,Rwanda,Africa,3099,104512,2,1346
2022-01-02,Rwanda,Africa,8142,112654,5,1351
2022-01-09,Rwanda,Africa,7720,120374,22,1373
2022-01-16,Rwanda,Africa,4428,124802,30,1403
2022-01-23,Rwanda,Africa,3100,127902,29,1432
2022-01-30,Rwanda,Africa,900,128802,6,1438
2022-02-06,Rwanda,Africa,323,129125,8,1446
2022-02-13,Rwanda,Africa,170,129295,4,1450
2022-02-20,Rwanda,Africa,74,129369,5,1455
2022-02-27,Rwanda,Africa,116,129485,2,1457
2022-03-06,Rwanda,Africa,66,129551,1,1458
2022-03-13,Rwanda,Africa,38,129589,1,1459
2022-03-20,Rwanda,Africa,48,129637,0,1459
2022-03-27,Rwanda,Africa,71,129708,0,1459
2022-04-03,Rwanda,Africa,21,129729,0,1459
2022-04-10,Rwanda,Africa,18,129747,0,1459
2022-04-17,Rwanda,Africa,20,129767,0,1459
2022-04-24,Rwanda,Africa,18,129785,0,1459
2022-05-01,Rwanda,Africa,45,129830,0,1459
2022-05-08,Rwanda,Africa,41,129871,0,1459
2022-05-15,Rwanda,Africa,48,129919,0,1459
2022-05-22,Rwanda,Africa,62,129981,0,1459
2022-05-29,Rwanda,Africa,64,130045,0,1459
2022-06-05,Rwanda,Africa,134,130179,0,1459
2022-06-12,Rwanda,Africa,178,130357,0,1459
2022-06-19,Rwanda,Africa,212,130569,0,1459
2022-06-26,Rwanda,Africa,256,130825,0,1459
2022-07-03,Rwanda,Africa,367,131192,0,1459
2022-07-10,Rwanda,Africa,476,131668,2,1461
2022-07-17,Rwanda,Africa,227,131895,4,1465
2022-07-24,Rwanda,Africa,49,131944,1,1466
2022-07-31,Rwanda,Africa,323,132267,0,1466
2022-08-07,Rwanda,Africa,58,132325,0,1466
2022-08-14,Rwanda,Africa,30,132355,0,1466
2022-08-21,Rwanda,Africa,22,132377,0,1466
2022-08-28,Rwanda,Africa,38,132415,0,1466
2022-09-04,Rwanda,Africa,34,132449,0,1466
2022-09-11,Rwanda,Africa,25,132474,0,1466
2022-09-18,Rwanda,Africa,11,132485,0,1466
2022-09-25,Rwanda,Africa,3,132488,0,1466
2022-10-02,Rwanda,Africa,16,132504,0,1466
2022-10-09,Rwanda,Africa,11,132515,1,1467
2022-10-16,Rwanda,Africa,2,132517,0,1467
2022-10-23,Rwanda,Africa,16,132533,0,1467
2022-10-30,Rwanda,Africa,23,132556,0,1467
2022-11-06,Rwanda,Africa,29,132585,0,1467
2022-11-13,Rwanda,Africa,26,132611,0,1467
2022-11-20,Rwanda,Africa,32,132643,0,1467
2022-11-27,Rwanda,Africa,38,132681,0,1467
2022-12-04,Rwanda,Africa,81,132762,0,1467
2022-12-11,Rwanda,Africa,49,132811,0,1467
2022-12-18,Rwanda,Africa,29,132840,0,1467
2022-12-25,Rwanda,Africa,80,132920,0,1467
2023-01-01,Rwanda,Africa,59,132979,0,1467
2023-01-08,Rwanda,Africa,54,133033,1,1468
2023-01-15,Rwanda,Africa,25,133058,0,1468
2023-01-22,Rwanda,Africa,20,133078,0,1468
2023-01-29,Rwanda,Africa,12,133090,0,1468
2023-02-05,Rwanda,Africa,13,133103,0,1468
2023-02-12,Rwanda,Africa,45,133148,0,1468
2023-02-19,Rwanda,Africa,22,133170,0,1468
2023-02-26,Rwanda,Africa,14,133184,0,1468
2023-03-05,Rwanda,Africa,10,133194,0,1468
2023-03-12,Rwanda,Africa,0,133194,0,1468
2023-03-19,Rwanda,Africa,0,133194,0,1468
2023-03-26,Rwanda,Africa,0,133194,0,1468
2023-04-02,Rwanda,Africa,0,133194,0,1468
2023-04-09,Rwanda,Africa,0,133194,0,1468
2023-04-16,Rwanda,Africa,0,133194,0,1468
2023-04-23,Rwanda,Africa,0,133194,0,1468
2023-04-30,Rwanda,Africa,0,133194,0,1468
2023-05-07,Rwanda,Africa,0,133194,0,1468
2023-05-14,Rwanda,Africa,0,133194,0,1468
2023-05-21,Rwanda,Africa,0,133194,0,1468
2023-05-28,Rwanda,Africa,0,133194,0,1468
2023-06-04,Rwanda,Africa,0,133194,0,1468
2023-06-11,Rwanda,Africa,0,133194,0,1468
2023-06-18,Rwanda,Africa,0,133194,0,1468
2023-06-25,Rwanda,Africa,0,133194,0,1468
2023-07-02,Rwanda,Africa,0,133194,0,1468
2023-07-09,Rwanda,Africa,0,133194,0,1468
2023-07-16,Rwanda,Africa,0,133194,0,1468
2023-07-23,Rwanda,Africa,0,133194,0,1468
2023-07-30,Rwanda,Africa,0,133194,0,1468
2023-08-06,Rwanda,Africa,0,133194,0,1468
2023-08-13,Rwanda,Africa,0,133194,0,1468
2023-08-20,Rwanda,Africa,0,133194,0,1468
2023-08-27,Rwanda,Africa,0,133194,0,1468
2023-09-03,Rwanda,Africa,0,133194,0,1468
2023-09-10,Rwanda,Africa,0,133194,0,1468
2023-09-17,Rwanda,Africa,0,133194,0,1468
2023-09-24,Rwanda,Africa,0,133194,0,1468
2023-10-01,Rwanda,Africa,0,133194,0,1468
2023-10-08,Rwanda,Africa,0,133194,0,1468
2023-10-15,Rwanda,Africa,0,133194,0,1468
2023-10-22,Rwanda,Africa,0,133194,0,1468
2023-10-29,Rwanda,Africa,0,133194,0,1468
2023-11-05,Rwanda,Africa,0,133194,0,1468
2023-11-12,Rwanda,Africa,0,133194,0,1468
2023-11-19,Rwanda,Africa,14,133208,0,1468
2023-11-26,Rwanda,Africa,0,133208,0,1468
2023-12-03,Rwanda,Africa,0,133208,0,1468
2023-12-10,Rwanda,Africa,0,133208,0,1468
2023-12-17,Rwanda,Africa,0,133208,0,1468
2023-12-24,Rwanda,Africa,0,133208,0,1468
2023-12-31,Rwanda,Africa,0,133208,0,1468
2024-01-07,Rwanda,Africa,9,133217,0,1468
2024-01-14,Rwanda,Africa,0,133217,0,1468
2024-01-21,Rwanda,Africa,0,133217,0,1468
2024-01-28,Rwanda,Africa,0,133217,0,1468
2024-02-04,Rwanda,Africa,0,133217,0,1468
2024-02-11,Rwanda,Africa,0,133217,0,1468
2024-02-18,Rwanda,Africa,0,133217,0,1468
2024-02-25,Rwanda,Africa,0,133217,0,1468
2024-03-03,Rwanda,Africa,0,133217,0,1468
2024-03-10,Rwanda,Africa,5,133222,0,1468
2024-03-17,Rwanda,Africa,5,133227,0,1468
2024-03-24,Rwanda,Africa,0,133227,0,1468
2024-03-31,Rwanda,Africa,2,133229,0,1468
2024-04-07,Rwanda,Africa,1,133230,0,1468
2024-04-14,Rwanda,Africa,4,133234,0,1468
2024-04-21,Rwanda,Africa,7,133241,0,1468
2024-04-28,Rwanda,Africa,3,133244,0,1468
2024-05-05,Rwanda,Africa,0,133244,0,1468
2024-05-12,Rwanda,Africa,5,133249,0,1468
2024-05-19,Rwanda,Africa,9,133258,0,1468
2024-05-26,Rwanda,Africa,3,133261,0,1468
2024-06-02,Rwanda,Africa,0,133261,0,1468
2024-06-09,Rwanda,Africa,0,133261,0,1468
2024-06-16,Rwanda,Africa,0,133261,0,1468
2024-06-23,Rwanda,Africa,0,133261,0,1468
2024-06-30,Rwanda,Africa,0,133261,0,1468
2024-07-07,Rwanda,Africa,0,133261,0,1468
2024-07-14,Rwanda,Africa,3,133264,0,1468
2024-07-21,Rwanda,Africa,0,133264,0,1468
2024-07-28,Rwanda,Africa,0,133264,0,1468
2024-08-04,Rwanda,Africa,0,133264,0,1468
2024-08-11,Rwanda,Africa,0,133264,0,1468
2024-08-18,Rwanda,Africa,1,133265,0,1468
2024-08-25,Rwanda,Africa,1,133266,0,1468
2024-09-01,Rwanda,Africa,0,133266,0,1468
2020-01-05,Saint Barthélemy,North America,0,0,0,0
2020-01-12,Saint Barthélemy,North America,0,0,0,0
2020-01-19,Saint Barthélemy,North America,0,0,0,0
2020-01-26,Saint Barthélemy,North America,0,0,0,0
2020-02-02,Saint Barthélemy,North America,0,0,0,0
2020-02-09,Saint Barthélemy,North America,0,0,0,0
2020-02-16,Saint Barthélemy,North America,0,0,0,0
2020-02-23,Saint Barthélemy,North America,0,0,0,0
2020-03-01,Saint Barthélemy,North America,0,0,0,0
2020-03-08,Saint Barthélemy,North America,1,1,0,0
2020-03-15,Saint Barthélemy,North America,0,1,0,0
2020-03-22,Saint Barthélemy,North America,2,3,0,0
2020-03-29,Saint Barthélemy,North America,2,5,0,0
2020-04-05,Saint Barthélemy,North America,1,6,0,0
2020-04-12,Saint Barthélemy,North America,0,6,0,0
2020-04-19,Saint Barthélemy,North America,0,6,0,0
2020-04-26,Saint Barthélemy,North America,0,6,0,0
2020-05-03,Saint Barthélemy,North America,0,6,0,0
2020-05-10,Saint Barthélemy,North America,0,6,0,0
2020-05-17,Saint Barthélemy,North America,0,6,0,0
2020-05-24,Saint Barthélemy,North America,0,6,0,0
2020-05-31,Saint Barthélemy,North America,0,6,0,0
2020-06-07,Saint Barthélemy,North America,0,6,0,0
2020-06-14,Saint Barthélemy,North America,0,6,0,0
2020-06-21,Saint Barthélemy,North America,0,6,0,0
2020-06-28,Saint Barthélemy,North America,0,6,0,0
2020-07-05,Saint Barthélemy,North America,0,6,0,0
2020-07-12,Saint Barthélemy,North America,0,6,0,0
2020-07-19,Saint Barthélemy,North America,0,6,0,0
2020-07-26,Saint Barthélemy,North America,1,7,0,0
2020-08-02,Saint Barthélemy,North America,1,8,0,0
2020-08-09,Saint Barthélemy,North America,1,9,0,0
2020-08-16,Saint Barthélemy,North America,4,13,0,0
2020-08-23,Saint Barthélemy,North America,3,16,0,0
2020-08-30,Saint Barthélemy,North America,2,18,0,0
2020-09-06,Saint Barthélemy,North America,0,18,0,0
2020-09-13,Saint Barthélemy,North America,3,21,0,0
2020-09-20,Saint Barthélemy,North America,2,23,0,0
2020-09-27,Saint Barthélemy,North America,25,48,0,0
2020-10-04,Saint Barthélemy,North America,14,62,0,0
2020-10-11,Saint Barthélemy,North America,3,65,0,0
2020-10-18,Saint Barthélemy,North America,7,72,0,0
2020-10-25,Saint Barthélemy,North America,11,83,0,0
2020-11-01,Saint Barthélemy,North America,6,89,0,0
2020-11-08,Saint Barthélemy,North America,1,90,0,0
2020-11-15,Saint Barthélemy,North America,19,109,0,0
2020-11-22,Saint Barthélemy,North America,18,127,0,0
2020-11-29,Saint Barthélemy,North America,0,127,0,0
2020-12-06,Saint Barthélemy,North America,25,152,0,0
2020-12-13,Saint Barthélemy,North America,12,164,0,0
2020-12-20,Saint Barthélemy,North America,18,182,0,0
2020-12-27,Saint Barthélemy,North America,7,189,0,0
2021-01-03,Saint Barthélemy,North America,1,190,0,0
2021-01-10,Saint Barthélemy,North America,1,191,0,0
2021-01-17,Saint Barthélemy,North America,33,224,0,0
2021-01-24,Saint Barthélemy,North America,152,376,0,0
2021-01-31,Saint Barthélemy,North America,3,379,0,0
2021-02-07,Saint Barthélemy,North America,0,379,0,0
2021-02-14,Saint Barthélemy,North America,96,475,0,0
2021-02-21,Saint Barthélemy,North America,0,475,0,0
2021-02-28,Saint Barthélemy,North America,137,612,0,0
2021-03-07,Saint Barthélemy,North America,59,671,0,0
2021-03-14,Saint Barthélemy,North America,54,725,1,1
2021-03-21,Saint Barthélemy,North America,51,776,0,1
2021-03-28,Saint Barthélemy,North America,81,857,0,1
2021-04-04,Saint Barthélemy,North America,53,910,0,1
2021-04-11,Saint Barthélemy,North America,18,928,0,1
2021-04-18,Saint Barthélemy,North America,26,954,0,1
2021-04-25,Saint Barthélemy,North America,22,976,0,1
2021-05-02,Saint Barthélemy,North America,12,988,0,1
2021-05-09,Saint Barthélemy,North America,6,994,0,1
2021-05-16,Saint Barthélemy,North America,16,1010,0,1
2021-05-23,Saint Barthélemy,North America,6,1016,0,1
2021-05-30,Saint Barthélemy,North America,7,1023,0,1
2021-06-06,Saint Barthélemy,North America,6,1029,0,1
2021-06-13,Saint Barthélemy,North America,3,1032,0,1
2021-06-20,Saint Barthélemy,North America,8,1040,0,1
2021-06-27,Saint Barthélemy,North America,3,1043,0,1
2021-07-04,Saint Barthélemy,North America,3,1046,0,1
2021-07-11,Saint Barthélemy,North America,6,1052,0,1
2021-07-18,Saint Barthélemy,North America,5,1057,0,1
2021-07-25,Saint Barthélemy,North America,8,1065,0,1
2021-08-01,Saint Barthélemy,North America,270,1335,0,1
2021-08-08,Saint Barthélemy,North America,64,1399,0,1
2021-08-15,Saint Barthélemy,North America,80,1479,0,1
2021-08-22,Saint Barthélemy,North America,74,1553,0,1
2021-08-29,Saint Barthélemy,North America,39,1592,0,1
2021-09-05,Saint Barthélemy,North America,15,1607,1,2
2021-09-12,Saint Barthélemy,North America,6,1613,0,2
2021-09-19,Saint Barthélemy,North America,11,1624,0,2
2021-09-26,Saint Barthélemy,North America,10,1634,0,2
2021-10-03,Saint Barthélemy,North America,15,1649,2,4
2021-10-10,Saint Barthélemy,North America,9,1658,0,4
2021-10-17,Saint Barthélemy,North America,1,1659,0,4
2021-10-24,Saint Barthélemy,North America,0,1659,0,4
2021-10-31,Saint Barthélemy,North America,1,1660,0,4
2021-11-07,Saint Barthélemy,North America,1,1661,0,4
2021-11-14,Saint Barthélemy,North America,0,1661,0,4
2021-11-21,Saint Barthélemy,North America,5,1666,0,4
2021-11-28,Saint Barthélemy,North America,6,1672,0,4
2021-12-05,Saint Barthélemy,North America,2,1674,0,4
2021-12-12,Saint Barthélemy,North America,9,1683,0,4
2021-12-19,Saint Barthélemy,North America,9,1692,0,4
2021-12-26,Saint Barthélemy,North America,34,1726,0,4
2022-01-02,Saint Barthélemy,North America,229,1955,0,4
2022-01-09,Saint Barthélemy,North America,495,2450,0,4
2022-01-16,Saint Barthélemy,North America,502,2952,0,4
2022-01-23,Saint Barthélemy,North America,266,3218,0,4
2022-01-30,Saint Barthélemy,North America,209,3427,0,4
2022-02-06,Saint Barthélemy,North America,115,3542,0,4
2022-02-13,Saint Barthélemy,North America,91,3633,0,4
2022-02-20,Saint Barthélemy,North America,51,3684,0,4
2022-02-27,Saint Barthélemy,North America,27,3711,0,4
2022-03-06,Saint Barthélemy,North America,15,3726,0,4
2022-03-13,Saint Barthélemy,North America,37,3763,0,4
2022-03-20,Saint Barthélemy,North America,42,3805,0,4
2022-03-27,Saint Barthélemy,North America,78,3883,0,4
2022-04-03,Saint Barthélemy,North America,186,4069,0,4
2022-04-10,Saint Barthélemy,North America,164,4233,0,4
2022-04-17,Saint Barthélemy,North America,135,4368,0,4
2022-04-24,Saint Barthélemy,North America,75,4443,0,4
2022-05-01,Saint Barthélemy,North America,44,4487,0,4
2022-05-08,Saint Barthélemy,North America,31,4518,0,4
2022-05-15,Saint Barthélemy,North America,32,4550,0,4
2022-05-22,Saint Barthélemy,North America,21,4571,0,4
2022-05-29,Saint Barthélemy,North America,23,4594,0,4
2022-06-05,Saint Barthélemy,North America,20,4614,0,4
2022-06-12,Saint Barthélemy,North America,32,4646,0,4
2022-06-19,Saint Barthélemy,North America,25,4671,0,4
2022-06-26,Saint Barthélemy,North America,26,4697,0,4
2022-07-03,Saint Barthélemy,North America,43,4740,1,5
2022-07-10,Saint Barthélemy,North America,105,4845,0,5
2022-07-17,Saint Barthélemy,North America,109,4954,0,5
2022-07-24,Saint Barthélemy,North America,101,5055,0,5
2022-07-31,Saint Barthélemy,North America,83,5138,0,5
2022-08-07,Saint Barthélemy,North America,39,5177,0,5
2022-08-14,Saint Barthélemy,North America,31,5208,0,5
2022-08-21,Saint Barthélemy,North America,23,5231,0,5
2022-08-28,Saint Barthélemy,North America,32,5263,0,5
2022-09-04,Saint Barthélemy,North America,0,5263,0,5
2022-09-11,Saint Barthélemy,North America,0,5263,0,5
2022-09-18,Saint Barthélemy,North America,0,5263,0,5
2022-09-25,Saint Barthélemy,North America,22,5285,0,5
2022-10-02,Saint Barthélemy,North America,0,5285,0,5
2022-10-09,Saint Barthélemy,North America,17,5302,0,5
2022-10-16,Saint Barthélemy,North America,11,5313,0,5
2022-10-23,Saint Barthélemy,North America,10,5323,0,5
2022-10-30,Saint Barthélemy,North America,0,5323,0,5
2022-11-06,Saint Barthélemy,North America,9,5332,0,5
2022-11-13,Saint Barthélemy,North America,4,5336,0,5
2022-11-20,Saint Barthélemy,North America,5,5341,0,5
2022-11-27,Saint Barthélemy,North America,7,5348,0,5
2022-12-04,Saint Barthélemy,North America,12,5360,0,5
2022-12-11,Saint Barthélemy,North America,22,5382,0,5
2022-12-18,Saint Barthélemy,North America,9,5391,0,5
2022-12-25,Saint Barthélemy,North America,11,5402,0,5
2023-01-01,Saint Barthélemy,North America,6,5408,0,5
2023-01-08,Saint Barthélemy,North America,10,5418,0,5
2023-01-15,Saint Barthélemy,North America,0,5418,0,5
2023-01-22,Saint Barthélemy,North America,2,5420,0,5
2023-01-29,Saint Barthélemy,North America,6,5426,0,5
2023-02-05,Saint Barthélemy,North America,5,5431,0,5
2023-02-12,Saint Barthélemy,North America,4,5435,0,5
2023-02-19,Saint Barthélemy,North America,4,5439,0,5
2023-02-26,Saint Barthélemy,North America,1,5440,0,5
2023-03-05,Saint Barthélemy,North America,1,5441,0,5
2023-03-12,Saint Barthélemy,North America,8,5449,0,5
2023-03-19,Saint Barthélemy,North America,18,5467,0,5
2023-03-26,Saint Barthélemy,North America,11,5478,0,5
2023-04-02,Saint Barthélemy,North America,0,5478,0,5
2023-04-09,Saint Barthélemy,North America,0,5478,0,5
2023-04-16,Saint Barthélemy,North America,6,5484,0,5
2023-04-23,Saint Barthélemy,North America,1,5485,0,5
2023-04-30,Saint Barthélemy,North America,1,5486,0,5
2023-05-07,Saint Barthélemy,North America,0,5486,0,5
2023-05-14,Saint Barthélemy,North America,0,5486,0,5
2023-05-21,Saint Barthélemy,North America,8,5494,0,5
2023-05-28,Saint Barthélemy,North America,0,5494,0,5
2023-06-04,Saint Barthélemy,North America,0,5494,0,5
2023-06-11,Saint Barthélemy,North America,0,5494,0,5
2023-06-18,Saint Barthélemy,North America,0,5494,0,5
2023-06-25,Saint Barthélemy,North America,13,5507,0,5
2023-07-02,Saint Barthélemy,North America,0,5507,0,5
2023-07-09,Saint Barthélemy,North America,0,5507,0,5
2023-07-16,Saint Barthélemy,North America,0,5507,0,5
2023-07-23,Saint Barthélemy,North America,0,5507,0,5
2023-07-30,Saint Barthélemy,North America,0,5507,0,5
2023-08-06,Saint Barthélemy,North America,0,5507,0,5
2023-08-13,Saint Barthélemy,North America,0,5507,0,5
2023-08-20,Saint Barthélemy,North America,0,5507,0,5
2023-08-27,Saint Barthélemy,North America,0,5507,0,5
2023-09-03,Saint Barthélemy,North America,0,5507,0,5
2023-09-10,Saint Barthélemy,North America,0,5507,0,5
2023-09-17,Saint Barthélemy,North America,0,5507,0,5
2023-09-24,Saint Barthélemy,North America,0,5507,0,5
2023-10-01,Saint Barthélemy,North America,0,5507,0,5
2023-10-08,Saint Barthélemy,North America,0,5507,0,5
2023-10-15,Saint Barthélemy,North America,0,5507,0,5
2023-10-22,Saint Barthélemy,North America,0,5507,0,5
2023-10-29,Saint Barthélemy,North America,0,5507,0,5
2023-11-05,Saint Barthélemy,North America,0,5507,0,5
2023-11-12,Saint Barthélemy,North America,0,5507,0,5
2023-11-19,Saint Barthélemy,North America,0,5507,0,5
2023-11-26,Saint Barthélemy,North America,0,5507,0,5
2023-12-03,Saint Barthélemy,North America,0,5507,0,5
2023-12-10,Saint Barthélemy,North America,0,5507,0,5
2023-12-17,Saint Barthélemy,North America,0,5507,0,5
2023-12-24,Saint Barthélemy,North America,0,5507,0,5
2023-12-31,Saint Barthélemy,North America,0,5507,0,5
2024-01-07,Saint Barthélemy,North America,0,5507,0,5
2024-01-14,Saint Barthélemy,North America,0,5507,0,5
2024-01-21,Saint Barthélemy,North America,0,5507,0,5
2024-01-28,Saint Barthélemy,North America,0,5507,0,5
2024-02-04,Saint Barthélemy,North America,0,5507,0,5
2024-02-11,Saint Barthélemy,North America,0,5507,0,5
2024-02-18,Saint Barthélemy,North America,0,5507,0,5
2024-02-25,Saint Barthélemy,North America,0,5507,0,5
2024-03-03,Saint Barthélemy,North America,0,5507,0,5
2024-03-10,Saint Barthélemy,North America,0,5507,0,5
2024-03-17,Saint Barthélemy,North America,0,5507,0,5
2024-03-24,Saint Barthélemy,North America,0,5507,0,5
2024-03-31,Saint Barthélemy,North America,0,5507,0,5
2024-04-07,Saint Barthélemy,North America,0,5507,0,5
2024-04-14,Saint Barthélemy,North America,0,5507,0,5
2024-04-21,Saint Barthélemy,North America,0,5507,0,5
2024-04-28,Saint Barthélemy,North America,0,5507,0,5
2024-05-05,Saint Barthélemy,North America,0,5507,0,5
2024-05-12,Saint Barthélemy,North America,0,5507,0,5
2024-05-19,Saint Barthélemy,North America,0,5507,0,5
2024-05-26,Saint Barthélemy,North America,0,5507,0,5
2024-06-02,Saint Barthélemy,North America,0,5507,0,5
2024-06-09,Saint Barthélemy,North America,0,5507,0,5
2024-06-16,Saint Barthélemy,North America,0,5507,0,5
2024-06-23,Saint Barthélemy,North America,0,5507,0,5
2024-06-30,Saint Barthélemy,North America,0,5507,0,5
2024-07-07,Saint Barthélemy,North America,0,5507,0,5
2024-07-14,Saint Barthélemy,North America,0,5507,0,5
2024-07-21,Saint Barthélemy,North America,0,5507,0,5
2024-07-28,Saint Barthélemy,North America,0,5507,0,5
2024-08-04,Saint Barthélemy,North America,0,5507,0,5
2024-08-11,Saint Barthélemy,North America,0,5507,0,5
2024-08-18,Saint Barthélemy,North America,0,5507,0,5
2024-08-25,Saint Barthélemy,North America,0,5507,0,5
2024-09-01,Saint Barthélemy,North America,0,5507,0,5
2020-01-05,Saint Helena,island,0,0,0,0
2020-01-12,Saint Helena,island,0,0,0,0
2020-01-19,Saint Helena,island,0,0,0,0
2020-01-26,Saint Helena,island,0,0,0,0
2020-02-02,Saint Helena,island,0,0,0,0
2020-02-09,Saint Helena,island,0,0,0,0
2020-02-16,Saint Helena,island,0,0,0,0
2020-02-23,Saint Helena,island,0,0,0,0
2020-03-01,Saint Helena,island,0,0,0,0
2020-03-08,Saint Helena,island,0,0,0,0
2020-03-15,Saint Helena,island,0,0,0,0
2020-03-22,Saint Helena,island,0,0,0,0
2020-03-29,Saint Helena,island,0,0,0,0
2020-04-05,Saint Helena,island,0,0,0,0
2020-04-12,Saint Helena,island,0,0,0,0
2020-04-19,Saint Helena,island,0,0,0,0
2020-04-26,Saint Helena,island,0,0,0,0
2020-05-03,Saint Helena,island,0,0,0,0
2020-05-10,Saint Helena,island,0,0,0,0
2020-05-17,Saint Helena,island,0,0,0,0
2020-05-24,Saint Helena,island,0,0,0,0
2020-05-31,Saint Helena,island,0,0,0,0
2020-06-07,Saint Helena,island,0,0,0,0
2020-06-14,Saint Helena,island,0,0,0,0
2020-06-21,Saint Helena,island,0,0,0,0
2020-06-28,Saint Helena,island,0,0,0,0
2020-07-05,Saint Helena,island,0,0,0,0
2020-07-12,Saint Helena,island,0,0,0,0
2020-07-19,Saint Helena,island,0,0,0,0
2020-07-26,Saint Helena,island,0,0,0,0
2020-08-02,Saint Helena,island,0,0,0,0
2020-08-09,Saint Helena,island,0,0,0,0
2020-08-16,Saint Helena,island,0,0,0,0
2020-08-23,Saint Helena,island,0,0,0,0
2020-08-30,Saint Helena,island,0,0,0,0
2020-09-06,Saint Helena,island,0,0,0,0
2020-09-13,Saint Helena,island,0,0,0,0
2020-09-20,Saint Helena,island,0,0,0,0
2020-09-27,Saint Helena,island,0,0,0,0
2020-10-04,Saint Helena,island,0,0,0,0
2020-10-11,Saint Helena,island,0,0,0,0
2020-10-18,Saint Helena,island,0,0,0,0
2020-10-25,Saint Helena,island,0,0,0,0
2020-11-01,Saint Helena,island,0,0,0,0
2020-11-08,Saint Helena,island,0,0,0,0
2020-11-15,Saint Helena,island,0,0,0,0
2020-11-22,Saint Helena,island,0,0,0,0
2020-11-29,Saint Helena,island,0,0,0,0
2020-12-06,Saint Helena,island,0,0,0,0
2020-12-13,Saint Helena,island,0,0,0,0
2020-12-20,Saint Helena,island,0,0,0,0
2020-12-27,Saint Helena,island,0,0,0,0
2021-01-03,Saint Helena,island,0,0,0,0
2021-01-10,Saint Helena,island,0,0,0,0
2021-01-17,Saint Helena,island,0,0,0,0
2021-01-24,Saint Helena,island,0,0,0,0
2021-01-31,Saint Helena,island,0,0,0,0
2021-02-07,Saint Helena,island,0,0,0,0
2021-02-14,Saint Helena,island,0,0,0,0
2021-02-21,Saint Helena,island,0,0,0,0
2021-02-28,Saint Helena,island,0,0,0,0
2021-03-07,Saint Helena,island,0,0,0,0
2021-03-14,Saint Helena,island,0,0,0,0
2021-03-21,Saint Helena,island,0,0,0,0
2021-03-28,Saint Helena,island,0,0,0,0
2021-04-04,Saint Helena,island,0,0,0,0
2021-04-11,Saint Helena,island,0,0,0,0
2021-04-18,Saint Helena,island,0,0,0,0
2021-04-25,Saint Helena,island,0,0,0,0
2021-05-02,Saint Helena,island,0,0,0,0
2021-05-09,Saint Helena,island,0,0,0,0
2021-05-16,Saint Helena,island,0,0,0,0
2021-05-23,Saint Helena,island,0,0,0,0
2021-05-30,Saint Helena,island,0,0,0,0
2021-06-06,Saint Helena,island,0,0,0,0
2021-06-13,Saint Helena,island,0,0,0,0
2021-06-20,Saint Helena,island,0,0,0,0
2021-06-27,Saint Helena,island,0,0,0,0
2021-07-04,Saint Helena,island,0,0,0,0
2021-07-11,Saint Helena,island,0,0,0,0
2021-07-18,Saint Helena,island,0,0,0,0
2021-07-25,Saint Helena,island,0,0,0,0
2021-08-01,Saint Helena,island,0,0,0,0
2021-08-08,Saint Helena,island,0,0,0,0
2021-08-15,Saint Helena,island,0,0,0,0
2021-08-22,Saint Helena,island,0,0,0,0
2021-08-29,Saint Helena,island,0,0,0,0
2021-09-05,Saint Helena,island,0,0,0,0
2021-09-12,Saint Helena,island,0,0,0,0
2021-09-19,Saint Helena,island,0,0,0,0
2021-09-26,Saint Helena,island,0,0,0,0
2021-10-03,Saint Helena,island,0,0,0,0
2021-10-10,Saint Helena,island,0,0,0,0
2021-10-17,Saint Helena,island,0,0,0,0
2021-10-24,Saint Helena,island,0,0,0,0
2021-10-31,Saint Helena,island,0,0,0,0
2021-11-07,Saint Helena,island,0,0,0,0
2021-11-14,Saint Helena,island,0,0,0,0
2021-11-21,Saint Helena,island,0,0,0,0
2021-11-28,Saint Helena,island,0,0,0,0
2021-12-05,Saint Helena,island,0,0,0,0
2021-12-12,Saint Helena,island,0,0,0,0
2021-12-19,Saint Helena,island,0,0,0,0
2021-12-26,Saint Helena,island,0,0,0,0
2022-01-02,Saint Helena,island,0,0,0,0
2022-01-09,Saint Helena,island,0,0,0,0
2022-01-16,Saint Helena,island,0,0,0,0
2022-01-23,Saint Helena,island,0,0,0,0
2022-01-30,Saint Helena,island,0,0,0,0
2022-02-06,Saint Helena,island,0,0,0,0
2022-02-13,Saint Helena,island,0,0,0,0
2022-02-20,Saint Helena,island,0,0,0,0
2022-02-27,Saint Helena,island,0,0,0,0
2022-03-06,Saint Helena,island,0,0,0,0
2022-03-13,Saint Helena,island,0,0,0,0
2022-03-20,Saint Helena,island,0,0,0,0
2022-03-27,Saint Helena,island,0,0,0,0
2022-04-03,Saint Helena,island,0,0,0,0
2022-04-10,Saint Helena,island,0,0,0,0
2022-04-17,Saint Helena,island,0,0,0,0
2022-04-24,Saint Helena,island,0,0,0,0
2022-05-01,Saint Helena,island,0,0,0,0
2022-05-08,Saint Helena,island,0,0,0,0
2022-05-15,Saint Helena,island,0,0,0,0
2022-05-22,Saint Helena,island,0,0,0,0
2022-05-29,Saint Helena,island,0,0,0,0
2022-06-05,Saint Helena,island,0,0,0,0
2022-06-12,Saint Helena,island,0,0,0,0
2022-06-19,Saint Helena,island,0,0,0,0
2022-06-26,Saint Helena,island,0,0,0,0
2022-07-03,Saint Helena,island,0,0,0,0
2022-07-10,Saint Helena,island,0,0,0,0
2022-07-17,Saint Helena,island,0,0,0,0
2022-07-24,Saint Helena,island,0,0,0,0
2022-07-31,Saint Helena,island,0,0,0,0
2022-08-07,Saint Helena,island,0,0,0,0
2022-08-14,Saint Helena,island,2,2,0,0
2022-08-21,Saint Helena,island,15,17,0,0
2022-08-28,Saint Helena,island,11,28,0,0
2022-09-04,Saint Helena,island,8,36,0,0
2022-09-11,Saint Helena,island,52,88,0,0
2022-09-18,Saint Helena,island,29,117,0,0
2022-09-25,Saint Helena,island,1298,1415,0,0
2022-10-02,Saint Helena,island,459,1874,0,0
2022-10-09,Saint Helena,island,99,1973,0,0
2022-10-16,Saint Helena,island,40,2013,0,0
2022-10-23,Saint Helena,island,19,2032,0,0
2022-10-30,Saint Helena,island,13,2045,0,0
2022-11-06,Saint Helena,island,0,2045,0,0
2022-11-13,Saint Helena,island,70,2115,0,0
2022-11-20,Saint Helena,island,47,2162,0,0
2022-11-27,Saint Helena,island,4,2166,0,0
2022-12-04,Saint Helena,island,0,2166,0,0
2022-12-11,Saint Helena,island,0,2166,0,0
2022-12-18,Saint Helena,island,0,2166,0,0
2022-12-25,Saint Helena,island,0,2166,0,0
2023-01-01,Saint Helena,island,0,2166,0,0
2023-01-08,Saint Helena,island,0,2166,0,0
2023-01-15,Saint Helena,island,0,2166,0,0
2023-01-22,Saint Helena,island,0,2166,0,0
2023-01-29,Saint Helena,island,0,2166,0,0
2023-02-05,Saint Helena,island,0,2166,0,0
2023-02-12,Saint Helena,island,0,2166,0,0
2023-02-19,Saint Helena,island,0,2166,0,0
2023-02-26,Saint Helena,island,0,2166,0,0
2023-03-05,Saint Helena,island,0,2166,0,0
2023-03-12,Saint Helena,island,0,2166,0,0
2023-03-19,Saint Helena,island,0,2166,0,0
2023-03-26,Saint Helena,island,0,2166,0,0
2023-04-02,Saint Helena,island,0,2166,0,0
2023-04-09,Saint Helena,island,0,2166,0,0
2023-04-16,Saint Helena,island,0,2166,0,0
2023-04-23,Saint Helena,island,0,2166,0,0
2023-04-30,Saint Helena,island,0,2166,0,0
2023-05-07,Saint Helena,island,0,2166,0,0
2023-05-14,Saint Helena,island,0,2166,0,0
2023-05-21,Saint Helena,island,0,2166,0,0
2023-05-28,Saint Helena,island,0,2166,0,0
2023-06-04,Saint Helena,island,0,2166,0,0
2023-06-11,Saint Helena,island,0,2166,0,0
2023-06-18,Saint Helena,island,0,2166,0,0
2023-06-25,Saint Helena,island,0,2166,0,0
2023-07-02,Saint Helena,island,0,2166,0,0
2023-07-09,Saint Helena,island,0,2166,0,0
2023-07-16,Saint Helena,island,0,2166,0,0
2023-07-23,Saint Helena,island,0,2166,0,0
2023-07-30,Saint Helena,island,0,2166,0,0
2023-08-06,Saint Helena,island,0,2166,0,0
2023-08-13,Saint Helena,island,0,2166,0,0
2023-08-20,Saint Helena,island,0,2166,0,0
2023-08-27,Saint Helena,island,0,2166,0,0
2023-09-03,Saint Helena,island,0,2166,0,0
2023-09-10,Saint Helena,island,0,2166,0,0
2023-09-17,Saint Helena,island,0,2166,0,0
2023-09-24,Saint Helena,island,0,2166,0,0
2023-10-01,Saint Helena,island,0,2166,0,0
2023-10-08,Saint Helena,island,0,2166,0,0
2023-10-15,Saint Helena,island,0,2166,0,0
2023-10-22,Saint Helena,island,0,2166,0,0
2023-10-29,Saint Helena,island,0,2166,0,0
2023-11-05,Saint Helena,island,0,2166,0,0
2023-11-12,Saint Helena,island,0,2166,0,0
2023-11-19,Saint Helena,island,0,2166,0,0
2023-11-26,Saint Helena,island,0,2166,0,0
2023-12-03,Saint Helena,island,0,2166,0,0
2023-12-10,Saint Helena,island,0,2166,0,0
2023-12-17,Saint Helena,island,0,2166,0,0
2023-12-24,Saint Helena,island,0,2166,0,0
2023-12-31,Saint Helena,island,0,2166,0,0
2024-01-07,Saint Helena,island,0,2166,0,0
2024-01-14,Saint Helena,island,0,2166,0,0
2024-01-21,Saint Helena,island,0,2166,0,0
2024-01-28,Saint Helena,island,0,2166,0,0
2024-02-04,Saint Helena,island,0,2166,0,0
2024-02-11,Saint Helena,island,0,2166,0,0
2024-02-18,Saint Helena,island,0,2166,0,0
2024-02-25,Saint Helena,island,0,2166,0,0
2024-03-03,Saint Helena,island,0,2166,0,0
2024-03-10,Saint Helena,island,0,2166,0,0
2024-03-17,Saint Helena,island,0,2166,0,0
2024-03-24,Saint Helena,island,0,2166,0,0
2024-03-31,Saint Helena,island,0,2166,0,0
2024-04-07,Saint Helena,island,0,2166,0,0
2024-04-14,Saint Helena,island,0,2166,0,0
2024-04-21,Saint Helena,island,0,2166,0,0
2024-04-28,Saint Helena,island,0,2166,0,0
2024-05-05,Saint Helena,island,0,2166,0,0
2024-05-12,Saint Helena,island,0,2166,0,0
2024-05-19,Saint Helena,island,0,2166,0,0
2024-05-26,Saint Helena,island,0,2166,0,0
2024-06-02,Saint Helena,island,0,2166,0,0
2024-06-09,Saint Helena,island,0,2166,0,0
2024-06-16,Saint Helena,island,0,2166,0,0
2024-06-23,Saint Helena,island,0,2166,0,0
2024-06-30,Saint Helena,island,0,2166,0,0
2024-07-07,Saint Helena,island,0,2166,0,0
2024-07-14,Saint Helena,island,0,2166,0,0
2024-07-21,Saint Helena,island,0,2166,0,0
2024-07-28,Saint Helena,island,0,2166,0,0
2024-08-04,Saint Helena,island,0,2166,0,0
2024-08-11,Saint Helena,island,0,2166,0,0
2024-08-18,Saint Helena,island,0,2166,0,0
2024-08-25,Saint Helena,island,0,2166,0,0
2024-09-01,Saint Helena,island,0,2166,0,0
2020-01-05,Saint Kitts and Nevis,North America,0,0,0,0
2020-01-12,Saint Kitts and Nevis,North America,0,0,0,0
2020-01-19,Saint Kitts and Nevis,North America,0,0,0,0
2020-01-26,Saint Kitts and Nevis,North America,0,0,0,0
2020-02-02,Saint Kitts and Nevis,North America,0,0,0,0
2020-02-09,Saint Kitts and Nevis,North America,0,0,0,0
2020-02-16,Saint Kitts and Nevis,North America,0,0,0,0
2020-02-23,Saint Kitts and Nevis,North America,0,0,0,0
2020-03-01,Saint Kitts and Nevis,North America,0,0,0,0
2020-03-08,Saint Kitts and Nevis,North America,0,0,0,0
2020-03-15,Saint Kitts and Nevis,North America,0,0,0,0
2020-03-22,Saint Kitts and Nevis,North America,0,0,0,0
2020-03-29,Saint Kitts and Nevis,North America,2,2,0,0
2020-04-05,Saint Kitts and Nevis,North America,7,9,0,0
2020-04-12,Saint Kitts and Nevis,North America,3,12,0,0
2020-04-19,Saint Kitts and Nevis,North America,2,14,0,0
2020-04-26,Saint Kitts and Nevis,North America,1,15,0,0
2020-05-03,Saint Kitts and Nevis,North America,0,15,0,0
2020-05-10,Saint Kitts and Nevis,North America,0,15,0,0
2020-05-17,Saint Kitts and Nevis,North America,0,15,0,0
2020-05-24,Saint Kitts and Nevis,North America,0,15,0,0
2020-05-31,Saint Kitts and Nevis,North America,0,15,0,0
2020-06-07,Saint Kitts and Nevis,North America,0,15,0,0
2020-06-14,Saint Kitts and Nevis,North America,0,15,0,0
2020-06-21,Saint Kitts and Nevis,North America,0,15,0,0
2020-06-28,Saint Kitts and Nevis,North America,0,15,0,0
2020-07-05,Saint Kitts and Nevis,North America,0,15,0,0
2020-07-12,Saint Kitts and Nevis,North America,2,17,0,0
2020-07-19,Saint Kitts and Nevis,North America,0,17,0,0
2020-07-26,Saint Kitts and Nevis,North America,0,17,0,0
2020-08-02,Saint Kitts and Nevis,North America,0,17,0,0
2020-08-09,Saint Kitts and Nevis,North America,0,17,0,0
2020-08-16,Saint Kitts and Nevis,North America,0,17,0,0
2020-08-23,Saint Kitts and Nevis,North America,0,17,0,0
2020-08-30,Saint Kitts and Nevis,North America,0,17,0,0
2020-09-06,Saint Kitts and Nevis,North America,0,17,0,0
2020-09-13,Saint Kitts and Nevis,North America,0,17,0,0
2020-09-20,Saint Kitts and Nevis,North America,0,17,0,0
2020-09-27,Saint Kitts and Nevis,North America,2,19,0,0
2020-10-04,Saint Kitts and Nevis,North America,0,19,0,0
2020-10-11,Saint Kitts and Nevis,North America,0,19,0,0
2020-10-18,Saint Kitts and Nevis,North America,0,19,0,0
2020-10-25,Saint Kitts and Nevis,North America,0,19,0,0
2020-11-01,Saint Kitts and Nevis,North America,0,19,0,0
2020-11-08,Saint Kitts and Nevis,North America,0,19,0,0
2020-11-15,Saint Kitts and Nevis,North America,0,19,0,0
2020-11-22,Saint Kitts and Nevis,North America,0,19,0,0
2020-11-29,Saint Kitts and Nevis,North America,3,22,0,0
2020-12-06,Saint Kitts and Nevis,North America,0,22,0,0
2020-12-13,Saint Kitts and Nevis,North America,5,27,0,0
2020-12-20,Saint Kitts and Nevis,North America,3,30,0,0
2020-12-27,Saint Kitts and Nevis,North America,0,30,0,0
2021-01-03,Saint Kitts and Nevis,North America,3,33,0,0
2021-01-10,Saint Kitts and Nevis,North America,1,34,0,0
2021-01-17,Saint Kitts and Nevis,North America,0,34,0,0
2021-01-24,Saint Kitts and Nevis,North America,1,35,0,0
2021-01-31,Saint Kitts and Nevis,North America,2,37,0,0
2021-02-07,Saint Kitts and Nevis,North America,3,40,0,0
2021-02-14,Saint Kitts and Nevis,North America,0,40,0,0
2021-02-21,Saint Kitts and Nevis,North America,1,41,0,0
2021-02-28,Saint Kitts and Nevis,North America,0,41,0,0
2021-03-07,Saint Kitts and Nevis,North America,0,41,0,0
2021-03-14,Saint Kitts and Nevis,North America,2,43,0,0
2021-03-21,Saint Kitts and Nevis,North America,1,44,0,0
2021-03-28,Saint Kitts and Nevis,North America,0,44,0,0
2021-04-04,Saint Kitts and Nevis,North America,0,44,0,0
2021-04-11,Saint Kitts and Nevis,North America,0,44,0,0
2021-04-18,Saint Kitts and Nevis,North America,0,44,0,0
2021-04-25,Saint Kitts and Nevis,North America,0,44,0,0
2021-05-02,Saint Kitts and Nevis,North America,1,45,0,0
2021-05-09,Saint Kitts and Nevis,North America,0,45,0,0
2021-05-16,Saint Kitts and Nevis,North America,0,45,0,0
2021-05-23,Saint Kitts and Nevis,North America,1,46,0,0
2021-05-30,Saint Kitts and Nevis,North America,22,68,0,0
2021-06-06,Saint Kitts and Nevis,North America,10,78,0,0
2021-06-13,Saint Kitts and Nevis,North America,77,155,0,0
2021-06-20,Saint Kitts and Nevis,North America,149,304,1,1
2021-06-27,Saint Kitts and Nevis,North America,124,428,2,3
2021-07-04,Saint Kitts and Nevis,North America,48,476,0,3
2021-07-11,Saint Kitts and Nevis,North America,49,525,0,3
2021-07-18,Saint Kitts and Nevis,North America,23,548,0,3
2021-07-25,Saint Kitts and Nevis,North America,15,563,0,3
2021-08-01,Saint Kitts and Nevis,North America,30,593,0,3
2021-08-08,Saint Kitts and Nevis,North America,18,611,0,3
2021-08-15,Saint Kitts and Nevis,North America,31,642,0,3
2021-08-22,Saint Kitts and Nevis,North America,150,792,0,3
2021-08-29,Saint Kitts and Nevis,North America,232,1024,0,3
2021-09-05,Saint Kitts and Nevis,North America,173,1197,2,5
2021-09-12,Saint Kitts and Nevis,North America,242,1439,2,7
2021-09-19,Saint Kitts and Nevis,North America,193,1632,2,9
2021-09-26,Saint Kitts and Nevis,North America,203,1835,1,10
2021-10-03,Saint Kitts and Nevis,North America,130,1965,3,13
2021-10-10,Saint Kitts and Nevis,North America,396,2361,4,17
2021-10-17,Saint Kitts and Nevis,North America,185,2546,4,21
2021-10-24,Saint Kitts and Nevis,North America,77,2623,0,21
2021-10-31,Saint Kitts and Nevis,North America,45,2668,2,23
2021-11-07,Saint Kitts and Nevis,North America,40,2708,2,25
2021-11-14,Saint Kitts and Nevis,North America,37,2745,2,27
2021-11-21,Saint Kitts and Nevis,North America,19,2764,1,28
2021-11-28,Saint Kitts and Nevis,North America,15,2779,0,28
2021-12-05,Saint Kitts and Nevis,North America,10,2789,0,28
2021-12-12,Saint Kitts and Nevis,North America,6,2795,0,28
2021-12-19,Saint Kitts and Nevis,North America,6,2801,0,28
2021-12-26,Saint Kitts and Nevis,North America,35,2836,0,28
2022-01-02,Saint Kitts and Nevis,North America,207,3043,0,28
2022-01-09,Saint Kitts and Nevis,North America,1013,4056,0,28
2022-01-16,Saint Kitts and Nevis,North America,826,4882,0,28
2022-01-23,Saint Kitts and Nevis,North America,348,5230,0,28
2022-01-30,Saint Kitts and Nevis,North America,173,5403,5,33
2022-02-06,Saint Kitts and Nevis,North America,66,5469,4,37
2022-02-13,Saint Kitts and Nevis,North America,26,5495,2,39
2022-02-20,Saint Kitts and Nevis,North America,16,5511,1,40
2022-02-27,Saint Kitts and Nevis,North America,15,5526,2,42
2022-03-06,Saint Kitts and Nevis,North America,7,5533,0,42
2022-03-13,Saint Kitts and Nevis,North America,5,5538,0,42
2022-03-20,Saint Kitts and Nevis,North America,6,5544,0,42
2022-03-27,Saint Kitts and Nevis,North America,4,5548,0,42
2022-04-03,Saint Kitts and Nevis,North America,1,5549,1,43
2022-04-10,Saint Kitts and Nevis,North America,3,5552,0,43
2022-04-17,Saint Kitts and Nevis,North America,5,5557,0,43
2022-04-24,Saint Kitts and Nevis,North America,5,5562,0,43
2022-05-01,Saint Kitts and Nevis,North America,1,5563,0,43
2022-05-08,Saint Kitts and Nevis,North America,20,5583,0,43
2022-05-15,Saint Kitts and Nevis,North America,22,5605,0,43
2022-05-22,Saint Kitts and Nevis,North America,49,5654,0,43
2022-05-29,Saint Kitts and Nevis,North America,53,5707,0,43
2022-06-05,Saint Kitts and Nevis,North America,91,5798,0,43
2022-06-12,Saint Kitts and Nevis,North America,39,5837,0,43
2022-06-19,Saint Kitts and Nevis,North America,73,5910,0,43
2022-06-26,Saint Kitts and Nevis,North America,37,5947,0,43
2022-07-03,Saint Kitts and Nevis,North America,193,6140,0,43
2022-07-10,Saint Kitts and Nevis,North America,153,6293,0,43
2022-07-17,Saint Kitts and Nevis,North America,84,6377,2,45
2022-07-24,Saint Kitts and Nevis,North America,45,6422,1,46
2022-07-31,Saint Kitts and Nevis,North America,34,6456,0,46
2022-08-07,Saint Kitts and Nevis,North America,21,6477,0,46
2022-08-14,Saint Kitts and Nevis,North America,15,6492,0,46
2022-08-21,Saint Kitts and Nevis,North America,6,6498,0,46
2022-08-28,Saint Kitts and Nevis,North America,11,6509,0,46
2022-09-04,Saint Kitts and Nevis,North America,10,6519,0,46
2022-09-11,Saint Kitts and Nevis,North America,10,6529,0,46
2022-09-18,Saint Kitts and Nevis,North America,12,6541,0,46
2022-09-25,Saint Kitts and Nevis,North America,2,6543,0,46
2022-10-02,Saint Kitts and Nevis,North America,2,6545,0,46
2022-10-09,Saint Kitts and Nevis,North America,1,6546,0,46
2022-10-16,Saint Kitts and Nevis,North America,1,6547,0,46
2022-10-23,Saint Kitts and Nevis,North America,1,6548,0,46
2022-10-30,Saint Kitts and Nevis,North America,0,6548,0,46
2022-11-06,Saint Kitts and Nevis,North America,1,6549,0,46
2022-11-13,Saint Kitts and Nevis,North America,3,6552,0,46
2022-11-20,Saint Kitts and Nevis,North America,0,6552,0,46
2022-11-27,Saint Kitts and Nevis,North America,4,6556,0,46
2022-12-04,Saint Kitts and Nevis,North America,3,6559,0,46
2022-12-11,Saint Kitts and Nevis,North America,0,6559,0,46
2022-12-18,Saint Kitts and Nevis,North America,1,6560,0,46
2022-12-25,Saint Kitts and Nevis,North America,2,6562,0,46
2023-01-01,Saint Kitts and Nevis,North America,0,6562,0,46
2023-01-08,Saint Kitts and Nevis,North America,9,6571,0,46
2023-01-15,Saint Kitts and Nevis,North America,8,6579,0,46
2023-01-22,Saint Kitts and Nevis,North America,6,6585,0,46
2023-01-29,Saint Kitts and Nevis,North America,6,6591,0,46
2023-02-05,Saint Kitts and Nevis,North America,1,6592,0,46
2023-02-12,Saint Kitts and Nevis,North America,1,6593,0,46
2023-02-19,Saint Kitts and Nevis,North America,3,6596,0,46
2023-02-26,Saint Kitts and Nevis,North America,0,6596,0,46
2023-03-05,Saint Kitts and Nevis,North America,1,6597,0,46
2023-03-12,Saint Kitts and Nevis,North America,0,6597,0,46
2023-03-19,Saint Kitts and Nevis,North America,0,6597,0,46
2023-03-26,Saint Kitts and Nevis,North America,0,6597,0,46
2023-04-02,Saint Kitts and Nevis,North America,1,6598,0,46
2023-04-09,Saint Kitts and Nevis,North America,0,6598,0,46
2023-04-16,Saint Kitts and Nevis,North America,0,6598,0,46
2023-04-23,Saint Kitts and Nevis,North America,0,6598,0,46
2023-04-30,Saint Kitts and Nevis,North America,0,6598,0,46
2023-05-07,Saint Kitts and Nevis,North America,1,6599,0,46
2023-05-14,Saint Kitts and Nevis,North America,1,6600,0,46
2023-05-21,Saint Kitts and Nevis,North America,0,6600,0,46
2023-05-28,Saint Kitts and Nevis,North America,2,6602,0,46
2023-06-04,Saint Kitts and Nevis,North America,0,6602,0,46
2023-06-11,Saint Kitts and Nevis,North America,0,6602,0,46
2023-06-18,Saint Kitts and Nevis,North America,4,6606,0,46
2023-06-25,Saint Kitts and Nevis,North America,0,6606,0,46
2023-07-02,Saint Kitts and Nevis,North America,1,6607,0,46
2023-07-09,Saint Kitts and Nevis,North America,0,6607,0,46
2023-07-16,Saint Kitts and Nevis,North America,0,6607,0,46
2023-07-23,Saint Kitts and Nevis,North America,0,6607,0,46
2023-07-30,Saint Kitts and Nevis,North America,0,6607,0,46
2023-08-06,Saint Kitts and Nevis,North America,0,6607,0,46
2023-08-13,Saint Kitts and Nevis,North America,0,6607,0,46
2023-08-20,Saint Kitts and Nevis,North America,0,6607,0,46
2023-08-27,Saint Kitts and Nevis,North America,0,6607,0,46
2023-09-03,Saint Kitts and Nevis,North America,0,6607,0,46
2023-09-10,Saint Kitts and Nevis,North America,0,6607,0,46
2023-09-17,Saint Kitts and Nevis,North America,0,6607,0,46
2023-09-24,Saint Kitts and Nevis,North America,0,6607,0,46
2023-10-01,Saint Kitts and Nevis,North America,0,6607,0,46
2023-10-08,Saint Kitts and Nevis,North America,0,6607,0,46
2023-10-15,Saint Kitts and Nevis,North America,0,6607,0,46
2023-10-22,Saint Kitts and Nevis,North America,0,6607,0,46
2023-10-29,Saint Kitts and Nevis,North America,0,6607,0,46
2023-11-05,Saint Kitts and Nevis,North America,0,6607,0,46
2023-11-12,Saint Kitts and Nevis,North America,0,6607,0,46
2023-11-19,Saint Kitts and Nevis,North America,0,6607,0,46
2023-11-26,Saint Kitts and Nevis,North America,0,6607,0,46
2023-12-03,Saint Kitts and Nevis,North America,0,6607,0,46
2023-12-10,Saint Kitts and Nevis,North America,0,6607,0,46
2023-12-17,Saint Kitts and Nevis,North America,0,6607,0,46
2023-12-24,Saint Kitts and Nevis,North America,0,6607,0,46
2023-12-31,Saint Kitts and Nevis,North America,0,6607,0,46
2024-01-07,Saint Kitts and Nevis,North America,0,6607,0,46
2024-01-14,Saint Kitts and Nevis,North America,0,6607,0,46
2024-01-21,Saint Kitts and Nevis,North America,0,6607,0,46
2024-01-28,Saint Kitts and Nevis,North America,0,6607,0,46
2024-02-04,Saint Kitts and Nevis,North America,0,6607,0,46
2024-02-11,Saint Kitts and Nevis,North America,0,6607,0,46
2024-02-18,Saint Kitts and Nevis,North America,0,6607,0,46
2024-02-25,Saint Kitts and Nevis,North America,0,6607,0,46
2024-03-03,Saint Kitts and Nevis,North America,0,6607,0,46
2024-03-10,Saint Kitts and Nevis,North America,0,6607,0,46
2024-03-17,Saint Kitts and Nevis,North America,0,6607,0,46
2024-03-24,Saint Kitts and Nevis,North America,0,6607,0,46
2024-03-31,Saint Kitts and Nevis,North America,0,6607,0,46
2024-04-07,Saint Kitts and Nevis,North America,0,6607,0,46
2024-04-14,Saint Kitts and Nevis,North America,0,6607,0,46
2024-04-21,Saint Kitts and Nevis,North America,0,6607,0,46
2024-04-28,Saint Kitts and Nevis,North America,0,6607,0,46
2024-05-05,Saint Kitts and Nevis,North America,0,6607,0,46
2024-05-12,Saint Kitts and Nevis,North America,0,6607,0,46
2024-05-19,Saint Kitts and Nevis,North America,0,6607,0,46
2024-05-26,Saint Kitts and Nevis,North America,0,6607,0,46
2024-06-02,Saint Kitts and Nevis,North America,0,6607,0,46
2024-06-09,Saint Kitts and Nevis,North America,0,6607,0,46
2024-06-16,Saint Kitts and Nevis,North America,0,6607,0,46
2024-06-23,Saint Kitts and Nevis,North America,0,6607,0,46
2024-06-30,Saint Kitts and Nevis,North America,0,6607,0,46
2024-07-07,Saint Kitts and Nevis,North America,0,6607,0,46
2024-07-14,Saint Kitts and Nevis,North America,0,6607,0,46
2024-07-21,Saint Kitts and Nevis,North America,0,6607,0,46
2024-07-28,Saint Kitts and Nevis,North America,0,6607,0,46
2024-08-04,Saint Kitts and Nevis,North America,0,6607,0,46
2024-08-11,Saint Kitts and Nevis,North America,0,6607,0,46
2024-08-18,Saint Kitts and Nevis,North America,0,6607,0,46
2024-08-25,Saint Kitts and Nevis,North America,0,6607,0,46
2024-09-01,Saint Kitts and Nevis,North America,0,6607,0,46
2020-01-05,Saint Lucia,North America,0,0,0,0
2020-01-12,Saint Lucia,North America,0,0,0,0
2020-01-19,Saint Lucia,North America,0,0,0,0
2020-01-26,Saint Lucia,North America,0,0,0,0
2020-02-02,Saint Lucia,North America,0,0,0,0
2020-02-09,Saint Lucia,North America,0,0,0,0
2020-02-16,Saint Lucia,North America,0,0,0,0
2020-02-23,Saint Lucia,North America,0,0,0,0
2020-03-01,Saint Lucia,North America,0,0,0,0
2020-03-08,Saint Lucia,North America,0,0,0,0
2020-03-15,Saint Lucia,North America,1,1,0,0
2020-03-22,Saint Lucia,North America,1,2,0,0
2020-03-29,Saint Lucia,North America,1,3,0,0
2020-04-05,Saint Lucia,North America,10,13,0,0
2020-04-12,Saint Lucia,North America,2,15,0,0
2020-04-19,Saint Lucia,North America,0,15,0,0
2020-04-26,Saint Lucia,North America,0,15,0,0
2020-05-03,Saint Lucia,North America,2,17,0,0
2020-05-10,Saint Lucia,North America,1,18,0,0
2020-05-17,Saint Lucia,North America,0,18,0,0
2020-05-24,Saint Lucia,North America,0,18,0,0
2020-05-31,Saint Lucia,North America,0,18,0,0
2020-06-07,Saint Lucia,North America,1,19,0,0
2020-06-14,Saint Lucia,North America,0,19,0,0
2020-06-21,Saint Lucia,North America,0,19,0,0
2020-06-28,Saint Lucia,North America,0,19,0,0
2020-07-05,Saint Lucia,North America,3,22,0,0
2020-07-12,Saint Lucia,North America,0,22,0,0
2020-07-19,Saint Lucia,North America,1,23,0,0
2020-07-26,Saint Lucia,North America,1,24,0,0
2020-08-02,Saint Lucia,North America,1,25,0,0
2020-08-09,Saint Lucia,North America,0,25,0,0
2020-08-16,Saint Lucia,North America,0,25,0,0
2020-08-23,Saint Lucia,North America,1,26,0,0
2020-08-30,Saint Lucia,North America,0,26,0,0
2020-09-06,Saint Lucia,North America,0,26,0,0
2020-09-13,Saint Lucia,North America,1,27,0,0
2020-09-20,Saint Lucia,North America,0,27,0,0
2020-09-27,Saint Lucia,North America,0,27,0,0
2020-10-04,Saint Lucia,North America,0,27,0,0
2020-10-11,Saint Lucia,North America,2,29,0,0
2020-10-18,Saint Lucia,North America,4,33,0,0
2020-10-25,Saint Lucia,North America,19,52,0,0
2020-11-01,Saint Lucia,North America,26,78,0,0
2020-11-08,Saint Lucia,North America,32,110,0,0
2020-11-15,Saint Lucia,North America,50,160,2,2
2020-11-22,Saint Lucia,North America,43,203,0,2
2020-11-29,Saint Lucia,North America,43,246,0,2
2020-12-06,Saint Lucia,North America,19,265,0,2
2020-12-13,Saint Lucia,North America,9,274,2,4
2020-12-20,Saint Lucia,North America,6,280,1,5
2020-12-27,Saint Lucia,North America,25,305,0,5
2021-01-03,Saint Lucia,North America,48,353,0,5
2021-01-10,Saint Lucia,North America,42,395,0,5
2021-01-17,Saint Lucia,North America,181,576,1,6
2021-01-24,Saint Lucia,North America,194,770,4,10
2021-01-31,Saint Lucia,North America,425,1195,3,13
2021-02-07,Saint Lucia,North America,618,1813,5,18
2021-02-14,Saint Lucia,North America,674,2487,5,23
2021-02-21,Saint Lucia,North America,373,2860,5,28
2021-02-28,Saint Lucia,North America,496,3356,7,35
2021-03-07,Saint Lucia,North America,487,3843,8,43
2021-03-14,Saint Lucia,North America,146,3989,5,48
2021-03-21,Saint Lucia,North America,124,4113,7,55
2021-03-28,Saint Lucia,North America,78,4191,3,58
2021-04-04,Saint Lucia,North America,98,4289,3,61
2021-04-11,Saint Lucia,North America,40,4329,3,64
2021-04-18,Saint Lucia,North America,69,4398,1,65
2021-04-25,Saint Lucia,North America,65,4463,5,70
2021-05-02,Saint Lucia,North America,89,4552,4,74
2021-05-09,Saint Lucia,North America,102,4654,1,75
2021-05-16,Saint Lucia,North America,134,4788,0,75
2021-05-23,Saint Lucia,North America,147,4935,2,77
2021-05-30,Saint Lucia,North America,100,5035,0,77
2021-06-06,Saint Lucia,North America,73,5108,3,80
2021-06-13,Saint Lucia,North America,60,5168,0,80
2021-06-20,Saint Lucia,North America,38,5206,0,80
2021-06-27,Saint Lucia,North America,56,5262,4,84
2021-07-04,Saint Lucia,North America,40,5302,0,84
2021-07-11,Saint Lucia,North America,78,5380,2,86
2021-07-18,Saint Lucia,North America,82,5462,1,87
2021-07-25,Saint Lucia,North America,54,5516,1,88
2021-08-01,Saint Lucia,North America,65,5581,1,89
2021-08-08,Saint Lucia,North America,132,5713,1,90
2021-08-15,Saint Lucia,North America,481,6194,5,95
2021-08-22,Saint Lucia,North America,761,6955,2,97
2021-08-29,Saint Lucia,North America,914,7869,5,102
2021-09-05,Saint Lucia,North America,1018,8887,14,116
2021-09-12,Saint Lucia,North America,640,9527,16,132
2021-09-19,Saint Lucia,North America,872,10399,18,150
2021-09-26,Saint Lucia,North America,654,11053,33,183
2021-10-03,Saint Lucia,North America,520,11573,24,207
2021-10-10,Saint Lucia,North America,369,11942,15,222
2021-10-17,Saint Lucia,North America,233,12175,11,233
2021-10-24,Saint Lucia,North America,210,12385,6,239
2021-10-31,Saint Lucia,North America,151,12536,15,254
2021-11-07,Saint Lucia,North America,152,12688,6,260
2021-11-14,Saint Lucia,North America,139,12827,9,269
2021-11-21,Saint Lucia,North America,67,12894,9,278
2021-11-28,Saint Lucia,North America,50,12944,2,280
2021-12-05,Saint Lucia,North America,83,13027,2,282
2021-12-12,Saint Lucia,North America,59,13086,1,283
2021-12-19,Saint Lucia,North America,50,13136,8,291
2021-12-26,Saint Lucia,North America,139,13275,4,295
2022-01-02,Saint Lucia,North America,365,13640,6,301
2022-01-09,Saint Lucia,North America,1014,14654,5,306
2022-01-16,Saint Lucia,North America,2315,16969,8,314
2022-01-23,Saint Lucia,North America,2216,19185,2,316
2022-01-30,Saint Lucia,North America,1232,20417,10,326
2022-02-06,Saint Lucia,North America,1096,21513,15,341
2022-02-13,Saint Lucia,North America,419,21932,6,347
2022-02-20,Saint Lucia,North America,536,22468,9,356
2022-02-27,Saint Lucia,North America,181,22649,2,358
2022-03-06,Saint Lucia,North America,84,22733,2,360
2022-03-13,Saint Lucia,North America,100,22833,5,365
2022-03-20,Saint Lucia,North America,45,22878,0,365
2022-03-27,Saint Lucia,North America,41,22919,0,365
2022-04-03,Saint Lucia,North America,40,22959,0,365
2022-04-10,Saint Lucia,North America,51,23010,0,365
2022-04-17,Saint Lucia,North America,101,23111,2,367
2022-04-24,Saint Lucia,North America,114,23225,1,368
2022-05-01,Saint Lucia,North America,169,23394,0,368
2022-05-08,Saint Lucia,North America,241,23635,0,368
2022-05-15,Saint Lucia,North America,529,24164,0,368
2022-05-22,Saint Lucia,North America,709,24873,2,370
2022-05-29,Saint Lucia,North America,665,25538,1,371
2022-06-05,Saint Lucia,North America,554,26092,0,371
2022-06-12,Saint Lucia,North America,361,26453,0,371
2022-06-19,Saint Lucia,North America,269,26722,5,376
2022-06-26,Saint Lucia,North America,189,26911,4,380
2022-07-03,Saint Lucia,North America,183,27094,3,383
2022-07-10,Saint Lucia,North America,160,27254,2,385
2022-07-17,Saint Lucia,North America,210,27464,0,385
2022-07-24,Saint Lucia,North America,190,27654,0,385
2022-07-31,Saint Lucia,North America,312,27966,0,385
2022-08-07,Saint Lucia,North America,195,28161,2,387
2022-08-14,Saint Lucia,North America,180,28341,1,388
2022-08-21,Saint Lucia,North America,201,28542,0,388
2022-08-28,Saint Lucia,North America,188,28730,1,389
2022-09-04,Saint Lucia,North America,164,28894,2,391
2022-09-11,Saint Lucia,North America,0,28894,0,391
2022-09-18,Saint Lucia,North America,65,28959,2,393
2022-09-25,Saint Lucia,North America,0,28959,0,393
2022-10-02,Saint Lucia,North America,449,29408,0,393
2022-10-09,Saint Lucia,North America,142,29550,12,405
2022-10-16,Saint Lucia,North America,0,29550,0,405
2022-10-23,Saint Lucia,North America,86,29636,1,406
2022-10-30,Saint Lucia,North America,3,29639,1,407
2022-11-06,Saint Lucia,North America,15,29654,0,407
2022-11-13,Saint Lucia,North America,22,29676,1,408
2022-11-20,Saint Lucia,North America,16,29692,0,408
2022-11-27,Saint Lucia,North America,19,29711,0,408
2022-12-04,Saint Lucia,North America,12,29723,1,409
2022-12-11,Saint Lucia,North America,13,29736,0,409
2022-12-18,Saint Lucia,North America,5,29741,0,409
2022-12-25,Saint Lucia,North America,7,29748,0,409
2023-01-01,Saint Lucia,North America,11,29759,0,409
2023-01-08,Saint Lucia,North America,2,29761,0,409
2023-01-15,Saint Lucia,North America,0,29761,0,409
2023-01-22,Saint Lucia,North America,42,29803,0,409
2023-01-29,Saint Lucia,North America,0,29803,0,409
2023-02-05,Saint Lucia,North America,79,29882,0,409
2023-02-12,Saint Lucia,North America,53,29935,0,409
2023-02-19,Saint Lucia,North America,46,29981,0,409
2023-02-26,Saint Lucia,North America,23,30004,0,409
2023-03-05,Saint Lucia,North America,0,30004,0,409
2023-03-12,Saint Lucia,North America,22,30026,0,409
2023-03-19,Saint Lucia,North America,2,30028,0,409
2023-03-26,Saint Lucia,North America,0,30028,0,409
2023-04-02,Saint Lucia,North America,0,30028,0,409
2023-04-09,Saint Lucia,North America,0,30028,0,409
2023-04-16,Saint Lucia,North America,24,30052,0,409
2023-04-23,Saint Lucia,North America,0,30052,0,409
2023-04-30,Saint Lucia,North America,0,30052,0,409
2023-05-07,Saint Lucia,North America,0,30052,0,409
2023-05-14,Saint Lucia,North America,0,30052,0,409
2023-05-21,Saint Lucia,North America,21,30073,0,409
2023-05-28,Saint Lucia,North America,6,30079,0,409
2023-06-04,Saint Lucia,North America,15,30094,0,409
2023-06-11,Saint Lucia,North America,4,30098,0,409
2023-06-18,Saint Lucia,North America,2,30100,0,409
2023-06-25,Saint Lucia,North America,3,30103,0,409
2023-07-02,Saint Lucia,North America,10,30113,0,409
2023-07-09,Saint Lucia,North America,2,30115,0,409
2023-07-16,Saint Lucia,North America,2,30117,0,409
2023-07-23,Saint Lucia,North America,7,30124,0,409
2023-07-30,Saint Lucia,North America,22,30146,0,409
2023-08-06,Saint Lucia,North America,12,30158,0,409
2023-08-13,Saint Lucia,North America,13,30171,0,409
2023-08-20,Saint Lucia,North America,14,30185,0,409
2023-08-27,Saint Lucia,North America,16,30201,0,409
2023-09-03,Saint Lucia,North America,4,30205,0,409
2023-09-10,Saint Lucia,North America,9,30214,1,410
2023-09-17,Saint Lucia,North America,6,30220,0,410
2023-09-24,Saint Lucia,North America,3,30223,0,410
2023-10-01,Saint Lucia,North America,0,30223,0,410
2023-10-08,Saint Lucia,North America,2,30225,0,410
2023-10-15,Saint Lucia,North America,2,30227,0,410
2023-10-22,Saint Lucia,North America,1,30228,0,410
2023-10-29,Saint Lucia,North America,0,30228,0,410
2023-11-05,Saint Lucia,North America,1,30229,0,410
2023-11-12,Saint Lucia,North America,0,30229,0,410
2023-11-19,Saint Lucia,North America,1,30230,0,410
2023-11-26,Saint Lucia,North America,0,30230,0,410
2023-12-03,Saint Lucia,North America,0,30230,0,410
2023-12-10,Saint Lucia,North America,0,30230,0,410
2023-12-17,Saint Lucia,North America,0,30230,0,410
2023-12-24,Saint Lucia,North America,0,30230,0,410
2023-12-31,Saint Lucia,North America,0,30230,0,410
2024-01-07,Saint Lucia,North America,0,30230,0,410
2024-01-14,Saint Lucia,North America,2,30232,0,410
2024-01-21,Saint Lucia,North America,4,30236,0,410
2024-01-28,Saint Lucia,North America,4,30240,0,410
2024-02-04,Saint Lucia,North America,5,30245,0,410
2024-02-11,Saint Lucia,North America,2,30247,0,410
2024-02-18,Saint Lucia,North America,3,30250,0,410
2024-02-25,Saint Lucia,North America,0,30250,0,410
2024-03-03,Saint Lucia,North America,1,30251,0,410
2024-03-10,Saint Lucia,North America,1,30252,0,410
2024-03-17,Saint Lucia,North America,0,30252,0,410
2024-03-24,Saint Lucia,North America,0,30252,0,410
2024-03-31,Saint Lucia,North America,0,30252,0,410
2024-04-07,Saint Lucia,North America,0,30252,0,410
2024-04-14,Saint Lucia,North America,0,30252,0,410
2024-04-21,Saint Lucia,North America,0,30252,0,410
2024-04-28,Saint Lucia,North America,0,30252,0,410
2024-05-05,Saint Lucia,North America,1,30253,0,410
2024-05-12,Saint Lucia,North America,0,30253,0,410
2024-05-19,Saint Lucia,North America,4,30257,0,410
2024-05-26,Saint Lucia,North America,0,30257,0,410
2024-06-02,Saint Lucia,North America,0,30257,0,410
2024-06-09,Saint Lucia,North America,0,30257,0,410
2024-06-16,Saint Lucia,North America,0,30257,0,410
2024-06-23,Saint Lucia,North America,0,30257,0,410
2024-06-30,Saint Lucia,North America,0,30257,0,410
2024-07-07,Saint Lucia,North America,2,30259,0,410
2024-07-14,Saint Lucia,North America,1,30260,0,410
2024-07-21,Saint Lucia,North America,17,30277,0,410
2024-07-28,Saint Lucia,North America,5,30282,0,410
2024-08-04,Saint Lucia,North America,2,30284,0,410
2024-08-11,Saint Lucia,North America,0,30284,0,410
2024-08-18,Saint Lucia,North America,3,30287,0,410
2024-08-25,Saint Lucia,North America,0,30287,0,410
2024-09-01,Saint Lucia,North America,0,30287,0,410
2020-01-05,Saint Martin (French part),North America,0,0,0,0
2020-01-12,Saint Martin (French part),North America,0,0,0,0
2020-01-19,Saint Martin (French part),North America,0,0,0,0
2020-01-26,Saint Martin (French part),North America,0,0,0,0
2020-02-02,Saint Martin (French part),North America,0,0,0,0
2020-02-09,Saint Martin (French part),North America,0,0,0,0
2020-02-16,Saint Martin (French part),North America,0,0,0,0
2020-02-23,Saint Martin (French part),North America,0,0,0,0
2020-03-01,Saint Martin (French part),North America,0,0,0,0
2020-03-08,Saint Martin (French part),North America,2,2,0,0
2020-03-15,Saint Martin (French part),North America,0,2,0,0
2020-03-22,Saint Martin (French part),North America,2,4,0,0
2020-03-29,Saint Martin (French part),North America,8,12,0,0
2020-04-05,Saint Martin (French part),North America,12,24,2,2
2020-04-12,Saint Martin (French part),North America,9,33,0,2
2020-04-19,Saint Martin (French part),North America,4,37,0,2
2020-04-26,Saint Martin (French part),North America,1,38,1,3
2020-05-03,Saint Martin (French part),North America,0,38,0,3
2020-05-10,Saint Martin (French part),North America,0,38,0,3
2020-05-17,Saint Martin (French part),North America,1,39,0,3
2020-05-24,Saint Martin (French part),North America,0,39,0,3
2020-05-31,Saint Martin (French part),North America,2,41,0,3
2020-06-07,Saint Martin (French part),North America,0,41,0,3
2020-06-14,Saint Martin (French part),North America,0,41,0,3
2020-06-21,Saint Martin (French part),North America,1,42,0,3
2020-06-28,Saint Martin (French part),North America,0,42,0,3
2020-07-05,Saint Martin (French part),North America,2,44,0,3
2020-07-12,Saint Martin (French part),North America,0,44,0,3
2020-07-19,Saint Martin (French part),North America,2,46,0,3
2020-07-26,Saint Martin (French part),North America,3,49,0,3
2020-08-02,Saint Martin (French part),North America,4,53,0,3
2020-08-09,Saint Martin (French part),North America,0,53,0,3
2020-08-16,Saint Martin (French part),North America,56,109,2,5
2020-08-23,Saint Martin (French part),North America,67,176,0,5
2020-08-30,Saint Martin (French part),North America,37,213,0,5
2020-09-06,Saint Martin (French part),North America,26,239,1,6
2020-09-13,Saint Martin (French part),North America,17,256,0,6
2020-09-20,Saint Martin (French part),North America,74,330,0,6
2020-09-27,Saint Martin (French part),North America,53,383,2,8
2020-10-04,Saint Martin (French part),North America,29,412,0,8
2020-10-11,Saint Martin (French part),North America,54,466,0,8
2020-10-18,Saint Martin (French part),North America,65,531,0,8
2020-10-25,Saint Martin (French part),North America,11,542,0,8
2020-11-01,Saint Martin (French part),North America,49,591,1,9
2020-11-08,Saint Martin (French part),North America,13,604,3,12
2020-11-15,Saint Martin (French part),North America,51,655,0,12
2020-11-22,Saint Martin (French part),North America,35,690,0,12
2020-11-29,Saint Martin (French part),North America,0,690,0,12
2020-12-06,Saint Martin (French part),North America,54,744,0,12
2020-12-13,Saint Martin (French part),North America,94,838,0,12
2020-12-20,Saint Martin (French part),North America,110,948,0,12
2020-12-27,Saint Martin (French part),North America,38,986,0,12
2021-01-03,Saint Martin (French part),North America,9,995,0,12
2021-01-10,Saint Martin (French part),North America,7,1002,0,12
2021-01-17,Saint Martin (French part),North America,44,1046,0,12
2021-01-24,Saint Martin (French part),North America,145,1191,0,12
2021-01-31,Saint Martin (French part),North America,98,1289,0,12
2021-02-07,Saint Martin (French part),North America,0,1289,0,12
2021-02-14,Saint Martin (French part),North America,167,1456,0,12
2021-02-21,Saint Martin (French part),North America,0,1456,0,12
2021-02-28,Saint Martin (French part),North America,98,1554,0,12
2021-03-07,Saint Martin (French part),North America,27,1581,0,12
2021-03-14,Saint Martin (French part),North America,31,1612,0,12
2021-03-21,Saint Martin (French part),North America,21,1633,0,12
2021-03-28,Saint Martin (French part),North America,24,1657,0,12
2021-04-04,Saint Martin (French part),North America,30,1687,1,13
2021-04-11,Saint Martin (French part),North America,16,1703,0,13
2021-04-18,Saint Martin (French part),North America,7,1710,0,13
2021-04-25,Saint Martin (French part),North America,18,1728,0,13
2021-05-02,Saint Martin (French part),North America,21,1749,1,14
2021-05-09,Saint Martin (French part),North America,28,1777,0,14
2021-05-16,Saint Martin (French part),North America,62,1839,0,14
2021-05-23,Saint Martin (French part),North America,56,1895,1,15
2021-05-30,Saint Martin (French part),North America,114,2009,0,15
2021-06-06,Saint Martin (French part),North America,104,2113,7,22
2021-06-13,Saint Martin (French part),North America,115,2228,3,25
2021-06-20,Saint Martin (French part),North America,86,2314,1,26
2021-06-27,Saint Martin (French part),North America,53,2367,1,27
2021-07-04,Saint Martin (French part),North America,53,2420,2,29
2021-07-11,Saint Martin (French part),North America,52,2472,1,30
2021-07-18,Saint Martin (French part),North America,51,2523,0,30
2021-07-25,Saint Martin (French part),North America,56,2579,0,30
2021-08-01,Saint Martin (French part),North America,62,2641,0,30
2021-08-08,Saint Martin (French part),North America,114,2755,3,33
2021-08-15,Saint Martin (French part),North America,188,2943,0,33
2021-08-22,Saint Martin (French part),North America,204,3147,0,33
2021-08-29,Saint Martin (French part),North America,209,3356,0,33
2021-09-05,Saint Martin (French part),North America,188,3544,0,33
2021-09-12,Saint Martin (French part),North America,115,3659,0,33
2021-09-19,Saint Martin (French part),North America,81,3740,2,35
2021-09-26,Saint Martin (French part),North America,55,3795,0,35
2021-10-03,Saint Martin (French part),North America,24,3819,1,36
2021-10-10,Saint Martin (French part),North America,39,3858,1,37
2021-10-17,Saint Martin (French part),North America,30,3888,0,37
2021-10-24,Saint Martin (French part),North America,32,3920,0,37
2021-10-31,Saint Martin (French part),North America,21,3941,0,37
2021-11-07,Saint Martin (French part),North America,34,3975,1,38
2021-11-14,Saint Martin (French part),North America,18,3993,0,38
2021-11-21,Saint Martin (French part),North America,20,4013,0,38
2021-11-28,Saint Martin (French part),North America,18,4031,0,38
2021-12-05,Saint Martin (French part),North America,9,4040,0,38
2021-12-12,Saint Martin (French part),North America,19,4059,0,38
2021-12-19,Saint Martin (French part),North America,16,4075,0,38
2021-12-26,Saint Martin (French part),North America,43,4118,1,39
2022-01-02,Saint Martin (French part),North America,129,4247,1,40
2022-01-09,Saint Martin (French part),North America,975,5222,0,40
2022-01-16,Saint Martin (French part),North America,2295,7517,0,40
2022-01-23,Saint Martin (French part),North America,1396,8913,1,41
2022-01-30,Saint Martin (French part),North America,520,9433,1,42
2022-02-06,Saint Martin (French part),North America,173,9606,1,43
2022-02-13,Saint Martin (French part),North America,126,9732,1,44
2022-02-20,Saint Martin (French part),North America,58,9790,0,44
2022-02-27,Saint Martin (French part),North America,52,9842,0,44
2022-03-06,Saint Martin (French part),North America,28,9870,0,44
2022-03-13,Saint Martin (French part),North America,38,9908,0,44
2022-03-20,Saint Martin (French part),North America,31,9939,0,44
2022-03-27,Saint Martin (French part),North America,49,9988,0,44
2022-04-03,Saint Martin (French part),North America,81,10069,0,44
2022-04-10,Saint Martin (French part),North America,60,10129,0,44
2022-04-17,Saint Martin (French part),North America,93,10222,0,44
2022-04-24,Saint Martin (French part),North America,94,10316,0,44
2022-05-01,Saint Martin (French part),North America,102,10418,0,44
2022-05-08,Saint Martin (French part),North America,69,10487,0,44
2022-05-15,Saint Martin (French part),North America,65,10552,0,44
2022-05-22,Saint Martin (French part),North America,66,10618,0,44
2022-05-29,Saint Martin (French part),North America,70,10688,0,44
2022-06-05,Saint Martin (French part),North America,38,10726,0,44
2022-06-12,Saint Martin (French part),North America,74,10800,0,44
2022-06-19,Saint Martin (French part),North America,75,10875,1,45
2022-06-26,Saint Martin (French part),North America,77,10952,0,45
2022-07-03,Saint Martin (French part),North America,109,11061,1,46
2022-07-10,Saint Martin (French part),North America,163,11224,0,46
2022-07-17,Saint Martin (French part),North America,186,11410,0,46
2022-07-24,Saint Martin (French part),North America,125,11535,0,46
2022-07-31,Saint Martin (French part),North America,132,11667,0,46
2022-08-07,Saint Martin (French part),North America,107,11774,0,46
2022-08-14,Saint Martin (French part),North America,83,11857,0,46
2022-08-21,Saint Martin (French part),North America,54,11911,0,46
2022-08-28,Saint Martin (French part),North America,30,11941,0,46
2022-09-04,Saint Martin (French part),North America,0,11941,0,46
2022-09-11,Saint Martin (French part),North America,0,11941,0,46
2022-09-18,Saint Martin (French part),North America,0,11941,0,46
2022-09-25,Saint Martin (French part),North America,37,11978,0,46
2022-10-02,Saint Martin (French part),North America,0,11978,0,46
2022-10-09,Saint Martin (French part),North America,14,11992,0,46
2022-10-16,Saint Martin (French part),North America,17,12009,0,46
2022-10-23,Saint Martin (French part),North America,17,12026,0,46
2022-10-30,Saint Martin (French part),North America,0,12026,0,46
2022-11-06,Saint Martin (French part),North America,6,12032,0,46
2022-11-13,Saint Martin (French part),North America,2,12034,0,46
2022-11-20,Saint Martin (French part),North America,7,12041,0,46
2022-11-27,Saint Martin (French part),North America,17,12058,0,46
2022-12-04,Saint Martin (French part),North America,17,12075,0,46
2022-12-11,Saint Martin (French part),North America,29,12104,0,46
2022-12-18,Saint Martin (French part),North America,36,12140,0,46
2022-12-25,Saint Martin (French part),North America,40,12180,0,46
2023-01-01,Saint Martin (French part),North America,26,12206,0,46
2023-01-08,Saint Martin (French part),North America,16,12222,0,46
2023-01-15,Saint Martin (French part),North America,7,12229,0,46
2023-01-22,Saint Martin (French part),North America,4,12233,0,46
2023-01-29,Saint Martin (French part),North America,11,12244,0,46
2023-02-05,Saint Martin (French part),North America,3,12247,0,46
2023-02-12,Saint Martin (French part),North America,6,12253,0,46
2023-02-19,Saint Martin (French part),North America,4,12257,0,46
2023-02-26,Saint Martin (French part),North America,7,12264,0,46
2023-03-05,Saint Martin (French part),North America,7,12271,0,46
2023-03-12,Saint Martin (French part),North America,2,12273,0,46
2023-03-19,Saint Martin (French part),North America,5,12278,0,46
2023-03-26,Saint Martin (French part),North America,2,12280,0,46
2023-04-02,Saint Martin (French part),North America,0,12280,0,46
2023-04-09,Saint Martin (French part),North America,0,12280,0,46
2023-04-16,Saint Martin (French part),North America,7,12287,0,46
2023-04-23,Saint Martin (French part),North America,6,12293,0,46
2023-04-30,Saint Martin (French part),North America,7,12300,0,46
2023-05-07,Saint Martin (French part),North America,0,12300,0,46
2023-05-14,Saint Martin (French part),North America,0,12300,0,46
2023-05-21,Saint Martin (French part),North America,3,12303,0,46
2023-05-28,Saint Martin (French part),North America,0,12303,0,46
2023-06-04,Saint Martin (French part),North America,0,12303,0,46
2023-06-11,Saint Martin (French part),North America,0,12303,0,46
2023-06-18,Saint Martin (French part),North America,0,12303,0,46
2023-06-25,Saint Martin (French part),North America,21,12324,0,46
2023-07-02,Saint Martin (French part),North America,0,12324,0,46
2023-07-09,Saint Martin (French part),North America,0,12324,0,46
2023-07-16,Saint Martin (French part),North America,0,12324,0,46
2023-07-23,Saint Martin (French part),North America,0,12324,0,46
2023-07-30,Saint Martin (French part),North America,0,12324,0,46
2023-08-06,Saint Martin (French part),North America,0,12324,0,46
2023-08-13,Saint Martin (French part),North America,0,12324,0,46
2023-08-20,Saint Martin (French part),North America,0,12324,0,46
2023-08-27,Saint Martin (French part),North America,0,12324,0,46
2023-09-03,Saint Martin (French part),North America,0,12324,0,46
2023-09-10,Saint Martin (French part),North America,0,12324,0,46
2023-09-17,Saint Martin (French part),North America,0,12324,0,46
2023-09-24,Saint Martin (French part),North America,0,12324,0,46
2023-10-01,Saint Martin (French part),North America,0,12324,0,46
2023-10-08,Saint Martin (French part),North America,0,12324,0,46
2023-10-15,Saint Martin (French part),North America,0,12324,0,46
2023-10-22,Saint Martin (French part),North America,0,12324,0,46
2023-10-29,Saint Martin (French part),North America,0,12324,0,46
2023-11-05,Saint Martin (French part),North America,0,12324,0,46
2023-11-12,Saint Martin (French part),North America,0,12324,0,46
2023-11-19,Saint Martin (French part),North America,0,12324,0,46
2023-11-26,Saint Martin (French part),North America,0,12324,0,46
2023-12-03,Saint Martin (French part),North America,0,12324,0,46
2023-12-10,Saint Martin (French part),North America,0,12324,0,46
2023-12-17,Saint Martin (French part),North America,0,12324,0,46
2023-12-24,Saint Martin (French part),North America,0,12324,0,46
2023-12-31,Saint Martin (French part),North America,0,12324,0,46
2024-01-07,Saint Martin (French part),North America,0,12324,0,46
2024-01-14,Saint Martin (French part),North America,0,12324,0,46
2024-01-21,Saint Martin (French part),North America,0,12324,0,46
2024-01-28,Saint Martin (French part),North America,0,12324,0,46
2024-02-04,Saint Martin (French part),North America,0,12324,0,46
2024-02-11,Saint Martin (French part),North America,0,12324,0,46
2024-02-18,Saint Martin (French part),North America,0,12324,0,46
2024-02-25,Saint Martin (French part),North America,0,12324,0,46
2024-03-03,Saint Martin (French part),North America,0,12324,0,46
2024-03-10,Saint Martin (French part),North America,0,12324,0,46
2024-03-17,Saint Martin (French part),North America,0,12324,0,46
2024-03-24,Saint Martin (French part),North America,0,12324,0,46
2024-03-31,Saint Martin (French part),North America,0,12324,0,46
2024-04-07,Saint Martin (French part),North America,0,12324,0,46
2024-04-14,Saint Martin (French part),North America,0,12324,0,46
2024-04-21,Saint Martin (French part),North America,0,12324,0,46
2024-04-28,Saint Martin (French part),North America,0,12324,0,46
2024-05-05,Saint Martin (French part),North America,0,12324,0,46
2024-05-12,Saint Martin (French part),North America,0,12324,0,46
2024-05-19,Saint Martin (French part),North America,0,12324,0,46
2024-05-26,Saint Martin (French part),North America,0,12324,0,46
2024-06-02,Saint Martin (French part),North America,0,12324,0,46
2024-06-09,Saint Martin (French part),North America,0,12324,0,46
2024-06-16,Saint Martin (French part),North America,0,12324,0,46
2024-06-23,Saint Martin (French part),North America,0,12324,0,46
2024-06-30,Saint Martin (French part),North America,0,12324,0,46
2024-07-07,Saint Martin (French part),North America,0,12324,0,46
2024-07-14,Saint Martin (French part),North America,0,12324,0,46
2024-07-21,Saint Martin (French part),North America,0,12324,0,46
2024-07-28,Saint Martin (French part),North America,0,12324,0,46
2024-08-04,Saint Martin (French part),North America,0,12324,0,46
2024-08-11,Saint Martin (French part),North America,0,12324,0,46
2024-08-18,Saint Martin (French part),North America,0,12324,0,46
2024-08-25,Saint Martin (French part),North America,0,12324,0,46
2024-09-01,Saint Martin (French part),North America,0,12324,0,46
2020-01-05,Saint Pierre and Miquelon,North America,0,0,0,0
2020-01-12,Saint Pierre and Miquelon,North America,0,0,0,0
2020-01-19,Saint Pierre and Miquelon,North America,0,0,0,0
2020-01-26,Saint Pierre and Miquelon,North America,0,0,0,0
2020-02-02,Saint Pierre and Miquelon,North America,0,0,0,0
2020-02-09,Saint Pierre and Miquelon,North America,0,0,0,0
2020-02-16,Saint Pierre and Miquelon,North America,0,0,0,0
2020-02-23,Saint Pierre and Miquelon,North America,0,0,0,0
2020-03-01,Saint Pierre and Miquelon,North America,0,0,0,0
2020-03-08,Saint Pierre and Miquelon,North America,0,0,0,0
2020-03-15,Saint Pierre and Miquelon,North America,0,0,0,0
2020-03-22,Saint Pierre and Miquelon,North America,0,0,0,0
2020-03-29,Saint Pierre and Miquelon,North America,0,0,0,0
2020-04-05,Saint Pierre and Miquelon,North America,0,0,0,0
2020-04-12,Saint Pierre and Miquelon,North America,1,1,0,0
2020-04-19,Saint Pierre and Miquelon,North America,0,1,0,0
2020-04-26,Saint Pierre and Miquelon,North America,0,1,0,0
2020-05-03,Saint Pierre and Miquelon,North America,0,1,0,0
2020-05-10,Saint Pierre and Miquelon,North America,0,1,0,0
2020-05-17,Saint Pierre and Miquelon,North America,0,1,0,0
2020-05-24,Saint Pierre and Miquelon,North America,0,1,0,0
2020-05-31,Saint Pierre and Miquelon,North America,0,1,0,0
2020-06-07,Saint Pierre and Miquelon,North America,0,1,0,0
2020-06-14,Saint Pierre and Miquelon,North America,0,1,0,0
2020-06-21,Saint Pierre and Miquelon,North America,0,1,0,0
2020-06-28,Saint Pierre and Miquelon,North America,0,1,0,0
2020-07-05,Saint Pierre and Miquelon,North America,0,1,0,0
2020-07-12,Saint Pierre and Miquelon,North America,1,2,0,0
2020-07-19,Saint Pierre and Miquelon,North America,2,4,0,0
2020-07-26,Saint Pierre and Miquelon,North America,0,4,0,0
2020-08-02,Saint Pierre and Miquelon,North America,0,4,0,0
2020-08-09,Saint Pierre and Miquelon,North America,1,5,0,0
2020-08-16,Saint Pierre and Miquelon,North America,0,5,0,0
2020-08-23,Saint Pierre and Miquelon,North America,0,5,0,0
2020-08-30,Saint Pierre and Miquelon,North America,0,5,0,0
2020-09-06,Saint Pierre and Miquelon,North America,2,7,0,0
2020-09-13,Saint Pierre and Miquelon,North America,4,11,0,0
2020-09-20,Saint Pierre and Miquelon,North America,0,11,0,0
2020-09-27,Saint Pierre and Miquelon,North America,1,12,0,0
2020-10-04,Saint Pierre and Miquelon,North America,0,12,0,0
2020-10-11,Saint Pierre and Miquelon,North America,0,12,0,0
2020-10-18,Saint Pierre and Miquelon,North America,0,12,0,0
2020-10-25,Saint Pierre and Miquelon,North America,0,12,0,0
2020-11-01,Saint Pierre and Miquelon,North America,0,12,0,0
2020-11-08,Saint Pierre and Miquelon,North America,2,14,0,0
2020-11-15,Saint Pierre and Miquelon,North America,0,14,0,0
2020-11-22,Saint Pierre and Miquelon,North America,0,14,0,0
2020-11-29,Saint Pierre and Miquelon,North America,0,14,0,0
2020-12-06,Saint Pierre and Miquelon,North America,0,14,0,0
2020-12-13,Saint Pierre and Miquelon,North America,0,14,0,0
2020-12-20,Saint Pierre and Miquelon,North America,0,14,0,0
2020-12-27,Saint Pierre and Miquelon,North America,2,16,0,0
2021-01-03,Saint Pierre and Miquelon,North America,0,16,0,0
2021-01-10,Saint Pierre and Miquelon,North America,0,16,0,0
2021-01-17,Saint Pierre and Miquelon,North America,0,16,0,0
2021-01-24,Saint Pierre and Miquelon,North America,4,20,0,0
2021-01-31,Saint Pierre and Miquelon,North America,4,24,0,0
2021-02-07,Saint Pierre and Miquelon,North America,0,24,0,0
2021-02-14,Saint Pierre and Miquelon,North America,0,24,0,0
2021-02-21,Saint Pierre and Miquelon,North America,0,24,0,0
2021-02-28,Saint Pierre and Miquelon,North America,0,24,0,0
2021-03-07,Saint Pierre and Miquelon,North America,0,24,0,0
2021-03-14,Saint Pierre and Miquelon,North America,0,24,0,0
2021-03-21,Saint Pierre and Miquelon,North America,0,24,0,0
2021-03-28,Saint Pierre and Miquelon,North America,0,24,0,0
2021-04-04,Saint Pierre and Miquelon,North America,0,24,0,0
2021-04-11,Saint Pierre and Miquelon,North America,1,25,0,0
2021-04-18,Saint Pierre and Miquelon,North America,0,25,0,0
2021-04-25,Saint Pierre and Miquelon,North America,0,25,0,0
2021-05-02,Saint Pierre and Miquelon,North America,0,25,0,0
2021-05-09,Saint Pierre and Miquelon,North America,0,25,0,0
2021-05-16,Saint Pierre and Miquelon,North America,0,25,0,0
2021-05-23,Saint Pierre and Miquelon,North America,0,25,0,0
2021-05-30,Saint Pierre and Miquelon,North America,0,25,0,0
2021-06-06,Saint Pierre and Miquelon,North America,0,25,0,0
2021-06-13,Saint Pierre and Miquelon,North America,1,26,0,0
2021-06-20,Saint Pierre and Miquelon,North America,0,26,0,0
2021-06-27,Saint Pierre and Miquelon,North America,0,26,0,0
2021-07-04,Saint Pierre and Miquelon,North America,0,26,0,0
2021-07-11,Saint Pierre and Miquelon,North America,0,26,0,0
2021-07-18,Saint Pierre and Miquelon,North America,0,26,0,0
2021-07-25,Saint Pierre and Miquelon,North America,2,28,0,0
2021-08-01,Saint Pierre and Miquelon,North America,0,28,0,0
2021-08-08,Saint Pierre and Miquelon,North America,2,30,0,0
2021-08-15,Saint Pierre and Miquelon,North America,0,30,0,0
2021-08-22,Saint Pierre and Miquelon,North America,0,30,0,0
2021-08-29,Saint Pierre and Miquelon,North America,0,30,0,0
2021-09-05,Saint Pierre and Miquelon,North America,1,31,0,0
2021-09-12,Saint Pierre and Miquelon,North America,0,31,0,0
2021-09-19,Saint Pierre and Miquelon,North America,0,31,0,0
2021-09-26,Saint Pierre and Miquelon,North America,0,31,0,0
2021-10-03,Saint Pierre and Miquelon,North America,0,31,0,0
2021-10-10,Saint Pierre and Miquelon,North America,1,32,0,0
2021-10-17,Saint Pierre and Miquelon,North America,0,32,0,0
2021-10-24,Saint Pierre and Miquelon,North America,0,32,0,0
2021-10-31,Saint Pierre and Miquelon,North America,0,32,0,0
2021-11-07,Saint Pierre and Miquelon,North America,0,32,0,0
2021-11-14,Saint Pierre and Miquelon,North America,1,33,0,0
2021-11-21,Saint Pierre and Miquelon,North America,11,44,0,0
2021-11-28,Saint Pierre and Miquelon,North America,31,75,0,0
2021-12-05,Saint Pierre and Miquelon,North America,13,88,0,0
2021-12-12,Saint Pierre and Miquelon,North America,7,95,0,0
2021-12-19,Saint Pierre and Miquelon,North America,1,96,0,0
2021-12-26,Saint Pierre and Miquelon,North America,2,98,0,0
2022-01-02,Saint Pierre and Miquelon,North America,0,98,0,0
2022-01-09,Saint Pierre and Miquelon,North America,15,113,0,0
2022-01-16,Saint Pierre and Miquelon,North America,142,255,0,0
2022-01-23,Saint Pierre and Miquelon,North America,183,438,0,0
2022-01-30,Saint Pierre and Miquelon,North America,190,628,0,0
2022-02-06,Saint Pierre and Miquelon,North America,200,828,1,1
2022-02-13,Saint Pierre and Miquelon,North America,93,921,0,1
2022-02-20,Saint Pierre and Miquelon,North America,44,965,0,1
2022-02-27,Saint Pierre and Miquelon,North America,30,995,0,1
2022-03-06,Saint Pierre and Miquelon,North America,8,1003,0,1
2022-03-13,Saint Pierre and Miquelon,North America,52,1055,0,1
2022-03-20,Saint Pierre and Miquelon,North America,298,1353,0,1
2022-03-27,Saint Pierre and Miquelon,North America,577,1930,0,1
2022-04-03,Saint Pierre and Miquelon,North America,306,2236,0,1
2022-04-10,Saint Pierre and Miquelon,North America,182,2418,0,1
2022-04-17,Saint Pierre and Miquelon,North America,119,2537,0,1
2022-04-24,Saint Pierre and Miquelon,North America,104,2641,0,1
2022-05-01,Saint Pierre and Miquelon,North America,60,2701,0,1
2022-05-08,Saint Pierre and Miquelon,North America,26,2727,0,1
2022-05-15,Saint Pierre and Miquelon,North America,12,2739,0,1
2022-05-22,Saint Pierre and Miquelon,North America,9,2748,0,1
2022-05-29,Saint Pierre and Miquelon,North America,2,2750,0,1
2022-06-05,Saint Pierre and Miquelon,North America,12,2762,0,1
2022-06-12,Saint Pierre and Miquelon,North America,3,2765,0,1
2022-06-19,Saint Pierre and Miquelon,North America,0,2765,0,1
2022-06-26,Saint Pierre and Miquelon,North America,2,2767,0,1
2022-07-03,Saint Pierre and Miquelon,North America,12,2779,0,1
2022-07-10,Saint Pierre and Miquelon,North America,78,2857,0,1
2022-07-17,Saint Pierre and Miquelon,North America,113,2970,0,1
2022-07-24,Saint Pierre and Miquelon,North America,56,3026,0,1
2022-07-31,Saint Pierre and Miquelon,North America,57,3083,0,1
2022-08-07,Saint Pierre and Miquelon,North America,29,3112,0,1
2022-08-14,Saint Pierre and Miquelon,North America,19,3131,0,1
2022-08-21,Saint Pierre and Miquelon,North America,6,3137,0,1
2022-08-28,Saint Pierre and Miquelon,North America,9,3146,0,1
2022-09-04,Saint Pierre and Miquelon,North America,12,3158,0,1
2022-09-11,Saint Pierre and Miquelon,North America,8,3166,0,1
2022-09-18,Saint Pierre and Miquelon,North America,14,3180,0,1
2022-09-25,Saint Pierre and Miquelon,North America,8,3188,0,1
2022-10-02,Saint Pierre and Miquelon,North America,11,3199,0,1
2022-10-09,Saint Pierre and Miquelon,North America,2,3201,0,1
2022-10-16,Saint Pierre and Miquelon,North America,6,3207,0,1
2022-10-23,Saint Pierre and Miquelon,North America,5,3212,0,1
2022-10-30,Saint Pierre and Miquelon,North America,2,3214,0,1
2022-11-06,Saint Pierre and Miquelon,North America,1,3215,0,1
2022-11-13,Saint Pierre and Miquelon,North America,3,3218,0,1
2022-11-20,Saint Pierre and Miquelon,North America,17,3235,0,1
2022-11-27,Saint Pierre and Miquelon,North America,35,3270,0,1
2022-12-04,Saint Pierre and Miquelon,North America,24,3294,1,2
2022-12-11,Saint Pierre and Miquelon,North America,26,3320,0,2
2022-12-18,Saint Pierre and Miquelon,North America,16,3336,0,2
2022-12-25,Saint Pierre and Miquelon,North America,12,3348,0,2
2023-01-01,Saint Pierre and Miquelon,North America,19,3367,0,2
2023-01-08,Saint Pierre and Miquelon,North America,28,3395,0,2
2023-01-15,Saint Pierre and Miquelon,North America,5,3400,0,2
2023-01-22,Saint Pierre and Miquelon,North America,5,3405,0,2
2023-01-29,Saint Pierre and Miquelon,North America,5,3410,0,2
2023-02-05,Saint Pierre and Miquelon,North America,2,3412,0,2
2023-02-12,Saint Pierre and Miquelon,North America,1,3413,0,2
2023-02-19,Saint Pierre and Miquelon,North America,2,3415,0,2
2023-02-26,Saint Pierre and Miquelon,North America,2,3417,0,2
2023-03-05,Saint Pierre and Miquelon,North America,1,3418,0,2
2023-03-12,Saint Pierre and Miquelon,North America,5,3423,0,2
2023-03-19,Saint Pierre and Miquelon,North America,1,3424,0,2
2023-03-26,Saint Pierre and Miquelon,North America,2,3426,0,2
2023-04-02,Saint Pierre and Miquelon,North America,0,3426,0,2
2023-04-09,Saint Pierre and Miquelon,North America,0,3426,0,2
2023-04-16,Saint Pierre and Miquelon,North America,0,3426,0,2
2023-04-23,Saint Pierre and Miquelon,North America,0,3426,0,2
2023-04-30,Saint Pierre and Miquelon,North America,0,3426,0,2
2023-05-07,Saint Pierre and Miquelon,North America,0,3426,0,2
2023-05-14,Saint Pierre and Miquelon,North America,0,3426,0,2
2023-05-21,Saint Pierre and Miquelon,North America,0,3426,0,2
2023-05-28,Saint Pierre and Miquelon,North America,0,3426,0,2
2023-06-04,Saint Pierre and Miquelon,North America,0,3426,0,2
2023-06-11,Saint Pierre and Miquelon,North America,0,3426,0,2
2023-06-18,Saint Pierre and Miquelon,North America,0,3426,0,2
2023-06-25,Saint Pierre and Miquelon,North America,0,3426,0,2
2023-07-02,Saint Pierre and Miquelon,North America,0,3426,0,2
2023-07-09,Saint Pierre and Miquelon,North America,0,3426,0,2
2023-07-16,Saint Pierre and Miquelon,North America,0,3426,0,2
2023-07-23,Saint Pierre and Miquelon,North America,0,3426,0,2
2023-07-30,Saint Pierre and Miquelon,North America,0,3426,0,2
2023-08-06,Saint Pierre and Miquelon,North America,0,3426,0,2
2023-08-13,Saint Pierre and Miquelon,North America,0,3426,0,2
2023-08-20,Saint Pierre and Miquelon,North America,0,3426,0,2
2023-08-27,Saint Pierre and Miquelon,North America,0,3426,0,2
2023-09-03,Saint Pierre and Miquelon,North America,0,3426,0,2
2023-09-10,Saint Pierre and Miquelon,North America,0,3426,0,2
2023-09-17,Saint Pierre and Miquelon,North America,0,3426,0,2
2023-09-24,Saint Pierre and Miquelon,North America,0,3426,0,2
2023-10-01,Saint Pierre and Miquelon,North America,0,3426,0,2
2023-10-08,Saint Pierre and Miquelon,North America,0,3426,0,2
2023-10-15,Saint Pierre and Miquelon,North America,0,3426,0,2
2023-10-22,Saint Pierre and Miquelon,North America,0,3426,0,2
2023-10-29,Saint Pierre and Miquelon,North America,0,3426,0,2
2023-11-05,Saint Pierre and Miquelon,North America,0,3426,0,2
2023-11-12,Saint Pierre and Miquelon,North America,0,3426,0,2
2023-11-19,Saint Pierre and Miquelon,North America,0,3426,0,2
2023-11-26,Saint Pierre and Miquelon,North America,0,3426,0,2
2023-12-03,Saint Pierre and Miquelon,North America,0,3426,0,2
2023-12-10,Saint Pierre and Miquelon,North America,0,3426,0,2
2023-12-17,Saint Pierre and Miquelon,North America,0,3426,0,2
2023-12-24,Saint Pierre and Miquelon,North America,0,3426,0,2
2023-12-31,Saint Pierre and Miquelon,North America,0,3426,0,2
2024-01-07,Saint Pierre and Miquelon,North America,0,3426,0,2
2024-01-14,Saint Pierre and Miquelon,North America,0,3426,0,2
2024-01-21,Saint Pierre and Miquelon,North America,0,3426,0,2
2024-01-28,Saint Pierre and Miquelon,North America,0,3426,0,2
2024-02-04,Saint Pierre and Miquelon,North America,0,3426,0,2
2024-02-11,Saint Pierre and Miquelon,North America,0,3426,0,2
2024-02-18,Saint Pierre and Miquelon,North America,0,3426,0,2
2024-02-25,Saint Pierre and Miquelon,North America,0,3426,0,2
2024-03-03,Saint Pierre and Miquelon,North America,0,3426,0,2
2024-03-10,Saint Pierre and Miquelon,North America,0,3426,0,2
2024-03-17,Saint Pierre and Miquelon,North America,0,3426,0,2
2024-03-24,Saint Pierre and Miquelon,North America,0,3426,0,2
2024-03-31,Saint Pierre and Miquelon,North America,0,3426,0,2
2024-04-07,Saint Pierre and Miquelon,North America,0,3426,0,2
2024-04-14,Saint Pierre and Miquelon,North America,0,3426,0,2
2024-04-21,Saint Pierre and Miquelon,North America,0,3426,0,2
2024-04-28,Saint Pierre and Miquelon,North America,0,3426,0,2
2024-05-05,Saint Pierre and Miquelon,North America,0,3426,0,2
2024-05-12,Saint Pierre and Miquelon,North America,0,3426,0,2
2024-05-19,Saint Pierre and Miquelon,North America,0,3426,0,2
2024-05-26,Saint Pierre and Miquelon,North America,0,3426,0,2
2024-06-02,Saint Pierre and Miquelon,North America,0,3426,0,2
2024-06-09,Saint Pierre and Miquelon,North America,0,3426,0,2
2024-06-16,Saint Pierre and Miquelon,North America,0,3426,0,2
2024-06-23,Saint Pierre and Miquelon,North America,0,3426,0,2
2024-06-30,Saint Pierre and Miquelon,North America,0,3426,0,2
2024-07-07,Saint Pierre and Miquelon,North America,0,3426,0,2
2024-07-14,Saint Pierre and Miquelon,North America,0,3426,0,2
2024-07-21,Saint Pierre and Miquelon,North America,0,3426,0,2
2024-07-28,Saint Pierre and Miquelon,North America,0,3426,0,2
2024-08-04,Saint Pierre and Miquelon,North America,0,3426,0,2
2024-08-11,Saint Pierre and Miquelon,North America,0,3426,0,2
2024-08-18,Saint Pierre and Miquelon,North America,0,3426,0,2
2024-08-25,Saint Pierre and Miquelon,North America,0,3426,0,2
2024-09-01,Saint Pierre and Miquelon,North America,0,3426,0,2
2020-01-05,Saint Vincent and the Grenadines,North America,0,0,0,0
2020-01-12,Saint Vincent and the Grenadines,North America,0,0,0,0
2020-01-19,Saint Vincent and the Grenadines,North America,0,0,0,0
2020-01-26,Saint Vincent and the Grenadines,North America,0,0,0,0
2020-02-02,Saint Vincent and the Grenadines,North America,0,0,0,0
2020-02-09,Saint Vincent and the Grenadines,North America,0,0,0,0
2020-02-16,Saint Vincent and the Grenadines,North America,0,0,0,0
2020-02-23,Saint Vincent and the Grenadines,North America,0,0,0,0
2020-03-01,Saint Vincent and the Grenadines,North America,0,0,0,0
2020-03-08,Saint Vincent and the Grenadines,North America,0,0,0,0
2020-03-15,Saint Vincent and the Grenadines,North America,1,1,0,0
2020-03-22,Saint Vincent and the Grenadines,North America,0,1,0,0
2020-03-29,Saint Vincent and the Grenadines,North America,0,1,0,0
2020-04-05,Saint Vincent and the Grenadines,North America,2,3,0,0
2020-04-12,Saint Vincent and the Grenadines,North America,9,12,0,0
2020-04-19,Saint Vincent and the Grenadines,North America,0,12,0,0
2020-04-26,Saint Vincent and the Grenadines,North America,2,14,0,0
2020-05-03,Saint Vincent and the Grenadines,North America,2,16,0,0
2020-05-10,Saint Vincent and the Grenadines,North America,1,17,0,0
2020-05-17,Saint Vincent and the Grenadines,North America,0,17,0,0
2020-05-24,Saint Vincent and the Grenadines,North America,1,18,0,0
2020-05-31,Saint Vincent and the Grenadines,North America,7,25,0,0
2020-06-07,Saint Vincent and the Grenadines,North America,1,26,0,0
2020-06-14,Saint Vincent and the Grenadines,North America,1,27,0,0
2020-06-21,Saint Vincent and the Grenadines,North America,2,29,0,0
2020-06-28,Saint Vincent and the Grenadines,North America,0,29,0,0
2020-07-05,Saint Vincent and the Grenadines,North America,0,29,0,0
2020-07-12,Saint Vincent and the Grenadines,North America,0,29,0,0
2020-07-19,Saint Vincent and the Grenadines,North America,6,35,0,0
2020-07-26,Saint Vincent and the Grenadines,North America,17,52,0,0
2020-08-02,Saint Vincent and the Grenadines,North America,2,54,0,0
2020-08-09,Saint Vincent and the Grenadines,North America,2,56,0,0
2020-08-16,Saint Vincent and the Grenadines,North America,1,57,0,0
2020-08-23,Saint Vincent and the Grenadines,North America,1,58,0,0
2020-08-30,Saint Vincent and the Grenadines,North America,2,60,0,0
2020-09-06,Saint Vincent and the Grenadines,North America,1,61,0,0
2020-09-13,Saint Vincent and the Grenadines,North America,3,64,0,0
2020-09-20,Saint Vincent and the Grenadines,North America,0,64,0,0
2020-09-27,Saint Vincent and the Grenadines,North America,0,64,0,0
2020-10-04,Saint Vincent and the Grenadines,North America,0,64,0,0
2020-10-11,Saint Vincent and the Grenadines,North America,0,64,0,0
2020-10-18,Saint Vincent and the Grenadines,North America,3,67,0,0
2020-10-25,Saint Vincent and the Grenadines,North America,6,73,0,0
2020-11-01,Saint Vincent and the Grenadines,North America,1,74,0,0
2020-11-08,Saint Vincent and the Grenadines,North America,2,76,0,0
2020-11-15,Saint Vincent and the Grenadines,North America,2,78,0,0
2020-11-22,Saint Vincent and the Grenadines,North America,6,84,0,0
2020-11-29,Saint Vincent and the Grenadines,North America,1,85,0,0
2020-12-06,Saint Vincent and the Grenadines,North America,2,87,0,0
2020-12-13,Saint Vincent and the Grenadines,North America,7,94,0,0
2020-12-20,Saint Vincent and the Grenadines,North America,6,100,0,0
2020-12-27,Saint Vincent and the Grenadines,North America,8,108,0,0
2021-01-03,Saint Vincent and the Grenadines,North America,14,122,0,0
2021-01-10,Saint Vincent and the Grenadines,North America,82,204,0,0
2021-01-17,Saint Vincent and the Grenadines,North America,246,450,1,1
2021-01-24,Saint Vincent and the Grenadines,North America,270,720,1,2
2021-01-31,Saint Vincent and the Grenadines,North America,176,896,0,2
2021-02-07,Saint Vincent and the Grenadines,North America,274,1170,1,3
2021-02-14,Saint Vincent and the Grenadines,North America,248,1418,3,6
2021-02-21,Saint Vincent and the Grenadines,North America,80,1498,0,6
2021-02-28,Saint Vincent and the Grenadines,North America,58,1556,2,8
2021-03-07,Saint Vincent and the Grenadines,North America,102,1658,0,8
2021-03-14,Saint Vincent and the Grenadines,North America,22,1680,0,8
2021-03-21,Saint Vincent and the Grenadines,North America,14,1694,1,9
2021-03-28,Saint Vincent and the Grenadines,North America,27,1721,1,10
2021-04-04,Saint Vincent and the Grenadines,North America,34,1755,0,10
2021-04-11,Saint Vincent and the Grenadines,North America,35,1790,0,10
2021-04-18,Saint Vincent and the Grenadines,North America,29,1819,0,10
2021-04-25,Saint Vincent and the Grenadines,North America,11,1830,0,10
2021-05-02,Saint Vincent and the Grenadines,North America,34,1864,1,11
2021-05-09,Saint Vincent and the Grenadines,North America,48,1912,1,12
2021-05-16,Saint Vincent and the Grenadines,North America,20,1932,0,12
2021-05-23,Saint Vincent and the Grenadines,North America,41,1973,0,12
2021-05-30,Saint Vincent and the Grenadines,North America,54,2027,0,12
2021-06-06,Saint Vincent and the Grenadines,North America,41,2068,0,12
2021-06-13,Saint Vincent and the Grenadines,North America,33,2101,0,12
2021-06-20,Saint Vincent and the Grenadines,North America,91,2192,0,12
2021-06-27,Saint Vincent and the Grenadines,North America,26,2218,0,12
2021-07-04,Saint Vincent and the Grenadines,North America,11,2229,0,12
2021-07-11,Saint Vincent and the Grenadines,North America,12,2241,0,12
2021-07-18,Saint Vincent and the Grenadines,North America,19,2260,0,12
2021-07-25,Saint Vincent and the Grenadines,North America,11,2271,0,12
2021-08-01,Saint Vincent and the Grenadines,North America,25,2296,0,12
2021-08-08,Saint Vincent and the Grenadines,North America,2,2298,0,12
2021-08-15,Saint Vincent and the Grenadines,North America,10,2308,0,12
2021-08-22,Saint Vincent and the Grenadines,North America,12,2320,0,12
2021-08-29,Saint Vincent and the Grenadines,North America,17,2337,0,12
2021-09-05,Saint Vincent and the Grenadines,North America,42,2379,0,12
2021-09-12,Saint Vincent and the Grenadines,North America,134,2513,0,12
2021-09-19,Saint Vincent and the Grenadines,North America,317,2830,2,14
2021-09-26,Saint Vincent and the Grenadines,North America,529,3359,3,17
2021-10-03,Saint Vincent and the Grenadines,North America,479,3838,11,28
2021-10-10,Saint Vincent and the Grenadines,North America,612,4450,5,33
2021-10-17,Saint Vincent and the Grenadines,North America,177,4627,14,47
2021-10-24,Saint Vincent and the Grenadines,North America,228,4855,13,60
2021-10-31,Saint Vincent and the Grenadines,North America,153,5008,6,66
2021-11-07,Saint Vincent and the Grenadines,North America,110,5118,3,69
2021-11-14,Saint Vincent and the Grenadines,North America,207,5325,2,71
2021-11-21,Saint Vincent and the Grenadines,North America,88,5413,2,73
2021-11-28,Saint Vincent and the Grenadines,North America,109,5522,1,74
2021-12-05,Saint Vincent and the Grenadines,North America,120,5642,0,74
2021-12-12,Saint Vincent and the Grenadines,North America,80,5722,3,77
2021-12-19,Saint Vincent and the Grenadines,North America,36,5758,0,77
2021-12-26,Saint Vincent and the Grenadines,North America,85,5843,4,81
2022-01-02,Saint Vincent and the Grenadines,North America,148,5991,2,83
2022-01-09,Saint Vincent and the Grenadines,North America,760,6751,1,84
2022-01-16,Saint Vincent and the Grenadines,North America,547,7298,3,87
2022-01-23,Saint Vincent and the Grenadines,North America,431,7729,4,91
2022-01-30,Saint Vincent and the Grenadines,North America,174,7903,2,93
2022-02-06,Saint Vincent and the Grenadines,North America,211,8114,2,95
2022-02-13,Saint Vincent and the Grenadines,North America,116,8230,7,102
2022-02-20,Saint Vincent and the Grenadines,North America,49,8279,2,104
2022-02-27,Saint Vincent and the Grenadines,North America,30,8309,2,106
2022-03-06,Saint Vincent and the Grenadines,North America,11,8320,0,106
2022-03-13,Saint Vincent and the Grenadines,North America,3,8323,0,106
2022-03-20,Saint Vincent and the Grenadines,North America,7,8330,0,106
2022-03-27,Saint Vincent and the Grenadines,North America,3,8333,0,106
2022-04-03,Saint Vincent and the Grenadines,North America,4,8337,0,106
2022-04-10,Saint Vincent and the Grenadines,North America,6,8343,0,106
2022-04-17,Saint Vincent and the Grenadines,North America,9,8352,0,106
2022-04-24,Saint Vincent and the Grenadines,North America,45,8397,0,106
2022-05-01,Saint Vincent and the Grenadines,North America,27,8424,0,106
2022-05-08,Saint Vincent and the Grenadines,North America,32,8456,0,106
2022-05-15,Saint Vincent and the Grenadines,North America,60,8516,0,106
2022-05-22,Saint Vincent and the Grenadines,North America,102,8618,0,106
2022-05-29,Saint Vincent and the Grenadines,North America,69,8687,0,106
2022-06-05,Saint Vincent and the Grenadines,North America,120,8807,2,108
2022-06-12,Saint Vincent and the Grenadines,North America,104,8911,0,108
2022-06-19,Saint Vincent and the Grenadines,North America,74,8985,2,110
2022-06-26,Saint Vincent and the Grenadines,North America,47,9032,1,111
2022-07-03,Saint Vincent and the Grenadines,North America,30,9062,1,112
2022-07-10,Saint Vincent and the Grenadines,North America,56,9118,2,114
2022-07-17,Saint Vincent and the Grenadines,North America,114,9232,1,115
2022-07-24,Saint Vincent and the Grenadines,North America,77,9309,0,115
2022-07-31,Saint Vincent and the Grenadines,North America,54,9363,0,115
2022-08-07,Saint Vincent and the Grenadines,North America,32,9395,0,115
2022-08-14,Saint Vincent and the Grenadines,North America,10,9405,0,115
2022-08-21,Saint Vincent and the Grenadines,North America,9,9414,0,115
2022-08-28,Saint Vincent and the Grenadines,North America,8,9422,0,115
2022-09-04,Saint Vincent and the Grenadines,North America,8,9430,0,115
2022-09-11,Saint Vincent and the Grenadines,North America,16,9446,1,116
2022-09-18,Saint Vincent and the Grenadines,North America,0,9446,0,116
2022-09-25,Saint Vincent and the Grenadines,North America,2,9448,0,116
2022-10-02,Saint Vincent and the Grenadines,North America,0,9448,0,116
2022-10-09,Saint Vincent and the Grenadines,North America,0,9448,0,116
2022-10-16,Saint Vincent and the Grenadines,North America,2,9450,0,116
2022-10-23,Saint Vincent and the Grenadines,North America,2,9452,0,116
2022-10-30,Saint Vincent and the Grenadines,North America,5,9457,0,116
2022-11-06,Saint Vincent and the Grenadines,North America,2,9459,0,116
2022-11-13,Saint Vincent and the Grenadines,North America,3,9462,0,116
2022-11-20,Saint Vincent and the Grenadines,North America,0,9462,0,116
2022-11-27,Saint Vincent and the Grenadines,North America,6,9468,0,116
2022-12-04,Saint Vincent and the Grenadines,North America,6,9474,0,116
2022-12-11,Saint Vincent and the Grenadines,North America,8,9482,0,116
2022-12-18,Saint Vincent and the Grenadines,North America,18,9500,0,116
2022-12-25,Saint Vincent and the Grenadines,North America,21,9521,2,118
2023-01-01,Saint Vincent and the Grenadines,North America,17,9538,1,119
2023-01-08,Saint Vincent and the Grenadines,North America,0,9538,0,119
2023-01-15,Saint Vincent and the Grenadines,North America,25,9563,2,121
2023-01-22,Saint Vincent and the Grenadines,North America,14,9577,2,123
2023-01-29,Saint Vincent and the Grenadines,North America,4,9581,0,123
2023-02-05,Saint Vincent and the Grenadines,North America,4,9585,0,123
2023-02-12,Saint Vincent and the Grenadines,North America,2,9587,0,123
2023-02-19,Saint Vincent and the Grenadines,North America,2,9589,0,123
2023-02-26,Saint Vincent and the Grenadines,North America,0,9589,0,123
2023-03-05,Saint Vincent and the Grenadines,North America,1,9590,1,124
2023-03-12,Saint Vincent and the Grenadines,North America,3,9593,0,124
2023-03-19,Saint Vincent and the Grenadines,North America,2,9595,0,124
2023-03-26,Saint Vincent and the Grenadines,North America,1,9596,0,124
2023-04-02,Saint Vincent and the Grenadines,North America,5,9601,0,124
2023-04-09,Saint Vincent and the Grenadines,North America,0,9601,0,124
2023-04-16,Saint Vincent and the Grenadines,North America,1,9602,0,124
2023-04-23,Saint Vincent and the Grenadines,North America,9,9611,0,124
2023-04-30,Saint Vincent and the Grenadines,North America,0,9611,0,124
2023-05-07,Saint Vincent and the Grenadines,North America,8,9619,0,124
2023-05-14,Saint Vincent and the Grenadines,North America,12,9631,0,124
2023-05-21,Saint Vincent and the Grenadines,North America,0,9631,0,124
2023-05-28,Saint Vincent and the Grenadines,North America,2,9633,0,124
2023-06-04,Saint Vincent and the Grenadines,North America,1,9634,0,124
2023-06-11,Saint Vincent and the Grenadines,North America,2,9636,0,124
2023-06-18,Saint Vincent and the Grenadines,North America,1,9637,0,124
2023-06-25,Saint Vincent and the Grenadines,North America,1,9638,0,124
2023-07-02,Saint Vincent and the Grenadines,North America,2,9640,0,124
2023-07-09,Saint Vincent and the Grenadines,North America,6,9646,0,124
2023-07-16,Saint Vincent and the Grenadines,North America,4,9650,0,124
2023-07-23,Saint Vincent and the Grenadines,North America,4,9654,0,124
2023-07-30,Saint Vincent and the Grenadines,North America,2,9656,0,124
2023-08-06,Saint Vincent and the Grenadines,North America,5,9661,0,124
2023-08-13,Saint Vincent and the Grenadines,North America,2,9663,0,124
2023-08-20,Saint Vincent and the Grenadines,North America,6,9669,0,124
2023-08-27,Saint Vincent and the Grenadines,North America,1,9670,0,124
2023-09-03,Saint Vincent and the Grenadines,North America,1,9671,0,124
2023-09-10,Saint Vincent and the Grenadines,North America,2,9673,0,124
2023-09-17,Saint Vincent and the Grenadines,North America,0,9673,0,124
2023-09-24,Saint Vincent and the Grenadines,North America,1,9674,0,124
2023-10-01,Saint Vincent and the Grenadines,North America,0,9674,0,124
2023-10-08,Saint Vincent and the Grenadines,North America,0,9674,0,124
2023-10-15,Saint Vincent and the Grenadines,North America,0,9674,0,124
2023-10-22,Saint Vincent and the Grenadines,North America,0,9674,0,124
2023-10-29,Saint Vincent and the Grenadines,North America,0,9674,0,124
2023-11-05,Saint Vincent and the Grenadines,North America,0,9674,0,124
2023-11-12,Saint Vincent and the Grenadines,North America,0,9674,0,124
2023-11-19,Saint Vincent and the Grenadines,North America,0,9674,0,124
2023-11-26,Saint Vincent and the Grenadines,North America,0,9674,0,124
2023-12-03,Saint Vincent and the Grenadines,North America,0,9674,0,124
2023-12-10,Saint Vincent and the Grenadines,North America,0,9674,0,124
2023-12-17,Saint Vincent and the Grenadines,North America,0,9674,0,124
2023-12-24,Saint Vincent and the Grenadines,North America,0,9674,0,124
2023-12-31,Saint Vincent and the Grenadines,North America,0,9674,0,124
2024-01-07,Saint Vincent and the Grenadines,North America,0,9674,0,124
2024-01-14,Saint Vincent and the Grenadines,North America,0,9674,0,124
2024-01-21,Saint Vincent and the Grenadines,North America,0,9674,0,124
2024-01-28,Saint Vincent and the Grenadines,North America,0,9674,0,124
2024-02-04,Saint Vincent and the Grenadines,North America,0,9674,0,124
2024-02-11,Saint Vincent and the Grenadines,North America,0,9674,0,124
2024-02-18,Saint Vincent and the Grenadines,North America,0,9674,0,124
2024-02-25,Saint Vincent and the Grenadines,North America,0,9674,0,124
2024-03-03,Saint Vincent and the Grenadines,North America,0,9674,0,124
2024-03-10,Saint Vincent and the Grenadines,North America,0,9674,0,124
2024-03-17,Saint Vincent and the Grenadines,North America,0,9674,0,124
2024-03-24,Saint Vincent and the Grenadines,North America,0,9674,0,124
2024-03-31,Saint Vincent and the Grenadines,North America,0,9674,0,124
2024-04-07,Saint Vincent and the Grenadines,North America,0,9674,0,124
2024-04-14,Saint Vincent and the Grenadines,North America,0,9674,0,124
2024-04-21,Saint Vincent and the Grenadines,North America,0,9674,0,124
2024-04-28,Saint Vincent and the Grenadines,North America,0,9674,0,124
2024-05-05,Saint Vincent and the Grenadines,North America,0,9674,0,124
2024-05-12,Saint Vincent and the Grenadines,North America,0,9674,0,124
2024-05-19,Saint Vincent and the Grenadines,North America,0,9674,0,124
2024-05-26,Saint Vincent and the Grenadines,North America,0,9674,0,124
2024-06-02,Saint Vincent and the Grenadines,North America,0,9674,0,124
2024-06-09,Saint Vincent and the Grenadines,North America,0,9674,0,124
2024-06-16,Saint Vincent and the Grenadines,North America,0,9674,0,124
2024-06-23,Saint Vincent and the Grenadines,North America,0,9674,0,124
2024-06-30,Saint Vincent and the Grenadines,North America,0,9674,0,124
2024-07-07,Saint Vincent and the Grenadines,North America,0,9674,0,124
2024-07-14,Saint Vincent and the Grenadines,North America,0,9674,0,124
2024-07-21,Saint Vincent and the Grenadines,North America,0,9674,0,124
2024-07-28,Saint Vincent and the Grenadines,North America,0,9674,0,124
2024-08-04,Saint Vincent and the Grenadines,North America,0,9674,0,124
2024-08-11,Saint Vincent and the Grenadines,North America,0,9674,0,124
2024-08-18,Saint Vincent and the Grenadines,North America,0,9674,0,124
2024-08-25,Saint Vincent and the Grenadines,North America,0,9674,0,124
2024-09-01,Saint Vincent and the Grenadines,North America,0,9674,0,124
2020-01-05,Samoa,Oceania,0,0,0,0
2020-01-12,Samoa,Oceania,0,0,0,0
2020-01-19,Samoa,Oceania,0,0,0,0
2020-01-26,Samoa,Oceania,0,0,0,0
2020-02-02,Samoa,Oceania,0,0,0,0
2020-02-09,Samoa,Oceania,0,0,0,0
2020-02-16,Samoa,Oceania,0,0,0,0
2020-02-23,Samoa,Oceania,0,0,0,0
2020-03-01,Samoa,Oceania,0,0,0,0
2020-03-08,Samoa,Oceania,0,0,0,0
2020-03-15,Samoa,Oceania,0,0,0,0
2020-03-22,Samoa,Oceania,0,0,0,0
2020-03-29,Samoa,Oceania,0,0,0,0
2020-04-05,Samoa,Oceania,0,0,0,0
2020-04-12,Samoa,Oceania,0,0,0,0
2020-04-19,Samoa,Oceania,0,0,0,0
2020-04-26,Samoa,Oceania,0,0,0,0
2020-05-03,Samoa,Oceania,0,0,0,0
2020-05-10,Samoa,Oceania,0,0,0,0
2020-05-17,Samoa,Oceania,0,0,0,0
2020-05-24,Samoa,Oceania,0,0,0,0
2020-05-31,Samoa,Oceania,0,0,0,0
2020-06-07,Samoa,Oceania,0,0,0,0
2020-06-14,Samoa,Oceania,0,0,0,0
2020-06-21,Samoa,Oceania,0,0,0,0
2020-06-28,Samoa,Oceania,0,0,0,0
2020-07-05,Samoa,Oceania,0,0,0,0
2020-07-12,Samoa,Oceania,0,0,0,0
2020-07-19,Samoa,Oceania,0,0,0,0
2020-07-26,Samoa,Oceania,0,0,0,0
2020-08-02,Samoa,Oceania,0,0,0,0
2020-08-09,Samoa,Oceania,0,0,0,0
2020-08-16,Samoa,Oceania,0,0,0,0
2020-08-23,Samoa,Oceania,0,0,0,0
2020-08-30,Samoa,Oceania,0,0,0,0
2020-09-06,Samoa,Oceania,0,0,0,0
2020-09-13,Samoa,Oceania,0,0,0,0
2020-09-20,Samoa,Oceania,0,0,0,0
2020-09-27,Samoa,Oceania,0,0,0,0
2020-10-04,Samoa,Oceania,0,0,0,0
2020-10-11,Samoa,Oceania,0,0,0,0
2020-10-18,Samoa,Oceania,0,0,0,0
2020-10-25,Samoa,Oceania,0,0,0,0
2020-11-01,Samoa,Oceania,0,0,0,0
2020-11-08,Samoa,Oceania,0,0,0,0
2020-11-15,Samoa,Oceania,0,0,0,0
2020-11-22,Samoa,Oceania,0,0,0,0
2020-11-29,Samoa,Oceania,0,0,0,0
2020-12-06,Samoa,Oceania,1,1,0,0
2020-12-13,Samoa,Oceania,0,1,0,0
2020-12-20,Samoa,Oceania,0,1,0,0
2020-12-27,Samoa,Oceania,0,1,0,0
2021-01-03,Samoa,Oceania,0,1,0,0
2021-01-10,Samoa,Oceania,0,1,0,0
2021-01-17,Samoa,Oceania,0,1,0,0
2021-01-24,Samoa,Oceania,0,1,0,0
2021-01-31,Samoa,Oceania,0,1,0,0
2021-02-07,Samoa,Oceania,0,1,0,0
2021-02-14,Samoa,Oceania,0,1,0,0
2021-02-21,Samoa,Oceania,0,1,0,0
2021-02-28,Samoa,Oceania,0,1,0,0
2021-03-07,Samoa,Oceania,0,1,0,0
2021-03-14,Samoa,Oceania,0,1,0,0
2021-03-21,Samoa,Oceania,0,1,0,0
2021-03-28,Samoa,Oceania,0,1,0,0
2021-04-04,Samoa,Oceania,0,1,0,0
2021-04-11,Samoa,Oceania,0,1,0,0
2021-04-18,Samoa,Oceania,0,1,0,0
2021-04-25,Samoa,Oceania,0,1,0,0
2021-05-02,Samoa,Oceania,0,1,0,0
2021-05-09,Samoa,Oceania,0,1,0,0
2021-05-16,Samoa,Oceania,0,1,0,0
2021-05-23,Samoa,Oceania,0,1,0,0
2021-05-30,Samoa,Oceania,0,1,0,0
2021-06-06,Samoa,Oceania,0,1,0,0
2021-06-13,Samoa,Oceania,0,1,0,0
2021-06-20,Samoa,Oceania,0,1,0,0
2021-06-27,Samoa,Oceania,0,1,0,0
2021-07-04,Samoa,Oceania,0,1,0,0
2021-07-11,Samoa,Oceania,0,1,0,0
2021-07-18,Samoa,Oceania,0,1,0,0
2021-07-25,Samoa,Oceania,0,1,0,0
2021-08-01,Samoa,Oceania,0,1,0,0
2021-08-08,Samoa,Oceania,0,1,0,0
2021-08-15,Samoa,Oceania,0,1,0,0
2021-08-22,Samoa,Oceania,0,1,0,0
2021-08-29,Samoa,Oceania,0,1,0,0
2021-09-05,Samoa,Oceania,0,1,0,0
2021-09-12,Samoa,Oceania,0,1,0,0
2021-09-19,Samoa,Oceania,0,1,0,0
2021-09-26,Samoa,Oceania,0,1,0,0
2021-10-03,Samoa,Oceania,0,1,0,0
2021-10-10,Samoa,Oceania,0,1,0,0
2021-10-17,Samoa,Oceania,0,1,0,0
2021-10-24,Samoa,Oceania,0,1,0,0
2021-10-31,Samoa,Oceania,0,1,0,0
2021-11-07,Samoa,Oceania,0,1,0,0
2021-11-14,Samoa,Oceania,0,1,0,0
2021-11-21,Samoa,Oceania,0,1,0,0
2021-11-28,Samoa,Oceania,0,1,0,0
2021-12-05,Samoa,Oceania,0,1,0,0
2021-12-12,Samoa,Oceania,0,1,0,0
2021-12-19,Samoa,Oceania,1,2,0,0
2021-12-26,Samoa,Oceania,0,2,0,0
2022-01-02,Samoa,Oceania,0,2,0,0
2022-01-09,Samoa,Oceania,0,2,0,0
2022-01-16,Samoa,Oceania,0,2,0,0
2022-01-23,Samoa,Oceania,15,17,0,0
2022-01-30,Samoa,Oceania,15,32,0,0
2022-02-06,Samoa,Oceania,1,33,0,0
2022-02-13,Samoa,Oceania,0,33,0,0
2022-02-20,Samoa,Oceania,0,33,0,0
2022-02-27,Samoa,Oceania,0,33,0,0
2022-03-06,Samoa,Oceania,0,33,0,0
2022-03-13,Samoa,Oceania,15,48,0,0
2022-03-20,Samoa,Oceania,181,229,0,0
2022-03-27,Samoa,Oceania,1058,1287,0,0
2022-04-03,Samoa,Oceania,1500,2787,2,2
2022-04-10,Samoa,Oceania,1166,3953,5,7
2022-04-17,Samoa,Oceania,427,4380,2,9
2022-04-24,Samoa,Oceania,3092,7472,4,13
2022-05-01,Samoa,Oceania,2408,9880,6,19
2022-05-08,Samoa,Oceania,1067,10947,1,20
2022-05-15,Samoa,Oceania,1012,11959,4,24
2022-05-22,Samoa,Oceania,711,12670,1,25
2022-05-29,Samoa,Oceania,998,13668,0,25
2022-06-05,Samoa,Oceania,544,14212,2,27
2022-06-12,Samoa,Oceania,498,14710,1,28
2022-06-19,Samoa,Oceania,350,15060,0,28
2022-06-26,Samoa,Oceania,71,15131,1,29
2022-07-03,Samoa,Oceania,121,15252,0,29
2022-07-10,Samoa,Oceania,88,15340,0,29
2022-07-17,Samoa,Oceania,131,15471,0,29
2022-07-24,Samoa,Oceania,135,15606,0,29
2022-07-31,Samoa,Oceania,87,15693,0,29
2022-08-07,Samoa,Oceania,0,15693,0,29
2022-08-14,Samoa,Oceania,0,15693,0,29
2022-08-21,Samoa,Oceania,298,15991,0,29
2022-08-28,Samoa,Oceania,64,16055,0,29
2022-09-04,Samoa,Oceania,122,16177,0,29
2022-09-11,Samoa,Oceania,36,16213,0,29
2022-09-18,Samoa,Oceania,9,16222,0,29
2022-09-25,Samoa,Oceania,0,16222,0,29
2022-10-02,Samoa,Oceania,8,16230,0,29
2022-10-09,Samoa,Oceania,0,16230,0,29
2022-10-16,Samoa,Oceania,0,16230,0,29
2022-10-23,Samoa,Oceania,4,16234,0,29
2022-10-30,Samoa,Oceania,0,16234,0,29
2022-11-06,Samoa,Oceania,3,16237,0,29
2022-11-13,Samoa,Oceania,0,16237,0,29
2022-11-20,Samoa,Oceania,15,16252,0,29
2022-11-27,Samoa,Oceania,3,16255,0,29
2022-12-04,Samoa,Oceania,3,16258,0,29
2022-12-11,Samoa,Oceania,5,16263,0,29
2022-12-18,Samoa,Oceania,7,16270,0,29
2022-12-25,Samoa,Oceania,0,16270,0,29
2023-01-01,Samoa,Oceania,9,16279,0,29
2023-01-08,Samoa,Oceania,0,16279,0,29
2023-01-15,Samoa,Oceania,17,16296,0,29
2023-01-22,Samoa,Oceania,14,16310,0,29
2023-01-29,Samoa,Oceania,83,16393,0,29
2023-02-05,Samoa,Oceania,4,16397,0,29
2023-02-12,Samoa,Oceania,5,16402,0,29
2023-02-19,Samoa,Oceania,13,16415,0,29
2023-02-26,Samoa,Oceania,3,16418,0,29
2023-03-05,Samoa,Oceania,9,16427,0,29
2023-03-12,Samoa,Oceania,0,16427,2,31
2023-03-19,Samoa,Oceania,246,16673,0,31
2023-03-26,Samoa,Oceania,2,16675,0,31
2023-04-02,Samoa,Oceania,0,16675,0,31
2023-04-09,Samoa,Oceania,62,16737,0,31
2023-04-16,Samoa,Oceania,0,16737,0,31
2023-04-23,Samoa,Oceania,0,16737,0,31
2023-04-30,Samoa,Oceania,20,16757,0,31
2023-05-07,Samoa,Oceania,6,16763,0,31
2023-05-14,Samoa,Oceania,0,16763,0,31
2023-05-21,Samoa,Oceania,0,16763,0,31
2023-05-28,Samoa,Oceania,0,16763,0,31
2023-06-04,Samoa,Oceania,-20,16743,0,31
2023-06-11,Samoa,Oceania,0,16743,0,31
2023-06-18,Samoa,Oceania,21,16764,0,31
2023-06-25,Samoa,Oceania,7,16771,0,31
2023-07-02,Samoa,Oceania,0,16771,0,31
2023-07-09,Samoa,Oceania,4,16775,0,31
2023-07-16,Samoa,Oceania,0,16775,0,31
2023-07-23,Samoa,Oceania,0,16775,0,31
2023-07-30,Samoa,Oceania,0,16775,0,31
2023-08-06,Samoa,Oceania,0,16775,0,31
2023-08-13,Samoa,Oceania,3,16778,0,31
2023-08-20,Samoa,Oceania,0,16778,0,31
2023-08-27,Samoa,Oceania,0,16778,0,31
2023-09-03,Samoa,Oceania,0,16778,0,31
2023-09-10,Samoa,Oceania,0,16778,0,31
2023-09-17,Samoa,Oceania,0,16778,0,31
2023-09-24,Samoa,Oceania,0,16778,0,31
2023-10-01,Samoa,Oceania,0,16778,0,31
2023-10-08,Samoa,Oceania,0,16778,0,31
2023-10-15,Samoa,Oceania,0,16778,0,31
2023-10-22,Samoa,Oceania,0,16778,0,31
2023-10-29,Samoa,Oceania,0,16778,0,31
2023-11-05,Samoa,Oceania,0,16778,0,31
2023-11-12,Samoa,Oceania,0,16778,0,31
2023-11-19,Samoa,Oceania,2,16780,0,31
2023-11-26,Samoa,Oceania,182,16962,0,31
2023-12-03,Samoa,Oceania,0,16962,0,31
2023-12-10,Samoa,Oceania,0,16962,0,31
2023-12-17,Samoa,Oceania,0,16962,0,31
2023-12-24,Samoa,Oceania,0,16962,0,31
2023-12-31,Samoa,Oceania,0,16962,0,31
2024-01-07,Samoa,Oceania,0,16962,0,31
2024-01-14,Samoa,Oceania,0,16962,0,31
2024-01-21,Samoa,Oceania,0,16962,0,31
2024-01-28,Samoa,Oceania,0,16962,0,31
2024-02-04,Samoa,Oceania,74,17036,0,31
2024-02-11,Samoa,Oceania,13,17049,0,31
2024-02-18,Samoa,Oceania,4,17053,0,31
2024-02-25,Samoa,Oceania,0,17053,0,31
2024-03-03,Samoa,Oceania,4,17057,0,31
2024-03-10,Samoa,Oceania,0,17057,0,31
2024-03-17,Samoa,Oceania,0,17057,0,31
2024-03-24,Samoa,Oceania,0,17057,0,31
2024-03-31,Samoa,Oceania,0,17057,0,31
2024-04-07,Samoa,Oceania,0,17057,0,31
2024-04-14,Samoa,Oceania,0,17057,0,31
2024-04-21,Samoa,Oceania,0,17057,0,31
2024-04-28,Samoa,Oceania,0,17057,0,31
2024-05-05,Samoa,Oceania,0,17057,0,31
2024-05-12,Samoa,Oceania,0,17057,0,31
2024-05-19,Samoa,Oceania,0,17057,0,31
2024-05-26,Samoa,Oceania,0,17057,0,31
2024-06-02,Samoa,Oceania,0,17057,0,31
2024-06-09,Samoa,Oceania,0,17057,0,31
2024-06-16,Samoa,Oceania,0,17057,0,31
2024-06-23,Samoa,Oceania,0,17057,0,31
2024-06-30,Samoa,Oceania,0,17057,0,31
2024-07-07,Samoa,Oceania,0,17057,0,31
2024-07-14,Samoa,Oceania,0,17057,0,31
2024-07-21,Samoa,Oceania,0,17057,0,31
2024-07-28,Samoa,Oceania,0,17057,0,31
2024-08-04,Samoa,Oceania,0,17057,0,31
2024-08-11,Samoa,Oceania,0,17057,0,31
2024-08-18,Samoa,Oceania,0,17057,0,31
2024-08-25,Samoa,Oceania,0,17057,0,31
2024-09-01,Samoa,Oceania,0,17057,0,31
2020-01-05,San Marino,Europe,0,0,0,0
2020-01-12,San Marino,Europe,0,0,0,0
2020-01-19,San Marino,Europe,0,0,0,0
2020-01-26,San Marino,Europe,0,0,0,0
2020-02-02,San Marino,Europe,0,0,0,0
2020-02-09,San Marino,Europe,0,0,0,0
2020-02-16,San Marino,Europe,0,0,0,0
2020-02-23,San Marino,Europe,0,0,0,0
2020-03-01,San Marino,Europe,1,1,0,0
2020-03-08,San Marino,Europe,27,28,1,1
2020-03-15,San Marino,Europe,50,78,4,5
2020-03-22,San Marino,Europe,98,176,15,20
2020-03-29,San Marino,Europe,53,229,2,22
2020-04-05,San Marino,Europe,32,261,10,32
2020-04-12,San Marino,Europe,97,358,3,35
2020-04-19,San Marino,Europe,99,457,4,39
2020-04-26,San Marino,Europe,58,515,1,40
2020-05-03,San Marino,Europe,67,582,1,41
2020-05-10,San Marino,Europe,52,634,0,41
2020-05-17,San Marino,Europe,20,654,0,41
2020-05-24,San Marino,Europe,20,674,1,42
2020-05-31,San Marino,Europe,15,689,0,42
2020-06-07,San Marino,Europe,8,697,0,42
2020-06-14,San Marino,Europe,0,697,0,42
2020-06-21,San Marino,Europe,18,715,0,42
2020-06-28,San Marino,Europe,0,715,0,42
2020-07-05,San Marino,Europe,0,715,0,42
2020-07-12,San Marino,Europe,3,718,0,42
2020-07-19,San Marino,Europe,0,718,0,42
2020-07-26,San Marino,Europe,0,718,0,42
2020-08-02,San Marino,Europe,0,718,0,42
2020-08-09,San Marino,Europe,1,719,0,42
2020-08-16,San Marino,Europe,2,721,0,42
2020-08-23,San Marino,Europe,7,728,0,42
2020-08-30,San Marino,Europe,7,735,0,42
2020-09-06,San Marino,Europe,2,737,0,42
2020-09-13,San Marino,Europe,6,743,0,42
2020-09-20,San Marino,Europe,1,744,0,42
2020-09-27,San Marino,Europe,4,748,0,42
2020-10-04,San Marino,Europe,4,752,0,42
2020-10-11,San Marino,Europe,16,768,0,42
2020-10-18,San Marino,Europe,18,786,0,42
2020-10-25,San Marino,Europe,60,846,0,42
2020-11-01,San Marino,Europe,119,965,0,42
2020-11-08,San Marino,Europe,148,1113,0,42
2020-11-15,San Marino,Europe,157,1270,0,42
2020-11-22,San Marino,Europe,174,1444,1,43
2020-11-29,San Marino,Europe,159,1603,2,45
2020-12-06,San Marino,Europe,203,1806,3,48
2020-12-13,San Marino,Europe,143,1949,3,51
2020-12-20,San Marino,Europe,203,2152,4,55
2020-12-27,San Marino,Europe,141,2293,2,57
2021-01-03,San Marino,Europe,217,2510,5,62
2021-01-10,San Marino,Europe,213,2723,3,65
2021-01-17,San Marino,Europe,81,2804,0,65
2021-01-24,San Marino,Europe,102,2906,0,65
2021-01-31,San Marino,Europe,177,3083,2,67
2021-02-07,San Marino,Europe,71,3154,2,69
2021-02-14,San Marino,Europe,177,3331,3,72
2021-02-21,San Marino,Europe,178,3509,0,72
2021-02-28,San Marino,Europe,254,3763,2,74
2021-03-07,San Marino,Europe,189,3952,2,76
2021-03-14,San Marino,Europe,216,4168,1,77
2021-03-21,San Marino,Europe,237,4405,2,79
2021-03-28,San Marino,Europe,243,4648,5,84
2021-04-04,San Marino,Europe,233,4881,1,85
2021-04-11,San Marino,Europe,123,5004,1,86
2021-04-18,San Marino,Europe,68,5072,2,88
2021-04-25,San Marino,Europe,25,5097,2,90
2021-05-02,San Marino,Europe,12,5109,0,90
2021-05-09,San Marino,Europe,16,5125,0,90
2021-05-16,San Marino,Europe,6,5131,0,90
2021-05-23,San Marino,Europe,0,5131,0,90
2021-05-30,San Marino,Europe,1,5132,0,90
2021-06-06,San Marino,Europe,1,5133,0,90
2021-06-13,San Marino,Europe,0,5133,0,90
2021-06-20,San Marino,Europe,1,5134,0,90
2021-06-27,San Marino,Europe,0,5134,0,90
2021-07-04,San Marino,Europe,0,5134,0,90
2021-07-11,San Marino,Europe,1,5135,0,90
2021-07-18,San Marino,Europe,7,5142,0,90
2021-07-25,San Marino,Europe,19,5161,0,90
2021-08-01,San Marino,Europe,32,5193,0,90
2021-08-08,San Marino,Europe,43,5236,0,90
2021-08-15,San Marino,Europe,36,5272,0,90
2021-08-22,San Marino,Europe,29,5301,0,90
2021-08-29,San Marino,Europe,61,5362,0,90
2021-09-05,San Marino,Europe,28,5390,0,90
2021-09-12,San Marino,Europe,37,5427,0,90
2021-09-19,San Marino,Europe,33,5460,0,90
2021-09-26,San Marino,Europe,7,5467,1,91
2021-10-03,San Marino,Europe,13,5480,0,91
2021-10-10,San Marino,Europe,26,5506,0,91
2021-10-17,San Marino,Europe,5,5511,0,91
2021-10-24,San Marino,Europe,25,5536,1,92
2021-10-31,San Marino,Europe,61,5597,0,92
2021-11-07,San Marino,Europe,38,5635,0,92
2021-11-14,San Marino,Europe,57,5692,0,92
2021-11-21,San Marino,Europe,142,5834,1,93
2021-11-28,San Marino,Europe,182,6016,0,93
2021-12-05,San Marino,Europe,244,6260,1,94
2021-12-12,San Marino,Europe,376,6636,0,94
2021-12-19,San Marino,Europe,559,7195,2,96
2021-12-26,San Marino,Europe,446,7641,2,98
2022-01-02,San Marino,Europe,782,8423,2,100
2022-01-09,San Marino,Europe,1189,9612,3,103
2022-01-16,San Marino,Europe,1110,10722,0,103
2022-01-23,San Marino,Europe,1147,11869,4,107
2022-01-30,San Marino,Europe,1112,12981,2,109
2022-02-06,San Marino,Europe,647,13628,0,109
2022-02-13,San Marino,Europe,404,14032,1,110
2022-02-20,San Marino,Europe,200,14232,2,112
2022-02-27,San Marino,Europe,165,14397,0,112
2022-03-06,San Marino,Europe,151,14548,0,112
2022-03-13,San Marino,Europe,195,14743,0,112
2022-03-20,San Marino,Europe,250,14993,0,112
2022-03-27,San Marino,Europe,215,15208,1,113
2022-04-03,San Marino,Europe,224,15432,0,113
2022-04-10,San Marino,Europe,268,15700,1,114
2022-04-17,San Marino,Europe,303,16003,0,114
2022-04-24,San Marino,Europe,273,16276,0,114
2022-05-01,San Marino,Europe,229,16505,1,115
2022-05-08,San Marino,Europe,176,16681,0,115
2022-05-15,San Marino,Europe,224,16905,0,115
2022-05-22,San Marino,Europe,129,17034,0,115
2022-05-29,San Marino,Europe,86,17120,0,115
2022-06-05,San Marino,Europe,89,17209,0,115
2022-06-12,San Marino,Europe,90,17299,0,115
2022-06-19,San Marino,Europe,210,17509,0,115
2022-06-26,San Marino,Europe,269,17778,0,115
2022-07-03,San Marino,Europe,461,18239,0,115
2022-07-10,San Marino,Europe,492,18731,1,116
2022-07-17,San Marino,Europe,522,19253,1,117
2022-07-24,San Marino,Europe,368,19621,1,118
2022-07-31,San Marino,Europe,280,19901,0,118
2022-08-07,San Marino,Europe,145,20046,0,118
2022-08-14,San Marino,Europe,115,20161,0,118
2022-08-21,San Marino,Europe,86,20247,0,118
2022-08-28,San Marino,Europe,95,20342,0,118
2022-09-04,San Marino,Europe,74,20416,0,118
2022-09-11,San Marino,Europe,85,20501,0,118
2022-09-18,San Marino,Europe,66,20567,0,118
2022-09-25,San Marino,Europe,104,20671,0,118
2022-10-02,San Marino,Europe,157,20828,0,118
2022-10-09,San Marino,Europe,226,21054,0,118
2022-10-16,San Marino,Europe,241,21295,0,118
2022-10-23,San Marino,Europe,175,21470,1,119
2022-10-30,San Marino,Europe,135,21605,0,119
2022-11-06,San Marino,Europe,79,21684,0,119
2022-11-13,San Marino,Europe,111,21795,0,119
2022-11-20,San Marino,Europe,152,21947,0,119
2022-11-27,San Marino,Europe,221,22168,0,119
2022-12-04,San Marino,Europe,239,22407,0,119
2022-12-11,San Marino,Europe,211,22618,1,120
2022-12-18,San Marino,Europe,199,22817,0,120
2022-12-25,San Marino,Europe,190,23007,1,121
2023-01-01,San Marino,Europe,170,23177,0,121
2023-01-08,San Marino,Europe,114,23291,0,121
2023-01-15,San Marino,Europe,81,23372,1,122
2023-01-22,San Marino,Europe,33,23405,0,122
2023-01-29,San Marino,Europe,22,23427,0,122
2023-02-05,San Marino,Europe,41,23468,0,122
2023-02-12,San Marino,Europe,26,23494,0,122
2023-02-19,San Marino,Europe,43,23537,0,122
2023-02-26,San Marino,Europe,46,23583,0,122
2023-03-05,San Marino,Europe,33,23616,0,122
2023-03-12,San Marino,Europe,48,23664,0,122
2023-03-19,San Marino,Europe,83,23747,1,123
2023-03-26,San Marino,Europe,52,23799,0,123
2023-04-02,San Marino,Europe,47,23846,0,123
2023-04-09,San Marino,Europe,37,23883,0,123
2023-04-16,San Marino,Europe,77,23960,0,123
2023-04-23,San Marino,Europe,73,24033,1,124
2023-04-30,San Marino,Europe,100,24133,1,125
2023-05-07,San Marino,Europe,75,24208,0,125
2023-05-14,San Marino,Europe,37,24245,0,125
2023-05-21,San Marino,Europe,23,24268,0,125
2023-05-28,San Marino,Europe,17,24285,0,125
2023-06-04,San Marino,Europe,14,24299,0,125
2023-06-11,San Marino,Europe,12,24311,0,125
2023-06-18,San Marino,Europe,8,24319,0,125
2023-06-25,San Marino,Europe,7,24326,0,125
2023-07-02,San Marino,Europe,0,24326,0,125
2023-07-09,San Marino,Europe,0,24326,0,125
2023-07-16,San Marino,Europe,13,24339,0,125
2023-07-23,San Marino,Europe,10,24349,0,125
2023-07-30,San Marino,Europe,9,24358,0,125
2023-08-06,San Marino,Europe,9,24367,0,125
2023-08-13,San Marino,Europe,15,24382,0,125
2023-08-20,San Marino,Europe,0,24382,0,125
2023-08-27,San Marino,Europe,34,24416,1,126
2023-09-03,San Marino,Europe,31,24447,0,126
2023-09-10,San Marino,Europe,57,24504,0,126
2023-09-17,San Marino,Europe,36,24540,0,126
2023-09-24,San Marino,Europe,55,24595,0,126
2023-10-01,San Marino,Europe,49,24644,0,126
2023-10-08,San Marino,Europe,53,24697,0,126
2023-10-15,San Marino,Europe,0,24697,0,126
2023-10-22,San Marino,Europe,0,24697,0,126
2023-10-29,San Marino,Europe,63,24760,0,126
2023-11-05,San Marino,Europe,44,24804,0,126
2023-11-12,San Marino,Europe,66,24870,0,126
2023-11-19,San Marino,Europe,263,25133,0,126
2023-11-26,San Marino,Europe,159,25292,0,126
2023-12-03,San Marino,Europe,0,25292,0,126
2023-12-10,San Marino,Europe,0,25292,0,126
2023-12-17,San Marino,Europe,0,25292,0,126
2023-12-24,San Marino,Europe,0,25292,0,126
2023-12-31,San Marino,Europe,0,25292,0,126
2024-01-07,San Marino,Europe,0,25292,0,126
2024-01-14,San Marino,Europe,0,25292,0,126
2024-01-21,San Marino,Europe,0,25292,0,126
2024-01-28,San Marino,Europe,0,25292,0,126
2024-02-04,San Marino,Europe,0,25292,0,126
2024-02-11,San Marino,Europe,0,25292,0,126
2024-02-18,San Marino,Europe,0,25292,0,126
2024-02-25,San Marino,Europe,0,25292,0,126
2024-03-03,San Marino,Europe,0,25292,0,126
2024-03-10,San Marino,Europe,0,25292,0,126
2024-03-17,San Marino,Europe,0,25292,0,126
2024-03-24,San Marino,Europe,0,25292,0,126
2024-03-31,San Marino,Europe,0,25292,0,126
2024-04-07,San Marino,Europe,0,25292,0,126
2024-04-14,San Marino,Europe,0,25292,0,126
2024-04-21,San Marino,Europe,0,25292,0,126
2024-04-28,San Marino,Europe,0,25292,0,126
2024-05-05,San Marino,Europe,0,25292,0,126
2024-05-12,San Marino,Europe,0,25292,0,126
2024-05-19,San Marino,Europe,0,25292,0,126
2024-05-26,San Marino,Europe,0,25292,0,126
2024-06-02,San Marino,Europe,0,25292,0,126
2024-06-09,San Marino,Europe,0,25292,0,126
2024-06-16,San Marino,Europe,0,25292,0,126
2024-06-23,San Marino,Europe,0,25292,0,126
2024-06-30,San Marino,Europe,0,25292,0,126
2024-07-07,San Marino,Europe,0,25292,0,126
2024-07-14,San Marino,Europe,0,25292,0,126
2024-07-21,San Marino,Europe,0,25292,0,126
2024-07-28,San Marino,Europe,0,25292,0,126
2024-08-04,San Marino,Europe,0,25292,0,126
2024-08-11,San Marino,Europe,0,25292,0,126
2024-08-18,San Marino,Europe,0,25292,0,126
2024-08-25,San Marino,Europe,0,25292,0,126
2024-09-01,San Marino,Europe,0,25292,0,126
2020-01-05,Sao Tome and Principe,Africa,0,0,0,0
2020-01-12,Sao Tome and Principe,Africa,0,0,0,0
2020-01-19,Sao Tome and Principe,Africa,0,0,0,0
2020-01-26,Sao Tome and Principe,Africa,0,0,0,0
2020-02-02,Sao Tome and Principe,Africa,0,0,0,0
2020-02-09,Sao Tome and Principe,Africa,0,0,0,0
2020-02-16,Sao Tome and Principe,Africa,0,0,0,0
2020-02-23,Sao Tome and Principe,Africa,0,0,0,0
2020-03-01,Sao Tome and Principe,Africa,0,0,0,0
2020-03-08,Sao Tome and Principe,Africa,0,0,0,0
2020-03-15,Sao Tome and Principe,Africa,0,0,0,0
2020-03-22,Sao Tome and Principe,Africa,0,0,0,0
2020-03-29,Sao Tome and Principe,Africa,0,0,0,0
2020-04-05,Sao Tome and Principe,Africa,0,0,0,0
2020-04-12,Sao Tome and Principe,Africa,4,4,0,0
2020-04-19,Sao Tome and Principe,Africa,0,4,0,0
2020-04-26,Sao Tome and Principe,Africa,4,8,0,0
2020-05-03,Sao Tome and Principe,Africa,15,23,4,4
2020-05-10,Sao Tome and Principe,Africa,189,212,1,5
2020-05-17,Sao Tome and Principe,Africa,28,240,5,10
2020-05-24,Sao Tome and Principe,Africa,51,291,2,12
2020-05-31,Sao Tome and Principe,Africa,188,479,1,13
2020-06-07,Sao Tome and Principe,Africa,34,513,0,13
2020-06-14,Sao Tome and Principe,Africa,146,659,0,13
2020-06-21,Sao Tome and Principe,Africa,39,698,0,13
2020-06-28,Sao Tome and Principe,Africa,15,713,0,13
2020-07-05,Sao Tome and Principe,Africa,6,719,0,13
2020-07-12,Sao Tome and Principe,Africa,8,727,1,14
2020-07-19,Sao Tome and Principe,Africa,16,743,0,14
2020-07-26,Sao Tome and Principe,Africa,119,862,0,14
2020-08-02,Sao Tome and Principe,Africa,12,874,1,15
2020-08-09,Sao Tome and Principe,Africa,4,878,0,15
2020-08-16,Sao Tome and Principe,Africa,7,885,0,15
2020-08-23,Sao Tome and Principe,Africa,7,892,0,15
2020-08-30,Sao Tome and Principe,Africa,3,895,0,15
2020-09-06,Sao Tome and Principe,Africa,3,898,0,15
2020-09-13,Sao Tome and Principe,Africa,8,906,0,15
2020-09-20,Sao Tome and Principe,Africa,2,908,0,15
2020-09-27,Sao Tome and Principe,Africa,3,911,0,15
2020-10-04,Sao Tome and Principe,Africa,2,913,0,15
2020-10-11,Sao Tome and Principe,Africa,9,922,0,15
2020-10-18,Sao Tome and Principe,Africa,10,932,0,15
2020-10-25,Sao Tome and Principe,Africa,8,940,0,15
2020-11-01,Sao Tome and Principe,Africa,5,945,1,16
2020-11-08,Sao Tome and Principe,Africa,17,962,0,16
2020-11-15,Sao Tome and Principe,Africa,2,964,0,16
2020-11-22,Sao Tome and Principe,Africa,15,979,1,17
2020-11-29,Sao Tome and Principe,Africa,6,985,0,17
2020-12-06,Sao Tome and Principe,Africa,14,999,0,17
2020-12-13,Sao Tome and Principe,Africa,10,1009,0,17
2020-12-20,Sao Tome and Principe,Africa,3,1012,0,17
2020-12-27,Sao Tome and Principe,Africa,2,1014,0,17
2021-01-03,Sao Tome and Principe,Africa,10,1024,0,17
2021-01-10,Sao Tome and Principe,Africa,42,1066,0,17
2021-01-17,Sao Tome and Principe,Africa,64,1130,0,17
2021-01-24,Sao Tome and Principe,Africa,52,1182,0,17
2021-01-31,Sao Tome and Principe,Africa,74,1256,0,17
2021-02-07,Sao Tome and Principe,Africa,83,1339,1,18
2021-02-14,Sao Tome and Principe,Africa,143,1482,1,19
2021-02-21,Sao Tome and Principe,Africa,96,1578,2,21
2021-02-28,Sao Tome and Principe,Africa,208,1786,7,28
2021-03-07,Sao Tome and Principe,Africa,152,1938,3,31
2021-03-14,Sao Tome and Principe,Africa,140,2078,1,32
2021-03-21,Sao Tome and Principe,Africa,64,2142,2,34
2021-03-28,Sao Tome and Principe,Africa,68,2210,0,34
2021-04-04,Sao Tome and Principe,Africa,30,2240,1,35
2021-04-11,Sao Tome and Principe,Africa,23,2263,0,35
2021-04-18,Sao Tome and Principe,Africa,12,2275,0,35
2021-04-25,Sao Tome and Principe,Africa,22,2297,0,35
2021-05-02,Sao Tome and Principe,Africa,13,2310,0,35
2021-05-09,Sao Tome and Principe,Africa,8,2318,0,35
2021-05-16,Sao Tome and Principe,Africa,9,2327,0,35
2021-05-23,Sao Tome and Principe,Africa,9,2336,2,37
2021-05-30,Sao Tome and Principe,Africa,9,2345,0,37
2021-06-06,Sao Tome and Principe,Africa,8,2353,0,37
2021-06-13,Sao Tome and Principe,Africa,4,2357,0,37
2021-06-20,Sao Tome and Principe,Africa,5,2362,0,37
2021-06-27,Sao Tome and Principe,Africa,3,2365,0,37
2021-07-04,Sao Tome and Principe,Africa,11,2376,0,37
2021-07-11,Sao Tome and Principe,Africa,16,2392,0,37
2021-07-18,Sao Tome and Principe,Africa,18,2410,0,37
2021-07-25,Sao Tome and Principe,Africa,14,2424,0,37
2021-08-01,Sao Tome and Principe,Africa,30,2454,0,37
2021-08-08,Sao Tome and Principe,Africa,16,2470,0,37
2021-08-15,Sao Tome and Principe,Africa,18,2488,0,37
2021-08-22,Sao Tome and Principe,Africa,36,2524,0,37
2021-08-29,Sao Tome and Principe,Africa,66,2590,0,37
2021-09-05,Sao Tome and Principe,Africa,93,2683,0,37
2021-09-12,Sao Tome and Principe,Africa,131,2814,2,39
2021-09-19,Sao Tome and Principe,Africa,226,3040,4,43
2021-09-26,Sao Tome and Principe,Africa,298,3338,6,49
2021-10-03,Sao Tome and Principe,Africa,193,3531,3,52
2021-10-10,Sao Tome and Principe,Africa,95,3626,4,56
2021-10-17,Sao Tome and Principe,Africa,49,3675,0,56
2021-10-24,Sao Tome and Principe,Africa,22,3697,0,56
2021-10-31,Sao Tome and Principe,Africa,15,3712,0,56
2021-11-07,Sao Tome and Principe,Africa,9,3721,0,56
2021-11-14,Sao Tome and Principe,Africa,9,3730,0,56
2021-11-21,Sao Tome and Principe,Africa,1,3731,0,56
2021-11-28,Sao Tome and Principe,Africa,0,3731,0,56
2021-12-05,Sao Tome and Principe,Africa,1,3732,0,56
2021-12-12,Sao Tome and Principe,Africa,1,3733,1,57
2021-12-19,Sao Tome and Principe,Africa,2,3735,0,57
2021-12-26,Sao Tome and Principe,Africa,9,3744,0,57
2022-01-02,Sao Tome and Principe,Africa,159,3903,0,57
2022-01-09,Sao Tome and Principe,Africa,832,4735,6,63
2022-01-16,Sao Tome and Principe,Africa,760,5495,2,65
2022-01-23,Sao Tome and Principe,Africa,321,5816,3,68
2022-01-30,Sao Tome and Principe,Africa,67,5883,1,69
2022-02-06,Sao Tome and Principe,Africa,28,5911,2,71
2022-02-13,Sao Tome and Principe,Africa,9,5920,0,71
2022-02-20,Sao Tome and Principe,Africa,5,5925,0,71
2022-02-27,Sao Tome and Principe,Africa,8,5933,1,72
2022-03-06,Sao Tome and Principe,Africa,1,5934,0,72
2022-03-13,Sao Tome and Principe,Africa,0,5934,0,72
2022-03-20,Sao Tome and Principe,Africa,6,5940,1,73
2022-03-27,Sao Tome and Principe,Africa,5,5945,0,73
2022-04-03,Sao Tome and Principe,Africa,0,5945,0,73
2022-04-10,Sao Tome and Principe,Africa,3,5948,0,73
2022-04-17,Sao Tome and Principe,Africa,0,5948,0,73
2022-04-24,Sao Tome and Principe,Africa,5,5953,0,73
2022-05-01,Sao Tome and Principe,Africa,4,5957,0,73
2022-05-08,Sao Tome and Principe,Africa,13,5970,0,73
2022-05-15,Sao Tome and Principe,Africa,0,5970,0,73
2022-05-22,Sao Tome and Principe,Africa,0,5970,0,73
2022-05-29,Sao Tome and Principe,Africa,12,5982,0,73
2022-06-05,Sao Tome and Principe,Africa,9,5991,0,73
2022-06-12,Sao Tome and Principe,Africa,12,6003,0,73
2022-06-19,Sao Tome and Principe,Africa,7,6010,0,73
2022-06-26,Sao Tome and Principe,Africa,13,6023,0,73
2022-07-03,Sao Tome and Principe,Africa,20,6043,0,73
2022-07-10,Sao Tome and Principe,Africa,21,6064,1,74
2022-07-17,Sao Tome and Principe,Africa,15,6079,0,74
2022-07-24,Sao Tome and Principe,Africa,8,6087,0,74
2022-07-31,Sao Tome and Principe,Africa,13,6100,0,74
2022-08-07,Sao Tome and Principe,Africa,15,6115,1,75
2022-08-14,Sao Tome and Principe,Africa,5,6120,1,76
2022-08-21,Sao Tome and Principe,Africa,3,6123,0,76
2022-08-28,Sao Tome and Principe,Africa,13,6136,0,76
2022-09-04,Sao Tome and Principe,Africa,17,6153,0,76
2022-09-11,Sao Tome and Principe,Africa,24,6177,0,76
2022-09-18,Sao Tome and Principe,Africa,16,6193,0,76
2022-09-25,Sao Tome and Principe,Africa,16,6209,1,77
2022-10-02,Sao Tome and Principe,Africa,21,6230,0,77
2022-10-09,Sao Tome and Principe,Africa,6,6236,0,77
2022-10-16,Sao Tome and Principe,Africa,16,6252,0,77
2022-10-23,Sao Tome and Principe,Africa,11,6263,0,77
2022-10-30,Sao Tome and Principe,Africa,3,6266,0,77
2022-11-06,Sao Tome and Principe,Africa,4,6270,0,77
2022-11-13,Sao Tome and Principe,Africa,5,6275,0,77
2022-11-20,Sao Tome and Principe,Africa,0,6275,0,77
2022-11-27,Sao Tome and Principe,Africa,3,6278,0,77
2022-12-04,Sao Tome and Principe,Africa,0,6278,0,77
2022-12-11,Sao Tome and Principe,Africa,1,6279,0,77
2022-12-18,Sao Tome and Principe,Africa,0,6279,0,77
2022-12-25,Sao Tome and Principe,Africa,0,6279,0,77
2023-01-01,Sao Tome and Principe,Africa,0,6279,0,77
2023-01-08,Sao Tome and Principe,Africa,0,6279,0,77
2023-01-15,Sao Tome and Principe,Africa,0,6279,0,77
2023-01-22,Sao Tome and Principe,Africa,0,6279,0,77
2023-01-29,Sao Tome and Principe,Africa,0,6279,0,77
2023-02-05,Sao Tome and Principe,Africa,1,6280,0,77
2023-02-12,Sao Tome and Principe,Africa,0,6280,0,77
2023-02-19,Sao Tome and Principe,Africa,0,6280,0,77
2023-02-26,Sao Tome and Principe,Africa,1,6281,0,77
2023-03-05,Sao Tome and Principe,Africa,0,6281,0,77
2023-03-12,Sao Tome and Principe,Africa,0,6281,0,77
2023-03-19,Sao Tome and Principe,Africa,15,6296,0,77
2023-03-26,Sao Tome and Principe,Africa,53,6349,0,77
2023-04-02,Sao Tome and Principe,Africa,88,6437,1,78
2023-04-09,Sao Tome and Principe,Africa,63,6500,1,79
2023-04-16,Sao Tome and Principe,Africa,42,6542,1,80
2023-04-23,Sao Tome and Principe,Africa,20,6562,0,80
2023-04-30,Sao Tome and Principe,Africa,6,6568,0,80
2023-05-07,Sao Tome and Principe,Africa,1,6569,0,80
2023-05-14,Sao Tome and Principe,Africa,6,6575,0,80
2023-05-21,Sao Tome and Principe,Africa,2,6577,0,80
2023-05-28,Sao Tome and Principe,Africa,4,6581,0,80
2023-06-04,Sao Tome and Principe,Africa,4,6585,0,80
2023-06-11,Sao Tome and Principe,Africa,2,6587,0,80
2023-06-18,Sao Tome and Principe,Africa,1,6588,0,80
2023-06-25,Sao Tome and Principe,Africa,0,6588,0,80
2023-07-02,Sao Tome and Principe,Africa,0,6588,0,80
2023-07-09,Sao Tome and Principe,Africa,0,6588,0,80
2023-07-16,Sao Tome and Principe,Africa,1,6589,0,80
2023-07-23,Sao Tome and Principe,Africa,0,6589,0,80
2023-07-30,Sao Tome and Principe,Africa,0,6589,0,80
2023-08-06,Sao Tome and Principe,Africa,0,6589,0,80
2023-08-13,Sao Tome and Principe,Africa,0,6589,0,80
2023-08-20,Sao Tome and Principe,Africa,0,6589,0,80
2023-08-27,Sao Tome and Principe,Africa,0,6589,0,80
2023-09-03,Sao Tome and Principe,Africa,7,6596,0,80
2023-09-10,Sao Tome and Principe,Africa,0,6596,0,80
2023-09-17,Sao Tome and Principe,Africa,1,6597,0,80
2023-09-24,Sao Tome and Principe,Africa,0,6597,0,80
2023-10-01,Sao Tome and Principe,Africa,0,6597,0,80
2023-10-08,Sao Tome and Principe,Africa,1,6598,0,80
2023-10-15,Sao Tome and Principe,Africa,1,6599,0,80
2023-10-22,Sao Tome and Principe,Africa,2,6601,0,80
2023-10-29,Sao Tome and Principe,Africa,0,6601,0,80
2023-11-05,Sao Tome and Principe,Africa,3,6604,0,80
2023-11-12,Sao Tome and Principe,Africa,3,6607,0,80
2023-11-19,Sao Tome and Principe,Africa,28,6635,0,80
2023-11-26,Sao Tome and Principe,Africa,51,6686,0,80
2023-12-03,Sao Tome and Principe,Africa,33,6719,0,80
2023-12-10,Sao Tome and Principe,Africa,10,6729,0,80
2023-12-17,Sao Tome and Principe,Africa,3,6732,0,80
2023-12-24,Sao Tome and Principe,Africa,2,6734,0,80
2023-12-31,Sao Tome and Principe,Africa,2,6736,0,80
2024-01-07,Sao Tome and Principe,Africa,0,6736,0,80
2024-01-14,Sao Tome and Principe,Africa,0,6736,0,80
2024-01-21,Sao Tome and Principe,Africa,0,6736,0,80
2024-01-28,Sao Tome and Principe,Africa,0,6736,0,80
2024-02-04,Sao Tome and Principe,Africa,0,6736,0,80
2024-02-11,Sao Tome and Principe,Africa,0,6736,0,80
2024-02-18,Sao Tome and Principe,Africa,0,6736,0,80
2024-02-25,Sao Tome and Principe,Africa,0,6736,0,80
2024-03-03,Sao Tome and Principe,Africa,0,6736,0,80
2024-03-10,Sao Tome and Principe,Africa,0,6736,0,80
2024-03-17,Sao Tome and Principe,Africa,5,6741,0,80
2024-03-24,Sao Tome and Principe,Africa,2,6743,0,80
2024-03-31,Sao Tome and Principe,Africa,6,6749,0,80
2024-04-07,Sao Tome and Principe,Africa,13,6762,0,80
2024-04-14,Sao Tome and Principe,Africa,4,6766,0,80
2024-04-21,Sao Tome and Principe,Africa,1,6767,0,80
2024-04-28,Sao Tome and Principe,Africa,3,6770,0,80
2024-05-05,Sao Tome and Principe,Africa,1,6771,0,80
2024-05-12,Sao Tome and Principe,Africa,0,6771,0,80
2024-05-19,Sao Tome and Principe,Africa,0,6771,0,80
2024-05-26,Sao Tome and Principe,Africa,0,6771,0,80
2024-06-02,Sao Tome and Principe,Africa,0,6771,0,80
2024-06-09,Sao Tome and Principe,Africa,0,6771,0,80
2024-06-16,Sao Tome and Principe,Africa,0,6771,0,80
2024-06-23,Sao Tome and Principe,Africa,0,6771,0,80
2024-06-30,Sao Tome and Principe,Africa,0,6771,0,80
2024-07-07,Sao Tome and Principe,Africa,0,6771,0,80
2024-07-14,Sao Tome and Principe,Africa,0,6771,0,80
2024-07-21,Sao Tome and Principe,Africa,0,6771,0,80
2024-07-28,Sao Tome and Principe,Africa,0,6771,0,80
2024-08-04,Sao Tome and Principe,Africa,0,6771,0,80
2024-08-11,Sao Tome and Principe,Africa,0,6771,0,80
2024-08-18,Sao Tome and Principe,Africa,0,6771,0,80
2024-08-25,Sao Tome and Principe,Africa,0,6771,0,80
2024-09-01,Sao Tome and Principe,Africa,0,6771,0,80
2020-01-05,Saudi Arabia,Asia,0,0,0,0
2020-01-12,Saudi Arabia,Asia,0,0,0,0
2020-01-19,Saudi Arabia,Asia,0,0,0,0
2020-01-26,Saudi Arabia,Asia,0,0,0,0
2020-02-02,Saudi Arabia,Asia,0,0,0,0
2020-02-09,Saudi Arabia,Asia,0,0,0,0
2020-02-16,Saudi Arabia,Asia,0,0,0,0
2020-02-23,Saudi Arabia,Asia,0,0,0,0
2020-03-01,Saudi Arabia,Asia,0,0,0,0
2020-03-08,Saudi Arabia,Asia,7,7,0,0
2020-03-15,Saudi Arabia,Asia,96,103,0,0
2020-03-22,Saudi Arabia,Asia,289,392,0,0
2020-03-29,Saudi Arabia,Asia,811,1203,4,4
2020-04-05,Saudi Arabia,Asia,976,2179,25,29
2020-04-12,Saudi Arabia,Asia,1854,4033,23,52
2020-04-19,Saudi Arabia,Asia,4241,8274,40,92
2020-04-26,Saudi Arabia,Asia,8025,16299,44,136
2020-05-03,Saudi Arabia,Asia,9160,25459,40,176
2020-05-10,Saudi Arabia,Asia,11677,37136,63,239
2020-05-17,Saudi Arabia,Asia,14880,52016,63,302
2020-05-24,Saudi Arabia,Asia,18145,70161,77,379
2020-05-31,Saudi Arabia,Asia,13223,83384,101,480
2020-06-07,Saudi Arabia,Asia,15485,98869,196,676
2020-06-14,Saudi Arabia,Asia,24439,123308,256,932
2020-06-21,Saudi Arabia,Asia,30925,154233,298,1230
2020-06-28,Saudi Arabia,Asia,24271,178504,281,1511
2020-07-05,Saudi Arabia,Asia,27425,205929,347,1858
2020-07-12,Saudi Arabia,Asia,23551,229480,323,2181
2020-07-19,Saudi Arabia,Asia,18936,248416,266,2447
2020-07-26,Saudi Arabia,Asia,16557,264973,256,2703
2020-08-02,Saudi Arabia,Asia,12505,277478,184,2887
2020-08-09,Saudi Arabia,Asia,9784,287262,243,3130
2020-08-16,Saudi Arabia,Asia,10053,297315,239,3369
2020-08-23,Saudi Arabia,Asia,9055,306370,250,3619
2020-08-30,Saudi Arabia,Asia,7541,313911,221,3840
2020-09-06,Saudi Arabia,Asia,6021,319932,209,4049
2020-09-13,Saudi Arabia,Asia,5118,325050,191,4240
2020-09-20,Saudi Arabia,Asia,4221,329271,218,4458
2020-09-27,Saudi Arabia,Asia,3519,332790,197,4655
2020-10-04,Saudi Arabia,Asia,3207,335997,195,4850
2020-10-11,Saudi Arabia,Asia,2947,338944,168,5018
2020-10-18,Saudi Arabia,Asia,2910,341854,147,5165
2020-10-25,Saudi Arabia,Asia,2698,344552,116,5281
2020-11-01,Saudi Arabia,Asia,2730,347282,121,5402
2020-11-08,Saudi Arabia,Asia,2947,350229,123,5525
2020-11-15,Saudi Arabia,Asia,2721,352950,116,5641
2020-11-22,Saudi Arabia,Asia,2084,355034,120,5761
2020-11-29,Saudi Arabia,Asia,1877,356911,109,5870
2020-12-06,Saudi Arabia,Asia,1615,358526,84,5954
2020-12-13,Saudi Arabia,Asia,1223,359749,82,6036
2020-12-20,Saudi Arabia,Asia,1099,360848,76,6112
2020-12-27,Saudi Arabia,Asia,1218,362066,64,6176
2021-01-03,Saudi Arabia,Asia,913,362979,63,6239
2021-01-10,Saudi Arabia,Asia,713,363692,47,6286
2021-01-17,Saudi Arabia,Asia,1061,364753,32,6318
2021-01-24,Saudi Arabia,Asia,1432,366185,32,6350
2021-01-31,Saudi Arabia,Asia,1628,367813,22,6372
2021-02-07,Saudi Arabia,Asia,2148,369961,25,6397
2021-02-14,Saudi Arabia,Asia,2449,372410,31,6428
2021-02-21,Saudi Arabia,Asia,2281,374691,29,6457
2021-02-28,Saudi Arabia,Asia,2370,377061,31,6488
2021-03-07,Saudi Arabia,Asia,2413,379474,36,6524
2021-03-14,Saudi Arabia,Asia,2585,382059,39,6563
2021-03-21,Saudi Arabia,Asia,2594,384653,39,6602
2021-03-28,Saudi Arabia,Asia,3141,387794,41,6643
2021-04-04,Saudi Arabia,Asia,4215,392009,47,6690
2021-04-11,Saudi Arabia,Asia,5627,397636,57,6747
2021-04-18,Saudi Arabia,Asia,6418,404054,63,6810
2021-04-25,Saudi Arabia,Asia,7209,411263,77,6887
2021-05-02,Saudi Arabia,Asia,7148,418411,81,6968
2021-05-09,Saudi Arabia,Asia,7031,425442,91,7059
2021-05-16,Saudi Arabia,Asia,6827,432269,88,7147
2021-05-23,Saudi Arabia,Asia,7578,439847,90,7237
2021-05-30,Saudi Arabia,Asia,8437,448284,97,7334
2021-06-06,Saudi Arabia,Asia,8278,456562,106,7440
2021-06-13,Saudi Arabia,Asia,8218,464780,113,7553
2021-06-20,Saudi Arabia,Asia,8332,473112,110,7663
2021-06-27,Saudi Arabia,Asia,8891,482003,97,7760
2021-07-04,Saudi Arabia,Asia,9609,491612,103,7863
2021-07-11,Saudi Arabia,Asia,8471,500083,100,7963
2021-07-18,Saudi Arabia,Asia,8438,508521,100,8063
2021-07-25,Saudi Arabia,Asia,8428,516949,92,8155
2021-08-01,Saudi Arabia,Asia,8781,525730,82,8237
2021-08-08,Saudi Arabia,Asia,7055,532785,83,8320
2021-08-15,Saudi Arabia,Asia,5198,537983,79,8399
2021-08-22,Saudi Arabia,Asia,3627,541610,70,8469
2021-08-29,Saudi Arabia,Asia,2186,543796,57,8526
2021-09-05,Saudi Arabia,Asia,1327,545123,46,8572
2021-09-12,Saudi Arabia,Asia,789,545912,45,8617
2021-09-19,Saudi Arabia,Asia,567,546479,39,8656
2021-09-26,Saudi Arabia,Asia,403,546882,38,8694
2021-10-03,Saudi Arabia,Asia,339,547221,28,8722
2021-10-10,Saudi Arabia,Asia,311,547532,21,8743
2021-10-17,Saudi Arabia,Asia,358,547890,17,8760
2021-10-24,Saudi Arabia,Asia,315,548205,16,8776
2021-10-31,Saudi Arabia,Asia,366,548571,17,8793
2021-11-07,Saudi Arabia,Asia,319,548890,10,8803
2021-11-14,Saudi Arabia,Asia,302,549192,8,8811
2021-11-21,Saudi Arabia,Asia,251,549443,12,8823
2021-11-28,Saudi Arabia,Asia,228,549671,9,8832
2021-12-05,Saudi Arabia,Asia,206,549877,10,8842
2021-12-12,Saudi Arabia,Asia,312,550189,10,8852
2021-12-19,Saudi Arabia,Asia,549,550738,9,8861
2021-12-26,Saudi Arabia,Asia,1668,552406,9,8870
2022-01-02,Saudi Arabia,Asia,4676,557082,8,8878
2022-01-09,Saudi Arabia,Asia,18211,575293,14,8892
2022-01-16,Saudi Arabia,Asia,34660,609953,13,8905
2022-01-23,Saudi Arabia,Asia,37866,647819,13,8918
2022-01-30,Saudi Arabia,Asia,31565,679384,15,8933
2022-02-06,Saudi Arabia,Asia,26253,705637,20,8953
2022-02-13,Saudi Arabia,Asia,20614,726251,18,8971
2022-02-20,Saudi Arabia,Asia,12080,738331,11,8982
2022-02-27,Saudi Arabia,Asia,5411,743742,12,8994
2022-03-06,Saudi Arabia,Asia,3377,747119,12,9006
2022-03-13,Saudi Arabia,Asia,1505,748624,11,9017
2022-03-20,Saudi Arabia,Asia,847,749471,10,9027
2022-03-27,Saudi Arabia,Asia,787,750258,11,9038
2022-04-03,Saudi Arabia,Asia,740,750998,9,9047
2022-04-10,Saudi Arabia,Asia,719,751717,8,9055
2022-04-17,Saudi Arabia,Asia,762,752479,13,9068
2022-04-24,Saudi Arabia,Asia,853,753332,8,9076
2022-05-01,Saudi Arabia,Asia,679,754011,12,9088
2022-05-08,Saudi Arabia,Asia,1065,755076,11,9099
2022-05-15,Saudi Arabia,Asia,3719,758795,15,9114
2022-05-22,Saudi Arabia,Asia,3780,762575,14,9128
2022-05-29,Saudi Arabia,Asia,3621,766196,15,9143
2022-06-05,Saudi Arabia,Asia,4454,770650,12,9155
2022-06-12,Saudi Arabia,Asia,6240,776890,15,9170
2022-06-19,Saudi Arabia,Asia,7017,783907,15,9185
2022-06-26,Saudi Arabia,Asia,7050,790957,13,9198
2022-07-03,Saudi Arabia,Asia,5311,796268,13,9211
2022-07-10,Saudi Arabia,Asia,3520,799788,9,9220
2022-07-17,Saudi Arabia,Asia,3370,803158,10,9230
2022-07-24,Saudi Arabia,Asia,4057,807215,8,9238
2022-07-31,Saudi Arabia,Asia,2234,809449,12,9250
2022-08-07,Saudi Arabia,Asia,1438,810887,10,9260
2022-08-14,Saudi Arabia,Asia,966,811853,9,9269
2022-08-21,Saudi Arabia,Asia,682,812535,7,9276
2022-08-28,Saudi Arabia,Asia,572,813107,13,9289
2022-09-04,Saudi Arabia,Asia,575,813682,13,9302
2022-09-11,Saudi Arabia,Asia,674,814356,13,9315
2022-09-18,Saudi Arabia,Asia,741,815097,15,9330
2022-09-25,Saudi Arabia,Asia,646,815743,11,9341
2022-10-02,Saudi Arabia,Asia,832,816575,12,9353
2022-10-09,Saudi Arabia,Asia,915,817490,12,9365
2022-10-16,Saudi Arabia,Asia,1208,818698,15,9380
2022-10-23,Saudi Arabia,Asia,1458,820156,12,9392
2022-10-30,Saudi Arabia,Asia,1781,821937,13,9405
2022-11-06,Saudi Arabia,Asia,1557,823494,12,9417
2022-11-13,Saudi Arabia,Asia,944,824438,15,9432
2022-11-20,Saudi Arabia,Asia,591,825029,14,9446
2022-11-27,Saudi Arabia,Asia,373,825402,11,9457
2022-12-04,Saudi Arabia,Asia,316,825718,14,9471
2022-12-11,Saudi Arabia,Asia,435,826153,11,9482
2022-12-18,Saudi Arabia,Asia,325,826478,12,9494
2022-12-25,Saudi Arabia,Asia,288,826766,14,9508
2023-01-01,Saudi Arabia,Asia,238,827004,10,9518
2023-01-08,Saudi Arabia,Asia,186,827190,11,9529
2023-01-15,Saudi Arabia,Asia,182,827372,13,9542
2023-01-22,Saudi Arabia,Asia,206,827578,13,9555
2023-01-29,Saudi Arabia,Asia,250,827828,13,9568
2023-02-05,Saudi Arabia,Asia,303,828131,11,9579
2023-02-12,Saudi Arabia,Asia,355,828486,12,9591
2023-02-19,Saudi Arabia,Asia,388,828874,9,9600
2023-02-26,Saudi Arabia,Asia,354,829228,13,9613
2023-03-05,Saudi Arabia,Asia,502,829730,4,9617
2023-03-12,Saudi Arabia,Asia,563,830293,4,9621
2023-03-19,Saudi Arabia,Asia,1018,831311,3,9624
2023-03-26,Saudi Arabia,Asia,1118,832429,3,9627
2023-04-02,Saudi Arabia,Asia,1638,834067,4,9631
2023-04-09,Saudi Arabia,Asia,2375,836442,4,9635
2023-04-16,Saudi Arabia,Asia,1933,838375,3,9638
2023-04-23,Saudi Arabia,Asia,844,839219,3,9641
2023-04-30,Saudi Arabia,Asia,1306,840525,3,9644
2023-05-07,Saudi Arabia,Asia,944,841469,2,9646
2023-05-14,Saudi Arabia,Asia,0,841469,0,9646
2023-05-21,Saudi Arabia,Asia,0,841469,0,9646
2023-05-28,Saudi Arabia,Asia,0,841469,0,9646
2023-06-04,Saudi Arabia,Asia,0,841469,0,9646
2023-06-11,Saudi Arabia,Asia,0,841469,0,9646
2023-06-18,Saudi Arabia,Asia,0,841469,0,9646
2023-06-25,Saudi Arabia,Asia,0,841469,0,9646
2023-07-02,Saudi Arabia,Asia,0,841469,0,9646
2023-07-09,Saudi Arabia,Asia,0,841469,0,9646
2023-07-16,Saudi Arabia,Asia,0,841469,0,9646
2023-07-23,Saudi Arabia,Asia,0,841469,0,9646
2023-07-30,Saudi Arabia,Asia,0,841469,0,9646
2023-08-06,Saudi Arabia,Asia,0,841469,0,9646
2023-08-13,Saudi Arabia,Asia,0,841469,0,9646
2023-08-20,Saudi Arabia,Asia,0,841469,0,9646
2023-08-27,Saudi Arabia,Asia,0,841469,0,9646
2023-09-03,Saudi Arabia,Asia,0,841469,0,9646
2023-09-10,Saudi Arabia,Asia,0,841469,0,9646
2023-09-17,Saudi Arabia,Asia,0,841469,0,9646
2023-09-24,Saudi Arabia,Asia,0,841469,0,9646
2023-10-01,Saudi Arabia,Asia,0,841469,0,9646
2023-10-08,Saudi Arabia,Asia,0,841469,0,9646
2023-10-15,Saudi Arabia,Asia,0,841469,0,9646
2023-10-22,Saudi Arabia,Asia,0,841469,0,9646
2023-10-29,Saudi Arabia,Asia,0,841469,0,9646
2023-11-05,Saudi Arabia,Asia,0,841469,0,9646
2023-11-12,Saudi Arabia,Asia,0,841469,0,9646
2023-11-19,Saudi Arabia,Asia,0,841469,0,9646
2023-11-26,Saudi Arabia,Asia,0,841469,0,9646
2023-12-03,Saudi Arabia,Asia,0,841469,0,9646
2023-12-10,Saudi Arabia,Asia,0,841469,0,9646
2023-12-17,Saudi Arabia,Asia,0,841469,0,9646
2023-12-24,Saudi Arabia,Asia,0,841469,0,9646
2023-12-31,Saudi Arabia,Asia,0,841469,0,9646
2024-01-07,Saudi Arabia,Asia,0,841469,0,9646
2024-01-14,Saudi Arabia,Asia,0,841469,0,9646
2024-01-21,Saudi Arabia,Asia,0,841469,0,9646
2024-01-28,Saudi Arabia,Asia,0,841469,0,9646
2024-02-04,Saudi Arabia,Asia,0,841469,0,9646
2024-02-11,Saudi Arabia,Asia,0,841469,0,9646
2024-02-18,Saudi Arabia,Asia,0,841469,0,9646
2024-02-25,Saudi Arabia,Asia,0,841469,0,9646
2024-03-03,Saudi Arabia,Asia,0,841469,0,9646
2024-03-10,Saudi Arabia,Asia,0,841469,0,9646
2024-03-17,Saudi Arabia,Asia,0,841469,0,9646
2024-03-24,Saudi Arabia,Asia,0,841469,0,9646
2024-03-31,Saudi Arabia,Asia,0,841469,0,9646
2024-04-07,Saudi Arabia,Asia,0,841469,0,9646
2024-04-14,Saudi Arabia,Asia,0,841469,0,9646
2024-04-21,Saudi Arabia,Asia,0,841469,0,9646
2024-04-28,Saudi Arabia,Asia,0,841469,0,9646
2024-05-05,Saudi Arabia,Asia,0,841469,0,9646
2024-05-12,Saudi Arabia,Asia,0,841469,0,9646
2024-05-19,Saudi Arabia,Asia,0,841469,0,9646
2024-05-26,Saudi Arabia,Asia,0,841469,0,9646
2024-06-02,Saudi Arabia,Asia,0,841469,0,9646
2024-06-09,Saudi Arabia,Asia,0,841469,0,9646
2024-06-16,Saudi Arabia,Asia,0,841469,0,9646
2024-06-23,Saudi Arabia,Asia,0,841469,0,9646
2024-06-30,Saudi Arabia,Asia,0,841469,0,9646
2024-07-07,Saudi Arabia,Asia,0,841469,0,9646
2024-07-14,Saudi Arabia,Asia,0,841469,0,9646
2024-07-21,Saudi Arabia,Asia,0,841469,0,9646
2024-07-28,Saudi Arabia,Asia,0,841469,0,9646
2024-08-04,Saudi Arabia,Asia,0,841469,0,9646
2024-08-11,Saudi Arabia,Asia,0,841469,0,9646
2024-08-18,Saudi Arabia,Asia,0,841469,0,9646
2024-08-25,Saudi Arabia,Asia,0,841469,0,9646
2024-09-01,Saudi Arabia,Asia,0,841469,0,9646
2020-01-05,Senegal,Africa,0,0,0,0
2020-01-12,Senegal,Africa,0,0,0,0
2020-01-19,Senegal,Africa,0,0,0,0
2020-01-26,Senegal,Africa,0,0,0,0
2020-02-02,Senegal,Africa,0,0,0,0
2020-02-09,Senegal,Africa,0,0,0,0
2020-02-16,Senegal,Africa,0,0,0,0
2020-02-23,Senegal,Africa,0,0,0,0
2020-03-01,Senegal,Africa,0,0,0,0
2020-03-08,Senegal,Africa,4,4,0,0
2020-03-15,Senegal,Africa,23,27,0,0
2020-03-22,Senegal,Africa,43,70,0,0
2020-03-29,Senegal,Africa,74,144,0,0
2020-04-05,Senegal,Africa,80,224,0,0
2020-04-12,Senegal,Africa,66,290,0,0
2020-04-19,Senegal,Africa,49,339,0,0
2020-04-26,Senegal,Africa,181,520,0,0
2020-05-03,Senegal,Africa,595,1115,0,0
2020-05-10,Senegal,Africa,519,1634,0,0
2020-05-17,Senegal,Africa,795,2429,0,0
2020-05-24,Senegal,Africa,547,2976,0,0
2020-05-31,Senegal,Africa,559,3535,0,0
2020-06-07,Senegal,Africa,714,4249,0,0
2020-06-14,Senegal,Africa,747,4996,0,0
2020-06-21,Senegal,Africa,787,5783,0,0
2020-06-28,Senegal,Africa,676,6459,0,0
2020-07-05,Senegal,Africa,813,7272,0,0
2020-07-12,Senegal,Africa,742,8014,148,148
2020-07-19,Senegal,Africa,655,8669,19,167
2020-07-26,Senegal,Africa,883,9552,24,191
2020-08-02,Senegal,Africa,732,10284,18,209
2020-08-09,Senegal,Africa,719,11003,23,232
2020-08-16,Senegal,Africa,1029,12032,21,253
2020-08-23,Senegal,Africa,818,12850,16,269
2020-08-30,Senegal,Africa,606,13456,15,284
2020-09-06,Senegal,Africa,492,13948,6,290
2020-09-13,Senegal,Africa,289,14237,7,297
2020-09-20,Senegal,Africa,451,14688,5,302
2020-09-27,Senegal,Africa,181,14869,6,308
2020-10-04,Senegal,Africa,199,15068,4,312
2020-10-11,Senegal,Africa,176,15244,2,314
2020-10-18,Senegal,Africa,148,15392,3,317
2020-10-25,Senegal,Africa,151,15543,4,321
2020-11-01,Senegal,Africa,73,15616,4,325
2020-11-08,Senegal,Africa,77,15693,1,326
2020-11-15,Senegal,Africa,86,15779,1,327
2020-11-22,Senegal,Africa,86,15865,3,330
2020-11-29,Senegal,Africa,162,16027,3,333
2020-12-06,Senegal,Africa,370,16397,4,337
2020-12-13,Senegal,Africa,664,17061,12,349
2020-12-20,Senegal,Africa,609,17670,12,361
2020-12-27,Senegal,Africa,853,18523,26,387
2021-01-03,Senegal,Africa,988,19511,29,416
2021-01-10,Senegal,Africa,1489,21000,43,459
2021-01-17,Senegal,Africa,1738,22738,50,509
2021-01-24,Senegal,Africa,1722,24460,60,569
2021-01-31,Senegal,Africa,1753,26213,52,621
2021-02-07,Senegal,Africa,2276,28489,54,675
2021-02-14,Senegal,Africa,2152,30641,66,741
2021-02-21,Senegal,Africa,1989,32630,54,795
2021-02-28,Senegal,Africa,1625,34255,71,866
2021-03-07,Senegal,Africa,1377,35632,53,919
2021-03-14,Senegal,Africa,1094,36726,44,963
2021-03-21,Senegal,Africa,967,37693,50,1013
2021-03-28,Senegal,Africa,763,38456,21,1034
2021-04-04,Senegal,Africa,497,38953,29,1063
2021-04-11,Senegal,Africa,411,39364,14,1077
2021-04-18,Senegal,Africa,367,39731,13,1090
2021-04-25,Senegal,Africa,351,40082,9,1099
2021-05-02,Senegal,Africa,306,40388,10,1109
2021-05-09,Senegal,Africa,277,40665,8,1117
2021-05-16,Senegal,Africa,163,40828,7,1124
2021-05-23,Senegal,Africa,234,41062,6,1130
2021-05-30,Senegal,Africa,269,41331,8,1138
2021-06-06,Senegal,Africa,300,41631,7,1145
2021-06-13,Senegal,Africa,321,41952,6,1151
2021-06-20,Senegal,Africa,381,42333,7,1158
2021-06-27,Senegal,Africa,518,42851,5,1163
2021-07-04,Senegal,Africa,776,43627,8,1171
2021-07-11,Senegal,Africa,2019,45646,19,1190
2021-07-18,Senegal,Africa,4728,50374,24,1214
2021-07-25,Senegal,Africa,6199,56573,55,1269
2021-08-01,Senegal,Africa,5717,62290,84,1353
2021-08-08,Senegal,Africa,4608,66898,114,1467
2021-08-15,Senegal,Africa,3515,70413,120,1587
2021-08-22,Senegal,Africa,1359,71772,72,1659
2021-08-29,Senegal,Africa,846,72618,83,1742
2021-09-05,Senegal,Africa,486,73104,52,1794
2021-09-12,Senegal,Africa,336,73440,34,1828
2021-09-19,Senegal,Africa,182,73622,17,1845
2021-09-26,Senegal,Africa,106,73728,10,1855
2021-10-03,Senegal,Africa,65,73793,4,1859
2021-10-10,Senegal,Africa,42,73835,9,1868
2021-10-17,Senegal,Africa,30,73865,3,1871
2021-10-24,Senegal,Africa,26,73891,6,1877
2021-10-31,Senegal,Africa,26,73917,1,1878
2021-11-07,Senegal,Africa,18,73935,2,1880
2021-11-14,Senegal,Africa,16,73951,1,1881
2021-11-21,Senegal,Africa,14,73965,2,1883
2021-11-28,Senegal,Africa,16,73981,2,1885
2021-12-05,Senegal,Africa,32,74013,1,1886
2021-12-12,Senegal,Africa,63,74076,0,1886
2021-12-19,Senegal,Africa,65,74141,0,1886
2021-12-26,Senegal,Africa,212,74353,4,1890
2022-01-02,Senegal,Africa,984,75337,0,1890
2022-01-09,Senegal,Africa,3287,78624,6,1896
2022-01-16,Senegal,Africa,3647,82271,12,1908
2022-01-23,Senegal,Africa,1847,84118,15,1923
2022-01-30,Senegal,Africa,738,84856,18,1941
2022-02-06,Senegal,Africa,322,85178,14,1955
2022-02-13,Senegal,Africa,192,85370,1,1956
2022-02-20,Senegal,Africa,175,85545,2,1958
2022-02-27,Senegal,Africa,121,85666,2,1960
2022-03-06,Senegal,Africa,81,85747,1,1961
2022-03-13,Senegal,Africa,45,85792,3,1964
2022-03-20,Senegal,Africa,29,85821,0,1964
2022-03-27,Senegal,Africa,39,85860,0,1964
2022-04-03,Senegal,Africa,51,85911,1,1965
2022-04-10,Senegal,Africa,38,85949,0,1965
2022-04-17,Senegal,Africa,18,85967,0,1965
2022-04-24,Senegal,Africa,17,85984,1,1966
2022-05-01,Senegal,Africa,13,85997,0,1966
2022-05-08,Senegal,Africa,15,86012,0,1966
2022-05-15,Senegal,Africa,23,86035,0,1966
2022-05-22,Senegal,Africa,32,86067,0,1966
2022-05-29,Senegal,Africa,34,86101,0,1966
2022-06-05,Senegal,Africa,32,86133,0,1966
2022-06-12,Senegal,Africa,17,86150,1,1967
2022-06-19,Senegal,Africa,51,86201,1,1968
2022-06-26,Senegal,Africa,74,86275,0,1968
2022-07-03,Senegal,Africa,73,86348,0,1968
2022-07-10,Senegal,Africa,133,86481,0,1968
2022-07-17,Senegal,Africa,263,86744,0,1968
2022-07-24,Senegal,Africa,293,87037,0,1968
2022-07-31,Senegal,Africa,305,87342,0,1968
2022-08-07,Senegal,Africa,208,87550,0,1968
2022-08-14,Senegal,Africa,202,87752,0,1968
2022-08-21,Senegal,Africa,192,87944,0,1968
2022-08-28,Senegal,Africa,108,88052,0,1968
2022-09-04,Senegal,Africa,80,88132,0,1968
2022-09-11,Senegal,Africa,67,88199,0,1968
2022-09-18,Senegal,Africa,80,88279,0,1968
2022-09-25,Senegal,Africa,70,88349,0,1968
2022-10-02,Senegal,Africa,70,88419,0,1968
2022-10-09,Senegal,Africa,100,88519,0,1968
2022-10-16,Senegal,Africa,92,88611,0,1968
2022-10-23,Senegal,Africa,91,88702,0,1968
2022-10-30,Senegal,Africa,77,88779,0,1968
2022-11-06,Senegal,Africa,40,88819,0,1968
2022-11-13,Senegal,Africa,19,88838,0,1968
2022-11-20,Senegal,Africa,15,88853,0,1968
2022-11-27,Senegal,Africa,16,88869,0,1968
2022-12-04,Senegal,Africa,13,88882,0,1968
2022-12-11,Senegal,Africa,6,88888,0,1968
2022-12-18,Senegal,Africa,7,88895,0,1968
2022-12-25,Senegal,Africa,5,88900,0,1968
2023-01-01,Senegal,Africa,0,88900,0,1968
2023-01-08,Senegal,Africa,0,88900,3,1971
2023-01-15,Senegal,Africa,2,88902,0,1971
2023-01-22,Senegal,Africa,0,88902,0,1971
2023-01-29,Senegal,Africa,3,88905,0,1971
2023-02-05,Senegal,Africa,1,88906,0,1971
2023-02-12,Senegal,Africa,1,88907,0,1971
2023-02-19,Senegal,Africa,3,88910,0,1971
2023-02-26,Senegal,Africa,7,88917,0,1971
2023-03-05,Senegal,Africa,9,88926,0,1971
2023-03-12,Senegal,Africa,7,88933,0,1971
2023-03-19,Senegal,Africa,12,88945,0,1971
2023-03-26,Senegal,Africa,6,88951,0,1971
2023-04-02,Senegal,Africa,22,88973,0,1971
2023-04-09,Senegal,Africa,5,88978,0,1971
2023-04-16,Senegal,Africa,11,88989,0,1971
2023-04-23,Senegal,Africa,4,88993,0,1971
2023-04-30,Senegal,Africa,4,88997,0,1971
2023-05-07,Senegal,Africa,0,88997,0,1971
2023-05-14,Senegal,Africa,1,88998,0,1971
2023-05-21,Senegal,Africa,1,88999,0,1971
2023-05-28,Senegal,Africa,0,88999,0,1971
2023-06-04,Senegal,Africa,0,88999,0,1971
2023-06-11,Senegal,Africa,0,88999,0,1971
2023-06-18,Senegal,Africa,0,88999,0,1971
2023-06-25,Senegal,Africa,4,89003,0,1971
2023-07-02,Senegal,Africa,2,89005,0,1971
2023-07-09,Senegal,Africa,2,89007,0,1971
2023-07-16,Senegal,Africa,0,89007,0,1971
2023-07-23,Senegal,Africa,1,89008,0,1971
2023-07-30,Senegal,Africa,3,89011,0,1971
2023-08-06,Senegal,Africa,3,89014,0,1971
2023-08-13,Senegal,Africa,0,89014,0,1971
2023-08-20,Senegal,Africa,6,89020,0,1971
2023-08-27,Senegal,Africa,0,89020,0,1971
2023-09-03,Senegal,Africa,1,89021,0,1971
2023-09-10,Senegal,Africa,1,89022,0,1971
2023-09-17,Senegal,Africa,0,89022,0,1971
2023-09-24,Senegal,Africa,0,89022,0,1971
2023-10-01,Senegal,Africa,0,89022,0,1971
2023-10-08,Senegal,Africa,2,89024,0,1971
2023-10-15,Senegal,Africa,2,89026,0,1971
2023-10-22,Senegal,Africa,1,89027,0,1971
2023-10-29,Senegal,Africa,0,89027,0,1971
2023-11-05,Senegal,Africa,0,89027,0,1971
2023-11-12,Senegal,Africa,0,89027,0,1971
2023-11-19,Senegal,Africa,2,89029,0,1971
2023-11-26,Senegal,Africa,1,89030,0,1971
2023-12-03,Senegal,Africa,3,89033,0,1971
2023-12-10,Senegal,Africa,0,89033,0,1971
2023-12-17,Senegal,Africa,17,89050,0,1971
2023-12-24,Senegal,Africa,0,89050,0,1971
2023-12-31,Senegal,Africa,0,89050,0,1971
2024-01-07,Senegal,Africa,0,89050,0,1971
2024-01-14,Senegal,Africa,0,89050,0,1971
2024-01-21,Senegal,Africa,0,89050,0,1971
2024-01-28,Senegal,Africa,0,89050,0,1971
2024-02-04,Senegal,Africa,0,89050,0,1971
2024-02-11,Senegal,Africa,3,89053,0,1971
2024-02-18,Senegal,Africa,0,89053,0,1971
2024-02-25,Senegal,Africa,1,89054,0,1971
2024-03-03,Senegal,Africa,1,89055,0,1971
2024-03-10,Senegal,Africa,1,89056,0,1971
2024-03-17,Senegal,Africa,1,89057,0,1971
2024-03-24,Senegal,Africa,1,89058,0,1971
2024-03-31,Senegal,Africa,9,89067,0,1971
2024-04-07,Senegal,Africa,0,89067,0,1971
2024-04-14,Senegal,Africa,9,89076,0,1971
2024-04-21,Senegal,Africa,0,89076,0,1971
2024-04-28,Senegal,Africa,0,89076,0,1971
2024-05-05,Senegal,Africa,1,89077,0,1971
2024-05-12,Senegal,Africa,1,89078,0,1971
2024-05-19,Senegal,Africa,0,89078,0,1971
2024-05-26,Senegal,Africa,10,89088,0,1971
2024-06-02,Senegal,Africa,4,89092,0,1971
2024-06-09,Senegal,Africa,9,89101,0,1971
2024-06-16,Senegal,Africa,5,89106,0,1971
2024-06-23,Senegal,Africa,14,89120,0,1971
2024-06-30,Senegal,Africa,31,89151,0,1971
2024-07-07,Senegal,Africa,29,89180,0,1971
2024-07-14,Senegal,Africa,13,89193,0,1971
2024-07-21,Senegal,Africa,15,89208,0,1971
2024-07-28,Senegal,Africa,18,89226,0,1971
2024-08-04,Senegal,Africa,32,89258,0,1971
2024-08-11,Senegal,Africa,12,89270,1,1972
2024-08-18,Senegal,Africa,14,89284,0,1972
2024-08-25,Senegal,Africa,7,89291,0,1972
2024-09-01,Senegal,Africa,2,89293,0,1972
2020-01-05,Serbia,Europe,0,0,0,0
2020-01-12,Serbia,Europe,0,0,0,0
2020-01-19,Serbia,Europe,0,0,0,0
2020-01-26,Serbia,Europe,0,0,0,0
2020-02-02,Serbia,Europe,0,0,0,0
2020-02-09,Serbia,Europe,0,0,0,0
2020-02-16,Serbia,Europe,0,0,0,0
2020-02-23,Serbia,Europe,0,0,0,0
2020-03-01,Serbia,Europe,0,0,0,0
2020-03-08,Serbia,Europe,1,1,0,0
2020-03-15,Serbia,Europe,45,46,0,0
2020-03-22,Serbia,Europe,125,171,1,1
2020-03-29,Serbia,Europe,488,659,9,10
2020-04-05,Serbia,Europe,965,1624,34,44
2020-04-12,Serbia,Europe,1756,3380,30,74
2020-04-19,Serbia,Europe,2614,5994,43,117
2020-04-26,Serbia,Europe,1785,7779,34,151
2020-05-03,Serbia,Europe,1583,9362,38,189
2020-05-10,Serbia,Europe,670,10032,24,213
2020-05-17,Serbia,Europe,464,10496,15,228
2020-05-24,Serbia,Europe,596,11092,10,238
2020-05-31,Serbia,Europe,289,11381,4,242
2020-06-07,Serbia,Europe,360,11741,6,248
2020-06-14,Serbia,Europe,510,12251,5,253
2020-06-21,Serbia,Europe,552,12803,7,260
2020-06-28,Serbia,Europe,989,13792,7,267
2020-07-05,Serbia,Europe,2037,15829,39,306
2020-07-12,Serbia,Europe,2244,18073,76,382
2020-07-19,Serbia,Europe,2425,20498,79,461
2020-07-26,Serbia,Europe,2765,23263,65,526
2020-08-02,Serbia,Europe,2619,25882,56,582
2020-08-09,Serbia,Europe,1981,27863,50,632
2020-08-16,Serbia,Europe,1608,29471,38,670
2020-08-23,Serbia,Europe,1077,30548,25,695
2020-08-30,Serbia,Europe,734,31282,15,710
2020-09-06,Serbia,Europe,567,31849,13,723
2020-09-13,Serbia,Europe,451,32300,8,731
2020-09-20,Serbia,Europe,540,32840,9,740
2020-09-27,Serbia,Europe,472,33312,6,746
2020-10-04,Serbia,Europe,530,33842,7,753
2020-10-11,Serbia,Europe,843,34685,9,762
2020-10-18,Serbia,Europe,1261,35946,12,774
2020-10-25,Serbia,Europe,2926,38872,15,789
2020-11-01,Serbia,Europe,8082,46954,31,820
2020-11-08,Serbia,Europe,13681,60635,60,880
2020-11-15,Serbia,Europe,20451,81086,109,989
2020-11-22,Serbia,Europe,35039,116125,179,1168
2020-11-29,Serbia,Europe,46910,163035,316,1484
2020-12-06,Serbia,Europe,50808,213843,407,1891
2020-12-13,Serbia,Europe,47594,261437,384,2275
2020-12-20,Serbia,Europe,35091,296528,357,2632
2020-12-27,Serbia,Europe,26839,323367,351,2983
2021-01-03,Serbia,Europe,18537,341904,305,3288
2021-01-10,Serbia,Europe,15990,357894,260,3548
2021-01-17,Serbia,Europe,13322,371216,182,3730
2021-01-24,Serbia,Europe,11069,382285,138,3868
2021-01-31,Serbia,Europe,11612,393897,132,4000
2021-02-07,Serbia,Europe,12455,406352,112,4112
2021-02-14,Serbia,Europe,13141,419493,102,4214
2021-02-21,Serbia,Europe,14629,434122,107,4321
2021-02-28,Serbia,Europe,22328,456450,108,4429
2021-03-07,Serbia,Europe,25947,482397,113,4542
2021-03-14,Serbia,Europe,29654,512051,152,4694
2021-03-21,Serbia,Europe,34845,546896,206,4900
2021-03-28,Serbia,Europe,34721,581617,251,5151
2021-04-04,Serbia,Europe,32748,614365,271,5422
2021-04-11,Serbia,Europe,25111,639476,278,5700
2021-04-18,Serbia,Europe,20823,660299,254,5954
2021-04-25,Serbia,Europe,17673,677972,242,6196
2021-05-02,Serbia,Europe,12959,690931,190,6386
2021-05-09,Serbia,Europe,8643,699574,153,6539
2021-05-16,Serbia,Europe,6316,705890,125,6664
2021-05-23,Serbia,Europe,3783,709673,102,6766
2021-05-30,Serbia,Europe,2373,712046,78,6844
2021-06-06,Serbia,Europe,1516,713562,65,6909
2021-06-13,Serbia,Europe,1191,714753,49,6958
2021-06-20,Serbia,Europe,940,715693,39,6997
2021-06-27,Serbia,Europe,545,716238,32,7029
2021-07-04,Serbia,Europe,558,716796,26,7055
2021-07-11,Serbia,Europe,684,717480,15,7070
2021-07-18,Serbia,Europe,985,718465,10,7080
2021-07-25,Serbia,Europe,1448,719913,23,7103
2021-08-01,Serbia,Europe,2005,721918,11,7114
2021-08-08,Serbia,Europe,3327,725245,21,7135
2021-08-15,Serbia,Europe,5982,731227,28,7163
2021-08-22,Serbia,Europe,9844,741071,43,7206
2021-08-29,Serbia,Europe,14824,755895,51,7257
2021-09-05,Serbia,Europe,21028,776923,101,7358
2021-09-12,Serbia,Europe,34986,811909,162,7520
2021-09-19,Serbia,Europe,48522,860431,213,7733
2021-09-26,Serbia,Europe,45246,905677,275,8008
2021-10-03,Serbia,Europe,49995,955672,323,8331
2021-10-10,Serbia,Europe,44693,1000365,352,8683
2021-10-17,Serbia,Europe,43393,1043758,369,9052
2021-10-24,Serbia,Europe,48718,1092476,396,9448
2021-10-31,Serbia,Europe,45344,1137820,442,9890
2021-11-07,Serbia,Europe,41317,1179137,446,10336
2021-11-14,Serbia,Europe,29249,1208386,445,10781
2021-11-21,Serbia,Europe,22590,1230976,385,11166
2021-11-28,Serbia,Europe,17743,1248719,371,11537
2021-12-05,Serbia,Europe,13700,1262419,339,11876
2021-12-12,Serbia,Europe,10684,1273103,272,12148
2021-12-19,Serbia,Europe,8556,1281659,216,12364
2021-12-26,Serbia,Europe,7834,1289493,204,12568
2022-01-02,Serbia,Europe,11456,1300949,171,12739
2022-01-09,Serbia,Europe,41697,1342646,151,12890
2022-01-16,Serbia,Europe,82501,1425147,155,13045
2022-01-23,Serbia,Europe,107594,1532741,194,13239
2022-01-30,Serbia,Europe,116552,1649293,274,13513
2022-02-06,Serbia,Europe,108448,1757741,415,13928
2022-02-13,Serbia,Europe,77233,1834974,438,14366
2022-02-20,Serbia,Europe,44263,1879237,421,14787
2022-02-27,Serbia,Europe,26905,1906142,368,15155
2022-03-06,Serbia,Europe,17835,1923977,250,15405
2022-03-13,Serbia,Europe,15173,1939150,165,15570
2022-03-20,Serbia,Europe,14747,1953897,106,15676
2022-03-27,Serbia,Europe,13874,1967771,70,15746
2022-04-03,Serbia,Europe,11958,1979729,72,15818
2022-04-10,Serbia,Europe,8987,1988716,59,15877
2022-04-17,Serbia,Europe,6635,1995351,46,15923
2022-04-24,Serbia,Europe,5793,2001144,30,15953
2022-05-01,Serbia,Europe,5209,2006353,38,15991
2022-05-08,Serbia,Europe,3324,2009677,33,16024
2022-05-15,Serbia,Europe,2920,2012597,22,16046
2022-05-22,Serbia,Europe,2303,2014900,17,16063
2022-05-29,Serbia,Europe,1893,2016793,15,16078
2022-06-05,Serbia,Europe,1644,2018437,9,16087
2022-06-12,Serbia,Europe,1736,2020173,12,16099
2022-06-19,Serbia,Europe,2079,2022252,9,16108
2022-06-26,Serbia,Europe,3325,2025577,12,16120
2022-07-03,Serbia,Europe,5594,2031171,9,16129
2022-07-10,Serbia,Europe,9056,2040227,18,16147
2022-07-17,Serbia,Europe,14409,2054636,21,16168
2022-07-24,Serbia,Europe,25753,2080389,38,16206
2022-07-31,Serbia,Europe,38284,2118673,65,16271
2022-08-07,Serbia,Europe,41580,2160253,76,16347
2022-08-14,Serbia,Europe,42786,2203039,91,16438
2022-08-21,Serbia,Europe,37513,2240552,87,16525
2022-08-28,Serbia,Europe,28869,2269421,106,16631
2022-09-04,Serbia,Europe,22749,2292170,87,16718
2022-09-11,Serbia,Europe,21176,2313346,91,16809
2022-09-18,Serbia,Europe,19163,2332509,65,16874
2022-09-25,Serbia,Europe,14997,2347506,66,16940
2022-10-02,Serbia,Europe,15882,2363388,72,17012
2022-10-09,Serbia,Europe,13311,2376699,65,17077
2022-10-16,Serbia,Europe,10983,2387682,51,17128
2022-10-23,Serbia,Europe,8205,2395887,48,17176
2022-10-30,Serbia,Europe,6867,2402754,52,17228
2022-11-06,Serbia,Europe,5376,2408130,47,17275
2022-11-13,Serbia,Europe,4620,2412750,33,17308
2022-11-20,Serbia,Europe,4520,2417270,35,17343
2022-11-27,Serbia,Europe,4004,2421274,22,17365
2022-12-04,Serbia,Europe,3803,2425077,34,17399
2022-12-11,Serbia,Europe,4443,2429520,34,17433
2022-12-18,Serbia,Europe,4757,2434277,32,17465
2022-12-25,Serbia,Europe,5453,2439730,30,17495
2023-01-01,Serbia,Europe,6523,2446253,26,17521
2023-01-08,Serbia,Europe,6240,2452493,39,17560
2023-01-15,Serbia,Europe,6492,2458985,40,17600
2023-01-22,Serbia,Europe,5524,2464509,49,17649
2023-01-29,Serbia,Europe,4563,2469072,39,17688
2023-02-05,Serbia,Europe,5123,2474195,30,17718
2023-02-12,Serbia,Europe,5108,2479303,20,17738
2023-02-19,Serbia,Europe,4966,2484269,28,17766
2023-02-26,Serbia,Europe,6062,2490331,41,17807
2023-03-05,Serbia,Europe,5477,2495808,40,17847
2023-03-12,Serbia,Europe,5846,2501654,41,17888
2023-03-19,Serbia,Europe,5909,2507563,37,17925
2023-03-26,Serbia,Europe,6124,2513687,31,17956
2023-04-02,Serbia,Europe,5265,2518952,14,17970
2023-04-09,Serbia,Europe,4608,2523560,23,17993
2023-04-16,Serbia,Europe,4080,2527640,9,18002
2023-04-23,Serbia,Europe,3818,2531458,10,18012
2023-04-30,Serbia,Europe,2892,2534350,6,18018
2023-05-07,Serbia,Europe,2442,2536792,8,18026
2023-05-14,Serbia,Europe,1752,2538544,10,18036
2023-05-21,Serbia,Europe,1443,2539987,11,18047
2023-05-28,Serbia,Europe,1261,2541248,4,18051
2023-06-04,Serbia,Europe,966,2542214,2,18053
2023-06-11,Serbia,Europe,617,2542831,4,18057
2023-06-18,Serbia,Europe,354,2543185,0,18057
2023-06-25,Serbia,Europe,535,2543720,0,18057
2023-07-02,Serbia,Europe,281,2544001,0,18057
2023-07-09,Serbia,Europe,227,2544228,0,18057
2023-07-16,Serbia,Europe,163,2544391,0,18057
2023-07-23,Serbia,Europe,147,2544538,0,18057
2023-07-30,Serbia,Europe,203,2544741,0,18057
2023-08-06,Serbia,Europe,211,2544952,0,18057
2023-08-13,Serbia,Europe,0,2544952,0,18057
2023-08-20,Serbia,Europe,234,2545186,0,18057
2023-08-27,Serbia,Europe,420,2545606,0,18057
2023-09-03,Serbia,Europe,590,2546196,0,18057
2023-09-10,Serbia,Europe,686,2546882,0,18057
2023-09-17,Serbia,Europe,964,2547846,0,18057
2023-09-24,Serbia,Europe,1529,2549375,0,18057
2023-10-01,Serbia,Europe,2803,2552178,0,18057
2023-10-08,Serbia,Europe,3848,2556026,0,18057
2023-10-15,Serbia,Europe,3998,2560024,0,18057
2023-10-22,Serbia,Europe,3970,2563994,0,18057
2023-10-29,Serbia,Europe,3968,2567962,0,18057
2023-11-05,Serbia,Europe,4378,2572340,0,18057
2023-11-12,Serbia,Europe,3862,2576202,0,18057
2023-11-19,Serbia,Europe,3684,2579886,0,18057
2023-11-26,Serbia,Europe,3584,2583470,0,18057
2023-12-03,Serbia,Europe,0,2583470,0,18057
2023-12-10,Serbia,Europe,0,2583470,0,18057
2023-12-17,Serbia,Europe,0,2583470,0,18057
2023-12-24,Serbia,Europe,0,2583470,0,18057
2023-12-31,Serbia,Europe,0,2583470,0,18057
2024-01-07,Serbia,Europe,0,2583470,0,18057
2024-01-14,Serbia,Europe,0,2583470,0,18057
2024-01-21,Serbia,Europe,0,2583470,0,18057
2024-01-28,Serbia,Europe,0,2583470,0,18057
2024-02-04,Serbia,Europe,0,2583470,0,18057
2024-02-11,Serbia,Europe,0,2583470,0,18057
2024-02-18,Serbia,Europe,0,2583470,0,18057
2024-02-25,Serbia,Europe,0,2583470,0,18057
2024-03-03,Serbia,Europe,0,2583470,0,18057
2024-03-10,Serbia,Europe,0,2583470,0,18057
2024-03-17,Serbia,Europe,0,2583470,0,18057
2024-03-24,Serbia,Europe,0,2583470,0,18057
2024-03-31,Serbia,Europe,0,2583470,0,18057
2024-04-07,Serbia,Europe,0,2583470,0,18057
2024-04-14,Serbia,Europe,0,2583470,0,18057
2024-04-21,Serbia,Europe,0,2583470,0,18057
2024-04-28,Serbia,Europe,0,2583470,0,18057
2024-05-05,Serbia,Europe,0,2583470,0,18057
2024-05-12,Serbia,Europe,0,2583470,0,18057
2024-05-19,Serbia,Europe,0,2583470,0,18057
2024-05-26,Serbia,Europe,0,2583470,0,18057
2024-06-02,Serbia,Europe,0,2583470,0,18057
2024-06-09,Serbia,Europe,0,2583470,0,18057
2024-06-16,Serbia,Europe,0,2583470,0,18057
2024-06-23,Serbia,Europe,0,2583470,0,18057
2024-06-30,Serbia,Europe,0,2583470,0,18057
2024-07-07,Serbia,Europe,0,2583470,0,18057
2024-07-14,Serbia,Europe,0,2583470,0,18057
2024-07-21,Serbia,Europe,0,2583470,0,18057
2024-07-28,Serbia,Europe,0,2583470,0,18057
2024-08-04,Serbia,Europe,0,2583470,0,18057
2024-08-11,Serbia,Europe,0,2583470,0,18057
2024-08-18,Serbia,Europe,0,2583470,0,18057
2024-08-25,Serbia,Europe,0,2583470,0,18057
2024-09-01,Serbia,Europe,0,2583470,0,18057
2020-01-05,Seychelles,Africa,0,0,0,0
2020-01-12,Seychelles,Africa,0,0,0,0
2020-01-19,Seychelles,Africa,0,0,0,0
2020-01-26,Seychelles,Africa,0,0,0,0
2020-02-02,Seychelles,Africa,0,0,0,0
2020-02-09,Seychelles,Africa,0,0,0,0
2020-02-16,Seychelles,Africa,0,0,0,0
2020-02-23,Seychelles,Africa,0,0,0,0
2020-03-01,Seychelles,Africa,0,0,0,0
2020-03-08,Seychelles,Africa,0,0,0,0
2020-03-15,Seychelles,Africa,2,2,0,0
2020-03-22,Seychelles,Africa,5,7,0,0
2020-03-29,Seychelles,Africa,1,8,0,0
2020-04-05,Seychelles,Africa,2,10,0,0
2020-04-12,Seychelles,Africa,1,11,0,0
2020-04-19,Seychelles,Africa,0,11,0,0
2020-04-26,Seychelles,Africa,0,11,0,0
2020-05-03,Seychelles,Africa,0,11,0,0
2020-05-10,Seychelles,Africa,0,11,0,0
2020-05-17,Seychelles,Africa,0,11,0,0
2020-05-24,Seychelles,Africa,0,11,0,0
2020-05-31,Seychelles,Africa,0,11,0,0
2020-06-07,Seychelles,Africa,0,11,0,0
2020-06-14,Seychelles,Africa,0,11,0,0
2020-06-21,Seychelles,Africa,0,11,0,0
2020-06-28,Seychelles,Africa,70,81,0,0
2020-07-05,Seychelles,Africa,0,81,0,0
2020-07-12,Seychelles,Africa,25,106,0,0
2020-07-19,Seychelles,Africa,8,114,0,0
2020-07-26,Seychelles,Africa,1,115,0,0
2020-08-02,Seychelles,Africa,11,126,0,0
2020-08-09,Seychelles,Africa,0,126,0,0
2020-08-16,Seychelles,Africa,9,135,0,0
2020-08-23,Seychelles,Africa,0,135,0,0
2020-08-30,Seychelles,Africa,0,135,0,0
2020-09-06,Seychelles,Africa,1,136,0,0
2020-09-13,Seychelles,Africa,3,139,0,0
2020-09-20,Seychelles,Africa,0,139,0,0
2020-09-27,Seychelles,Africa,2,141,0,0
2020-10-04,Seychelles,Africa,6,147,0,0
2020-10-11,Seychelles,Africa,1,148,0,0
2020-10-18,Seychelles,Africa,1,149,0,0
2020-10-25,Seychelles,Africa,5,154,0,0
2020-11-01,Seychelles,Africa,0,154,0,0
2020-11-08,Seychelles,Africa,4,158,0,0
2020-11-15,Seychelles,Africa,3,161,0,0
2020-11-22,Seychelles,Africa,4,165,0,0
2020-11-29,Seychelles,Africa,7,172,0,0
2020-12-06,Seychelles,Africa,10,182,0,0
2020-12-13,Seychelles,Africa,3,185,0,0
2020-12-20,Seychelles,Africa,17,202,0,0
2020-12-27,Seychelles,Africa,9,211,0,0
2021-01-03,Seychelles,Africa,73,284,0,0
2021-01-10,Seychelles,Africa,218,502,1,1
2021-01-17,Seychelles,Africa,186,688,0,1
2021-01-24,Seychelles,Africa,345,1033,2,3
2021-01-31,Seychelles,Africa,191,1224,0,3
2021-02-07,Seychelles,Africa,280,1504,3,6
2021-02-14,Seychelles,Africa,388,1892,2,8
2021-02-21,Seychelles,Africa,436,2328,2,10
2021-02-28,Seychelles,Africa,290,2618,1,11
2021-03-07,Seychelles,Africa,332,2950,4,15
2021-03-14,Seychelles,Africa,223,3173,1,16
2021-03-21,Seychelles,Africa,443,3616,2,18
2021-03-28,Seychelles,Africa,438,4054,0,18
2021-04-04,Seychelles,Africa,240,4294,4,22
2021-04-11,Seychelles,Africa,196,4490,2,24
2021-04-18,Seychelles,Africa,344,4834,1,25
2021-04-25,Seychelles,Africa,182,5016,0,25
2021-05-02,Seychelles,Africa,1053,6069,3,28
2021-05-09,Seychelles,Africa,2103,8172,0,28
2021-05-16,Seychelles,Africa,1371,9543,7,35
2021-05-23,Seychelles,Africa,1126,10669,3,38
2021-05-30,Seychelles,Africa,746,11415,2,40
2021-06-06,Seychelles,Africa,823,12238,2,42
2021-06-13,Seychelles,Africa,1176,13414,1,43
2021-06-20,Seychelles,Africa,1000,14414,9,52
2021-06-27,Seychelles,Africa,1013,15427,3,55
2021-07-04,Seychelles,Africa,722,16149,2,57
2021-07-11,Seychelles,Africa,750,16899,11,68
2021-07-18,Seychelles,Africa,536,17435,7,75
2021-07-25,Seychelles,Africa,621,18056,11,86
2021-08-01,Seychelles,Africa,306,18362,5,91
2021-08-08,Seychelles,Africa,383,18745,0,91
2021-08-15,Seychelles,Africa,404,19149,7,98
2021-08-22,Seychelles,Africa,437,19586,0,98
2021-08-29,Seychelles,Africa,406,19992,4,102
2021-09-05,Seychelles,Africa,348,20340,1,103
2021-09-12,Seychelles,Africa,425,20765,3,106
2021-09-19,Seychelles,Africa,370,21135,4,110
2021-09-26,Seychelles,Africa,269,21404,0,110
2021-10-03,Seychelles,Africa,172,21576,2,112
2021-10-10,Seychelles,Africa,221,21797,0,112
2021-10-17,Seychelles,Africa,163,21960,2,114
2021-10-24,Seychelles,Africa,188,22148,0,114
2021-10-31,Seychelles,Africa,130,22278,0,114
2021-11-07,Seychelles,Africa,161,22439,0,114
2021-11-14,Seychelles,Africa,234,22673,0,114
2021-11-21,Seychelles,Africa,301,22974,8,122
2021-11-28,Seychelles,Africa,375,23349,0,122
2021-12-05,Seychelles,Africa,302,23651,0,122
2021-12-12,Seychelles,Africa,217,23868,4,126
2021-12-19,Seychelles,Africa,231,24099,0,126
2021-12-26,Seychelles,Africa,282,24381,0,126
2022-01-02,Seychelles,Africa,782,25163,0,126
2022-01-09,Seychelles,Africa,3095,28258,0,126
2022-01-16,Seychelles,Africa,3936,32194,0,126
2022-01-23,Seychelles,Africa,2984,35178,10,136
2022-01-30,Seychelles,Africa,1845,37023,6,142
2022-02-06,Seychelles,Africa,1003,38026,5,147
2022-02-13,Seychelles,Africa,633,38659,3,150
2022-02-20,Seychelles,Africa,431,39090,1,151
2022-02-27,Seychelles,Africa,252,39342,12,163
2022-03-06,Seychelles,Africa,174,39516,0,163
2022-03-13,Seychelles,Africa,151,39667,0,163
2022-03-20,Seychelles,Africa,216,39883,0,163
2022-03-27,Seychelles,Africa,240,40123,0,163
2022-04-03,Seychelles,Africa,514,40637,0,163
2022-04-10,Seychelles,Africa,694,41331,0,163
2022-04-17,Seychelles,Africa,520,41851,0,163
2022-04-24,Seychelles,Africa,425,42276,0,163
2022-05-01,Seychelles,Africa,357,42633,3,166
2022-05-08,Seychelles,Africa,447,43080,0,166
2022-05-15,Seychelles,Africa,393,43473,1,167
2022-05-22,Seychelles,Africa,324,43797,0,167
2022-05-29,Seychelles,Africa,208,44005,0,167
2022-06-05,Seychelles,Africa,187,44192,0,167
2022-06-12,Seychelles,Africa,205,44397,0,167
2022-06-19,Seychelles,Africa,88,44485,0,167
2022-06-26,Seychelles,Africa,184,44669,0,167
2022-07-03,Seychelles,Africa,249,44918,0,167
2022-07-10,Seychelles,Africa,171,45089,0,167
2022-07-17,Seychelles,Africa,173,45262,1,168
2022-07-24,Seychelles,Africa,7,45269,0,168
2022-07-31,Seychelles,Africa,160,45429,0,168
2022-08-07,Seychelles,Africa,111,45540,0,168
2022-08-14,Seychelles,Africa,152,45692,0,168
2022-08-21,Seychelles,Africa,160,45852,0,168
2022-08-28,Seychelles,Africa,0,45852,0,168
2022-09-04,Seychelles,Africa,229,46081,1,169
2022-09-11,Seychelles,Africa,94,46175,0,169
2022-09-18,Seychelles,Africa,183,46358,0,169
2022-09-25,Seychelles,Africa,0,46358,0,169
2022-10-02,Seychelles,Africa,783,47141,0,169
2022-10-09,Seychelles,Africa,0,47141,0,169
2022-10-16,Seychelles,Africa,1042,48183,1,170
2022-10-23,Seychelles,Africa,852,49035,1,171
2022-10-30,Seychelles,Africa,345,49380,0,171
2022-11-06,Seychelles,Africa,266,49646,0,171
2022-11-13,Seychelles,Africa,216,49862,0,171
2022-11-20,Seychelles,Africa,206,50068,0,171
2022-11-27,Seychelles,Africa,0,50068,0,171
2022-12-04,Seychelles,Africa,287,50355,1,172
2022-12-11,Seychelles,Africa,0,50355,0,172
2022-12-18,Seychelles,Africa,0,50355,0,172
2022-12-25,Seychelles,Africa,0,50355,0,172
2023-01-01,Seychelles,Africa,310,50665,0,172
2023-01-08,Seychelles,Africa,0,50665,0,172
2023-01-15,Seychelles,Africa,0,50665,0,172
2023-01-22,Seychelles,Africa,0,50665,0,172
2023-01-29,Seychelles,Africa,0,50665,0,172
2023-02-05,Seychelles,Africa,0,50665,0,172
2023-02-12,Seychelles,Africa,0,50665,0,172
2023-02-19,Seychelles,Africa,0,50665,0,172
2023-02-26,Seychelles,Africa,0,50665,0,172
2023-03-05,Seychelles,Africa,272,50937,0,172
2023-03-12,Seychelles,Africa,0,50937,0,172
2023-03-19,Seychelles,Africa,0,50937,0,172
2023-03-26,Seychelles,Africa,0,50937,0,172
2023-04-02,Seychelles,Africa,0,50937,0,172
2023-04-09,Seychelles,Africa,0,50937,0,172
2023-04-16,Seychelles,Africa,0,50937,0,172
2023-04-23,Seychelles,Africa,0,50937,0,172
2023-04-30,Seychelles,Africa,0,50937,0,172
2023-05-07,Seychelles,Africa,0,50937,0,172
2023-05-14,Seychelles,Africa,0,50937,0,172
2023-05-21,Seychelles,Africa,0,50937,0,172
2023-05-28,Seychelles,Africa,0,50937,0,172
2023-06-04,Seychelles,Africa,0,50937,0,172
2023-06-11,Seychelles,Africa,0,50937,0,172
2023-06-18,Seychelles,Africa,0,50937,0,172
2023-06-25,Seychelles,Africa,0,50937,0,172
2023-07-02,Seychelles,Africa,0,50937,0,172
2023-07-09,Seychelles,Africa,0,50937,0,172
2023-07-16,Seychelles,Africa,0,50937,0,172
2023-07-23,Seychelles,Africa,0,50937,0,172
2023-07-30,Seychelles,Africa,0,50937,0,172
2023-08-06,Seychelles,Africa,0,50937,0,172
2023-08-13,Seychelles,Africa,0,50937,0,172
2023-08-20,Seychelles,Africa,0,50937,0,172
2023-08-27,Seychelles,Africa,0,50937,0,172
2023-09-03,Seychelles,Africa,0,50937,0,172
2023-09-10,Seychelles,Africa,0,50937,0,172
2023-09-17,Seychelles,Africa,0,50937,0,172
2023-09-24,Seychelles,Africa,0,50937,0,172
2023-10-01,Seychelles,Africa,0,50937,0,172
2023-10-08,Seychelles,Africa,17,50954,0,172
2023-10-15,Seychelles,Africa,11,50965,0,172
2023-10-22,Seychelles,Africa,0,50965,0,172
2023-10-29,Seychelles,Africa,12,50977,0,172
2023-11-05,Seychelles,Africa,24,51001,0,172
2023-11-12,Seychelles,Africa,44,51045,0,172
2023-11-19,Seychelles,Africa,41,51086,0,172
2023-11-26,Seychelles,Africa,53,51139,0,172
2023-12-03,Seychelles,Africa,81,51220,0,172
2023-12-10,Seychelles,Africa,0,51220,0,172
2023-12-17,Seychelles,Africa,0,51220,0,172
2023-12-24,Seychelles,Africa,0,51220,0,172
2023-12-31,Seychelles,Africa,0,51220,0,172
2024-01-07,Seychelles,Africa,126,51346,0,172
2024-01-14,Seychelles,Africa,104,51450,0,172
2024-01-21,Seychelles,Africa,77,51527,0,172
2024-01-28,Seychelles,Africa,52,51579,0,172
2024-02-04,Seychelles,Africa,30,51609,0,172
2024-02-11,Seychelles,Africa,26,51635,0,172
2024-02-18,Seychelles,Africa,5,51640,0,172
2024-02-25,Seychelles,Africa,12,51652,0,172
2024-03-03,Seychelles,Africa,1,51653,0,172
2024-03-10,Seychelles,Africa,2,51655,0,172
2024-03-17,Seychelles,Africa,1,51656,0,172
2024-03-24,Seychelles,Africa,10,51666,0,172
2024-03-31,Seychelles,Africa,6,51672,0,172
2024-04-07,Seychelles,Africa,7,51679,0,172
2024-04-14,Seychelles,Africa,5,51684,0,172
2024-04-21,Seychelles,Africa,2,51686,0,172
2024-04-28,Seychelles,Africa,0,51686,0,172
2024-05-05,Seychelles,Africa,0,51686,0,172
2024-05-12,Seychelles,Africa,8,51694,0,172
2024-05-19,Seychelles,Africa,1,51695,0,172
2024-05-26,Seychelles,Africa,8,51703,0,172
2024-06-02,Seychelles,Africa,32,51735,0,172
2024-06-09,Seychelles,Africa,35,51770,0,172
2024-06-16,Seychelles,Africa,52,51822,0,172
2024-06-23,Seychelles,Africa,52,51874,0,172
2024-06-30,Seychelles,Africa,12,51886,0,172
2024-07-07,Seychelles,Africa,0,51886,0,172
2024-07-14,Seychelles,Africa,4,51890,0,172
2024-07-21,Seychelles,Africa,1,51891,0,172
2024-07-28,Seychelles,Africa,0,51891,0,172
2024-08-04,Seychelles,Africa,0,51891,0,172
2024-08-11,Seychelles,Africa,0,51891,0,172
2024-08-18,Seychelles,Africa,0,51891,0,172
2024-08-25,Seychelles,Africa,0,51891,0,172
2024-09-01,Seychelles,Africa,0,51891,0,172
2020-01-05,Sierra Leone,Africa,0,0,0,0
2020-01-12,Sierra Leone,Africa,0,0,0,0
2020-01-19,Sierra Leone,Africa,0,0,0,0
2020-01-26,Sierra Leone,Africa,0,0,0,0
2020-02-02,Sierra Leone,Africa,0,0,0,0
2020-02-09,Sierra Leone,Africa,0,0,0,0
2020-02-16,Sierra Leone,Africa,0,0,0,0
2020-02-23,Sierra Leone,Africa,0,0,0,0
2020-03-01,Sierra Leone,Africa,0,0,0,0
2020-03-08,Sierra Leone,Africa,0,0,0,0
2020-03-15,Sierra Leone,Africa,0,0,0,0
2020-03-22,Sierra Leone,Africa,0,0,0,0
2020-03-29,Sierra Leone,Africa,0,0,0,0
2020-04-05,Sierra Leone,Africa,4,4,0,0
2020-04-12,Sierra Leone,Africa,6,10,0,0
2020-04-19,Sierra Leone,Africa,20,30,0,0
2020-04-26,Sierra Leone,Africa,56,86,4,4
2020-05-03,Sierra Leone,Africa,69,155,5,9
2020-05-10,Sierra Leone,Africa,136,291,10,19
2020-05-17,Sierra Leone,Africa,171,462,11,30
2020-05-24,Sierra Leone,Africa,159,621,10,40
2020-05-31,Sierra Leone,Africa,231,852,7,47
2020-06-07,Sierra Leone,Africa,94,946,2,49
2020-06-14,Sierra Leone,Africa,186,1132,3,52
2020-06-21,Sierra Leone,Africa,177,1309,2,54
2020-06-28,Sierra Leone,Africa,101,1410,6,60
2020-07-05,Sierra Leone,Africa,123,1533,3,63
2020-07-12,Sierra Leone,Africa,85,1618,1,64
2020-07-19,Sierra Leone,Africa,83,1701,1,65
2020-07-26,Sierra Leone,Africa,67,1768,0,65
2020-08-02,Sierra Leone,Africa,67,1835,3,68
2020-08-09,Sierra Leone,Africa,60,1895,1,69
2020-08-16,Sierra Leone,Africa,59,1954,1,70
2020-08-23,Sierra Leone,Africa,26,1980,0,70
2020-08-30,Sierra Leone,Africa,39,2019,1,71
2020-09-06,Sierra Leone,Africa,24,2043,1,72
2020-09-13,Sierra Leone,Africa,53,2096,1,73
2020-09-20,Sierra Leone,Africa,63,2159,0,73
2020-09-27,Sierra Leone,Africa,49,2208,0,73
2020-10-04,Sierra Leone,Africa,51,2259,0,73
2020-10-11,Sierra Leone,Africa,41,2300,0,73
2020-10-18,Sierra Leone,Africa,27,2327,1,74
2020-10-25,Sierra Leone,Africa,18,2345,1,75
2020-11-01,Sierra Leone,Africa,21,2366,0,75
2020-11-08,Sierra Leone,Africa,15,2381,0,75
2020-11-15,Sierra Leone,Africa,10,2391,0,75
2020-11-22,Sierra Leone,Africa,14,2405,0,75
2020-11-29,Sierra Leone,Africa,5,2410,0,75
2020-12-06,Sierra Leone,Africa,10,2420,0,75
2020-12-13,Sierra Leone,Africa,20,2440,1,76
2020-12-20,Sierra Leone,Africa,57,2497,0,76
2020-12-27,Sierra Leone,Africa,52,2549,0,76
2021-01-03,Sierra Leone,Africa,97,2646,0,76
2021-01-10,Sierra Leone,Africa,157,2803,1,77
2021-01-17,Sierra Leone,Africa,167,2970,0,77
2021-01-24,Sierra Leone,Africa,150,3120,0,77
2021-01-31,Sierra Leone,Africa,408,3528,2,79
2021-02-07,Sierra Leone,Africa,244,3772,0,79
2021-02-14,Sierra Leone,Africa,49,3821,0,79
2021-02-21,Sierra Leone,Africa,28,3849,0,79
2021-02-28,Sierra Leone,Africa,38,3887,0,79
2021-03-07,Sierra Leone,Africa,31,3918,0,79
2021-03-14,Sierra Leone,Africa,19,3937,0,79
2021-03-21,Sierra Leone,Africa,11,3948,0,79
2021-03-28,Sierra Leone,Africa,14,3962,0,79
2021-04-04,Sierra Leone,Africa,25,3987,0,79
2021-04-11,Sierra Leone,Africa,8,3995,0,79
2021-04-18,Sierra Leone,Africa,25,4020,0,79
2021-04-25,Sierra Leone,Africa,24,4044,0,79
2021-05-02,Sierra Leone,Africa,13,4057,0,79
2021-05-09,Sierra Leone,Africa,11,4068,0,79
2021-05-16,Sierra Leone,Africa,37,4105,0,79
2021-05-23,Sierra Leone,Africa,16,4121,0,79
2021-05-30,Sierra Leone,Africa,20,4141,0,79
2021-06-06,Sierra Leone,Africa,47,4188,0,79
2021-06-13,Sierra Leone,Africa,124,4312,3,82
2021-06-20,Sierra Leone,Africa,390,4702,0,82
2021-06-27,Sierra Leone,Africa,604,5306,11,93
2021-07-04,Sierra Leone,Africa,442,5748,11,104
2021-07-11,Sierra Leone,Africa,255,6003,6,110
2021-07-18,Sierra Leone,Africa,163,6166,5,115
2021-07-25,Sierra Leone,Africa,52,6218,3,118
2021-08-01,Sierra Leone,Africa,65,6283,2,120
2021-08-08,Sierra Leone,Africa,30,6313,0,120
2021-08-15,Sierra Leone,Africa,25,6338,1,121
2021-08-22,Sierra Leone,Africa,14,6352,0,121
2021-08-29,Sierra Leone,Africa,11,6363,0,121
2021-09-05,Sierra Leone,Africa,9,6372,0,121
2021-09-12,Sierra Leone,Africa,7,6379,0,121
2021-09-19,Sierra Leone,Africa,9,6388,0,121
2021-09-26,Sierra Leone,Africa,0,6388,0,121
2021-10-03,Sierra Leone,Africa,8,6396,0,121
2021-10-10,Sierra Leone,Africa,0,6396,0,121
2021-10-17,Sierra Leone,Africa,1,6397,0,121
2021-10-24,Sierra Leone,Africa,0,6397,0,121
2021-10-31,Sierra Leone,Africa,1,6398,0,121
2021-11-07,Sierra Leone,Africa,0,6398,0,121
2021-11-14,Sierra Leone,Africa,2,6400,0,121
2021-11-21,Sierra Leone,Africa,0,6400,0,121
2021-11-28,Sierra Leone,Africa,2,6402,0,121
2021-12-05,Sierra Leone,Africa,0,6402,0,121
2021-12-12,Sierra Leone,Africa,20,6422,0,121
2021-12-19,Sierra Leone,Africa,49,6471,0,121
2021-12-26,Sierra Leone,Africa,188,6659,2,123
2022-01-02,Sierra Leone,Africa,455,7114,0,123
2022-01-09,Sierra Leone,Africa,291,7405,0,123
2022-01-16,Sierra Leone,Africa,124,7529,2,125
2022-01-23,Sierra Leone,Africa,55,7584,0,125
2022-01-30,Sierra Leone,Africa,31,7615,0,125
2022-02-06,Sierra Leone,Africa,12,7627,0,125
2022-02-13,Sierra Leone,Africa,25,7652,0,125
2022-02-20,Sierra Leone,Africa,11,7663,0,125
2022-02-27,Sierra Leone,Africa,2,7665,0,125
2022-03-06,Sierra Leone,Africa,0,7665,0,125
2022-03-13,Sierra Leone,Africa,2,7667,0,125
2022-03-20,Sierra Leone,Africa,6,7673,0,125
2022-03-27,Sierra Leone,Africa,1,7674,0,125
2022-04-03,Sierra Leone,Africa,0,7674,0,125
2022-04-10,Sierra Leone,Africa,3,7677,0,125
2022-04-17,Sierra Leone,Africa,0,7677,0,125
2022-04-24,Sierra Leone,Africa,0,7677,0,125
2022-05-01,Sierra Leone,Africa,4,7681,0,125
2022-05-08,Sierra Leone,Africa,1,7682,0,125
2022-05-15,Sierra Leone,Africa,0,7682,0,125
2022-05-22,Sierra Leone,Africa,0,7682,0,125
2022-05-29,Sierra Leone,Africa,0,7682,0,125
2022-06-05,Sierra Leone,Africa,0,7682,1,126
2022-06-12,Sierra Leone,Africa,0,7682,-1,125
2022-06-19,Sierra Leone,Africa,6,7688,0,125
2022-06-26,Sierra Leone,Africa,5,7693,0,125
2022-07-03,Sierra Leone,Africa,9,7702,0,125
2022-07-10,Sierra Leone,Africa,16,7718,0,125
2022-07-17,Sierra Leone,Africa,4,7722,0,125
2022-07-24,Sierra Leone,Africa,6,7728,0,125
2022-07-31,Sierra Leone,Africa,5,7733,0,125
2022-08-07,Sierra Leone,Africa,3,7736,0,125
2022-08-14,Sierra Leone,Africa,4,7740,0,125
2022-08-21,Sierra Leone,Africa,4,7744,0,125
2022-08-28,Sierra Leone,Africa,2,7746,0,125
2022-09-04,Sierra Leone,Africa,1,7747,0,125
2022-09-11,Sierra Leone,Africa,2,7749,0,125
2022-09-18,Sierra Leone,Africa,0,7749,0,125
2022-09-25,Sierra Leone,Africa,1,7750,0,125
2022-10-02,Sierra Leone,Africa,1,7751,0,125
2022-10-09,Sierra Leone,Africa,0,7751,0,125
2022-10-16,Sierra Leone,Africa,1,7752,0,125
2022-10-23,Sierra Leone,Africa,0,7752,0,125
2022-10-30,Sierra Leone,Africa,2,7754,0,125
2022-11-06,Sierra Leone,Africa,3,7757,0,125
2022-11-13,Sierra Leone,Africa,1,7758,0,125
2022-11-20,Sierra Leone,Africa,1,7759,0,125
2022-11-27,Sierra Leone,Africa,0,7759,0,125
2022-12-04,Sierra Leone,Africa,1,7760,0,125
2022-12-11,Sierra Leone,Africa,0,7760,0,125
2022-12-18,Sierra Leone,Africa,0,7760,0,125
2022-12-25,Sierra Leone,Africa,0,7760,0,125
2023-01-01,Sierra Leone,Africa,0,7760,0,125
2023-01-08,Sierra Leone,Africa,0,7760,0,125
2023-01-15,Sierra Leone,Africa,0,7760,0,125
2023-01-22,Sierra Leone,Africa,0,7760,0,125
2023-01-29,Sierra Leone,Africa,0,7760,0,125
2023-02-05,Sierra Leone,Africa,0,7760,0,125
2023-02-12,Sierra Leone,Africa,0,7760,0,125
2023-02-19,Sierra Leone,Africa,0,7760,0,125
2023-02-26,Sierra Leone,Africa,0,7760,0,125
2023-03-05,Sierra Leone,Africa,0,7760,0,125
2023-03-12,Sierra Leone,Africa,0,7760,0,125
2023-03-19,Sierra Leone,Africa,2,7762,0,125
2023-03-26,Sierra Leone,Africa,0,7762,0,125
2023-04-02,Sierra Leone,Africa,0,7762,0,125
2023-04-09,Sierra Leone,Africa,0,7762,0,125
2023-04-16,Sierra Leone,Africa,0,7762,0,125
2023-04-23,Sierra Leone,Africa,0,7762,0,125
2023-04-30,Sierra Leone,Africa,0,7762,0,125
2023-05-07,Sierra Leone,Africa,0,7762,0,125
2023-05-14,Sierra Leone,Africa,0,7762,0,125
2023-05-21,Sierra Leone,Africa,0,7762,0,125
2023-05-28,Sierra Leone,Africa,0,7762,0,125
2023-06-04,Sierra Leone,Africa,0,7762,0,125
2023-06-11,Sierra Leone,Africa,0,7762,0,125
2023-06-18,Sierra Leone,Africa,0,7762,0,125
2023-06-25,Sierra Leone,Africa,0,7762,0,125
2023-07-02,Sierra Leone,Africa,0,7762,0,125
2023-07-09,Sierra Leone,Africa,0,7762,0,125
2023-07-16,Sierra Leone,Africa,0,7762,0,125
2023-07-23,Sierra Leone,Africa,0,7762,0,125
2023-07-30,Sierra Leone,Africa,0,7762,0,125
2023-08-06,Sierra Leone,Africa,0,7762,0,125
2023-08-13,Sierra Leone,Africa,0,7762,0,125
2023-08-20,Sierra Leone,Africa,4,7766,0,125
2023-08-27,Sierra Leone,Africa,0,7766,0,125
2023-09-03,Sierra Leone,Africa,0,7766,0,125
2023-09-10,Sierra Leone,Africa,0,7766,0,125
2023-09-17,Sierra Leone,Africa,0,7766,0,125
2023-09-24,Sierra Leone,Africa,0,7766,0,125
2023-10-01,Sierra Leone,Africa,0,7766,0,125
2023-10-08,Sierra Leone,Africa,0,7766,0,125
2023-10-15,Sierra Leone,Africa,0,7766,0,125
2023-10-22,Sierra Leone,Africa,0,7766,0,125
2023-10-29,Sierra Leone,Africa,0,7766,0,125
2023-11-05,Sierra Leone,Africa,0,7766,0,125
2023-11-12,Sierra Leone,Africa,0,7766,0,125
2023-11-19,Sierra Leone,Africa,0,7766,0,125
2023-11-26,Sierra Leone,Africa,0,7766,0,125
2023-12-03,Sierra Leone,Africa,0,7766,0,125
2023-12-10,Sierra Leone,Africa,0,7766,0,125
2023-12-17,Sierra Leone,Africa,5,7771,0,125
2023-12-24,Sierra Leone,Africa,8,7779,0,125
2023-12-31,Sierra Leone,Africa,0,7779,0,125
2024-01-07,Sierra Leone,Africa,0,7779,0,125
2024-01-14,Sierra Leone,Africa,0,7779,0,125
2024-01-21,Sierra Leone,Africa,0,7779,0,125
2024-01-28,Sierra Leone,Africa,0,7779,0,125
2024-02-04,Sierra Leone,Africa,0,7779,0,125
2024-02-11,Sierra Leone,Africa,0,7779,0,125
2024-02-18,Sierra Leone,Africa,0,7779,0,125
2024-02-25,Sierra Leone,Africa,0,7779,0,125
2024-03-03,Sierra Leone,Africa,0,7779,0,125
2024-03-10,Sierra Leone,Africa,7,7786,0,125
2024-03-17,Sierra Leone,Africa,5,7791,0,125
2024-03-24,Sierra Leone,Africa,3,7794,0,125
2024-03-31,Sierra Leone,Africa,0,7794,0,125
2024-04-07,Sierra Leone,Africa,0,7794,0,125
2024-04-14,Sierra Leone,Africa,0,7794,0,125
2024-04-21,Sierra Leone,Africa,1,7795,0,125
2024-04-28,Sierra Leone,Africa,15,7810,0,125
2024-05-05,Sierra Leone,Africa,8,7818,0,125
2024-05-12,Sierra Leone,Africa,18,7836,0,125
2024-05-19,Sierra Leone,Africa,0,7836,0,125
2024-05-26,Sierra Leone,Africa,21,7857,0,125
2024-06-02,Sierra Leone,Africa,19,7876,0,125
2024-06-09,Sierra Leone,Africa,20,7896,0,125
2024-06-16,Sierra Leone,Africa,1,7897,0,125
2024-06-23,Sierra Leone,Africa,4,7901,0,125
2024-06-30,Sierra Leone,Africa,24,7925,0,125
2024-07-07,Sierra Leone,Africa,25,7950,0,125
2024-07-14,Sierra Leone,Africa,23,7973,0,125
2024-07-21,Sierra Leone,Africa,6,7979,0,125
2024-07-28,Sierra Leone,Africa,0,7979,0,125
2024-08-04,Sierra Leone,Africa,0,7979,0,125
2024-08-11,Sierra Leone,Africa,1,7980,0,125
2024-08-18,Sierra Leone,Africa,0,7980,0,125
2024-08-25,Sierra Leone,Africa,1,7981,0,125
2024-09-01,Sierra Leone,Africa,0,7981,0,125
2020-01-05,Singapore,Asia,0,0,0,0
2020-01-12,Singapore,Asia,0,0,0,0
2020-01-19,Singapore,Asia,0,0,0,0
2020-01-26,Singapore,Asia,4,4,0,0
2020-02-02,Singapore,Asia,14,18,0,0
2020-02-09,Singapore,Asia,22,40,0,0
2020-02-16,Singapore,Asia,32,72,0,0
2020-02-23,Singapore,Asia,17,89,0,0
2020-03-01,Singapore,Asia,13,102,0,0
2020-03-08,Singapore,Asia,36,138,0,0
2020-03-15,Singapore,Asia,74,212,0,0
2020-03-22,Singapore,Asia,220,432,2,2
2020-03-29,Singapore,Asia,370,802,0,2
2020-04-05,Singapore,Asia,387,1189,3,5
2020-04-12,Singapore,Asia,1110,2299,3,8
2020-04-19,Singapore,Asia,3693,5992,3,11
2020-04-26,Singapore,Asia,6701,12693,1,12
2020-05-03,Singapore,Asia,4855,17548,5,17
2020-05-10,Singapore,Asia,4912,22460,3,20
2020-05-17,Singapore,Asia,4896,27356,2,22
2020-05-24,Singapore,Asia,3712,31068,1,23
2020-05-31,Singapore,Asia,3298,34366,0,23
2020-06-07,Singapore,Asia,3161,37527,2,25
2020-06-14,Singapore,Asia,2670,40197,1,26
2020-06-21,Singapore,Asia,1636,41833,0,26
2020-06-28,Singapore,Asia,1413,43246,0,26
2020-07-05,Singapore,Asia,1418,44664,0,26
2020-07-12,Singapore,Asia,1118,45782,0,26
2020-07-19,Singapore,Asia,1873,47655,1,27
2020-07-26,Singapore,Asia,2233,49888,0,27
2020-08-02,Singapore,Asia,2624,52512,0,27
2020-08-09,Singapore,Asia,2417,54929,0,27
2020-08-16,Singapore,Asia,732,55661,0,27
2020-08-23,Singapore,Asia,605,56266,0,27
2020-08-30,Singapore,Asia,451,56717,0,27
2020-09-06,Singapore,Asia,265,56982,0,27
2020-09-13,Singapore,Asia,375,57357,0,27
2020-09-20,Singapore,Asia,201,57558,0,27
2020-09-27,Singapore,Asia,127,57685,0,27
2020-10-04,Singapore,Asia,115,57800,0,27
2020-10-11,Singapore,Asia,66,57866,0,27
2020-10-18,Singapore,Asia,38,57904,1,28
2020-10-25,Singapore,Asia,61,57965,0,28
2020-11-01,Singapore,Asia,50,58015,0,28
2020-11-08,Singapore,Asia,39,58054,0,28
2020-11-15,Singapore,Asia,62,58116,0,28
2020-11-22,Singapore,Asia,32,58148,0,28
2020-11-29,Singapore,Asia,57,58205,1,29
2020-12-06,Singapore,Asia,50,58255,0,29
2020-12-13,Singapore,Asia,58,58313,0,29
2020-12-20,Singapore,Asia,90,58403,0,29
2020-12-27,Singapore,Asia,116,58519,0,29
2021-01-03,Singapore,Asia,178,58697,0,29
2021-01-10,Singapore,Asia,210,58907,0,29
2021-01-17,Singapore,Asia,206,59113,0,29
2021-01-24,Singapore,Asia,195,59308,0,29
2021-01-31,Singapore,Asia,228,59536,0,29
2021-02-07,Singapore,Asia,163,59699,0,29
2021-02-14,Singapore,Asia,101,59800,0,29
2021-02-21,Singapore,Asia,69,59869,0,29
2021-02-28,Singapore,Asia,67,59936,0,29
2021-03-07,Singapore,Asia,97,60033,0,29
2021-03-14,Singapore,Asia,72,60105,0,29
2021-03-21,Singapore,Asia,91,60196,0,29
2021-03-28,Singapore,Asia,104,60300,0,29
2021-04-04,Singapore,Asia,178,60478,0,29
2021-04-11,Singapore,Asia,175,60653,0,29
2021-04-18,Singapore,Asia,178,60831,0,29
2021-04-25,Singapore,Asia,175,61006,0,29
2021-05-02,Singapore,Asia,212,61218,2,31
2021-05-09,Singapore,Asia,141,61359,0,31
2021-05-16,Singapore,Asia,226,61585,0,31
2021-05-23,Singapore,Asia,239,61824,1,32
2021-05-30,Singapore,Asia,204,62028,1,33
2021-06-06,Singapore,Asia,168,62196,0,33
2021-06-13,Singapore,Asia,80,62276,1,34
2021-06-20,Singapore,Asia,138,62414,0,34
2021-06-27,Singapore,Asia,130,62544,2,36
2021-07-04,Singapore,Asia,73,62617,0,36
2021-07-11,Singapore,Asia,75,62692,0,36
2021-07-18,Singapore,Asia,381,63073,0,36
2021-07-25,Singapore,Asia,1106,64179,1,37
2021-08-01,Singapore,Asia,923,65102,0,37
2021-08-08,Singapore,Asia,662,65764,5,42
2021-08-15,Singapore,Asia,408,66172,2,44
2021-08-22,Singapore,Asia,306,66478,5,49
2021-08-29,Singapore,Asia,826,67304,6,55
2021-09-05,Singapore,Asia,1356,68660,0,55
2021-09-12,Singapore,Asia,3027,71687,3,58
2021-09-19,Singapore,Asia,6117,77804,2,60
2021-09-26,Singapore,Asia,10088,87892,18,78
2021-10-03,Singapore,Asia,15951,103843,35,113
2021-10-10,Singapore,Asia,23123,126966,49,162
2021-10-17,Singapore,Asia,21212,148178,71,233
2021-10-24,Singapore,Asia,24466,172644,82,315
2021-10-31,Singapore,Asia,25730,198374,92,407
2021-11-07,Singapore,Asia,19959,218333,90,497
2021-11-14,Singapore,Asia,18870,237203,89,586
2021-11-21,Singapore,Asia,14985,252188,76,662
2021-11-28,Singapore,Asia,10195,262383,39,701
2021-12-05,Singapore,Asia,6828,269211,58,759
2021-12-12,Singapore,Asia,4151,273362,35,794
2021-12-19,Singapore,Asia,2548,275910,19,813
2021-12-26,Singapore,Asia,1854,277764,9,822
2022-01-02,Singapore,Asia,2526,280290,7,829
2022-01-09,Singapore,Asia,5357,285647,9,838
2022-01-16,Singapore,Asia,6202,291849,5,843
2022-01-23,Singapore,Asia,21923,313772,5,848
2022-01-30,Singapore,Asia,34558,348330,6,854
2022-02-06,Singapore,Asia,49493,397823,17,871
2022-02-13,Singapore,Asia,71672,469495,26,897
2022-02-20,Singapore,Asia,113143,582638,48,945
2022-02-27,Singapore,Asia,128242,710880,62,1007
2022-03-06,Singapore,Asia,121941,832821,71,1078
2022-03-13,Singapore,Asia,106615,939436,67,1145
2022-03-20,Singapore,Asia,75581,1015017,53,1198
2022-03-27,Singapore,Asia,56988,1072005,48,1246
2022-04-03,Singapore,Asia,37739,1109744,28,1274
2022-04-10,Singapore,Asia,28257,1138001,20,1294
2022-04-17,Singapore,Asia,22299,1160300,22,1316
2022-04-24,Singapore,Asia,21868,1182168,9,1325
2022-05-01,Singapore,Asia,17472,1199640,11,1336
2022-05-08,Singapore,Asia,18282,1217922,16,1352
2022-05-15,Singapore,Asia,24962,1242884,11,1363
2022-05-22,Singapore,Asia,26751,1269635,12,1375
2022-05-29,Singapore,Asia,26285,1295920,8,1383
2022-06-05,Singapore,Asia,23064,1318984,10,1393
2022-06-12,Singapore,Asia,22272,1341256,5,1398
2022-06-19,Singapore,Asia,26505,1367761,7,1405
2022-06-26,Singapore,Asia,40597,1408358,4,1409
2022-07-03,Singapore,Asia,52749,1461107,10,1419
2022-07-10,Singapore,Asia,62774,1523881,13,1432
2022-07-17,Singapore,Asia,65218,1589099,25,1457
2022-07-24,Singapore,Asia,63882,1652981,26,1483
2022-07-31,Singapore,Asia,55969,1708950,37,1520
2022-08-07,Singapore,Asia,45827,1754777,21,1541
2022-08-14,Singapore,Asia,36269,1791046,19,1560
2022-08-21,Singapore,Asia,23871,1814917,24,1584
2022-08-28,Singapore,Asia,16415,1831332,7,1591
2022-09-04,Singapore,Asia,13453,1844785,5,1596
2022-09-11,Singapore,Asia,13712,1858497,6,1602
2022-09-18,Singapore,Asia,14793,1873290,6,1608
2022-09-25,Singapore,Asia,16254,1889544,7,1615
2022-10-02,Singapore,Asia,21873,1911417,7,1622
2022-10-09,Singapore,Asia,36985,1948402,10,1632
2022-10-16,Singapore,Asia,57482,2005884,14,1646
2022-10-23,Singapore,Asia,53825,2059709,17,1663
2022-10-30,Singapore,Asia,36811,2096520,17,1680
2022-11-06,Singapore,Asia,24915,2121435,10,1690
2022-11-13,Singapore,Asia,16441,2137876,7,1697
2022-11-20,Singapore,Asia,10918,2148794,3,1700
2022-11-27,Singapore,Asia,13800,2162594,2,1702
2022-12-04,Singapore,Asia,8795,2171389,4,1706
2022-12-11,Singapore,Asia,8366,2179755,1,1707
2022-12-18,Singapore,Asia,8654,2188409,3,1710
2022-12-25,Singapore,Asia,5481,2193890,1,1711
2023-01-01,Singapore,Asia,8324,2202214,0,1711
2023-01-08,Singapore,Asia,5456,2207670,1,1712
2023-01-15,Singapore,Asia,3876,2211546,0,1712
2023-01-22,Singapore,Asia,2518,2214064,0,1712
2023-01-29,Singapore,Asia,1825,2215889,0,1712
2023-02-05,Singapore,Asia,2992,2218881,10,1722
2023-02-12,Singapore,Asia,2881,2221762,0,1722
2023-02-19,Singapore,Asia,244,2222006,0,1722
2023-02-26,Singapore,Asia,3849,2225855,0,1722
2023-03-05,Singapore,Asia,4471,2230326,0,1722
2023-03-12,Singapore,Asia,4426,2234752,0,1722
2023-03-19,Singapore,Asia,10352,2245104,0,1722
2023-03-26,Singapore,Asia,10464,2255568,0,1722
2023-04-02,Singapore,Asia,14467,2270035,0,1722
2023-04-09,Singapore,Asia,28410,2298445,12,1734
2023-04-16,Singapore,Asia,16018,2314463,0,1734
2023-04-23,Singapore,Asia,26072,2340535,0,1734
2023-04-30,Singapore,Asia,27818,2368353,0,1734
2023-05-07,Singapore,Asia,23417,2391770,54,1788
2023-05-14,Singapore,Asia,22624,2414394,0,1788
2023-05-21,Singapore,Asia,24296,2438690,0,1788
2023-05-28,Singapore,Asia,20767,2459457,0,1788
2023-06-04,Singapore,Asia,14851,2474308,53,1841
2023-06-11,Singapore,Asia,8531,2482839,0,1841
2023-06-18,Singapore,Asia,10432,2493271,4,1845
2023-06-25,Singapore,Asia,6717,2499988,27,1872
2023-07-02,Singapore,Asia,11736,2511724,0,1872
2023-07-09,Singapore,Asia,4302,2516026,0,1872
2023-07-16,Singapore,Asia,8544,2524570,0,1872
2023-07-23,Singapore,Asia,5632,2530202,0,1872
2023-07-30,Singapore,Asia,4738,2534940,0,1872
2023-08-06,Singapore,Asia,4951,2539891,0,1872
2023-08-13,Singapore,Asia,3485,2543376,7,1879
2023-08-20,Singapore,Asia,4951,2548327,0,1879
2023-08-27,Singapore,Asia,7045,2555372,0,1879
2023-09-03,Singapore,Asia,6650,2562022,0,1879
2023-09-10,Singapore,Asia,4295,2566317,10,1889
2023-09-17,Singapore,Asia,7248,2573565,0,1889
2023-09-24,Singapore,Asia,6401,2579966,0,1889
2023-10-01,Singapore,Asia,14843,2594809,0,1889
2023-10-08,Singapore,Asia,15336,2610145,17,1906
2023-10-15,Singapore,Asia,16250,2626395,0,1906
2023-10-22,Singapore,Asia,14801,2641196,0,1906
2023-10-29,Singapore,Asia,17123,2658319,0,1906
2023-11-05,Singapore,Asia,16062,2674381,0,1906
2023-11-12,Singapore,Asia,16395,2690776,27,1933
2023-11-19,Singapore,Asia,15441,2706217,0,1933
2023-11-26,Singapore,Asia,10726,2716943,0,1933
2023-12-03,Singapore,Asia,22094,2739037,0,1933
2023-12-10,Singapore,Asia,32035,2771072,21,1954
2023-12-17,Singapore,Asia,56043,2827115,0,1954
2023-12-24,Singapore,Asia,58300,2885415,0,1954
2023-12-31,Singapore,Asia,39100,2924515,0,1954
2024-01-07,Singapore,Asia,21200,2945715,70,2024
2024-01-14,Singapore,Asia,19800,2965515,0,2024
2024-01-21,Singapore,Asia,12200,2977715,0,2024
2024-01-28,Singapore,Asia,10700,2988415,0,2024
2024-02-04,Singapore,Asia,5880,2994295,0,2024
2024-02-11,Singapore,Asia,4370,2998665,0,2024
2024-02-18,Singapore,Asia,3000,3001665,0,2024
2024-02-25,Singapore,Asia,2040,3003705,0,2024
2024-03-03,Singapore,Asia,2450,3006155,0,2024
2024-03-10,Singapore,Asia,0,3006155,0,2024
2024-03-17,Singapore,Asia,0,3006155,0,2024
2024-03-24,Singapore,Asia,0,3006155,0,2024
2024-03-31,Singapore,Asia,0,3006155,0,2024
2024-04-07,Singapore,Asia,0,3006155,0,2024
2024-04-14,Singapore,Asia,0,3006155,0,2024
2024-04-21,Singapore,Asia,0,3006155,0,2024
2024-04-28,Singapore,Asia,0,3006155,0,2024
2024-05-05,Singapore,Asia,0,3006155,0,2024
2024-05-12,Singapore,Asia,0,3006155,0,2024
2024-05-19,Singapore,Asia,0,3006155,0,2024
2024-05-26,Singapore,Asia,0,3006155,0,2024
2024-06-02,Singapore,Asia,0,3006155,0,2024
2024-06-09,Singapore,Asia,0,3006155,0,2024
2024-06-16,Singapore,Asia,0,3006155,0,2024
2024-06-23,Singapore,Asia,0,3006155,0,2024
2024-06-30,Singapore,Asia,0,3006155,0,2024
2024-07-07,Singapore,Asia,0,3006155,0,2024
2024-07-14,Singapore,Asia,0,3006155,0,2024
2024-07-21,Singapore,Asia,0,3006155,0,2024
2024-07-28,Singapore,Asia,0,3006155,0,2024
2024-08-04,Singapore,Asia,0,3006155,0,2024
2024-08-11,Singapore,Asia,0,3006155,0,2024
2024-08-18,Singapore,Asia,0,3006155,0,2024
2024-08-25,Singapore,Asia,0,3006155,0,2024
2024-09-01,Singapore,Asia,0,3006155,0,2024
2020-01-05,Sint Maarten (Dutch part),North America,0,0,0,0
2020-01-12,Sint Maarten (Dutch part),North America,0,0,0,0
2020-01-19,Sint Maarten (Dutch part),North America,0,0,0,0
2020-01-26,Sint Maarten (Dutch part),North America,0,0,0,0
2020-02-02,Sint Maarten (Dutch part),North America,0,0,0,0
2020-02-09,Sint Maarten (Dutch part),North America,0,0,0,0
2020-02-16,Sint Maarten (Dutch part),North America,0,0,0,0
2020-02-23,Sint Maarten (Dutch part),North America,0,0,0,0
2020-03-01,Sint Maarten (Dutch part),North America,0,0,0,0
2020-03-08,Sint Maarten (Dutch part),North America,0,0,0,0
2020-03-15,Sint Maarten (Dutch part),North America,0,0,0,0
2020-03-22,Sint Maarten (Dutch part),North America,1,1,0,0
2020-03-29,Sint Maarten (Dutch part),North America,2,3,0,0
2020-04-05,Sint Maarten (Dutch part),North America,20,23,2,2
2020-04-12,Sint Maarten (Dutch part),North America,27,50,7,9
2020-04-19,Sint Maarten (Dutch part),North America,7,57,0,9
2020-04-26,Sint Maarten (Dutch part),North America,16,73,3,12
2020-05-03,Sint Maarten (Dutch part),North America,3,76,1,13
2020-05-10,Sint Maarten (Dutch part),North America,1,77,2,15
2020-05-17,Sint Maarten (Dutch part),North America,1,78,0,15
2020-05-24,Sint Maarten (Dutch part),North America,0,78,0,15
2020-05-31,Sint Maarten (Dutch part),North America,0,78,0,15
2020-06-07,Sint Maarten (Dutch part),North America,-1,77,0,15
2020-06-14,Sint Maarten (Dutch part),North America,0,77,0,15
2020-06-21,Sint Maarten (Dutch part),North America,0,77,0,15
2020-06-28,Sint Maarten (Dutch part),North America,0,77,0,15
2020-07-05,Sint Maarten (Dutch part),North America,1,78,0,15
2020-07-12,Sint Maarten (Dutch part),North America,0,78,0,15
2020-07-19,Sint Maarten (Dutch part),North America,1,79,0,15
2020-07-26,Sint Maarten (Dutch part),North America,15,94,0,15
2020-08-02,Sint Maarten (Dutch part),North America,34,128,0,15
2020-08-09,Sint Maarten (Dutch part),North America,48,176,1,16
2020-08-16,Sint Maarten (Dutch part),North America,87,263,1,17
2020-08-23,Sint Maarten (Dutch part),North America,90,353,0,17
2020-08-30,Sint Maarten (Dutch part),North America,91,444,0,17
2020-09-06,Sint Maarten (Dutch part),North America,60,504,2,19
2020-09-13,Sint Maarten (Dutch part),North America,26,530,0,19
2020-09-20,Sint Maarten (Dutch part),North America,35,565,0,19
2020-09-27,Sint Maarten (Dutch part),North America,53,618,3,22
2020-10-04,Sint Maarten (Dutch part),North America,50,668,0,22
2020-10-11,Sint Maarten (Dutch part),North America,31,699,0,22
2020-10-18,Sint Maarten (Dutch part),North America,38,737,0,22
2020-10-25,Sint Maarten (Dutch part),North America,39,776,0,22
2020-11-01,Sint Maarten (Dutch part),North America,29,805,0,22
2020-11-08,Sint Maarten (Dutch part),North America,65,870,0,22
2020-11-15,Sint Maarten (Dutch part),North America,44,914,1,23
2020-11-22,Sint Maarten (Dutch part),North America,59,973,1,24
2020-11-29,Sint Maarten (Dutch part),North America,68,1041,1,25
2020-12-06,Sint Maarten (Dutch part),North America,64,1105,0,25
2020-12-13,Sint Maarten (Dutch part),North America,96,1201,1,26
2020-12-20,Sint Maarten (Dutch part),North America,93,1294,0,26
2020-12-27,Sint Maarten (Dutch part),North America,76,1370,0,26
2021-01-03,Sint Maarten (Dutch part),North America,64,1434,1,27
2021-01-10,Sint Maarten (Dutch part),North America,97,1531,0,27
2021-01-17,Sint Maarten (Dutch part),North America,98,1629,0,27
2021-01-24,Sint Maarten (Dutch part),North America,79,1708,0,27
2021-01-31,Sint Maarten (Dutch part),North America,114,1822,0,27
2021-02-07,Sint Maarten (Dutch part),North America,89,1911,0,27
2021-02-14,Sint Maarten (Dutch part),North America,74,1985,0,27
2021-02-21,Sint Maarten (Dutch part),North America,42,2027,0,27
2021-02-28,Sint Maarten (Dutch part),North America,24,2051,0,27
2021-03-07,Sint Maarten (Dutch part),North America,15,2066,0,27
2021-03-14,Sint Maarten (Dutch part),North America,12,2078,0,27
2021-03-21,Sint Maarten (Dutch part),North America,15,2093,0,27
2021-03-28,Sint Maarten (Dutch part),North America,25,2118,0,27
2021-04-04,Sint Maarten (Dutch part),North America,33,2151,0,27
2021-04-11,Sint Maarten (Dutch part),North America,23,2174,0,27
2021-04-18,Sint Maarten (Dutch part),North America,28,2202,0,27
2021-04-25,Sint Maarten (Dutch part),North America,10,2212,0,27
2021-05-02,Sint Maarten (Dutch part),North America,18,2230,0,27
2021-05-09,Sint Maarten (Dutch part),North America,20,2250,0,27
2021-05-16,Sint Maarten (Dutch part),North America,22,2272,0,27
2021-05-23,Sint Maarten (Dutch part),North America,74,2346,0,27
2021-05-30,Sint Maarten (Dutch part),North America,58,2404,1,28
2021-06-06,Sint Maarten (Dutch part),North America,44,2448,0,28
2021-06-13,Sint Maarten (Dutch part),North America,63,2511,3,31
2021-06-20,Sint Maarten (Dutch part),North America,50,2561,1,32
2021-06-27,Sint Maarten (Dutch part),North America,33,2594,1,33
2021-07-04,Sint Maarten (Dutch part),North America,24,2618,0,33
2021-07-11,Sint Maarten (Dutch part),North America,15,2633,1,34
2021-07-18,Sint Maarten (Dutch part),North America,26,2659,0,34
2021-07-25,Sint Maarten (Dutch part),North America,39,2698,0,34
2021-08-01,Sint Maarten (Dutch part),North America,62,2760,0,34
2021-08-08,Sint Maarten (Dutch part),North America,131,2891,0,34
2021-08-15,Sint Maarten (Dutch part),North America,237,3128,5,39
2021-08-22,Sint Maarten (Dutch part),North America,238,3366,3,42
2021-08-29,Sint Maarten (Dutch part),North America,214,3580,5,47
2021-09-05,Sint Maarten (Dutch part),North America,195,3775,9,56
2021-09-12,Sint Maarten (Dutch part),North America,172,3947,1,57
2021-09-19,Sint Maarten (Dutch part),North America,106,4053,2,59
2021-09-26,Sint Maarten (Dutch part),North America,125,4178,2,61
2021-10-03,Sint Maarten (Dutch part),North America,113,4291,5,66
2021-10-10,Sint Maarten (Dutch part),North America,95,4386,2,68
2021-10-17,Sint Maarten (Dutch part),North America,52,4438,2,70
2021-10-24,Sint Maarten (Dutch part),North America,30,4468,5,75
2021-10-31,Sint Maarten (Dutch part),North America,20,4488,0,75
2021-11-07,Sint Maarten (Dutch part),North America,13,4501,0,75
2021-11-14,Sint Maarten (Dutch part),North America,25,4526,0,75
2021-11-21,Sint Maarten (Dutch part),North America,28,4554,0,75
2021-11-28,Sint Maarten (Dutch part),North America,19,4573,0,75
2021-12-05,Sint Maarten (Dutch part),North America,20,4593,0,75
2021-12-12,Sint Maarten (Dutch part),North America,31,4624,0,75
2021-12-19,Sint Maarten (Dutch part),North America,40,4664,0,75
2021-12-26,Sint Maarten (Dutch part),North America,84,4748,0,75
2022-01-02,Sint Maarten (Dutch part),North America,449,5197,0,75
2022-01-09,Sint Maarten (Dutch part),North America,916,6113,0,75
2022-01-16,Sint Maarten (Dutch part),North America,2137,8250,0,75
2022-01-23,Sint Maarten (Dutch part),North America,715,8965,2,77
2022-01-30,Sint Maarten (Dutch part),North America,264,9229,2,79
2022-02-06,Sint Maarten (Dutch part),North America,144,9373,0,79
2022-02-13,Sint Maarten (Dutch part),North America,96,9469,4,83
2022-02-20,Sint Maarten (Dutch part),North America,42,9511,1,84
2022-02-27,Sint Maarten (Dutch part),North America,33,9544,1,85
2022-03-06,Sint Maarten (Dutch part),North America,26,9570,0,85
2022-03-13,Sint Maarten (Dutch part),North America,16,9586,0,85
2022-03-20,Sint Maarten (Dutch part),North America,43,9629,0,85
2022-03-27,Sint Maarten (Dutch part),North America,28,9657,1,86
2022-04-03,Sint Maarten (Dutch part),North America,41,9698,0,86
2022-04-10,Sint Maarten (Dutch part),North America,89,9787,0,86
2022-04-17,Sint Maarten (Dutch part),North America,86,9873,0,86
2022-04-24,Sint Maarten (Dutch part),North America,47,9920,0,86
2022-05-01,Sint Maarten (Dutch part),North America,98,10018,0,86
2022-05-08,Sint Maarten (Dutch part),North America,47,10065,0,86
2022-05-15,Sint Maarten (Dutch part),North America,58,10123,0,86
2022-05-22,Sint Maarten (Dutch part),North America,0,10123,0,86
2022-05-29,Sint Maarten (Dutch part),North America,156,10279,0,86
2022-06-05,Sint Maarten (Dutch part),North America,74,10353,0,86
2022-06-12,Sint Maarten (Dutch part),North America,81,10434,0,86
2022-06-19,Sint Maarten (Dutch part),North America,74,10508,0,86
2022-06-26,Sint Maarten (Dutch part),North America,0,10508,0,86
2022-07-03,Sint Maarten (Dutch part),North America,72,10580,0,86
2022-07-10,Sint Maarten (Dutch part),North America,21,10601,1,87
2022-07-17,Sint Maarten (Dutch part),North America,0,10601,0,87
2022-07-24,Sint Maarten (Dutch part),North America,55,10656,0,87
2022-07-31,Sint Maarten (Dutch part),North America,85,10741,0,87
2022-08-07,Sint Maarten (Dutch part),North America,24,10765,0,87
2022-08-14,Sint Maarten (Dutch part),North America,0,10765,0,87
2022-08-21,Sint Maarten (Dutch part),North America,44,10809,0,87
2022-08-28,Sint Maarten (Dutch part),North America,0,10809,0,87
2022-09-04,Sint Maarten (Dutch part),North America,27,10836,0,87
2022-09-11,Sint Maarten (Dutch part),North America,11,10847,0,87
2022-09-18,Sint Maarten (Dutch part),North America,8,10855,0,87
2022-09-25,Sint Maarten (Dutch part),North America,0,10855,0,87
2022-10-02,Sint Maarten (Dutch part),North America,8,10863,0,87
2022-10-09,Sint Maarten (Dutch part),North America,2,10865,0,87
2022-10-16,Sint Maarten (Dutch part),North America,11,10876,0,87
2022-10-23,Sint Maarten (Dutch part),North America,32,10908,0,87
2022-10-30,Sint Maarten (Dutch part),North America,14,10922,1,88
2022-11-06,Sint Maarten (Dutch part),North America,9,10931,1,89
2022-11-13,Sint Maarten (Dutch part),North America,0,10931,0,89
2022-11-20,Sint Maarten (Dutch part),North America,12,10943,0,89
2022-11-27,Sint Maarten (Dutch part),North America,6,10949,0,89
2022-12-04,Sint Maarten (Dutch part),North America,5,10954,0,89
2022-12-11,Sint Maarten (Dutch part),North America,0,10954,0,89
2022-12-18,Sint Maarten (Dutch part),North America,10,10964,0,89
2022-12-25,Sint Maarten (Dutch part),North America,24,10988,0,89
2023-01-01,Sint Maarten (Dutch part),North America,4,10992,0,89
2023-01-08,Sint Maarten (Dutch part),North America,0,10992,0,89
2023-01-15,Sint Maarten (Dutch part),North America,13,11005,0,89
2023-01-22,Sint Maarten (Dutch part),North America,5,11010,0,89
2023-01-29,Sint Maarten (Dutch part),North America,0,11010,0,89
2023-02-05,Sint Maarten (Dutch part),North America,4,11014,1,90
2023-02-12,Sint Maarten (Dutch part),North America,2,11016,0,90
2023-02-19,Sint Maarten (Dutch part),North America,0,11016,0,90
2023-02-26,Sint Maarten (Dutch part),North America,4,11020,0,90
2023-03-05,Sint Maarten (Dutch part),North America,0,11020,0,90
2023-03-12,Sint Maarten (Dutch part),North America,3,11023,2,92
2023-03-19,Sint Maarten (Dutch part),North America,3,11026,0,92
2023-03-26,Sint Maarten (Dutch part),North America,3,11029,0,92
2023-04-02,Sint Maarten (Dutch part),North America,1,11030,0,92
2023-04-09,Sint Maarten (Dutch part),North America,0,11030,0,92
2023-04-16,Sint Maarten (Dutch part),North America,0,11030,0,92
2023-04-23,Sint Maarten (Dutch part),North America,0,11030,0,92
2023-04-30,Sint Maarten (Dutch part),North America,0,11030,0,92
2023-05-07,Sint Maarten (Dutch part),North America,0,11030,0,92
2023-05-14,Sint Maarten (Dutch part),North America,0,11030,0,92
2023-05-21,Sint Maarten (Dutch part),North America,0,11030,0,92
2023-05-28,Sint Maarten (Dutch part),North America,0,11030,0,92
2023-06-04,Sint Maarten (Dutch part),North America,21,11051,0,92
2023-06-11,Sint Maarten (Dutch part),North America,0,11051,0,92
2023-06-18,Sint Maarten (Dutch part),North America,0,11051,0,92
2023-06-25,Sint Maarten (Dutch part),North America,0,11051,0,92
2023-07-02,Sint Maarten (Dutch part),North America,0,11051,0,92
2023-07-09,Sint Maarten (Dutch part),North America,0,11051,0,92
2023-07-16,Sint Maarten (Dutch part),North America,0,11051,0,92
2023-07-23,Sint Maarten (Dutch part),North America,0,11051,0,92
2023-07-30,Sint Maarten (Dutch part),North America,0,11051,0,92
2023-08-06,Sint Maarten (Dutch part),North America,0,11051,0,92
2023-08-13,Sint Maarten (Dutch part),North America,0,11051,0,92
2023-08-20,Sint Maarten (Dutch part),North America,0,11051,0,92
2023-08-27,Sint Maarten (Dutch part),North America,0,11051,0,92
2023-09-03,Sint Maarten (Dutch part),North America,0,11051,0,92
2023-09-10,Sint Maarten (Dutch part),North America,0,11051,0,92
2023-09-17,Sint Maarten (Dutch part),North America,0,11051,0,92
2023-09-24,Sint Maarten (Dutch part),North America,0,11051,0,92
2023-10-01,Sint Maarten (Dutch part),North America,0,11051,0,92
2023-10-08,Sint Maarten (Dutch part),North America,0,11051,0,92
2023-10-15,Sint Maarten (Dutch part),North America,0,11051,0,92
2023-10-22,Sint Maarten (Dutch part),North America,0,11051,0,92
2023-10-29,Sint Maarten (Dutch part),North America,0,11051,0,92
2023-11-05,Sint Maarten (Dutch part),North America,0,11051,0,92
2023-11-12,Sint Maarten (Dutch part),North America,0,11051,0,92
2023-11-19,Sint Maarten (Dutch part),North America,0,11051,0,92
2023-11-26,Sint Maarten (Dutch part),North America,0,11051,0,92
2023-12-03,Sint Maarten (Dutch part),North America,0,11051,0,92
2023-12-10,Sint Maarten (Dutch part),North America,0,11051,0,92
2023-12-17,Sint Maarten (Dutch part),North America,0,11051,0,92
2023-12-24,Sint Maarten (Dutch part),North America,0,11051,0,92
2023-12-31,Sint Maarten (Dutch part),North America,0,11051,0,92
2024-01-07,Sint Maarten (Dutch part),North America,0,11051,0,92
2024-01-14,Sint Maarten (Dutch part),North America,0,11051,0,92
2024-01-21,Sint Maarten (Dutch part),North America,0,11051,0,92
2024-01-28,Sint Maarten (Dutch part),North America,0,11051,0,92
2024-02-04,Sint Maarten (Dutch part),North America,0,11051,0,92
2024-02-11,Sint Maarten (Dutch part),North America,0,11051,0,92
2024-02-18,Sint Maarten (Dutch part),North America,0,11051,0,92
2024-02-25,Sint Maarten (Dutch part),North America,0,11051,0,92
2024-03-03,Sint Maarten (Dutch part),North America,0,11051,0,92
2024-03-10,Sint Maarten (Dutch part),North America,0,11051,0,92
2024-03-17,Sint Maarten (Dutch part),North America,0,11051,0,92
2024-03-24,Sint Maarten (Dutch part),North America,0,11051,0,92
2024-03-31,Sint Maarten (Dutch part),North America,0,11051,0,92
2024-04-07,Sint Maarten (Dutch part),North America,0,11051,0,92
2024-04-14,Sint Maarten (Dutch part),North America,0,11051,0,92
2024-04-21,Sint Maarten (Dutch part),North America,0,11051,0,92
2024-04-28,Sint Maarten (Dutch part),North America,0,11051,0,92
2024-05-05,Sint Maarten (Dutch part),North America,0,11051,0,92
2024-05-12,Sint Maarten (Dutch part),North America,0,11051,0,92
2024-05-19,Sint Maarten (Dutch part),North America,0,11051,0,92
2024-05-26,Sint Maarten (Dutch part),North America,0,11051,0,92
2024-06-02,Sint Maarten (Dutch part),North America,0,11051,0,92
2024-06-09,Sint Maarten (Dutch part),North America,0,11051,0,92
2024-06-16,Sint Maarten (Dutch part),North America,0,11051,0,92
2024-06-23,Sint Maarten (Dutch part),North America,0,11051,0,92
2024-06-30,Sint Maarten (Dutch part),North America,0,11051,0,92
2024-07-07,Sint Maarten (Dutch part),North America,0,11051,0,92
2024-07-14,Sint Maarten (Dutch part),North America,0,11051,0,92
2024-07-21,Sint Maarten (Dutch part),North America,0,11051,0,92
2024-07-28,Sint Maarten (Dutch part),North America,0,11051,0,92
2024-08-04,Sint Maarten (Dutch part),North America,0,11051,0,92
2024-08-11,Sint Maarten (Dutch part),North America,0,11051,0,92
2024-08-18,Sint Maarten (Dutch part),North America,0,11051,0,92
2024-08-25,Sint Maarten (Dutch part),North America,0,11051,0,92
2024-09-01,Sint Maarten (Dutch part),North America,0,11051,0,92
2020-01-05,Slovakia,Europe,0,0,0,0
2020-01-12,Slovakia,Europe,0,0,0,0
2020-01-19,Slovakia,Europe,0,0,0,0
2020-01-26,Slovakia,Europe,0,0,0,0
2020-02-02,Slovakia,Europe,0,0,0,0
2020-02-09,Slovakia,Europe,0,0,0,0
2020-02-16,Slovakia,Europe,0,0,0,0
2020-02-23,Slovakia,Europe,0,0,0,0
2020-03-01,Slovakia,Europe,0,0,0,0
2020-03-08,Slovakia,Europe,3,3,0,0
2020-03-15,Slovakia,Europe,41,44,0,0
2020-03-22,Slovakia,Europe,134,178,0,0
2020-03-29,Slovakia,Europe,136,314,0,0
2020-04-05,Slovakia,Europe,171,485,1,1
2020-04-12,Slovakia,Europe,257,742,1,2
2020-04-19,Slovakia,Europe,419,1161,10,12
2020-04-26,Slovakia,Europe,218,1379,6,18
2020-05-03,Slovakia,Europe,29,1408,6,24
2020-05-10,Slovakia,Europe,49,1457,2,26
2020-05-17,Slovakia,Europe,37,1494,2,28
2020-05-24,Slovakia,Europe,15,1509,0,28
2020-05-31,Slovakia,Europe,12,1521,0,28
2020-06-07,Slovakia,Europe,7,1528,0,28
2020-06-14,Slovakia,Europe,20,1548,0,28
2020-06-21,Slovakia,Europe,39,1587,0,28
2020-06-28,Slovakia,Europe,77,1664,0,28
2020-07-05,Slovakia,Europe,100,1764,0,28
2020-07-12,Slovakia,Europe,137,1901,0,28
2020-07-19,Slovakia,Europe,78,1979,0,28
2020-07-26,Slovakia,Europe,200,2179,0,28
2020-08-02,Slovakia,Europe,165,2344,1,29
2020-08-09,Slovakia,Europe,252,2596,2,31
2020-08-16,Slovakia,Europe,306,2902,0,31
2020-08-23,Slovakia,Europe,454,3356,2,33
2020-08-30,Slovakia,Europe,520,3876,0,33
2020-09-06,Slovakia,Europe,738,4614,4,37
2020-09-13,Slovakia,Europe,918,5532,1,38
2020-09-20,Slovakia,Europe,1145,6677,1,39
2020-09-27,Slovakia,Europe,2401,9078,5,44
2020-10-04,Slovakia,Europe,4061,13139,11,55
2020-10-11,Slovakia,Europe,6712,19851,6,61
2020-10-18,Slovakia,Europe,9984,29835,27,88
2020-10-25,Slovakia,Europe,14008,43843,71,159
2020-11-01,Slovakia,Europe,16103,59946,60,219
2020-11-08,Slovakia,Europe,15549,75495,132,351
2020-11-15,Slovakia,Europe,11272,86767,159,510
2020-11-22,Slovakia,Europe,9474,96241,161,671
2020-11-29,Slovakia,Europe,9492,105733,145,816
2020-12-06,Slovakia,Europe,10998,116731,180,996
2020-12-13,Slovakia,Europe,16253,132984,179,1175
2020-12-20,Slovakia,Europe,18352,151336,380,1555
2020-12-27,Slovakia,Europe,16187,167523,218,1773
2021-01-03,Slovakia,Europe,19940,187463,544,2317
2021-01-10,Slovakia,Europe,20746,208209,601,2918
2021-01-17,Slovakia,Europe,15116,223325,556,3474
2021-01-24,Slovakia,Europe,13151,236476,594,4068
2021-01-31,Slovakia,Europe,13437,249913,574,4642
2021-02-07,Slovakia,Europe,13413,263326,557,5199
2021-02-14,Slovakia,Europe,14356,277682,686,5885
2021-02-21,Slovakia,Europe,14461,292143,620,6505
2021-02-28,Slovakia,Europe,15940,308083,684,7189
2021-03-07,Slovakia,Europe,15307,323390,647,7836
2021-03-14,Slovakia,Europe,14113,337503,692,8528
2021-03-21,Slovakia,Europe,11366,348869,516,9044
2021-03-28,Slovakia,Europe,9041,357910,452,9496
2021-04-04,Slovakia,Europe,7332,365242,529,10025
2021-04-11,Slovakia,Europe,5820,371062,540,10565
2021-04-18,Slovakia,Europe,4912,375974,541,11106
2021-04-25,Slovakia,Europe,3937,379911,389,11495
2021-05-02,Slovakia,Europe,3187,383098,271,11766
2021-05-09,Slovakia,Europe,2377,385475,253,12019
2021-05-16,Slovakia,Europe,2048,387523,205,12224
2021-05-23,Slovakia,Europe,1312,388835,68,12292
2021-05-30,Slovakia,Europe,855,389690,47,12339
2021-06-06,Slovakia,Europe,746,390436,65,12404
2021-06-13,Slovakia,Europe,590,391026,35,12439
2021-06-20,Slovakia,Europe,299,391325,53,12492
2021-06-27,Slovakia,Europe,226,391551,13,12505
2021-07-04,Slovakia,Europe,166,391717,8,12513
2021-07-11,Slovakia,Europe,201,391918,6,12519
2021-07-18,Slovakia,Europe,182,392100,5,12524
2021-07-25,Slovakia,Europe,248,392348,10,12534
2021-08-01,Slovakia,Europe,356,392704,6,12540
2021-08-08,Slovakia,Europe,336,393040,1,12541
2021-08-15,Slovakia,Europe,489,393529,3,12544
2021-08-22,Slovakia,Europe,553,394082,3,12547
2021-08-29,Slovakia,Europe,660,394742,1,12548
2021-09-05,Slovakia,Europe,1338,396080,1,12549
2021-09-12,Slovakia,Europe,2610,398690,9,12558
2021-09-19,Slovakia,Europe,4118,402808,11,12569
2021-09-26,Slovakia,Europe,5680,408488,27,12596
2021-10-03,Slovakia,Europe,7505,415993,72,12668
2021-10-10,Slovakia,Europe,9576,425569,63,12731
2021-10-17,Slovakia,Europe,11815,437384,115,12846
2021-10-24,Slovakia,Europe,19054,456438,57,12903
2021-10-31,Slovakia,Europe,27335,483773,131,13034
2021-11-07,Slovakia,Europe,34862,518635,195,13229
2021-11-14,Slovakia,Europe,41465,560100,308,13537
2021-11-21,Slovakia,Europe,50040,610140,324,13861
2021-11-28,Slovakia,Europe,57821,667961,413,14274
2021-12-05,Slovakia,Europe,61514,729475,552,14826
2021-12-12,Slovakia,Europe,45382,774857,528,15354
2021-12-19,Slovakia,Europe,31258,806115,660,16014
2021-12-26,Slovakia,Europe,19514,825629,384,16398
2022-01-02,Slovakia,Europe,18980,844609,303,16701
2022-01-09,Slovakia,Europe,18353,862962,261,16962
2022-01-16,Slovakia,Europe,16694,879656,338,17300
2022-01-23,Slovakia,Europe,38262,917918,343,17643
2022-01-30,Slovakia,Europe,82427,1000345,174,17817
2022-02-06,Slovakia,Europe,116710,1117055,141,17958
2022-02-13,Slovakia,Europe,124066,1241121,137,18095
2022-02-20,Slovakia,Europe,113227,1354348,145,18240
2022-02-27,Slovakia,Europe,87846,1442194,213,18453
2022-03-06,Slovakia,Europe,67300,1509494,234,18687
2022-03-13,Slovakia,Europe,63617,1573111,231,18918
2022-03-20,Slovakia,Europe,61558,1634669,192,19110
2022-03-27,Slovakia,Europe,52756,1687425,160,19270
2022-04-03,Slovakia,Europe,38062,1725487,147,19417
2022-04-10,Slovakia,Europe,25054,1750541,156,19573
2022-04-17,Slovakia,Europe,13454,1763995,168,19741
2022-04-24,Slovakia,Europe,10813,1774808,98,19839
2022-05-01,Slovakia,Europe,6884,1781692,78,19917
2022-05-08,Slovakia,Europe,3441,1785133,61,19978
2022-05-15,Slovakia,Europe,1960,1787093,63,20041
2022-05-22,Slovakia,Europe,1359,1788452,39,20080
2022-05-29,Slovakia,Europe,985,1789437,17,20097
2022-06-05,Slovakia,Europe,791,1790228,7,20104
2022-06-12,Slovakia,Europe,964,1791192,12,20116
2022-06-19,Slovakia,Europe,1125,1792317,17,20133
2022-06-26,Slovakia,Europe,1994,1794311,9,20142
2022-07-03,Slovakia,Europe,3094,1797405,9,20151
2022-07-10,Slovakia,Europe,3633,1801038,9,20160
2022-07-17,Slovakia,Europe,5052,1806090,12,20172
2022-07-24,Slovakia,Europe,5960,1812050,25,20197
2022-07-31,Slovakia,Europe,5729,1817779,26,20223
2022-08-07,Slovakia,Europe,5480,1823259,36,20259
2022-08-14,Slovakia,Europe,4452,1827711,44,20303
2022-08-21,Slovakia,Europe,3341,1831052,30,20333
2022-08-28,Slovakia,Europe,2639,1833691,15,20348
2022-09-04,Slovakia,Europe,1586,1835277,15,20363
2022-09-11,Slovakia,Europe,1946,1837223,39,20402
2022-09-18,Slovakia,Europe,1933,1839156,34,20436
2022-09-25,Slovakia,Europe,2346,1841502,12,20448
2022-10-02,Slovakia,Europe,2898,1844400,13,20461
2022-10-09,Slovakia,Europe,2846,1847246,17,20478
2022-10-16,Slovakia,Europe,2281,1849527,33,20511
2022-10-23,Slovakia,Europe,1756,1851283,46,20557
2022-10-30,Slovakia,Europe,1269,1852552,44,20601
2022-11-06,Slovakia,Europe,997,1853549,34,20635
2022-11-13,Slovakia,Europe,822,1854371,41,20676
2022-11-20,Slovakia,Europe,628,1854999,35,20711
2022-11-27,Slovakia,Europe,665,1855664,18,20729
2022-12-04,Slovakia,Europe,713,1856377,12,20741
2022-12-11,Slovakia,Europe,812,1857189,20,20761
2022-12-18,Slovakia,Europe,779,1857968,22,20783
2022-12-25,Slovakia,Europe,719,1858687,20,20803
2023-01-01,Slovakia,Europe,549,1859236,20,20823
2023-01-08,Slovakia,Europe,456,1859692,22,20845
2023-01-15,Slovakia,Europe,417,1860109,30,20875
2023-01-22,Slovakia,Europe,330,1860439,31,20906
2023-01-29,Slovakia,Europe,311,1860750,32,20938
2023-02-05,Slovakia,Europe,362,1861112,23,20961
2023-02-12,Slovakia,Europe,473,1861585,19,20980
2023-02-19,Slovakia,Europe,555,1862140,16,20996
2023-02-26,Slovakia,Europe,620,1862760,21,21017
2023-03-05,Slovakia,Europe,638,1863398,13,21030
2023-03-12,Slovakia,Europe,722,1864120,12,21042
2023-03-19,Slovakia,Europe,511,1864631,21,21063
2023-03-26,Slovakia,Europe,424,1865055,20,21083
2023-04-02,Slovakia,Europe,442,1865497,27,21110
2023-04-09,Slovakia,Europe,312,1865809,11,21121
2023-04-16,Slovakia,Europe,262,1866071,23,21144
2023-04-23,Slovakia,Europe,237,1866308,20,21164
2023-04-30,Slovakia,Europe,4,1866312,3,21167
2023-05-07,Slovakia,Europe,158,1866470,0,21167
2023-05-14,Slovakia,Europe,177,1866647,0,21167
2023-05-21,Slovakia,Europe,98,1866745,0,21167
2023-05-28,Slovakia,Europe,69,1866814,0,21167
2023-06-04,Slovakia,Europe,43,1866857,0,21167
2023-06-11,Slovakia,Europe,0,1866857,0,21167
2023-06-18,Slovakia,Europe,0,1866857,0,21167
2023-06-25,Slovakia,Europe,0,1866857,0,21167
2023-07-02,Slovakia,Europe,0,1866857,0,21167
2023-07-09,Slovakia,Europe,0,1866857,0,21167
2023-07-16,Slovakia,Europe,0,1866857,0,21167
2023-07-23,Slovakia,Europe,30,1866887,0,21167
2023-07-30,Slovakia,Europe,11,1866898,0,21167
2023-08-06,Slovakia,Europe,10,1866908,0,21167
2023-08-13,Slovakia,Europe,182,1867090,0,21167
2023-08-20,Slovakia,Europe,27,1867117,0,21167
2023-08-27,Slovakia,Europe,31,1867148,0,21167
2023-09-03,Slovakia,Europe,54,1867202,0,21167
2023-09-10,Slovakia,Europe,39,1867241,0,21167
2023-09-17,Slovakia,Europe,82,1867323,0,21167
2023-09-24,Slovakia,Europe,98,1867421,0,21167
2023-10-01,Slovakia,Europe,104,1867525,0,21167
2023-10-08,Slovakia,Europe,122,1867647,0,21167
2023-10-15,Slovakia,Europe,152,1867799,0,21167
2023-10-22,Slovakia,Europe,134,1867933,0,21167
2023-10-29,Slovakia,Europe,178,1868111,0,21167
2023-11-05,Slovakia,Europe,481,1868592,6,21173
2023-11-12,Slovakia,Europe,509,1869101,3,21176
2023-11-19,Slovakia,Europe,489,1869590,4,21180
2023-11-26,Slovakia,Europe,669,1870259,2,21182
2023-12-03,Slovakia,Europe,840,1871099,3,21185
2023-12-10,Slovakia,Europe,1113,1872212,6,21191
2023-12-17,Slovakia,Europe,1274,1873486,6,21197
2023-12-24,Slovakia,Europe,1317,1874803,4,21201
2023-12-31,Slovakia,Europe,726,1875529,6,21207
2024-01-07,Slovakia,Europe,510,1876039,5,21212
2024-01-14,Slovakia,Europe,423,1876462,6,21218
2024-01-21,Slovakia,Europe,378,1876840,1,21219
2024-01-28,Slovakia,Europe,246,1877086,1,21220
2024-02-04,Slovakia,Europe,189,1877275,2,21222
2024-02-11,Slovakia,Europe,133,1877408,0,21222
2024-02-18,Slovakia,Europe,90,1877498,2,21224
2024-02-25,Slovakia,Europe,55,1877553,0,21224
2024-03-03,Slovakia,Europe,39,1877592,1,21225
2024-03-10,Slovakia,Europe,42,1877634,0,21225
2024-03-17,Slovakia,Europe,28,1877662,1,21226
2024-03-24,Slovakia,Europe,32,1877694,0,21226
2024-03-31,Slovakia,Europe,11,1877705,0,21226
2024-04-07,Slovakia,Europe,12,1877717,0,21226
2024-04-14,Slovakia,Europe,9,1877726,0,21226
2024-04-21,Slovakia,Europe,3,1877729,0,21226
2024-04-28,Slovakia,Europe,12,1877741,0,21226
2024-05-05,Slovakia,Europe,9,1877750,0,21226
2024-05-12,Slovakia,Europe,4,1877754,0,21226
2024-05-19,Slovakia,Europe,7,1877761,0,21226
2024-05-26,Slovakia,Europe,6,1877767,0,21226
2024-06-02,Slovakia,Europe,8,1877775,0,21226
2024-06-09,Slovakia,Europe,11,1877786,0,21226
2024-06-16,Slovakia,Europe,10,1877796,0,21226
2024-06-23,Slovakia,Europe,12,1877808,0,21226
2024-06-30,Slovakia,Europe,9,1877817,0,21226
2024-07-07,Slovakia,Europe,21,1877838,0,21226
2024-07-14,Slovakia,Europe,29,1877867,0,21226
2024-07-21,Slovakia,Europe,30,1877897,1,21227
2024-07-28,Slovakia,Europe,47,1877944,0,21227
2024-08-04,Slovakia,Europe,65,1878009,2,21229
2024-08-11,Slovakia,Europe,95,1878104,0,21229
2024-08-18,Slovakia,Europe,149,1878253,0,21229
2024-08-25,Slovakia,Europe,166,1878419,0,21229
2024-09-01,Slovakia,Europe,175,1878594,0,21229
2020-01-05,Slovenia,Europe,0,0,0,0
2020-01-12,Slovenia,Europe,0,0,0,0
2020-01-19,Slovenia,Europe,0,0,0,0
2020-01-26,Slovenia,Europe,0,0,0,0
2020-02-02,Slovenia,Europe,0,0,0,0
2020-02-09,Slovenia,Europe,0,0,0,0
2020-02-16,Slovenia,Europe,0,0,0,0
2020-02-23,Slovenia,Europe,0,0,0,0
2020-03-01,Slovenia,Europe,0,0,0,0
2020-03-08,Slovenia,Europe,20,20,0,0
2020-03-15,Slovenia,Europe,230,250,1,1
2020-03-22,Slovenia,Europe,192,442,1,2
2020-03-29,Slovenia,Europe,315,757,11,13
2020-04-05,Slovenia,Europe,264,1021,20,33
2020-04-12,Slovenia,Europe,192,1213,28,61
2020-04-19,Slovenia,Europe,123,1336,22,83
2020-04-26,Slovenia,Europe,67,1403,7,90
2020-05-03,Slovenia,Europe,36,1439,15,105
2020-05-10,Slovenia,Europe,21,1460,5,110
2020-05-17,Slovenia,Europe,6,1466,1,111
2020-05-24,Slovenia,Europe,3,1469,2,113
2020-05-31,Slovenia,Europe,4,1473,0,113
2020-06-07,Slovenia,Europe,12,1485,1,114
2020-06-14,Slovenia,Europe,11,1496,0,114
2020-06-21,Slovenia,Europe,25,1521,0,114
2020-06-28,Slovenia,Europe,63,1584,0,114
2020-07-05,Slovenia,Europe,132,1716,0,114
2020-07-12,Slovenia,Europe,134,1850,0,114
2020-07-19,Slovenia,Europe,104,1954,1,115
2020-07-26,Slovenia,Europe,134,2088,4,119
2020-08-02,Slovenia,Europe,94,2182,5,124
2020-08-09,Slovenia,Europe,74,2256,6,130
2020-08-16,Slovenia,Europe,174,2430,1,131
2020-08-23,Slovenia,Europe,236,2666,2,133
2020-08-30,Slovenia,Europe,218,2884,0,133
2020-09-06,Slovenia,Europe,307,3191,1,134
2020-09-13,Slovenia,Europe,559,3750,3,137
2020-09-20,Slovenia,Europe,721,4471,8,145
2020-09-27,Slovenia,Europe,919,5390,10,155
2020-10-04,Slovenia,Europe,1186,6576,7,162
2020-10-11,Slovenia,Europe,2258,8834,17,179
2020-10-18,Slovenia,Europe,4852,13686,34,213
2020-10-25,Slovenia,Europe,10427,24113,76,289
2020-11-01,Slovenia,Europe,12106,36219,153,442
2020-11-08,Slovenia,Europe,9437,45656,204,646
2020-11-15,Slovenia,Europe,9927,55583,270,916
2020-11-22,Slovenia,Europe,10215,65798,291,1207
2020-11-29,Slovenia,Europe,10073,75871,362,1569
2020-12-06,Slovenia,Europe,10459,86330,404,1973
2020-12-13,Slovenia,Europe,10455,96785,353,2326
2020-12-20,Slovenia,Europe,9517,106302,298,2624
2020-12-27,Slovenia,Europe,9109,115411,257,2881
2021-01-03,Slovenia,Europe,10550,125961,248,3129
2021-01-10,Slovenia,Europe,13866,139827,201,3330
2021-01-17,Slovenia,Europe,9749,149576,191,3521
2021-01-24,Slovenia,Europe,8703,158279,187,3708
2021-01-31,Slovenia,Europe,8642,166921,149,3857
2021-02-07,Slovenia,Europe,7100,174021,119,3976
2021-02-14,Slovenia,Europe,5716,179737,91,4067
2021-02-21,Slovenia,Europe,5261,184998,41,4108
2021-02-28,Slovenia,Europe,5427,190425,66,4174
2021-03-07,Slovenia,Europe,5370,195795,38,4212
2021-03-14,Slovenia,Europe,4876,200671,46,4258
2021-03-21,Slovenia,Europe,5797,206468,49,4307
2021-03-28,Slovenia,Europe,6659,213127,53,4360
2021-04-04,Slovenia,Europe,7472,220599,61,4421
2021-04-11,Slovenia,Europe,6378,226977,44,4465
2021-04-18,Slovenia,Europe,5523,232500,46,4511
2021-04-25,Slovenia,Europe,4851,237351,55,4566
2021-05-02,Slovenia,Europe,4680,242031,52,4618
2021-05-09,Slovenia,Europe,4280,246311,31,4649
2021-05-16,Slovenia,Europe,3196,249507,29,4678
2021-05-23,Slovenia,Europe,2351,251858,19,4697
2021-05-30,Slovenia,Europe,1955,253813,19,4716
2021-06-06,Slovenia,Europe,1711,255524,14,4730
2021-06-13,Slovenia,Europe,1033,256557,20,4750
2021-06-20,Slovenia,Europe,532,257089,9,4759
2021-06-27,Slovenia,Europe,251,257340,6,4765
2021-07-04,Slovenia,Europe,177,257517,1,4766
2021-07-11,Slovenia,Europe,387,257904,8,4774
2021-07-18,Slovenia,Europe,377,258281,0,4774
2021-07-25,Slovenia,Europe,473,258754,1,4775
2021-08-01,Slovenia,Europe,631,259385,1,4776
2021-08-08,Slovenia,Europe,849,260234,1,4777
2021-08-15,Slovenia,Europe,1333,261567,0,4777
2021-08-22,Slovenia,Europe,2173,263740,9,4786
2021-08-29,Slovenia,Europe,3001,266741,10,4796
2021-09-05,Slovenia,Europe,3889,270630,8,4804
2021-09-12,Slovenia,Europe,5927,276557,21,4825
2021-09-19,Slovenia,Europe,7321,283878,36,4861
2021-09-26,Slovenia,Europe,6190,290068,45,4906
2021-10-03,Slovenia,Europe,6135,296203,54,4960
2021-10-10,Slovenia,Europe,5560,301763,50,5010
2021-10-17,Slovenia,Europe,6855,308618,35,5045
2021-10-24,Slovenia,Europe,12129,320747,52,5097
2021-10-31,Slovenia,Europe,16496,337243,75,5172
2021-11-07,Slovenia,Europe,20173,357416,104,5276
2021-11-14,Slovenia,Europe,22694,380110,128,5404
2021-11-21,Slovenia,Europe,22116,402226,142,5546
2021-11-28,Slovenia,Europe,16328,418554,148,5694
2021-12-05,Slovenia,Europe,12407,430961,135,5829
2021-12-12,Slovenia,Europe,9762,440723,114,5943
2021-12-19,Slovenia,Europe,8517,449240,85,6028
2021-12-26,Slovenia,Europe,7602,456842,61,6089
2022-01-02,Slovenia,Europe,10794,467636,64,6153
2022-01-09,Slovenia,Europe,25801,493437,57,6210
2022-01-16,Slovenia,Europe,45033,538470,51,6261
2022-01-23,Slovenia,Europe,73730,612200,84,6345
2022-01-30,Slovenia,Europe,98826,711026,119,6464
2022-02-06,Slovenia,Europe,89441,800467,173,6637
2022-02-13,Slovenia,Europe,51552,852019,167,6804
2022-02-20,Slovenia,Europe,28450,880469,185,6989
2022-02-27,Slovenia,Europe,12487,892956,151,7140
2022-03-06,Slovenia,Europe,11796,904752,101,7241
2022-03-13,Slovenia,Europe,14385,919137,80,7321
2022-03-20,Slovenia,Europe,19377,938514,64,7385
2022-03-27,Slovenia,Europe,19975,958489,50,7435
2022-04-03,Slovenia,Europe,17024,975513,60,7495
2022-04-10,Slovenia,Europe,12973,988486,56,7551
2022-04-17,Slovenia,Europe,9487,997973,51,7602
2022-04-24,Slovenia,Europe,6980,1004953,55,7657
2022-05-01,Slovenia,Europe,5976,1010929,40,7697
2022-05-08,Slovenia,Europe,5157,1016086,42,7739
2022-05-15,Slovenia,Europe,3804,1019890,31,7770
2022-05-22,Slovenia,Europe,2754,1022644,18,7788
2022-05-29,Slovenia,Europe,2024,1024668,11,7799
2022-06-05,Slovenia,Europe,1735,1026403,13,7812
2022-06-12,Slovenia,Europe,2006,1028409,9,7821
2022-06-19,Slovenia,Europe,2853,1031262,7,7828
2022-06-26,Slovenia,Europe,4205,1035467,4,7832
2022-07-03,Slovenia,Europe,6062,1041529,11,7843
2022-07-10,Slovenia,Europe,8766,1050295,20,7863
2022-07-17,Slovenia,Europe,10756,1061051,24,7887
2022-07-24,Slovenia,Europe,11499,1072550,53,7940
2022-07-31,Slovenia,Europe,11465,1084015,47,7987
2022-08-07,Slovenia,Europe,10282,1094297,50,8037
2022-08-14,Slovenia,Europe,9878,1104175,51,8088
2022-08-21,Slovenia,Europe,9473,1113648,34,8122
2022-08-28,Slovenia,Europe,9414,1123062,41,8163
2022-09-04,Slovenia,Europe,8906,1131968,28,8191
2022-09-11,Slovenia,Europe,11450,1143418,23,8214
2022-09-18,Slovenia,Europe,14454,1157872,33,8247
2022-09-25,Slovenia,Europe,14000,1171872,21,8268
2022-10-02,Slovenia,Europe,15885,1187757,37,8305
2022-10-09,Slovenia,Europe,15708,1203465,49,8354
2022-10-16,Slovenia,Europe,12986,1216451,49,8403
2022-10-23,Slovenia,Europe,9803,1226254,49,8452
2022-10-30,Slovenia,Europe,7447,1233701,34,8486
2022-11-06,Slovenia,Europe,4567,1238268,33,8519
2022-11-13,Slovenia,Europe,4362,1242630,22,8541
2022-11-20,Slovenia,Europe,5422,1248052,22,8563
2022-11-27,Slovenia,Europe,6877,1254929,27,8590
2022-12-04,Slovenia,Europe,9278,1264207,34,8624
2022-12-11,Slovenia,Europe,12161,1276368,41,8665
2022-12-18,Slovenia,Europe,12766,1289134,61,8726
2022-12-25,Slovenia,Europe,11669,1300803,75,8801
2023-01-01,Slovenia,Europe,7698,1308501,70,8871
2023-01-08,Slovenia,Europe,5940,1314441,71,8942
2023-01-15,Slovenia,Europe,3281,1317722,52,8994
2023-01-22,Slovenia,Europe,2025,1319747,50,9044
2023-01-29,Slovenia,Europe,1621,1321368,32,9076
2023-02-05,Slovenia,Europe,1384,1322752,11,9087
2023-02-12,Slovenia,Europe,1238,1323990,18,9105
2023-02-19,Slovenia,Europe,1653,1325643,18,9123
2023-02-26,Slovenia,Europe,2046,1327689,25,9148
2023-03-05,Slovenia,Europe,2355,1330044,13,9161
2023-03-12,Slovenia,Europe,2843,1332887,16,9177
2023-03-19,Slovenia,Europe,2888,1335775,23,9200
2023-03-26,Slovenia,Europe,3044,1338819,27,9227
2023-04-02,Slovenia,Europe,2432,1341251,17,9244
2023-04-09,Slovenia,Europe,939,1342190,32,9276
2023-04-16,Slovenia,Europe,559,1342749,20,9296
2023-04-23,Slovenia,Europe,456,1343205,23,9319
2023-04-30,Slovenia,Europe,309,1343514,20,9339
2023-05-07,Slovenia,Europe,201,1343715,20,9359
2023-05-14,Slovenia,Europe,182,1343897,18,9377
2023-05-21,Slovenia,Europe,182,1344079,7,9384
2023-05-28,Slovenia,Europe,191,1344270,9,9393
2023-06-04,Slovenia,Europe,110,1344380,6,9399
2023-06-11,Slovenia,Europe,85,1344465,7,9406
2023-06-18,Slovenia,Europe,61,1344526,6,9412
2023-06-25,Slovenia,Europe,36,1344562,10,9422
2023-07-02,Slovenia,Europe,20,1344582,2,9424
2023-07-09,Slovenia,Europe,27,1344609,2,9426
2023-07-16,Slovenia,Europe,6,1344615,3,9429
2023-07-23,Slovenia,Europe,24,1344639,1,9430
2023-07-30,Slovenia,Europe,16,1344655,1,9431
2023-08-06,Slovenia,Europe,24,1344679,2,9433
2023-08-13,Slovenia,Europe,29,1344708,1,9434
2023-08-20,Slovenia,Europe,61,1344769,3,9437
2023-08-27,Slovenia,Europe,74,1344843,0,9437
2023-09-03,Slovenia,Europe,92,1344935,3,9440
2023-09-10,Slovenia,Europe,118,1345053,2,9442
2023-09-17,Slovenia,Europe,152,1345205,7,9449
2023-09-24,Slovenia,Europe,223,1345428,4,9453
2023-10-01,Slovenia,Europe,348,1345776,7,9460
2023-10-08,Slovenia,Europe,399,1346175,9,9469
2023-10-15,Slovenia,Europe,487,1346662,14,9483
2023-10-22,Slovenia,Europe,402,1347064,4,9487
2023-10-29,Slovenia,Europe,0,1347064,0,9487
2023-11-05,Slovenia,Europe,434,1347498,0,9487
2023-11-12,Slovenia,Europe,489,1347987,0,9487
2023-11-19,Slovenia,Europe,737,1348724,0,9487
2023-11-26,Slovenia,Europe,843,1349567,0,9487
2023-12-03,Slovenia,Europe,1095,1350662,0,9487
2023-12-10,Slovenia,Europe,1142,1351804,0,9487
2023-12-17,Slovenia,Europe,1105,1352909,0,9487
2023-12-24,Slovenia,Europe,859,1353768,0,9487
2023-12-31,Slovenia,Europe,648,1354416,0,9487
2024-01-07,Slovenia,Europe,453,1354869,39,9526
2024-01-14,Slovenia,Europe,268,1355137,46,9572
2024-01-21,Slovenia,Europe,189,1355326,26,9598
2024-01-28,Slovenia,Europe,144,1355470,22,9620
2024-02-04,Slovenia,Europe,82,1355552,13,9633
2024-02-11,Slovenia,Europe,94,1355646,11,9644
2024-02-18,Slovenia,Europe,59,1355705,9,9653
2024-02-25,Slovenia,Europe,48,1355753,9,9662
2024-03-03,Slovenia,Europe,22,1355775,6,9668
2024-03-10,Slovenia,Europe,30,1355805,2,9670
2024-03-17,Slovenia,Europe,14,1355819,3,9673
2024-03-24,Slovenia,Europe,14,1355833,2,9675
2024-03-31,Slovenia,Europe,14,1355847,2,9677
2024-04-07,Slovenia,Europe,13,1355860,4,9681
2024-04-14,Slovenia,Europe,9,1355869,1,9682
2024-04-21,Slovenia,Europe,5,1355874,1,9683
2024-04-28,Slovenia,Europe,7,1355881,0,9683
2024-05-05,Slovenia,Europe,8,1355889,0,9683
2024-05-12,Slovenia,Europe,13,1355902,0,9683
2024-05-19,Slovenia,Europe,11,1355913,0,9683
2024-05-26,Slovenia,Europe,27,1355940,3,9686
2024-06-02,Slovenia,Europe,23,1355963,2,9688
2024-06-09,Slovenia,Europe,23,1355986,1,9689
2024-06-16,Slovenia,Europe,33,1356019,0,9689
2024-06-23,Slovenia,Europe,41,1356060,2,9691
2024-06-30,Slovenia,Europe,23,1356083,1,9692
2024-07-07,Slovenia,Europe,56,1356139,3,9695
2024-07-14,Slovenia,Europe,83,1356222,1,9696
2024-07-21,Slovenia,Europe,101,1356323,4,9700
2024-07-28,Slovenia,Europe,114,1356437,6,9706
2024-08-04,Slovenia,Europe,156,1356593,4,9710
2024-08-11,Slovenia,Europe,160,1356753,0,9710
2024-08-18,Slovenia,Europe,201,1356954,0,9710
2024-08-25,Slovenia,Europe,237,1357191,0,9710
2024-09-01,Slovenia,Europe,248,1357439,0,9710
2020-01-05,Solomon Islands,Oceania,0,0,0,0
2020-01-12,Solomon Islands,Oceania,0,0,0,0
2020-01-19,Solomon Islands,Oceania,0,0,0,0
2020-01-26,Solomon Islands,Oceania,0,0,0,0
2020-02-02,Solomon Islands,Oceania,0,0,0,0
2020-02-09,Solomon Islands,Oceania,0,0,0,0
2020-02-16,Solomon Islands,Oceania,0,0,0,0
2020-02-23,Solomon Islands,Oceania,0,0,0,0
2020-03-01,Solomon Islands,Oceania,0,0,0,0
2020-03-08,Solomon Islands,Oceania,0,0,0,0
2020-03-15,Solomon Islands,Oceania,0,0,0,0
2020-03-22,Solomon Islands,Oceania,0,0,0,0
2020-03-29,Solomon Islands,Oceania,0,0,0,0
2020-04-05,Solomon Islands,Oceania,0,0,0,0
2020-04-12,Solomon Islands,Oceania,0,0,0,0
2020-04-19,Solomon Islands,Oceania,0,0,0,0
2020-04-26,Solomon Islands,Oceania,0,0,0,0
2020-05-03,Solomon Islands,Oceania,0,0,0,0
2020-05-10,Solomon Islands,Oceania,0,0,0,0
2020-05-17,Solomon Islands,Oceania,0,0,0,0
2020-05-24,Solomon Islands,Oceania,0,0,0,0
2020-05-31,Solomon Islands,Oceania,0,0,0,0
2020-06-07,Solomon Islands,Oceania,0,0,0,0
2020-06-14,Solomon Islands,Oceania,0,0,0,0
2020-06-21,Solomon Islands,Oceania,0,0,0,0
2020-06-28,Solomon Islands,Oceania,0,0,0,0
2020-07-05,Solomon Islands,Oceania,0,0,0,0
2020-07-12,Solomon Islands,Oceania,0,0,0,0
2020-07-19,Solomon Islands,Oceania,0,0,0,0
2020-07-26,Solomon Islands,Oceania,0,0,0,0
2020-08-02,Solomon Islands,Oceania,0,0,0,0
2020-08-09,Solomon Islands,Oceania,0,0,0,0
2020-08-16,Solomon Islands,Oceania,0,0,0,0
2020-08-23,Solomon Islands,Oceania,0,0,0,0
2020-08-30,Solomon Islands,Oceania,0,0,0,0
2020-09-06,Solomon Islands,Oceania,0,0,0,0
2020-09-13,Solomon Islands,Oceania,0,0,0,0
2020-09-20,Solomon Islands,Oceania,0,0,0,0
2020-09-27,Solomon Islands,Oceania,0,0,0,0
2020-10-04,Solomon Islands,Oceania,1,1,0,0
2020-10-11,Solomon Islands,Oceania,0,1,0,0
2020-10-18,Solomon Islands,Oceania,2,3,0,0
2020-10-25,Solomon Islands,Oceania,1,4,0,0
2020-11-01,Solomon Islands,Oceania,4,8,0,0
2020-11-08,Solomon Islands,Oceania,5,13,0,0
2020-11-15,Solomon Islands,Oceania,3,16,0,0
2020-11-22,Solomon Islands,Oceania,0,16,0,0
2020-11-29,Solomon Islands,Oceania,1,17,0,0
2020-12-06,Solomon Islands,Oceania,0,17,0,0
2020-12-13,Solomon Islands,Oceania,0,17,0,0
2020-12-20,Solomon Islands,Oceania,0,17,0,0
2020-12-27,Solomon Islands,Oceania,0,17,0,0
2021-01-03,Solomon Islands,Oceania,0,17,0,0
2021-01-10,Solomon Islands,Oceania,0,17,0,0
2021-01-17,Solomon Islands,Oceania,0,17,0,0
2021-01-24,Solomon Islands,Oceania,0,17,0,0
2021-01-31,Solomon Islands,Oceania,0,17,0,0
2021-02-07,Solomon Islands,Oceania,0,17,0,0
2021-02-14,Solomon Islands,Oceania,1,18,0,0
2021-02-21,Solomon Islands,Oceania,0,18,0,0
2021-02-28,Solomon Islands,Oceania,0,18,0,0
2021-03-07,Solomon Islands,Oceania,0,18,0,0
2021-03-14,Solomon Islands,Oceania,0,18,0,0
2021-03-21,Solomon Islands,Oceania,0,18,0,0
2021-03-28,Solomon Islands,Oceania,1,19,0,0
2021-04-04,Solomon Islands,Oceania,0,19,0,0
2021-04-11,Solomon Islands,Oceania,1,20,0,0
2021-04-18,Solomon Islands,Oceania,0,20,0,0
2021-04-25,Solomon Islands,Oceania,0,20,0,0
2021-05-02,Solomon Islands,Oceania,0,20,0,0
2021-05-09,Solomon Islands,Oceania,0,20,0,0
2021-05-16,Solomon Islands,Oceania,0,20,0,0
2021-05-23,Solomon Islands,Oceania,0,20,0,0
2021-05-30,Solomon Islands,Oceania,0,20,0,0
2021-06-06,Solomon Islands,Oceania,0,20,0,0
2021-06-13,Solomon Islands,Oceania,0,20,0,0
2021-06-20,Solomon Islands,Oceania,0,20,0,0
2021-06-27,Solomon Islands,Oceania,0,20,0,0
2021-07-04,Solomon Islands,Oceania,0,20,0,0
2021-07-11,Solomon Islands,Oceania,0,20,0,0
2021-07-18,Solomon Islands,Oceania,0,20,0,0
2021-07-25,Solomon Islands,Oceania,0,20,0,0
2021-08-01,Solomon Islands,Oceania,0,20,0,0
2021-08-08,Solomon Islands,Oceania,0,20,0,0
2021-08-15,Solomon Islands,Oceania,0,20,0,0
2021-08-22,Solomon Islands,Oceania,0,20,0,0
2021-08-29,Solomon Islands,Oceania,0,20,0,0
2021-09-05,Solomon Islands,Oceania,0,20,0,0
2021-09-12,Solomon Islands,Oceania,0,20,0,0
2021-09-19,Solomon Islands,Oceania,0,20,0,0
2021-09-26,Solomon Islands,Oceania,0,20,0,0
2021-10-03,Solomon Islands,Oceania,0,20,0,0
2021-10-10,Solomon Islands,Oceania,0,20,0,0
2021-10-17,Solomon Islands,Oceania,0,20,0,0
2021-10-24,Solomon Islands,Oceania,0,20,0,0
2021-10-31,Solomon Islands,Oceania,0,20,0,0
2021-11-07,Solomon Islands,Oceania,0,20,0,0
2021-11-14,Solomon Islands,Oceania,0,20,0,0
2021-11-21,Solomon Islands,Oceania,0,20,0,0
2021-11-28,Solomon Islands,Oceania,0,20,0,0
2021-12-05,Solomon Islands,Oceania,0,20,0,0
2021-12-12,Solomon Islands,Oceania,0,20,0,0
2021-12-19,Solomon Islands,Oceania,0,20,0,0
2021-12-26,Solomon Islands,Oceania,2,22,0,0
2022-01-02,Solomon Islands,Oceania,2,24,0,0
2022-01-09,Solomon Islands,Oceania,1,25,0,0
2022-01-16,Solomon Islands,Oceania,0,25,0,0
2022-01-23,Solomon Islands,Oceania,264,289,0,0
2022-01-30,Solomon Islands,Oceania,894,1183,9,9
2022-02-06,Solomon Islands,Oceania,2012,3195,24,33
2022-02-13,Solomon Islands,Oceania,1430,4625,25,58
2022-02-20,Solomon Islands,Oceania,1188,5813,25,83
2022-02-27,Solomon Islands,Oceania,1124,6937,13,96
2022-03-06,Solomon Islands,Oceania,1089,8026,20,116
2022-03-13,Solomon Islands,Oceania,1098,9124,4,120
2022-03-20,Solomon Islands,Oceania,727,9851,7,127
2022-03-27,Solomon Islands,Oceania,927,10778,6,133
2022-04-03,Solomon Islands,Oceania,692,11470,0,133
2022-04-10,Solomon Islands,Oceania,535,12005,4,137
2022-04-17,Solomon Islands,Oceania,280,12285,2,139
2022-04-24,Solomon Islands,Oceania,1897,14182,1,140
2022-05-01,Solomon Islands,Oceania,1078,15260,1,141
2022-05-08,Solomon Islands,Oceania,1181,16441,2,143
2022-05-15,Solomon Islands,Oceania,1733,18174,3,146
2022-05-22,Solomon Islands,Oceania,0,18174,0,146
2022-05-29,Solomon Islands,Oceania,0,18174,0,146
2022-06-05,Solomon Islands,Oceania,3063,21237,3,149
2022-06-12,Solomon Islands,Oceania,307,21544,0,149
2022-06-19,Solomon Islands,Oceania,0,21544,4,153
2022-06-26,Solomon Islands,Oceania,0,21544,0,153
2022-07-03,Solomon Islands,Oceania,0,21544,0,153
2022-07-10,Solomon Islands,Oceania,0,21544,0,153
2022-07-17,Solomon Islands,Oceania,0,21544,0,153
2022-07-24,Solomon Islands,Oceania,0,21544,0,153
2022-07-31,Solomon Islands,Oceania,0,21544,0,153
2022-08-07,Solomon Islands,Oceania,0,21544,0,153
2022-08-14,Solomon Islands,Oceania,0,21544,0,153
2022-08-21,Solomon Islands,Oceania,0,21544,0,153
2022-08-28,Solomon Islands,Oceania,0,21544,0,153
2022-09-04,Solomon Islands,Oceania,0,21544,0,153
2022-09-11,Solomon Islands,Oceania,0,21544,0,153
2022-09-18,Solomon Islands,Oceania,0,21544,0,153
2022-09-25,Solomon Islands,Oceania,0,21544,0,153
2022-10-02,Solomon Islands,Oceania,0,21544,0,153
2022-10-09,Solomon Islands,Oceania,0,21544,0,153
2022-10-16,Solomon Islands,Oceania,0,21544,0,153
2022-10-23,Solomon Islands,Oceania,0,21544,0,153
2022-10-30,Solomon Islands,Oceania,0,21544,0,153
2022-11-06,Solomon Islands,Oceania,19,21563,0,153
2022-11-13,Solomon Islands,Oceania,0,21563,0,153
2022-11-20,Solomon Islands,Oceania,48,21611,0,153
2022-11-27,Solomon Islands,Oceania,0,21611,0,153
2022-12-04,Solomon Islands,Oceania,0,21611,0,153
2022-12-11,Solomon Islands,Oceania,0,21611,0,153
2022-12-18,Solomon Islands,Oceania,0,21611,0,153
2022-12-25,Solomon Islands,Oceania,0,21611,0,153
2023-01-01,Solomon Islands,Oceania,0,21611,0,153
2023-01-08,Solomon Islands,Oceania,0,21611,0,153
2023-01-15,Solomon Islands,Oceania,0,21611,0,153
2023-01-22,Solomon Islands,Oceania,0,21611,0,153
2023-01-29,Solomon Islands,Oceania,0,21611,0,153
2023-02-05,Solomon Islands,Oceania,0,21611,0,153
2023-02-12,Solomon Islands,Oceania,0,21611,0,153
2023-02-19,Solomon Islands,Oceania,0,21611,0,153
2023-02-26,Solomon Islands,Oceania,0,21611,0,153
2023-03-05,Solomon Islands,Oceania,0,21611,0,153
2023-03-12,Solomon Islands,Oceania,0,21611,0,153
2023-03-19,Solomon Islands,Oceania,0,21611,0,153
2023-03-26,Solomon Islands,Oceania,0,21611,0,153
2023-04-02,Solomon Islands,Oceania,0,21611,0,153
2023-04-09,Solomon Islands,Oceania,0,21611,0,153
2023-04-16,Solomon Islands,Oceania,0,21611,0,153
2023-04-23,Solomon Islands,Oceania,0,21611,0,153
2023-04-30,Solomon Islands,Oceania,0,21611,0,153
2023-05-07,Solomon Islands,Oceania,0,21611,0,153
2023-05-14,Solomon Islands,Oceania,0,21611,0,153
2023-05-21,Solomon Islands,Oceania,0,21611,0,153
2023-05-28,Solomon Islands,Oceania,0,21611,0,153
2023-06-04,Solomon Islands,Oceania,0,21611,0,153
2023-06-11,Solomon Islands,Oceania,0,21611,0,153
2023-06-18,Solomon Islands,Oceania,0,21611,0,153
2023-06-25,Solomon Islands,Oceania,0,21611,0,153
2023-07-02,Solomon Islands,Oceania,0,21611,0,153
2023-07-09,Solomon Islands,Oceania,0,21611,0,153
2023-07-16,Solomon Islands,Oceania,0,21611,0,153
2023-07-23,Solomon Islands,Oceania,0,21611,0,153
2023-07-30,Solomon Islands,Oceania,0,21611,0,153
2023-08-06,Solomon Islands,Oceania,0,21611,0,153
2023-08-13,Solomon Islands,Oceania,0,21611,0,153
2023-08-20,Solomon Islands,Oceania,0,21611,0,153
2023-08-27,Solomon Islands,Oceania,0,21611,0,153
2023-09-03,Solomon Islands,Oceania,0,21611,0,153
2023-09-10,Solomon Islands,Oceania,0,21611,0,153
2023-09-17,Solomon Islands,Oceania,0,21611,0,153
2023-09-24,Solomon Islands,Oceania,0,21611,0,153
2023-10-01,Solomon Islands,Oceania,0,21611,46,199
2023-10-08,Solomon Islands,Oceania,4343,25954,0,199
2023-10-15,Solomon Islands,Oceania,0,25954,0,199
2023-10-22,Solomon Islands,Oceania,0,25954,0,199
2023-10-29,Solomon Islands,Oceania,0,25954,0,199
2023-11-05,Solomon Islands,Oceania,0,25954,0,199
2023-11-12,Solomon Islands,Oceania,0,25954,0,199
2023-11-19,Solomon Islands,Oceania,0,25954,0,199
2023-11-26,Solomon Islands,Oceania,0,25954,0,199
2023-12-03,Solomon Islands,Oceania,0,25954,0,199
2023-12-10,Solomon Islands,Oceania,0,25954,0,199
2023-12-17,Solomon Islands,Oceania,0,25954,0,199
2023-12-24,Solomon Islands,Oceania,0,25954,0,199
2023-12-31,Solomon Islands,Oceania,0,25954,0,199
2024-01-07,Solomon Islands,Oceania,0,25954,0,199
2024-01-14,Solomon Islands,Oceania,0,25954,0,199
2024-01-21,Solomon Islands,Oceania,0,25954,0,199
2024-01-28,Solomon Islands,Oceania,0,25954,0,199
2024-02-04,Solomon Islands,Oceania,0,25954,0,199
2024-02-11,Solomon Islands,Oceania,0,25954,0,199
2024-02-18,Solomon Islands,Oceania,0,25954,0,199
2024-02-25,Solomon Islands,Oceania,0,25954,0,199
2024-03-03,Solomon Islands,Oceania,0,25954,0,199
2024-03-10,Solomon Islands,Oceania,0,25954,0,199
2024-03-17,Solomon Islands,Oceania,0,25954,0,199
2024-03-24,Solomon Islands,Oceania,0,25954,0,199
2024-03-31,Solomon Islands,Oceania,0,25954,0,199
2024-04-07,Solomon Islands,Oceania,0,25954,0,199
2024-04-14,Solomon Islands,Oceania,0,25954,0,199
2024-04-21,Solomon Islands,Oceania,0,25954,0,199
2024-04-28,Solomon Islands,Oceania,0,25954,0,199
2024-05-05,Solomon Islands,Oceania,0,25954,0,199
2024-05-12,Solomon Islands,Oceania,0,25954,0,199
2024-05-19,Solomon Islands,Oceania,0,25954,0,199
2024-05-26,Solomon Islands,Oceania,0,25954,0,199
2024-06-02,Solomon Islands,Oceania,0,25954,0,199
2024-06-09,Solomon Islands,Oceania,0,25954,0,199
2024-06-16,Solomon Islands,Oceania,0,25954,0,199
2024-06-23,Solomon Islands,Oceania,0,25954,0,199
2024-06-30,Solomon Islands,Oceania,0,25954,0,199
2024-07-07,Solomon Islands,Oceania,0,25954,0,199
2024-07-14,Solomon Islands,Oceania,0,25954,0,199
2024-07-21,Solomon Islands,Oceania,0,25954,0,199
2024-07-28,Solomon Islands,Oceania,0,25954,0,199
2024-08-04,Solomon Islands,Oceania,0,25954,0,199
2024-08-11,Solomon Islands,Oceania,0,25954,0,199
2024-08-18,Solomon Islands,Oceania,0,25954,0,199
2024-08-25,Solomon Islands,Oceania,0,25954,0,199
2024-09-01,Solomon Islands,Oceania,0,25954,0,199
2020-01-05,Somalia,Africa,0,0,0,0
2020-01-12,Somalia,Africa,0,0,0,0
2020-01-19,Somalia,Africa,0,0,0,0
2020-01-26,Somalia,Africa,0,0,0,0
2020-02-02,Somalia,Africa,0,0,0,0
2020-02-09,Somalia,Africa,0,0,0,0
2020-02-16,Somalia,Africa,0,0,0,0
2020-02-23,Somalia,Africa,0,0,0,0
2020-03-01,Somalia,Africa,0,0,0,0
2020-03-08,Somalia,Africa,0,0,0,0
2020-03-15,Somalia,Africa,0,0,0,0
2020-03-22,Somalia,Africa,1,1,0,0
2020-03-29,Somalia,Africa,2,3,0,0
2020-04-05,Somalia,Africa,4,7,0,0
2020-04-12,Somalia,Africa,14,21,1,1
2020-04-19,Somalia,Africa,114,135,6,7
2020-04-26,Somalia,Africa,255,390,11,18
2020-05-03,Somalia,Africa,281,671,13,31
2020-05-10,Somalia,Africa,326,997,17,48
2020-05-17,Somalia,Africa,360,1357,7,55
2020-05-24,Somalia,Africa,237,1594,6,61
2020-05-31,Somalia,Africa,322,1916,12,73
2020-06-07,Somalia,Africa,373,2289,9,82
2020-06-14,Somalia,Africa,290,2579,5,87
2020-06-21,Somalia,Africa,176,2755,1,88
2020-06-28,Somalia,Africa,123,2878,2,90
2020-07-05,Somalia,Africa,83,2961,2,92
2020-07-12,Somalia,Africa,90,3051,0,92
2020-07-19,Somalia,Africa,60,3111,1,93
2020-07-26,Somalia,Africa,67,3178,0,93
2020-08-02,Somalia,Africa,34,3212,0,93
2020-08-09,Somalia,Africa,15,3227,0,93
2020-08-16,Somalia,Africa,29,3256,0,93
2020-08-23,Somalia,Africa,13,3269,0,93
2020-08-30,Somalia,Africa,41,3310,4,97
2020-09-06,Somalia,Africa,52,3362,0,97
2020-09-13,Somalia,Africa,14,3376,1,98
2020-09-20,Somalia,Africa,25,3401,0,98
2020-09-27,Somalia,Africa,187,3588,1,99
2020-10-04,Somalia,Africa,5,3593,0,99
2020-10-11,Somalia,Africa,254,3847,0,99
2020-10-18,Somalia,Africa,17,3864,0,99
2020-10-25,Somalia,Africa,33,3897,3,102
2020-11-01,Somalia,Africa,44,3941,2,104
2020-11-08,Somalia,Africa,288,4229,3,107
2020-11-15,Somalia,Africa,72,4301,0,107
2020-11-22,Somalia,Africa,81,4382,1,108
2020-11-29,Somalia,Africa,69,4451,5,113
2020-12-06,Somalia,Africa,74,4525,8,121
2020-12-13,Somalia,Africa,54,4579,0,121
2020-12-20,Somalia,Africa,83,4662,3,124
2020-12-27,Somalia,Africa,28,4690,3,127
2021-01-03,Somalia,Africa,24,4714,3,130
2021-01-10,Somalia,Africa,12,4726,0,130
2021-01-17,Somalia,Africa,18,4744,0,130
2021-01-24,Somalia,Africa,10,4754,0,130
2021-01-31,Somalia,Africa,30,4784,0,130
2021-02-07,Somalia,Africa,70,4854,4,134
2021-02-14,Somalia,Africa,238,5092,14,148
2021-02-21,Somalia,Africa,797,5889,46,194
2021-02-28,Somalia,Africa,1102,6991,37,231
2021-03-07,Somalia,Africa,1050,8041,63,294
2021-03-14,Somalia,Africa,905,8946,55,349
2021-03-21,Somalia,Africa,1022,9968,70,419
2021-03-28,Somalia,Africa,870,10838,69,488
2021-04-04,Somalia,Africa,785,11623,58,546
2021-04-11,Somalia,Africa,648,12271,59,605
2021-04-18,Somalia,Africa,566,12837,51,656
2021-04-25,Somalia,Africa,622,13459,33,689
2021-05-02,Somalia,Africa,456,13915,24,713
2021-05-09,Somalia,Africa,500,14415,34,747
2021-05-16,Somalia,Africa,71,14486,6,753
2021-05-23,Somalia,Africa,137,14623,14,767
2021-05-30,Somalia,Africa,30,14653,1,768
2021-06-06,Somalia,Africa,76,14729,5,773
2021-06-13,Somalia,Africa,50,14779,1,774
2021-06-20,Somalia,Africa,73,14852,1,775
2021-06-27,Somalia,Africa,40,14892,0,775
2021-07-04,Somalia,Africa,54,14946,0,775
2021-07-11,Somalia,Africa,49,14995,0,775
2021-07-18,Somalia,Africa,90,15085,6,781
2021-07-25,Somalia,Africa,118,15203,8,789
2021-08-01,Somalia,Africa,200,15403,22,811
2021-08-08,Somalia,Africa,395,15798,36,847
2021-08-15,Somalia,Africa,467,16265,31,878
2021-08-22,Somalia,Africa,270,16535,19,897
2021-08-29,Somalia,Africa,675,17210,56,953
2021-09-05,Somalia,Africa,516,17726,44,997
2021-09-12,Somalia,Africa,647,18373,26,1023
2021-09-19,Somalia,Africa,631,19004,40,1063
2021-09-26,Somalia,Africa,719,19723,40,1103
2021-10-03,Somalia,Africa,257,19980,8,1111
2021-10-10,Somalia,Africa,920,20900,41,1152
2021-10-17,Somalia,Africa,369,21269,28,1180
2021-10-24,Somalia,Africa,729,21998,28,1208
2021-10-31,Somalia,Africa,0,21998,0,1208
2021-11-07,Somalia,Africa,695,22693,86,1294
2021-11-14,Somalia,Africa,144,22837,19,1313
2021-11-21,Somalia,Africa,132,22969,11,1324
2021-11-28,Somalia,Africa,47,23016,3,1327
2021-12-05,Somalia,Africa,35,23051,4,1331
2021-12-12,Somalia,Africa,23,23074,2,1333
2021-12-19,Somalia,Africa,95,23169,0,1333
2021-12-26,Somalia,Africa,363,23532,0,1333
2022-01-02,Somalia,Africa,729,24261,2,1335
2022-01-09,Somalia,Africa,0,24261,0,1335
2022-01-16,Somalia,Africa,0,24261,0,1335
2022-01-23,Somalia,Africa,61,24322,0,1335
2022-01-30,Somalia,Africa,1066,25388,0,1335
2022-02-06,Somalia,Africa,679,26067,0,1335
2022-02-13,Somalia,Africa,136,26203,5,1340
2022-02-20,Somalia,Africa,57,26260,5,1345
2022-02-27,Somalia,Africa,53,26313,3,1348
2022-03-06,Somalia,Africa,87,26400,11,1359
2022-03-13,Somalia,Africa,0,26400,0,1359
2022-03-20,Somalia,Africa,10,26410,2,1361
2022-03-27,Somalia,Africa,0,26410,0,1361
2022-04-03,Somalia,Africa,0,26410,0,1361
2022-04-10,Somalia,Africa,61,26471,0,1361
2022-04-17,Somalia,Africa,0,26471,0,1361
2022-04-24,Somalia,Africa,14,26485,0,1361
2022-05-01,Somalia,Africa,0,26485,0,1361
2022-05-08,Somalia,Africa,0,26485,0,1361
2022-05-15,Somalia,Africa,33,26518,0,1361
2022-05-22,Somalia,Africa,4,26522,0,1361
2022-05-29,Somalia,Africa,13,26535,0,1361
2022-06-05,Somalia,Africa,30,26565,0,1361
2022-06-12,Somalia,Africa,0,26565,0,1361
2022-06-19,Somalia,Africa,110,26675,0,1361
2022-06-26,Somalia,Africa,128,26803,0,1361
2022-07-03,Somalia,Africa,0,26803,0,1361
2022-07-10,Somalia,Africa,97,26900,0,1361
2022-07-17,Somalia,Africa,0,26900,0,1361
2022-07-24,Somalia,Africa,12,26912,0,1361
2022-07-31,Somalia,Africa,45,26957,0,1361
2022-08-07,Somalia,Africa,63,27020,0,1361
2022-08-14,Somalia,Africa,0,27020,0,1361
2022-08-21,Somalia,Africa,0,27020,0,1361
2022-08-28,Somalia,Africa,161,27181,0,1361
2022-09-04,Somalia,Africa,16,27197,0,1361
2022-09-11,Somalia,Africa,10,27207,0,1361
2022-09-18,Somalia,Africa,0,27207,0,1361
2022-09-25,Somalia,Africa,9,27216,0,1361
2022-10-02,Somalia,Africa,7,27223,0,1361
2022-10-09,Somalia,Africa,2,27225,0,1361
2022-10-16,Somalia,Africa,12,27237,0,1361
2022-10-23,Somalia,Africa,0,27237,0,1361
2022-10-30,Somalia,Africa,0,27237,0,1361
2022-11-06,Somalia,Africa,30,27267,0,1361
2022-11-13,Somalia,Africa,19,27286,0,1361
2022-11-20,Somalia,Africa,0,27286,0,1361
2022-11-27,Somalia,Africa,0,27286,0,1361
2022-12-04,Somalia,Africa,0,27286,0,1361
2022-12-11,Somalia,Africa,0,27286,0,1361
2022-12-18,Somalia,Africa,0,27286,0,1361
2022-12-25,Somalia,Africa,14,27300,0,1361
2023-01-01,Somalia,Africa,10,27310,0,1361
2023-01-08,Somalia,Africa,0,27310,0,1361
2023-01-15,Somalia,Africa,0,27310,0,1361
2023-01-22,Somalia,Africa,8,27318,0,1361
2023-01-29,Somalia,Africa,0,27318,0,1361
2023-02-05,Somalia,Africa,4,27322,0,1361
2023-02-12,Somalia,Africa,0,27322,0,1361
2023-02-19,Somalia,Africa,2,27324,0,1361
2023-02-26,Somalia,Africa,0,27324,0,1361
2023-03-05,Somalia,Africa,10,27334,0,1361
2023-03-12,Somalia,Africa,0,27334,0,1361
2023-03-19,Somalia,Africa,0,27334,0,1361
2023-03-26,Somalia,Africa,0,27334,0,1361
2023-04-02,Somalia,Africa,0,27334,0,1361
2023-04-09,Somalia,Africa,0,27334,0,1361
2023-04-16,Somalia,Africa,0,27334,0,1361
2023-04-23,Somalia,Africa,0,27334,0,1361
2023-04-30,Somalia,Africa,0,27334,0,1361
2023-05-07,Somalia,Africa,0,27334,0,1361
2023-05-14,Somalia,Africa,0,27334,0,1361
2023-05-21,Somalia,Africa,0,27334,0,1361
2023-05-28,Somalia,Africa,0,27334,0,1361
2023-06-04,Somalia,Africa,0,27334,0,1361
2023-06-11,Somalia,Africa,0,27334,0,1361
2023-06-18,Somalia,Africa,0,27334,0,1361
2023-06-25,Somalia,Africa,0,27334,0,1361
2023-07-02,Somalia,Africa,0,27334,0,1361
2023-07-09,Somalia,Africa,0,27334,0,1361
2023-07-16,Somalia,Africa,0,27334,0,1361
2023-07-23,Somalia,Africa,0,27334,0,1361
2023-07-30,Somalia,Africa,0,27334,0,1361
2023-08-06,Somalia,Africa,0,27334,0,1361
2023-08-13,Somalia,Africa,0,27334,0,1361
2023-08-20,Somalia,Africa,0,27334,0,1361
2023-08-27,Somalia,Africa,0,27334,0,1361
2023-09-03,Somalia,Africa,0,27334,0,1361
2023-09-10,Somalia,Africa,0,27334,0,1361
2023-09-17,Somalia,Africa,0,27334,0,1361
2023-09-24,Somalia,Africa,0,27334,0,1361
2023-10-01,Somalia,Africa,0,27334,0,1361
2023-10-08,Somalia,Africa,0,27334,0,1361
2023-10-15,Somalia,Africa,0,27334,0,1361
2023-10-22,Somalia,Africa,0,27334,0,1361
2023-10-29,Somalia,Africa,0,27334,0,1361
2023-11-05,Somalia,Africa,0,27334,0,1361
2023-11-12,Somalia,Africa,0,27334,0,1361
2023-11-19,Somalia,Africa,0,27334,0,1361
2023-11-26,Somalia,Africa,0,27334,0,1361
2023-12-03,Somalia,Africa,0,27334,0,1361
2023-12-10,Somalia,Africa,0,27334,0,1361
2023-12-17,Somalia,Africa,0,27334,0,1361
2023-12-24,Somalia,Africa,0,27334,0,1361
2023-12-31,Somalia,Africa,0,27334,0,1361
2024-01-07,Somalia,Africa,0,27334,0,1361
2024-01-14,Somalia,Africa,0,27334,0,1361
2024-01-21,Somalia,Africa,0,27334,0,1361
2024-01-28,Somalia,Africa,0,27334,0,1361
2024-02-04,Somalia,Africa,0,27334,0,1361
2024-02-11,Somalia,Africa,0,27334,0,1361
2024-02-18,Somalia,Africa,0,27334,0,1361
2024-02-25,Somalia,Africa,0,27334,0,1361
2024-03-03,Somalia,Africa,0,27334,0,1361
2024-03-10,Somalia,Africa,0,27334,0,1361
2024-03-17,Somalia,Africa,0,27334,0,1361
2024-03-24,Somalia,Africa,0,27334,0,1361
2024-03-31,Somalia,Africa,0,27334,0,1361
2024-04-07,Somalia,Africa,0,27334,0,1361
2024-04-14,Somalia,Africa,0,27334,0,1361
2024-04-21,Somalia,Africa,0,27334,0,1361
2024-04-28,Somalia,Africa,0,27334,0,1361
2024-05-05,Somalia,Africa,0,27334,0,1361
2024-05-12,Somalia,Africa,0,27334,0,1361
2024-05-19,Somalia,Africa,0,27334,0,1361
2024-05-26,Somalia,Africa,0,27334,0,1361
2024-06-02,Somalia,Africa,0,27334,0,1361
2024-06-09,Somalia,Africa,0,27334,0,1361
2024-06-16,Somalia,Africa,0,27334,0,1361
2024-06-23,Somalia,Africa,0,27334,0,1361
2024-06-30,Somalia,Africa,0,27334,0,1361
2024-07-07,Somalia,Africa,0,27334,0,1361
2024-07-14,Somalia,Africa,0,27334,0,1361
2024-07-21,Somalia,Africa,0,27334,0,1361
2024-07-28,Somalia,Africa,0,27334,0,1361
2024-08-04,Somalia,Africa,0,27334,0,1361
2024-08-11,Somalia,Africa,0,27334,0,1361
2024-08-18,Somalia,Africa,0,27334,0,1361
2024-08-25,Somalia,Africa,0,27334,0,1361
2024-09-01,Somalia,Africa,0,27334,0,1361
2020-01-05,South Africa,Africa,0,0,0,0
2020-01-12,South Africa,Africa,0,0,0,0
2020-01-19,South Africa,Africa,0,0,0,0
2020-01-26,South Africa,Africa,0,0,0,0
2020-02-02,South Africa,Africa,0,0,0,0
2020-02-09,South Africa,Africa,0,0,0,0
2020-02-16,South Africa,Africa,0,0,0,0
2020-02-23,South Africa,Africa,0,0,0,0
2020-03-01,South Africa,Africa,0,0,0,0
2020-03-08,South Africa,Africa,2,2,0,0
2020-03-15,South Africa,Africa,36,38,0,0
2020-03-22,South Africa,Africa,202,240,0,0
2020-03-29,South Africa,Africa,947,1187,1,1
2020-04-05,South Africa,Africa,398,1585,8,9
2020-04-12,South Africa,Africa,443,2028,19,28
2020-04-19,South Africa,Africa,1006,3034,24,52
2020-04-26,South Africa,Africa,1327,4361,34,86
2020-05-03,South Africa,Africa,1975,6336,37,123
2020-05-10,South Africa,Africa,3084,9420,63,186
2020-05-17,South Africa,Africa,4935,14355,75,261
2020-05-24,South Africa,Africa,6988,21343,146,407
2020-05-31,South Africa,Africa,9624,30967,236,643
2020-06-07,South Africa,Africa,15006,45973,1012,1655
2020-06-14,South Africa,Africa,19763,65736,792,2447
2020-06-21,South Africa,Africa,26945,92681,1007,3454
2020-06-28,South Africa,Africa,39119,131800,1184,4638
2020-07-05,South Africa,Africa,56177,187977,874,5512
2020-07-12,South Africa,Africa,76207,264184,945,6457
2020-07-19,South Africa,Africa,86695,350879,977,7434
2020-07-26,South Africa,Africa,83321,434200,1707,9141
2020-08-02,South Africa,Africa,69090,503290,1498,10639
2020-08-09,South Africa,Africa,49898,553188,2057,12696
2020-08-16,South Africa,Africa,30465,583653,1467,14163
2020-08-23,South Africa,Africa,23392,607045,1310,15473
2020-08-30,South Africa,Africa,15506,622551,994,16467
2020-09-06,South Africa,Africa,14333,636884,798,17265
2020-09-13,South Africa,Africa,11330,648214,648,17913
2020-09-20,South Africa,Africa,11442,659656,513,18426
2020-09-27,South Africa,Africa,9842,669498,436,18862
2020-10-04,South Africa,Africa,10218,679716,562,19424
2020-10-11,South Africa,Africa,11180,690896,620,20044
2020-10-18,South Africa,Africa,11235,702131,77,20121
2020-10-25,South Africa,Africa,12115,714246,220,20341
2020-11-01,South Africa,Africa,11206,725452,85,20426
2020-11-08,South Africa,Africa,10454,735906,72,20498
2020-11-15,South Africa,Africa,13276,749182,140,20638
2020-11-22,South Africa,Africa,16227,765409,207,20845
2020-11-29,South Africa,Africa,19730,785139,594,21439
2020-12-06,South Africa,Africa,25310,810449,628,22067
2020-12-13,South Africa,Africa,42516,852965,1039,23106
2020-12-20,South Africa,Africa,59512,912477,1433,24539
2020-12-27,South Africa,Africa,82434,994911,1982,26521
2021-01-03,South Africa,Africa,93978,1088889,2654,29175
2021-01-10,South Africa,Africa,125287,1214176,3649,32824
2021-01-17,South Africa,Africa,111483,1325659,4027,36851
2021-01-24,South Africa,Africa,79180,1404839,3723,40574
2021-01-31,South Africa,Africa,44397,1449236,3377,43951
2021-02-07,South Africa,Africa,24464,1473700,2229,46180
2021-02-14,South Africa,Africa,16363,1490063,1641,47821
2021-02-21,South Africa,Africa,12304,1502367,1119,48940
2021-02-28,South Africa,Africa,9858,1512225,1001,49941
2021-03-07,South Africa,Africa,7981,1520206,706,50647
2021-03-14,South Africa,Africa,8208,1528414,614,51261
2021-03-21,South Africa,Africa,8387,1536801,821,52082
2021-03-28,South Africa,Africa,7665,1544466,566,52648
2021-04-04,South Africa,Africa,7035,1551501,306,52954
2021-04-11,South Africa,Africa,6026,1557527,302,53256
2021-04-18,South Africa,Africa,8153,1565680,455,53711
2021-04-25,South Africa,Africa,8690,1574370,414,54125
2021-05-02,South Africa,Africa,8472,1582842,281,54406
2021-05-09,South Africa,Africa,11975,1594817,318,54724
2021-05-16,South Africa,Africa,16326,1611143,459,55183
2021-05-23,South Africa,Africa,21428,1632571,589,55772
2021-05-30,South Africa,Africa,26499,1659070,591,56363
2021-06-06,South Africa,Africa,32421,1691491,566,56929
2021-06-13,South Africa,Africa,47934,1739425,724,57653
2021-06-20,South Africa,Africa,70739,1810164,937,58590
2021-06-27,South Africa,Africa,103697,1913861,1188,59778
2021-07-04,South Africa,Africa,132450,2046311,1729,61507
2021-07-11,South Africa,Africa,132986,2179297,2631,64138
2021-07-18,South Africa,Africa,104583,2283880,2538,66676
2021-07-25,South Africa,Africa,84225,2368105,2812,69488
2021-08-01,South Africa,Africa,79349,2447454,2525,72013
2021-08-08,South Africa,Africa,76034,2523488,2610,74623
2021-08-15,South Africa,Africa,71959,2595447,2246,76869
2021-08-22,South Africa,Africa,84778,2680225,2382,79251
2021-08-29,South Africa,Africa,76966,2757191,2210,81461
2021-09-05,South Africa,Africa,56823,2814014,1882,83343
2021-09-12,South Africa,Africa,40220,2854234,1408,84751
2021-09-19,South Africa,Africa,26115,2880349,1365,86116
2021-09-26,South Africa,Africa,15627,2895976,885,87001
2021-10-03,South Africa,Africa,9637,2905613,752,87753
2021-10-10,South Africa,Africa,5884,2911497,539,88292
2021-10-17,South Africa,Africa,4682,2916179,295,88587
2021-10-24,South Africa,Africa,3153,2919332,327,88914
2021-10-31,South Africa,Africa,2554,2921886,249,89163
2021-11-07,South Africa,Africa,1865,2923751,156,89319
2021-11-14,South Africa,Africa,1926,2925677,157,89476
2021-11-21,South Africa,Africa,3498,2929175,96,89572
2021-11-28,South Africa,Africa,29373,2958548,219,89791
2021-12-05,South Africa,Africa,62021,3020569,174,89965
2021-12-12,South Africa,Africa,109053,3129622,151,90116
2021-12-19,South Africa,Africa,162987,3292609,229,90345
2021-12-26,South Africa,Africa,115328,3407937,428,90773
2022-01-02,South Africa,Africa,60142,3468079,425,91198
2022-01-09,South Africa,Africa,53433,3521512,1173,92371
2022-01-16,South Africa,Africa,35121,3556633,907,93278
2022-01-23,South Africa,Africa,22795,3579428,785,94063
2022-01-30,South Africa,Africa,22202,3601630,842,94905
2022-02-06,South Africa,Africa,20580,3622210,912,95817
2022-02-13,South Africa,Africa,17952,3640162,1168,96985
2022-02-20,South Africa,Africa,16929,3657091,1632,98617
2022-02-27,South Africa,Africa,14900,3671991,574,99191
2022-03-06,South Africa,Africa,11181,3683172,352,99543
2022-03-13,South Africa,Africa,10360,3693532,169,99712
2022-03-20,South Africa,Africa,9797,3703329,167,99879
2022-03-27,South Africa,Africa,8934,3712263,86,99965
2022-04-03,South Africa,Africa,9802,3722065,81,100046
2022-04-10,South Africa,Africa,9182,3731247,50,100096
2022-04-17,South Africa,Africa,9151,3740398,48,100144
2022-04-24,South Africa,Africa,19291,3759689,154,100298
2022-05-01,South Africa,Africa,32236,3791925,65,100363
2022-05-08,South Africa,Africa,43977,3835902,153,100516
2022-05-15,South Africa,Africa,51547,3887449,237,100753
2022-05-22,South Africa,Africa,39203,3926652,178,100931
2022-05-29,South Africa,Africa,25541,3952193,211,101142
2022-06-05,South Africa,Africa,14885,3967078,171,101313
2022-06-12,South Africa,Africa,10550,3977628,164,101477
2022-06-19,South Africa,Africa,7978,3985606,121,101598
2022-06-26,South Africa,Africa,6843,3992449,133,101731
2022-07-03,South Africa,Africa,2842,3995291,81,101812
2022-07-10,South Africa,Africa,1978,3997269,64,101876
2022-07-17,South Africa,Africa,2482,3999751,42,101918
2022-07-24,South Africa,Africa,2382,4002133,25,101943
2022-07-31,South Africa,Africa,2991,4005124,39,101982
2022-08-07,South Africa,Africa,1747,4006871,0,101982
2022-08-14,South Africa,Africa,1293,4008164,0,101982
2022-08-21,South Africa,Africa,1566,4009730,84,102066
2022-08-28,South Africa,Africa,1480,4011210,18,102084
2022-09-04,South Africa,Africa,1275,4012485,24,102108
2022-09-11,South Africa,Africa,1792,4014277,21,102129
2022-09-18,South Africa,Africa,1603,4015880,17,102146
2022-09-25,South Africa,Africa,1283,4017163,23,102169
2022-10-02,South Africa,Africa,1605,4018768,16,102185
2022-10-09,South Africa,Africa,2020,4020788,9,102194
2022-10-16,South Africa,Africa,2570,4023358,52,102246
2022-10-23,South Africa,Africa,2017,4025375,11,102257
2022-10-30,South Africa,Africa,2369,4027744,54,102311
2022-11-06,South Africa,Africa,1993,4029737,52,102363
2022-11-13,South Africa,Africa,3445,4033182,8,102371
2022-11-20,South Africa,Africa,4039,4037221,24,102395
2022-11-27,South Africa,Africa,3718,4040939,33,102428
2022-12-04,South Africa,Africa,1973,4042912,36,102464
2022-12-11,South Africa,Africa,0,4042912,86,102550
2022-12-18,South Africa,Africa,2350,4045262,18,102568
2022-12-25,South Africa,Africa,2970,4048232,0,102568
2023-01-01,South Africa,Africa,348,4048580,0,102568
2023-01-08,South Africa,Africa,1708,4050288,0,102568
2023-01-15,South Africa,Africa,1499,4051787,0,102568
2023-01-22,South Africa,Africa,2419,4054206,27,102595
2023-01-29,South Africa,Africa,1450,4055656,0,102595
2023-02-05,South Africa,Africa,1478,4057134,0,102595
2023-02-12,South Africa,Africa,1781,4058915,0,102595
2023-02-19,South Africa,Africa,1470,4060385,0,102595
2023-02-26,South Africa,Africa,1193,4061578,0,102595
2023-03-05,South Africa,Africa,4165,4065743,0,102595
2023-03-12,South Africa,Africa,2481,4068224,0,102595
2023-03-19,South Africa,Africa,2210,4070434,0,102595
2023-03-26,South Africa,Africa,2099,4072533,0,102595
2023-04-02,South Africa,Africa,0,4072533,0,102595
2023-04-09,South Africa,Africa,0,4072533,0,102595
2023-04-16,South Africa,Africa,0,4072533,0,102595
2023-04-23,South Africa,Africa,0,4072533,0,102595
2023-04-30,South Africa,Africa,0,4072533,0,102595
2023-05-07,South Africa,Africa,0,4072533,0,102595
2023-05-14,South Africa,Africa,0,4072533,0,102595
2023-05-21,South Africa,Africa,0,4072533,0,102595
2023-05-28,South Africa,Africa,0,4072533,0,102595
2023-06-04,South Africa,Africa,0,4072533,0,102595
2023-06-11,South Africa,Africa,0,4072533,0,102595
2023-06-18,South Africa,Africa,0,4072533,0,102595
2023-06-25,South Africa,Africa,0,4072533,0,102595
2023-07-02,South Africa,Africa,0,4072533,0,102595
2023-07-09,South Africa,Africa,0,4072533,0,102595
2023-07-16,South Africa,Africa,0,4072533,0,102595
2023-07-23,South Africa,Africa,0,4072533,0,102595
2023-07-30,South Africa,Africa,0,4072533,0,102595
2023-08-06,South Africa,Africa,0,4072533,0,102595
2023-08-13,South Africa,Africa,0,4072533,0,102595
2023-08-20,South Africa,Africa,0,4072533,0,102595
2023-08-27,South Africa,Africa,0,4072533,0,102595
2023-09-03,South Africa,Africa,0,4072533,0,102595
2023-09-10,South Africa,Africa,0,4072533,0,102595
2023-09-17,South Africa,Africa,0,4072533,0,102595
2023-09-24,South Africa,Africa,0,4072533,0,102595
2023-10-01,South Africa,Africa,0,4072533,0,102595
2023-10-08,South Africa,Africa,8,4072541,0,102595
2023-10-15,South Africa,Africa,20,4072561,0,102595
2023-10-22,South Africa,Africa,15,4072576,0,102595
2023-10-29,South Africa,Africa,5,4072581,0,102595
2023-11-05,South Africa,Africa,10,4072591,0,102595
2023-11-12,South Africa,Africa,12,4072603,0,102595
2023-11-19,South Africa,Africa,14,4072617,0,102595
2023-11-26,South Africa,Africa,12,4072629,0,102595
2023-12-03,South Africa,Africa,7,4072636,0,102595
2023-12-10,South Africa,Africa,0,4072636,0,102595
2023-12-17,South Africa,Africa,0,4072636,0,102595
2023-12-24,South Africa,Africa,0,4072636,0,102595
2023-12-31,South Africa,Africa,0,4072636,0,102595
2024-01-07,South Africa,Africa,0,4072636,0,102595
2024-01-14,South Africa,Africa,0,4072636,0,102595
2024-01-21,South Africa,Africa,0,4072636,0,102595
2024-01-28,South Africa,Africa,0,4072636,0,102595
2024-02-04,South Africa,Africa,0,4072636,0,102595
2024-02-11,South Africa,Africa,0,4072636,0,102595
2024-02-18,South Africa,Africa,0,4072636,0,102595
2024-02-25,South Africa,Africa,0,4072636,0,102595
2024-03-03,South Africa,Africa,0,4072636,0,102595
2024-03-10,South Africa,Africa,0,4072636,0,102595
2024-03-17,South Africa,Africa,2,4072638,0,102595
2024-03-24,South Africa,Africa,4,4072642,0,102595
2024-03-31,South Africa,Africa,6,4072648,0,102595
2024-04-07,South Africa,Africa,5,4072653,0,102595
2024-04-14,South Africa,Africa,8,4072661,0,102595
2024-04-21,South Africa,Africa,12,4072673,0,102595
2024-04-28,South Africa,Africa,4,4072677,0,102595
2024-05-05,South Africa,Africa,4,4072681,0,102595
2024-05-12,South Africa,Africa,3,4072684,0,102595
2024-05-19,South Africa,Africa,13,4072697,0,102595
2024-05-26,South Africa,Africa,11,4072708,0,102595
2024-06-02,South Africa,Africa,4,4072712,0,102595
2024-06-09,South Africa,Africa,8,4072720,0,102595
2024-06-16,South Africa,Africa,6,4072726,0,102595
2024-06-23,South Africa,Africa,9,4072735,0,102595
2024-06-30,South Africa,Africa,5,4072740,0,102595
2024-07-07,South Africa,Africa,4,4072744,0,102595
2024-07-14,South Africa,Africa,7,4072751,0,102595
2024-07-21,South Africa,Africa,8,4072759,0,102595
2024-07-28,South Africa,Africa,4,4072763,0,102595
2024-08-04,South Africa,Africa,3,4072766,0,102595
2024-08-11,South Africa,Africa,9,4072775,0,102595
2024-08-18,South Africa,Africa,2,4072777,0,102595
2024-08-25,South Africa,Africa,5,4072782,0,102595
2024-09-01,South Africa,Africa,4,4072786,0,102595
2020-01-05,South Sudan,Africa,0,0,0,0
2020-01-12,South Sudan,Africa,0,0,0,0
2020-01-19,South Sudan,Africa,0,0,0,0
2020-01-26,South Sudan,Africa,0,0,0,0
2020-02-02,South Sudan,Africa,0,0,0,0
2020-02-09,South Sudan,Africa,0,0,0,0
2020-02-16,South Sudan,Africa,0,0,0,0
2020-02-23,South Sudan,Africa,0,0,0,0
2020-03-01,South Sudan,Africa,0,0,0,0
2020-03-08,South Sudan,Africa,0,0,0,0
2020-03-15,South Sudan,Africa,0,0,0,0
2020-03-22,South Sudan,Africa,0,0,0,0
2020-03-29,South Sudan,Africa,0,0,0,0
2020-04-05,South Sudan,Africa,0,0,0,0
2020-04-12,South Sudan,Africa,4,4,0,0
2020-04-19,South Sudan,Africa,0,4,0,0
2020-04-26,South Sudan,Africa,2,6,0,0
2020-05-03,South Sudan,Africa,40,46,0,0
2020-05-10,South Sudan,Africa,74,120,0,0
2020-05-17,South Sudan,Africa,165,285,6,6
2020-05-24,South Sudan,Africa,370,655,4,10
2020-05-31,South Sudan,Africa,492,1147,4,14
2020-06-07,South Sudan,Africa,326,1473,8,22
2020-06-14,South Sudan,Africa,220,1693,7,29
2020-06-21,South Sudan,Africa,189,1882,7,36
2020-06-28,South Sudan,Africa,84,1966,2,38
2020-07-05,South Sudan,Africa,99,2065,4,42
2020-07-12,South Sudan,Africa,80,2145,1,43
2020-07-19,South Sudan,Africa,55,2200,2,45
2020-07-26,South Sudan,Africa,86,2286,2,47
2020-08-02,South Sudan,Africa,143,2429,1,48
2020-08-09,South Sudan,Africa,42,2471,1,49
2020-08-16,South Sudan,Africa,18,2489,0,49
2020-08-23,South Sudan,Africa,15,2504,0,49
2020-08-30,South Sudan,Africa,21,2525,0,49
2020-09-06,South Sudan,Africa,19,2544,1,50
2020-09-13,South Sudan,Africa,40,2584,1,51
2020-09-20,South Sudan,Africa,60,2644,0,51
2020-09-27,South Sudan,Africa,48,2692,0,51
2020-10-04,South Sudan,Africa,34,2726,1,52
2020-10-11,South Sudan,Africa,61,2787,5,57
2020-10-18,South Sudan,Africa,55,2842,0,57
2020-10-25,South Sudan,Africa,41,2883,1,58
2020-11-01,South Sudan,Africa,43,2926,3,61
2020-11-08,South Sudan,Africa,34,2960,0,61
2020-11-15,South Sudan,Africa,54,3014,0,61
2020-11-22,South Sudan,Africa,70,3084,1,62
2020-11-29,South Sudan,Africa,23,3107,0,62
2020-12-06,South Sudan,Africa,67,3174,1,63
2020-12-13,South Sudan,Africa,32,3206,0,63
2020-12-20,South Sudan,Africa,25,3231,0,63
2020-12-27,South Sudan,Africa,274,3505,0,63
2021-01-03,South Sudan,Africa,71,3576,1,64
2021-01-10,South Sudan,Africa,73,3649,0,64
2021-01-17,South Sudan,Africa,93,3742,0,64
2021-01-24,South Sudan,Africa,101,3843,1,65
2021-01-31,South Sudan,Africa,194,4037,0,65
2021-02-07,South Sudan,Africa,455,4492,2,67
2021-02-14,South Sudan,Africa,921,5413,7,74
2021-02-21,South Sudan,Africa,1171,6584,12,86
2021-02-28,South Sudan,Africa,1353,7937,7,93
2021-03-07,South Sudan,Africa,840,8777,9,102
2021-03-14,South Sudan,Africa,724,9501,2,104
2021-03-21,South Sudan,Africa,389,9890,2,106
2021-03-28,South Sudan,Africa,208,10098,2,108
2021-04-04,South Sudan,Africa,169,10267,5,113
2021-04-11,South Sudan,Africa,105,10372,1,114
2021-04-18,South Sudan,Africa,101,10473,0,114
2021-04-25,South Sudan,Africa,60,10533,0,114
2021-05-02,South Sudan,Africa,65,10598,1,115
2021-05-09,South Sudan,Africa,39,10637,0,115
2021-05-16,South Sudan,Africa,16,10653,0,115
2021-05-23,South Sudan,Africa,17,10670,0,115
2021-05-30,South Sudan,Africa,18,10688,0,115
2021-06-06,South Sudan,Africa,0,10688,0,115
2021-06-13,South Sudan,Africa,0,10688,0,115
2021-06-20,South Sudan,Africa,98,10786,0,115
2021-06-27,South Sudan,Africa,38,10824,1,116
2021-07-04,South Sudan,Africa,52,10876,1,117
2021-07-11,South Sudan,Africa,15,10891,0,117
2021-07-18,South Sudan,Africa,26,10917,0,117
2021-07-25,South Sudan,Africa,0,10917,0,117
2021-08-01,South Sudan,Africa,146,11063,2,119
2021-08-08,South Sudan,Africa,56,11119,1,120
2021-08-15,South Sudan,Africa,61,11180,0,120
2021-08-22,South Sudan,Africa,121,11301,0,120
2021-08-29,South Sudan,Africa,116,11417,0,120
2021-09-05,South Sudan,Africa,100,11517,0,120
2021-09-12,South Sudan,Africa,93,11610,0,120
2021-09-19,South Sudan,Africa,195,11805,1,121
2021-09-26,South Sudan,Africa,131,11936,7,128
2021-10-03,South Sudan,Africa,99,12035,2,130
2021-10-10,South Sudan,Africa,79,12114,0,130
2021-10-17,South Sudan,Africa,109,12223,0,130
2021-10-24,South Sudan,Africa,70,12293,3,133
2021-10-31,South Sudan,Africa,109,12402,0,133
2021-11-07,South Sudan,Africa,88,12490,0,133
2021-11-14,South Sudan,Africa,95,12585,0,133
2021-11-21,South Sudan,Africa,90,12675,0,133
2021-11-28,South Sudan,Africa,76,12751,0,133
2021-12-05,South Sudan,Africa,68,12819,0,133
2021-12-12,South Sudan,Africa,72,12891,0,133
2021-12-19,South Sudan,Africa,568,13459,0,133
2021-12-26,South Sudan,Africa,1351,14810,2,135
2022-01-02,South Sudan,Africa,828,15638,1,136
2022-01-09,South Sudan,Africa,572,16210,0,136
2022-01-16,South Sudan,Africa,312,16522,0,136
2022-01-23,South Sudan,Africa,171,16693,1,137
2022-01-30,South Sudan,Africa,95,16788,0,137
2022-02-06,South Sudan,Africa,61,16849,0,137
2022-02-13,South Sudan,Africa,47,16896,0,137
2022-02-20,South Sudan,Africa,34,16930,0,137
2022-02-27,South Sudan,Africa,36,16966,0,137
2022-03-06,South Sudan,Africa,45,17011,0,137
2022-03-13,South Sudan,Africa,50,17061,1,138
2022-03-20,South Sudan,Africa,68,17129,0,138
2022-03-27,South Sudan,Africa,84,17213,0,138
2022-04-03,South Sudan,Africa,73,17286,0,138
2022-04-10,South Sudan,Africa,64,17350,0,138
2022-04-17,South Sudan,Africa,52,17402,0,138
2022-04-24,South Sudan,Africa,36,17438,0,138
2022-05-01,South Sudan,Africa,41,17479,0,138
2022-05-08,South Sudan,Africa,29,17508,0,138
2022-05-15,South Sudan,Africa,39,17547,0,138
2022-05-22,South Sudan,Africa,27,17574,0,138
2022-05-29,South Sudan,Africa,16,17590,0,138
2022-06-05,South Sudan,Africa,40,17630,0,138
2022-06-12,South Sudan,Africa,18,17648,0,138
2022-06-19,South Sudan,Africa,36,17684,0,138
2022-06-26,South Sudan,Africa,25,17709,0,138
2022-07-03,South Sudan,Africa,27,17736,0,138
2022-07-10,South Sudan,Africa,18,17754,0,138
2022-07-17,South Sudan,Africa,12,17766,0,138
2022-07-24,South Sudan,Africa,13,17779,0,138
2022-07-31,South Sudan,Africa,1,17780,0,138
2022-08-07,South Sudan,Africa,0,17780,0,138
2022-08-14,South Sudan,Africa,0,17780,0,138
2022-08-21,South Sudan,Africa,0,17780,0,138
2022-08-28,South Sudan,Africa,0,17780,0,138
2022-09-04,South Sudan,Africa,0,17780,0,138
2022-09-11,South Sudan,Africa,0,17780,0,138
2022-09-18,South Sudan,Africa,280,18060,0,138
2022-09-25,South Sudan,Africa,55,18115,0,138
2022-10-02,South Sudan,Africa,0,18115,0,138
2022-10-09,South Sudan,Africa,132,18247,0,138
2022-10-16,South Sudan,Africa,14,18261,0,138
2022-10-23,South Sudan,Africa,31,18292,0,138
2022-10-30,South Sudan,Africa,21,18313,0,138
2022-11-06,South Sudan,Africa,16,18329,0,138
2022-11-13,South Sudan,Africa,12,18341,0,138
2022-11-20,South Sudan,Africa,7,18348,0,138
2022-11-27,South Sudan,Africa,2,18350,0,138
2022-12-04,South Sudan,Africa,2,18352,0,138
2022-12-11,South Sudan,Africa,16,18368,0,138
2022-12-18,South Sudan,Africa,0,18368,0,138
2022-12-25,South Sudan,Africa,0,18368,0,138
2023-01-01,South Sudan,Africa,0,18368,0,138
2023-01-08,South Sudan,Africa,0,18368,0,138
2023-01-15,South Sudan,Africa,0,18368,0,138
2023-01-22,South Sudan,Africa,0,18368,0,138
2023-01-29,South Sudan,Africa,0,18368,0,138
2023-02-05,South Sudan,Africa,0,18368,0,138
2023-02-12,South Sudan,Africa,0,18368,0,138
2023-02-19,South Sudan,Africa,0,18368,0,138
2023-02-26,South Sudan,Africa,0,18368,0,138
2023-03-05,South Sudan,Africa,0,18368,0,138
2023-03-12,South Sudan,Africa,0,18368,0,138
2023-03-19,South Sudan,Africa,0,18368,0,138
2023-03-26,South Sudan,Africa,0,18368,0,138
2023-04-02,South Sudan,Africa,0,18368,0,138
2023-04-09,South Sudan,Africa,0,18368,0,138
2023-04-16,South Sudan,Africa,0,18368,0,138
2023-04-23,South Sudan,Africa,0,18368,0,138
2023-04-30,South Sudan,Africa,0,18368,0,138
2023-05-07,South Sudan,Africa,0,18368,0,138
2023-05-14,South Sudan,Africa,0,18368,0,138
2023-05-21,South Sudan,Africa,0,18368,0,138
2023-05-28,South Sudan,Africa,0,18368,0,138
2023-06-04,South Sudan,Africa,0,18368,0,138
2023-06-11,South Sudan,Africa,0,18368,0,138
2023-06-18,South Sudan,Africa,0,18368,0,138
2023-06-25,South Sudan,Africa,0,18368,0,138
2023-07-02,South Sudan,Africa,0,18368,0,138
2023-07-09,South Sudan,Africa,0,18368,0,138
2023-07-16,South Sudan,Africa,0,18368,0,138
2023-07-23,South Sudan,Africa,0,18368,0,138
2023-07-30,South Sudan,Africa,0,18368,0,138
2023-08-06,South Sudan,Africa,0,18368,0,138
2023-08-13,South Sudan,Africa,0,18368,0,138
2023-08-20,South Sudan,Africa,0,18368,0,138
2023-08-27,South Sudan,Africa,0,18368,0,138
2023-09-03,South Sudan,Africa,0,18368,0,138
2023-09-10,South Sudan,Africa,0,18368,0,138
2023-09-17,South Sudan,Africa,0,18368,0,138
2023-09-24,South Sudan,Africa,0,18368,0,138
2023-10-01,South Sudan,Africa,0,18368,0,138
2023-10-08,South Sudan,Africa,31,18399,9,147
2023-10-15,South Sudan,Africa,137,18536,0,147
2023-10-22,South Sudan,Africa,59,18595,0,147
2023-10-29,South Sudan,Africa,101,18696,0,147
2023-11-05,South Sudan,Africa,26,18722,0,147
2023-11-12,South Sudan,Africa,36,18758,0,147
2023-11-19,South Sudan,Africa,5,18763,0,147
2023-11-26,South Sudan,Africa,2,18765,0,147
2023-12-03,South Sudan,Africa,54,18819,0,147
2023-12-10,South Sudan,Africa,0,18819,0,147
2023-12-17,South Sudan,Africa,0,18819,0,147
2023-12-24,South Sudan,Africa,0,18819,0,147
2023-12-31,South Sudan,Africa,0,18819,0,147
2024-01-07,South Sudan,Africa,0,18819,0,147
2024-01-14,South Sudan,Africa,0,18819,0,147
2024-01-21,South Sudan,Africa,0,18819,0,147
2024-01-28,South Sudan,Africa,0,18819,0,147
2024-02-04,South Sudan,Africa,0,18819,0,147
2024-02-11,South Sudan,Africa,0,18819,0,147
2024-02-18,South Sudan,Africa,0,18819,0,147
2024-02-25,South Sudan,Africa,0,18819,0,147
2024-03-03,South Sudan,Africa,0,18819,0,147
2024-03-10,South Sudan,Africa,0,18819,0,147
2024-03-17,South Sudan,Africa,0,18819,0,147
2024-03-24,South Sudan,Africa,1,18820,0,147
2024-03-31,South Sudan,Africa,0,18820,0,147
2024-04-07,South Sudan,Africa,3,18823,0,147
2024-04-14,South Sudan,Africa,0,18823,0,147
2024-04-21,South Sudan,Africa,0,18823,0,147
2024-04-28,South Sudan,Africa,0,18823,0,147
2024-05-05,South Sudan,Africa,0,18823,0,147
2024-05-12,South Sudan,Africa,0,18823,0,147
2024-05-19,South Sudan,Africa,0,18823,0,147
2024-05-26,South Sudan,Africa,0,18823,0,147
2024-06-02,South Sudan,Africa,0,18823,0,147
2024-06-09,South Sudan,Africa,0,18823,0,147
2024-06-16,South Sudan,Africa,0,18823,0,147
2024-06-23,South Sudan,Africa,0,18823,0,147
2024-06-30,South Sudan,Africa,0,18823,0,147
2024-07-07,South Sudan,Africa,0,18823,0,147
2024-07-14,South Sudan,Africa,0,18823,0,147
2024-07-21,South Sudan,Africa,0,18823,0,147
2024-07-28,South Sudan,Africa,0,18823,0,147
2024-08-04,South Sudan,Africa,0,18823,0,147
2024-08-11,South Sudan,Africa,0,18823,0,147
2024-08-18,South Sudan,Africa,0,18823,0,147
2024-08-25,South Sudan,Africa,2,18825,0,147
2024-09-01,South Sudan,Africa,0,18825,0,147
2020-01-05,Spain,Europe,0,0,0,0
2020-01-12,Spain,Europe,0,0,0,0
2020-01-19,Spain,Europe,2,2,0,0
2020-01-26,Spain,Europe,1,3,0,0
2020-02-02,Spain,Europe,2,5,0,0
2020-02-09,Spain,Europe,2,7,0,0
2020-02-16,Spain,Europe,4,11,1,1
2020-02-23,Spain,Europe,8,19,0,1
2020-03-01,Spain,Europe,129,148,0,1
2020-03-08,Spain,Europe,1423,1571,24,25
2020-03-15,Spain,Europe,11603,13174,457,482
2020-03-22,Spain,Europe,36346,49520,2432,2914
2020-03-29,Spain,Europe,59344,108864,5663,8577
2020-04-05,Spain,Europe,44403,153267,5841,14418
2020-04-12,Spain,Europe,30585,183852,4766,19184
2020-04-19,Spain,Europe,21250,205102,3576,22760
2020-04-26,Spain,Europe,14574,219676,2386,25146
2020-05-03,Spain,Europe,8099,227775,1551,26697
2020-05-10,Spain,Europe,5624,233399,1069,27766
2020-05-17,Spain,Europe,5398,238797,612,28378
2020-05-24,Spain,Europe,4394,243191,452,28830
2020-05-31,Spain,Europe,3818,247009,338,29168
2020-06-07,Spain,Europe,3029,250038,240,29408
2020-06-14,Spain,Europe,2360,252398,160,29568
2020-06-21,Spain,Europe,2209,254607,113,29681
2020-06-28,Spain,Europe,2353,256960,57,29738
2020-07-05,Spain,Europe,2806,259766,48,29786
2020-07-12,Spain,Europe,4866,264632,29,29815
2020-07-19,Spain,Europe,10235,274867,21,29836
2020-07-26,Spain,Europe,14507,289374,51,29887
2020-08-02,Spain,Europe,20321,309695,90,29977
2020-08-09,Spain,Europe,28301,337996,147,30124
2020-08-16,Spain,Europe,40123,378119,204,30328
2020-08-23,Spain,Europe,52062,430181,308,30636
2020-08-30,Spain,Europe,61080,491261,394,31030
2020-09-06,Spain,Europe,65500,556761,510,31540
2020-09-13,Spain,Europe,74073,630834,680,32220
2020-09-20,Spain,Europe,80808,711642,827,33047
2020-09-27,Spain,Europe,72474,784116,880,33927
2020-10-04,Spain,Europe,65133,849249,947,34874
2020-10-11,Spain,Europe,77797,927046,944,35818
2020-10-18,Spain,Europe,91151,1018197,1053,36871
2020-10-25,Spain,Europe,135288,1153485,1387,38258
2020-11-01,Spain,Europe,144877,1298362,1798,40056
2020-11-08,Spain,Europe,133375,1431737,2304,42360
2020-11-15,Spain,Europe,112091,1543828,2344,44704
2020-11-22,Spain,Europe,81232,1625060,2183,46887
2020-11-29,Spain,Europe,58537,1683597,1873,48760
2020-12-06,Spain,Europe,50703,1734300,1526,50286
2020-12-13,Spain,Europe,50685,1784985,1360,51646
2020-12-20,Spain,Europe,68392,1853377,1146,52792
2020-12-27,Spain,Europe,66172,1919549,1172,53964
2021-01-03,Spain,Europe,98951,2018500,1287,55251
2021-01-10,Spain,Europe,160591,2179091,1577,56828
2021-01-17,Spain,Europe,234083,2413174,2325,59153
2021-01-24,Spain,Europe,244667,2657841,3407,62560
2021-01-31,Spain,Europe,202047,2859888,3819,66379
2021-02-07,Spain,Europe,130543,2990431,3315,69694
2021-02-14,Spain,Europe,75699,3066130,2459,72153
2021-02-21,Spain,Europe,50400,3116530,1692,73845
2021-02-28,Spain,Europe,38936,3155466,1315,75160
2021-03-07,Spain,Europe,33692,3189158,927,76087
2021-03-14,Spain,Europe,32524,3221682,717,76804
2021-03-21,Spain,Europe,34096,3255778,592,77396
2021-03-28,Spain,Europe,42834,3298612,533,77929
2021-04-04,Spain,Europe,43342,3341954,538,78467
2021-04-11,Spain,Europe,60150,3402104,563,79030
2021-04-18,Spain,Europe,58926,3461030,570,79600
2021-04-25,Spain,Europe,57972,3519002,528,80128
2021-05-02,Spain,Europe,52880,3571882,453,80581
2021-05-09,Spain,Europe,41911,3613793,458,81039
2021-05-16,Spain,Europe,34703,3648496,363,81402
2021-05-23,Spain,Europe,32321,3680817,253,81655
2021-05-30,Spain,Europe,30781,3711598,191,81846
2021-06-06,Spain,Europe,28289,3739887,209,82055
2021-06-13,Spain,Europe,24345,3764232,145,82200
2021-06-20,Spain,Europe,23600,3787832,130,82330
2021-06-27,Spain,Europe,29773,3817605,113,82443
2021-07-04,Spain,Europe,78950,3896555,89,82532
2021-07-11,Spain,Europe,135337,4031892,89,82621
2021-07-18,Spain,Europe,176564,4208456,162,82783
2021-07-25,Spain,Europe,185713,4394169,397,83180
2021-08-01,Spain,Europe,157658,4551827,556,83736
2021-08-08,Spain,Europe,119244,4671071,710,84446
2021-08-15,Spain,Europe,90657,4761728,803,85249
2021-08-22,Spain,Europe,68431,4830159,713,85962
2021-08-29,Spain,Europe,51814,4881973,641,86603
2021-09-05,Spain,Europe,34174,4916147,562,87165
2021-09-12,Spain,Europe,23147,4939294,442,87607
2021-09-19,Spain,Europe,17787,4957081,373,87980
2021-09-26,Spain,Europe,14420,4971501,253,88233
2021-10-03,Spain,Europe,12085,4983586,192,88425
2021-10-10,Spain,Europe,10316,4993902,151,88576
2021-10-17,Spain,Europe,10582,5004484,129,88705
2021-10-24,Spain,Europe,12402,5016886,123,88828
2021-10-31,Spain,Europe,13400,5030286,106,88934
2021-11-07,Spain,Europe,16049,5046335,96,89030
2021-11-14,Spain,Europe,25438,5071773,161,89191
2021-11-21,Spain,Europe,40613,5112386,155,89346
2021-11-28,Spain,Europe,59198,5171584,194,89540
2021-12-05,Spain,Europe,89893,5261477,295,89835
2021-12-12,Spain,Europe,116016,5377493,355,90190
2021-12-19,Spain,Europe,231599,5609092,501,90691
2021-12-26,Spain,Europe,491046,6100138,584,91275
2022-01-02,Spain,Europe,793378,6893516,731,92006
2022-01-09,Spain,Europe,892500,7786016,1047,93053
2022-01-16,Spain,Europe,956506,8742522,1387,94440
2022-01-23,Spain,Europe,847389,9589911,1568,96008
2022-01-30,Spain,Europe,625727,10215638,1769,97777
2022-02-06,Spain,Europe,383768,10599406,1706,99483
2022-02-13,Spain,Europe,244929,10844335,1400,100883
2022-02-20,Spain,Europe,158925,11003260,943,101826
2022-02-27,Spain,Europe,117945,11121205,662,102488
2022-03-06,Spain,Europe,111287,11232492,528,103016
2022-03-13,Spain,Europe,110619,11343111,444,103460
2022-03-20,Spain,Europe,118670,11461781,373,103833
2022-03-27,Spain,Europe,123403,11585184,311,104144
2022-04-03,Spain,Europe,67059,11652243,313,104457
2022-04-10,Spain,Europe,72198,11724441,336,104793
2022-04-17,Spain,Europe,74154,11798595,385,105178
2022-04-24,Spain,Europe,102380,11900975,419,105597
2022-05-01,Spain,Europe,119043,12020018,417,106014
2022-05-08,Spain,Europe,120608,12140626,494,106508
2022-05-15,Spain,Europe,123129,12263755,552,107060
2022-05-22,Spain,Europe,100265,12364020,532,107592
2022-05-29,Spain,Europe,78838,12442858,454,108046
2022-06-05,Spain,Europe,77617,12520475,442,108488
2022-06-12,Spain,Europe,79575,12600050,427,108915
2022-06-19,Spain,Europe,95721,12695771,497,109412
2022-06-26,Spain,Europe,129495,12825266,525,109937
2022-07-03,Spain,Europe,159628,12984894,643,110580
2022-07-10,Spain,Europe,146154,13131048,853,111433
2022-07-17,Spain,Europe,101461,13232509,1104,112537
2022-07-24,Spain,Europe,68057,13300566,958,113495
2022-07-31,Spain,Europe,45541,13346107,788,114283
2022-08-07,Spain,Europe,32376,13378483,597,114880
2022-08-14,Spain,Europe,23157,13401640,498,115378
2022-08-21,Spain,Europe,17529,13419169,339,115717
2022-08-28,Spain,Europe,17231,13436400,305,116022
2022-09-04,Spain,Europe,15221,13451621,252,116274
2022-09-11,Spain,Europe,13517,13465138,171,116445
2022-09-18,Spain,Europe,15587,13480725,165,116610
2022-09-25,Spain,Europe,16469,13497194,107,116717
2022-10-02,Spain,Europe,17740,13514934,126,116843
2022-10-09,Spain,Europe,22273,13537207,150,116993
2022-10-16,Spain,Europe,21512,13558719,147,117140
2022-10-23,Spain,Europe,22259,13580978,179,117319
2022-10-30,Spain,Europe,20302,13601280,166,117485
2022-11-06,Spain,Europe,18527,13619807,142,117627
2022-11-13,Spain,Europe,20387,13640194,147,117774
2022-11-20,Spain,Europe,21950,13662144,163,117937
2022-11-27,Spain,Europe,19892,13682036,175,118112
2022-12-04,Spain,Europe,19294,13701330,183,118295
2022-12-11,Spain,Europe,16989,13718319,190,118485
2022-12-18,Spain,Europe,19638,13737957,241,118726
2022-12-25,Spain,Europe,17005,13754962,217,118943
2023-01-01,Spain,Europe,14823,13769785,210,119153
2023-01-08,Spain,Europe,12663,13782448,202,119355
2023-01-15,Spain,Europe,11960,13794408,178,119533
2023-01-22,Spain,Europe,7480,13801888,197,119730
2023-01-29,Spain,Europe,5787,13807675,136,119866
2023-02-05,Spain,Europe,5699,13813374,116,119982
2023-02-12,Spain,Europe,6074,13819448,103,120085
2023-02-19,Spain,Europe,6051,13825499,85,120170
2023-02-26,Spain,Europe,6455,13831954,91,120261
2023-03-05,Spain,Europe,6566,13838520,82,120343
2023-03-12,Spain,Europe,8286,13846806,97,120440
2023-03-19,Spain,Europe,7421,13854227,123,120563
2023-03-26,Spain,Europe,7577,13861804,95,120658
2023-04-02,Spain,Europe,7962,13869766,84,120742
2023-04-09,Spain,Europe,6617,13876383,86,120828
2023-04-16,Spain,Europe,10278,13886661,80,120908
2023-04-23,Spain,Europe,10867,13897528,112,121020
2023-04-30,Spain,Europe,11183,13908711,128,121148
2023-05-07,Spain,Europe,10603,13919314,98,121246
2023-05-14,Spain,Europe,11262,13930576,102,121348
2023-05-21,Spain,Europe,11023,13941599,100,121448
2023-05-28,Spain,Europe,11262,13952861,99,121547
2023-06-04,Spain,Europe,8917,13961778,98,121645
2023-06-11,Spain,Europe,6866,13968644,89,121734
2023-06-18,Spain,Europe,5430,13974074,65,121799
2023-06-25,Spain,Europe,4502,13978576,42,121841
2023-07-02,Spain,Europe,1764,13980340,11,121852
2023-07-09,Spain,Europe,0,13980340,0,121852
2023-07-16,Spain,Europe,0,13980340,0,121852
2023-07-23,Spain,Europe,0,13980340,0,121852
2023-07-30,Spain,Europe,0,13980340,0,121852
2023-08-06,Spain,Europe,0,13980340,0,121852
2023-08-13,Spain,Europe,0,13980340,0,121852
2023-08-20,Spain,Europe,0,13980340,0,121852
2023-08-27,Spain,Europe,0,13980340,0,121852
2023-09-03,Spain,Europe,0,13980340,0,121852
2023-09-10,Spain,Europe,0,13980340,0,121852
2023-09-17,Spain,Europe,0,13980340,0,121852
2023-09-24,Spain,Europe,0,13980340,0,121852
2023-10-01,Spain,Europe,0,13980340,0,121852
2023-10-08,Spain,Europe,0,13980340,0,121852
2023-10-15,Spain,Europe,0,13980340,0,121852
2023-10-22,Spain,Europe,0,13980340,0,121852
2023-10-29,Spain,Europe,0,13980340,0,121852
2023-11-05,Spain,Europe,0,13980340,0,121852
2023-11-12,Spain,Europe,0,13980340,0,121852
2023-11-19,Spain,Europe,0,13980340,0,121852
2023-11-26,Spain,Europe,0,13980340,0,121852
2023-12-03,Spain,Europe,0,13980340,0,121852
2023-12-10,Spain,Europe,0,13980340,0,121852
2023-12-17,Spain,Europe,0,13980340,0,121852
2023-12-24,Spain,Europe,0,13980340,0,121852
2023-12-31,Spain,Europe,0,13980340,0,121852
2024-01-07,Spain,Europe,0,13980340,0,121852
2024-01-14,Spain,Europe,0,13980340,0,121852
2024-01-21,Spain,Europe,0,13980340,0,121852
2024-01-28,Spain,Europe,0,13980340,0,121852
2024-02-04,Spain,Europe,0,13980340,0,121852
2024-02-11,Spain,Europe,0,13980340,0,121852
2024-02-18,Spain,Europe,0,13980340,0,121852
2024-02-25,Spain,Europe,0,13980340,0,121852
2024-03-03,Spain,Europe,0,13980340,0,121852
2024-03-10,Spain,Europe,0,13980340,0,121852
2024-03-17,Spain,Europe,0,13980340,0,121852
2024-03-24,Spain,Europe,0,13980340,0,121852
2024-03-31,Spain,Europe,0,13980340,0,121852
2024-04-07,Spain,Europe,0,13980340,0,121852
2024-04-14,Spain,Europe,0,13980340,0,121852
2024-04-21,Spain,Europe,0,13980340,0,121852
2024-04-28,Spain,Europe,0,13980340,0,121852
2024-05-05,Spain,Europe,0,13980340,0,121852
2024-05-12,Spain,Europe,0,13980340,0,121852
2024-05-19,Spain,Europe,0,13980340,0,121852
2024-05-26,Spain,Europe,0,13980340,0,121852
2024-06-02,Spain,Europe,0,13980340,0,121852
2024-06-09,Spain,Europe,0,13980340,0,121852
2024-06-16,Spain,Europe,0,13980340,0,121852
2024-06-23,Spain,Europe,0,13980340,0,121852
2024-06-30,Spain,Europe,0,13980340,0,121852
2024-07-07,Spain,Europe,0,13980340,0,121852
2024-07-14,Spain,Europe,0,13980340,0,121852
2024-07-21,Spain,Europe,0,13980340,0,121852
2024-07-28,Spain,Europe,0,13980340,0,121852
2024-08-04,Spain,Europe,0,13980340,0,121852
2024-08-11,Spain,Europe,0,13980340,0,121852
2024-08-18,Spain,Europe,0,13980340,0,121852
2024-08-25,Spain,Europe,0,13980340,0,121852
2024-09-01,Spain,Europe,0,13980340,0,121852
2020-01-05,Sri Lanka,Asia,0,0,0,0
2020-01-12,Sri Lanka,Asia,0,0,0,0
2020-01-19,Sri Lanka,Asia,0,0,0,0
2020-01-26,Sri Lanka,Asia,0,0,0,0
2020-02-02,Sri Lanka,Asia,5,5,0,0
2020-02-09,Sri Lanka,Asia,0,5,0,0
2020-02-16,Sri Lanka,Asia,0,5,0,0
2020-02-23,Sri Lanka,Asia,0,5,0,0
2020-03-01,Sri Lanka,Asia,0,5,0,0
2020-03-08,Sri Lanka,Asia,0,5,0,0
2020-03-15,Sri Lanka,Asia,6,11,0,0
2020-03-22,Sri Lanka,Asia,71,82,0,0
2020-03-29,Sri Lanka,Asia,33,115,1,1
2020-04-05,Sri Lanka,Asia,51,166,4,5
2020-04-12,Sri Lanka,Asia,33,199,2,7
2020-04-19,Sri Lanka,Asia,55,254,0,7
2020-04-26,Sri Lanka,Asia,206,460,0,7
2020-05-03,Sri Lanka,Asia,245,705,0,7
2020-05-10,Sri Lanka,Asia,142,847,2,9
2020-05-17,Sri Lanka,Asia,134,981,0,9
2020-05-24,Sri Lanka,Asia,160,1141,0,9
2020-05-31,Sri Lanka,Asia,492,1633,1,10
2020-06-07,Sri Lanka,Asia,202,1835,1,11
2020-06-14,Sri Lanka,Asia,54,1889,0,11
2020-06-21,Sri Lanka,Asia,61,1950,0,11
2020-06-28,Sri Lanka,Asia,87,2037,0,11
2020-07-05,Sri Lanka,Asia,39,2076,0,11
2020-07-12,Sri Lanka,Asia,541,2617,0,11
2020-07-19,Sri Lanka,Asia,107,2724,0,11
2020-07-26,Sri Lanka,Asia,58,2782,0,11
2020-08-02,Sri Lanka,Asia,41,2823,0,11
2020-08-09,Sri Lanka,Asia,21,2844,0,11
2020-08-16,Sri Lanka,Asia,46,2890,0,11
2020-08-23,Sri Lanka,Asia,57,2947,1,12
2020-08-30,Sri Lanka,Asia,65,3012,0,12
2020-09-06,Sri Lanka,Asia,111,3123,0,12
2020-09-13,Sri Lanka,Asia,111,3234,0,12
2020-09-20,Sri Lanka,Asia,53,3287,1,13
2020-09-27,Sri Lanka,Asia,73,3360,0,13
2020-10-04,Sri Lanka,Asia,42,3402,0,13
2020-10-11,Sri Lanka,Asia,1350,4752,0,13
2020-10-18,Sri Lanka,Asia,786,5538,0,13
2020-10-25,Sri Lanka,Asia,2334,7872,2,15
2020-11-01,Sri Lanka,Asia,3188,11060,6,21
2020-11-08,Sri Lanka,Asia,2869,13929,14,35
2020-11-15,Sri Lanka,Asia,3358,17287,23,58
2020-11-22,Sri Lanka,Asia,2884,20171,29,87
2020-11-29,Sri Lanka,Asia,3313,23484,29,116
2020-12-06,Sri Lanka,Asia,4393,27877,24,140
2020-12-13,Sri Lanka,Asia,4913,32790,12,152
2020-12-20,Sri Lanka,Asia,4471,37261,24,176
2020-12-27,Sri Lanka,Asia,3793,41054,15,191
2021-01-03,Sri Lanka,Asia,3720,44774,22,213
2021-01-10,Sri Lanka,Asia,3606,48380,19,232
2021-01-17,Sri Lanka,Asia,4682,53062,32,264
2021-01-24,Sri Lanka,Asia,5368,58430,19,283
2021-01-31,Sri Lanka,Asia,5727,64157,33,316
2021-02-07,Sri Lanka,Asia,5191,69348,40,356
2021-02-14,Sri Lanka,Asia,6306,75654,41,397
2021-02-21,Sri Lanka,Asia,4345,79999,48,445
2021-02-28,Sri Lanka,Asia,3243,83242,26,471
2021-03-07,Sri Lanka,Asia,2453,85695,31,502
2021-03-14,Sri Lanka,Asia,2212,87907,25,527
2021-03-21,Sri Lanka,Asia,2293,90200,19,546
2021-03-28,Sri Lanka,Asia,1888,92088,15,561
2021-04-04,Sri Lanka,Asia,1348,93436,20,581
2021-04-11,Sri Lanka,Asia,1695,95131,17,598
2021-04-18,Sri Lanka,Asia,1665,96796,20,618
2021-04-25,Sri Lanka,Asia,4583,101379,24,642
2021-05-02,Sri Lanka,Asia,10374,111753,45,687
2021-05-09,Sri Lanka,Asia,14153,125906,114,801
2021-05-16,Sri Lanka,Asia,16840,142746,161,962
2021-05-23,Sri Lanka,Asia,21455,164201,248,1210
2021-05-30,Sri Lanka,Asia,19251,183452,231,1441
2021-06-06,Sri Lanka,Asia,21881,205333,301,1742
2021-06-13,Sri Lanka,Asia,18305,223638,394,2136
2021-06-20,Sri Lanka,Asia,16051,239689,388,2524
2021-06-27,Sri Lanka,Asia,13929,253618,363,2887
2021-07-04,Sri Lanka,Asia,12012,265630,292,3179
2021-07-11,Sri Lanka,Asia,8908,274538,266,3445
2021-07-18,Sri Lanka,Asia,10394,284932,277,3722
2021-07-25,Sri Lanka,Asia,11584,296516,320,4042
2021-08-01,Sri Lanka,Asia,14833,311349,409,4451
2021-08-08,Sri Lanka,Asia,18645,329994,603,5054
2021-08-15,Sri Lanka,Asia,24974,354968,985,6039
2021-08-22,Sri Lanka,Asia,35032,390000,1327,7366
2021-08-29,Sri Lanka,Asia,41519,431519,1409,8775
2021-09-05,Sri Lanka,Asia,31248,462767,1365,10140
2021-09-12,Sri Lanka,Asia,23155,485922,1156,11296
2021-09-19,Sri Lanka,Asia,18569,504491,829,12125
2021-09-26,Sri Lanka,Asia,9118,513609,555,12680
2021-10-03,Sri Lanka,Asia,6823,520432,379,13059
2021-10-10,Sri Lanka,Asia,5951,526383,272,13331
2021-10-17,Sri Lanka,Asia,5265,531648,153,13484
2021-10-24,Sri Lanka,Asia,4436,536084,127,13611
2021-10-31,Sri Lanka,Asia,4989,541073,132,13743
2021-11-07,Sri Lanka,Asia,4183,545256,113,13856
2021-11-14,Sri Lanka,Asia,6286,551542,139,13995
2021-11-21,Sri Lanka,Asia,5084,556626,132,14127
2021-11-28,Sri Lanka,Asia,5894,562520,178,14305
2021-12-05,Sri Lanka,Asia,5162,567682,156,14461
2021-12-12,Sri Lanka,Asia,5220,572902,153,14614
2021-12-19,Sri Lanka,Asia,6783,579685,138,14752
2021-12-26,Sri Lanka,Asia,3964,583649,132,14884
2022-01-02,Sri Lanka,Asia,4286,587935,135,15019
2022-01-09,Sri Lanka,Asia,3732,591667,100,15119
2022-01-16,Sri Lanka,Asia,4680,596347,92,15211
2022-01-23,Sri Lanka,Asia,5539,601886,88,15299
2022-01-30,Sri Lanka,Asia,8217,610103,121,15420
2022-02-06,Sri Lanka,Asia,8417,618520,175,15595
2022-02-13,Sri Lanka,Asia,9596,628116,213,15808
2022-02-20,Sri Lanka,Asia,8721,636837,186,15994
2022-02-27,Sri Lanka,Asia,8200,645037,196,16190
2022-03-06,Sri Lanka,Asia,5103,650140,141,16331
2022-03-13,Sri Lanka,Asia,5901,656041,66,16397
2022-03-20,Sri Lanka,Asia,2156,658197,34,16431
2022-03-27,Sri Lanka,Asia,2693,660890,28,16459
2022-04-03,Sri Lanka,Asia,1101,661991,22,16481
2022-04-10,Sri Lanka,Asia,601,662592,8,16489
2022-04-17,Sri Lanka,Asia,272,662864,7,16496
2022-04-24,Sri Lanka,Asia,296,663160,6,16502
2022-05-01,Sri Lanka,Asia,213,663373,3,16505
2022-05-08,Sri Lanka,Asia,188,663561,4,16509
2022-05-15,Sri Lanka,Asia,110,663671,2,16511
2022-05-22,Sri Lanka,Asia,87,663758,1,16512
2022-05-29,Sri Lanka,Asia,58,663816,4,16516
2022-06-05,Sri Lanka,Asia,53,663869,2,16518
2022-06-12,Sri Lanka,Asia,81,663950,1,16519
2022-06-19,Sri Lanka,Asia,47,663997,1,16520
2022-06-26,Sri Lanka,Asia,83,664080,1,16521
2022-07-03,Sri Lanka,Asia,87,664167,1,16522
2022-07-10,Sri Lanka,Asia,106,664273,3,16525
2022-07-17,Sri Lanka,Asia,175,664448,3,16528
2022-07-24,Sri Lanka,Asia,452,664900,9,16537
2022-07-31,Sri Lanka,Asia,839,665739,19,16556
2022-08-07,Sri Lanka,Asia,1025,666764,30,16586
2022-08-14,Sri Lanka,Asia,1248,668012,35,16621
2022-08-21,Sri Lanka,Asia,1021,669033,33,16654
2022-08-28,Sri Lanka,Asia,716,669749,33,16687
2022-09-04,Sri Lanka,Asia,427,670176,24,16711
2022-09-11,Sri Lanka,Asia,268,670444,17,16728
2022-09-18,Sri Lanka,Asia,152,670596,19,16747
2022-09-25,Sri Lanka,Asia,113,670709,8,16755
2022-10-02,Sri Lanka,Asia,81,670790,7,16762
2022-10-09,Sri Lanka,Asia,79,670869,6,16768
2022-10-16,Sri Lanka,Asia,52,670921,1,16769
2022-10-23,Sri Lanka,Asia,73,670994,5,16774
2022-10-30,Sri Lanka,Asia,76,671070,5,16779
2022-11-06,Sri Lanka,Asia,258,671328,3,16782
2022-11-13,Sri Lanka,Asia,89,671417,2,16784
2022-11-20,Sri Lanka,Asia,88,671505,7,16791
2022-11-27,Sri Lanka,Asia,133,671638,9,16800
2022-12-04,Sri Lanka,Asia,65,671703,5,16805
2022-12-11,Sri Lanka,Asia,49,671752,3,16808
2022-12-18,Sri Lanka,Asia,56,671808,6,16814
2022-12-25,Sri Lanka,Asia,43,671851,1,16815
2023-01-01,Sri Lanka,Asia,40,671891,2,16817
2023-01-08,Sri Lanka,Asia,36,671927,1,16818
2023-01-15,Sri Lanka,Asia,36,671963,5,16823
2023-01-22,Sri Lanka,Asia,13,671976,2,16825
2023-01-29,Sri Lanka,Asia,11,671987,2,16827
2023-02-05,Sri Lanka,Asia,13,672000,1,16828
2023-02-12,Sri Lanka,Asia,7,672007,0,16828
2023-02-19,Sri Lanka,Asia,13,672020,1,16829
2023-02-26,Sri Lanka,Asia,6,672026,1,16830
2023-03-05,Sri Lanka,Asia,6,672032,0,16830
2023-03-12,Sri Lanka,Asia,8,672040,0,16830
2023-03-19,Sri Lanka,Asia,12,672052,1,16831
2023-03-26,Sri Lanka,Asia,11,672063,2,16833
2023-04-02,Sri Lanka,Asia,13,672076,1,16834
2023-04-09,Sri Lanka,Asia,13,672089,0,16834
2023-04-16,Sri Lanka,Asia,15,672104,1,16835
2023-04-23,Sri Lanka,Asia,28,672132,3,16838
2023-04-30,Sri Lanka,Asia,32,672164,4,16842
2023-05-07,Sri Lanka,Asia,51,672215,5,16847
2023-05-14,Sri Lanka,Asia,68,672283,8,16855
2023-05-21,Sri Lanka,Asia,83,672366,10,16865
2023-05-28,Sri Lanka,Asia,73,672439,5,16870
2023-06-04,Sri Lanka,Asia,46,672485,5,16875
2023-06-11,Sri Lanka,Asia,29,672514,1,16876
2023-06-18,Sri Lanka,Asia,13,672527,1,16877
2023-06-25,Sri Lanka,Asia,7,672534,0,16877
2023-07-02,Sri Lanka,Asia,8,672542,2,16879
2023-07-09,Sri Lanka,Asia,10,672552,1,16880
2023-07-16,Sri Lanka,Asia,8,672560,0,16880
2023-07-23,Sri Lanka,Asia,3,672563,0,16880
2023-07-30,Sri Lanka,Asia,5,672568,0,16880
2023-08-06,Sri Lanka,Asia,1,672569,2,16882
2023-08-13,Sri Lanka,Asia,4,672573,0,16882
2023-08-20,Sri Lanka,Asia,2,672575,0,16882
2023-08-27,Sri Lanka,Asia,2,672577,0,16882
2023-09-03,Sri Lanka,Asia,2,672579,0,16882
2023-09-10,Sri Lanka,Asia,0,672579,0,16882
2023-09-17,Sri Lanka,Asia,4,672583,0,16882
2023-09-24,Sri Lanka,Asia,4,672587,0,16882
2023-10-01,Sri Lanka,Asia,2,672589,0,16882
2023-10-08,Sri Lanka,Asia,1,672590,0,16882
2023-10-15,Sri Lanka,Asia,3,672593,0,16882
2023-10-22,Sri Lanka,Asia,4,672597,0,16882
2023-10-29,Sri Lanka,Asia,1,672598,1,16883
2023-11-05,Sri Lanka,Asia,8,672606,0,16883
2023-11-12,Sri Lanka,Asia,6,672612,2,16885
2023-11-19,Sri Lanka,Asia,6,672618,0,16885
2023-11-26,Sri Lanka,Asia,11,672629,1,16886
2023-12-03,Sri Lanka,Asia,10,672639,0,16886
2023-12-10,Sri Lanka,Asia,15,672654,0,16886
2023-12-17,Sri Lanka,Asia,7,672661,0,16886
2023-12-24,Sri Lanka,Asia,18,672679,2,16888
2023-12-31,Sri Lanka,Asia,28,672707,2,16890
2024-01-07,Sri Lanka,Asia,14,672721,3,16893
2024-01-14,Sri Lanka,Asia,13,672734,0,16893
2024-01-21,Sri Lanka,Asia,4,672738,0,16893
2024-01-28,Sri Lanka,Asia,6,672744,0,16893
2024-02-04,Sri Lanka,Asia,1,672745,3,16896
2024-02-11,Sri Lanka,Asia,2,672747,1,16897
2024-02-18,Sri Lanka,Asia,1,672748,0,16897
2024-02-25,Sri Lanka,Asia,1,672749,0,16897
2024-03-03,Sri Lanka,Asia,1,672750,0,16897
2024-03-10,Sri Lanka,Asia,1,672751,0,16897
2024-03-17,Sri Lanka,Asia,0,672751,0,16897
2024-03-24,Sri Lanka,Asia,3,672754,2,16899
2024-03-31,Sri Lanka,Asia,0,672754,0,16899
2024-04-07,Sri Lanka,Asia,0,672754,0,16899
2024-04-14,Sri Lanka,Asia,0,672754,0,16899
2024-04-21,Sri Lanka,Asia,0,672754,0,16899
2024-04-28,Sri Lanka,Asia,0,672754,0,16899
2024-05-05,Sri Lanka,Asia,0,672754,0,16899
2024-05-12,Sri Lanka,Asia,8,672762,2,16901
2024-05-19,Sri Lanka,Asia,1,672763,0,16901
2024-05-26,Sri Lanka,Asia,5,672768,0,16901
2024-06-02,Sri Lanka,Asia,0,672768,0,16901
2024-06-09,Sri Lanka,Asia,11,672779,3,16904
2024-06-16,Sri Lanka,Asia,0,672779,0,16904
2024-06-23,Sri Lanka,Asia,9,672788,3,16907
2024-06-30,Sri Lanka,Asia,3,672791,0,16907
2024-07-07,Sri Lanka,Asia,0,672791,0,16907
2024-07-14,Sri Lanka,Asia,0,672791,0,16907
2024-07-21,Sri Lanka,Asia,6,672797,0,16907
2024-07-28,Sri Lanka,Asia,0,672797,0,16907
2024-08-04,Sri Lanka,Asia,1,672798,0,16907
2024-08-11,Sri Lanka,Asia,0,672798,0,16907
2024-08-18,Sri Lanka,Asia,0,672798,0,16907
2024-08-25,Sri Lanka,Asia,0,672798,0,16907
2024-09-01,Sri Lanka,Asia,0,672798,0,16907
2020-01-05,Sudan,Africa,0,0,0,0
2020-01-12,Sudan,Africa,0,0,0,0
2020-01-19,Sudan,Africa,0,0,0,0
2020-01-26,Sudan,Africa,0,0,0,0
2020-02-02,Sudan,Africa,0,0,0,0
2020-02-09,Sudan,Africa,0,0,0,0
2020-02-16,Sudan,Africa,0,0,0,0
2020-02-23,Sudan,Africa,0,0,0,0
2020-03-01,Sudan,Africa,0,0,0,0
2020-03-08,Sudan,Africa,0,0,0,0
2020-03-15,Sudan,Africa,1,1,1,1
2020-03-22,Sudan,Africa,1,2,0,1
2020-03-29,Sudan,Africa,3,5,0,1
2020-04-05,Sudan,Africa,5,10,1,2
2020-04-12,Sudan,Africa,9,19,0,2
2020-04-19,Sudan,Africa,47,66,8,10
2020-04-26,Sudan,Africa,147,213,7,17
2020-05-03,Sudan,Africa,379,592,24,41
2020-05-10,Sudan,Africa,572,1164,27,68
2020-05-17,Sudan,Africa,1125,2289,33,101
2020-05-24,Sudan,Africa,1345,3634,45,146
2020-05-31,Sudan,Africa,1166,4800,116,262
2020-06-07,Sudan,Africa,1281,6081,97,359
2020-06-14,Sudan,Africa,926,7007,88,447
2020-06-21,Sudan,Africa,1573,8580,74,521
2020-06-28,Sudan,Africa,734,9314,55,576
2020-07-05,Sudan,Africa,453,9767,32,608
2020-07-12,Sudan,Africa,483,10250,42,650
2020-07-19,Sudan,Africa,512,10762,30,680
2020-07-26,Sudan,Africa,623,11385,37,717
2020-08-02,Sudan,Africa,353,11738,35,752
2020-08-09,Sudan,Africa,218,11956,29,781
2020-08-16,Sudan,Africa,454,12410,22,803
2020-08-23,Sudan,Africa,493,12903,15,818
2020-08-30,Sudan,Africa,286,13189,5,823
2020-09-06,Sudan,Africa,248,13437,10,833
2020-09-13,Sudan,Africa,95,13532,3,836
2020-09-20,Sudan,Africa,23,13555,0,836
2020-09-27,Sudan,Africa,55,13610,0,836
2020-10-04,Sudan,Africa,50,13660,0,836
2020-10-11,Sudan,Africa,25,13685,0,836
2020-10-18,Sudan,Africa,26,13711,0,836
2020-10-25,Sudan,Africa,33,13744,1,837
2020-11-01,Sudan,Africa,75,13819,0,837
2020-11-08,Sudan,Africa,336,14155,279,1116
2020-11-15,Sudan,Africa,573,14728,3,1119
2020-11-22,Sudan,Africa,1459,16187,80,1199
2020-11-29,Sudan,Africa,1623,17810,50,1249
2020-12-06,Sudan,Africa,1937,19747,54,1303
2020-12-13,Sudan,Africa,1844,21591,54,1357
2020-12-20,Sudan,Africa,1509,23100,104,1461
2020-12-27,Sudan,Africa,1594,24694,59,1520
2021-01-03,Sudan,Africa,1345,26039,77,1597
2021-01-10,Sudan,Africa,1455,27494,60,1657
2021-01-17,Sudan,Africa,739,28233,50,1707
2021-01-24,Sudan,Africa,637,28870,31,1738
2021-01-31,Sudan,Africa,579,29449,69,1807
2021-02-07,Sudan,Africa,316,29765,28,1835
2021-02-14,Sudan,Africa,241,30006,18,1853
2021-02-21,Sudan,Africa,199,30205,18,1871
2021-02-28,Sudan,Africa,212,30417,19,1890
2021-03-07,Sudan,Africa,220,30637,22,1912
2021-03-14,Sudan,Africa,309,30946,41,1953
2021-03-21,Sudan,Africa,336,31282,50,2003
2021-03-28,Sudan,Africa,430,31712,57,2060
2021-04-04,Sudan,Africa,619,32331,65,2125
2021-04-11,Sudan,Africa,526,32857,60,2185
2021-04-18,Sudan,Africa,558,33415,88,2273
2021-04-25,Sudan,Africa,382,33797,60,2333
2021-05-02,Sudan,Africa,664,34461,32,2365
2021-05-09,Sudan,Africa,428,34889,81,2446
2021-05-16,Sudan,Africa,0,34889,0,2446
2021-05-23,Sudan,Africa,304,35193,148,2594
2021-05-30,Sudan,Africa,302,35495,36,2630
2021-06-06,Sudan,Africa,509,36004,67,2697
2021-06-13,Sudan,Africa,300,36304,35,2732
2021-06-20,Sudan,Africa,126,36430,8,2740
2021-06-27,Sudan,Africa,190,36620,14,2754
2021-07-04,Sudan,Africa,179,36799,6,2760
2021-07-11,Sudan,Africa,160,36959,14,2774
2021-07-18,Sudan,Africa,218,37177,3,2777
2021-07-25,Sudan,Africa,122,37299,1,2778
2021-08-01,Sudan,Africa,141,37440,2,2780
2021-08-08,Sudan,Africa,75,37515,0,2780
2021-08-15,Sudan,Africa,41,37556,0,2780
2021-08-22,Sudan,Africa,84,37640,4,2784
2021-08-29,Sudan,Africa,68,37708,7,2791
2021-09-05,Sudan,Africa,165,37873,0,2791
2021-09-12,Sudan,Africa,78,37951,38,2829
2021-09-19,Sudan,Africa,90,38041,6,2835
2021-09-26,Sudan,Africa,160,38201,6,2841
2021-10-03,Sudan,Africa,144,38345,35,2876
2021-10-10,Sudan,Africa,482,38827,77,2953
2021-10-17,Sudan,Africa,1012,39839,26,2979
2021-10-24,Sudan,Africa,594,40433,16,2995
2021-10-31,Sudan,Africa,349,40782,48,3043
2021-11-07,Sudan,Africa,219,41001,20,3063
2021-11-14,Sudan,Africa,327,41328,24,3087
2021-11-21,Sudan,Africa,466,41794,16,3103
2021-11-28,Sudan,Africa,1032,42826,38,3141
2021-12-05,Sudan,Africa,1249,44075,59,3200
2021-12-12,Sudan,Africa,916,44991,52,3252
2021-12-19,Sudan,Africa,910,45901,43,3295
2021-12-26,Sudan,Africa,384,46285,3,3298
2022-01-02,Sudan,Africa,905,47190,42,3340
2022-01-09,Sudan,Africa,1416,48606,7,3347
2022-01-16,Sudan,Africa,3724,52330,43,3390
2022-01-23,Sudan,Africa,3499,55829,21,3411
2022-01-30,Sudan,Africa,1803,57632,30,3441
2022-02-06,Sudan,Africa,1660,59292,191,3632
2022-02-13,Sudan,Africa,608,59900,187,3819
2022-02-20,Sudan,Africa,1323,61223,73,3892
2022-02-27,Sudan,Africa,235,61458,16,3908
2022-03-06,Sudan,Africa,167,61625,957,4865
2022-03-13,Sudan,Africa,88,61713,7,4872
2022-03-20,Sudan,Africa,140,61853,26,4898
2022-03-27,Sudan,Africa,76,61929,7,4905
2022-04-03,Sudan,Africa,56,61985,2,4907
2022-04-10,Sudan,Africa,67,62052,21,4928
2022-04-17,Sudan,Africa,27,62079,1,4929
2022-04-24,Sudan,Africa,36,62115,2,4931
2022-05-01,Sudan,Africa,20,62135,2,4933
2022-05-08,Sudan,Africa,26,62161,3,4936
2022-05-15,Sudan,Africa,34,62195,0,4936
2022-05-22,Sudan,Africa,45,62240,5,4941
2022-05-29,Sudan,Africa,81,62321,0,4941
2022-06-05,Sudan,Africa,106,62427,9,4950
2022-06-12,Sudan,Africa,48,62475,0,4950
2022-06-19,Sudan,Africa,58,62533,0,4950
2022-06-26,Sudan,Africa,90,62623,1,4951
2022-07-03,Sudan,Africa,81,62704,1,4952
2022-07-10,Sudan,Africa,109,62813,3,4955
2022-07-17,Sudan,Africa,61,62874,0,4955
2022-07-24,Sudan,Africa,115,62989,2,4957
2022-07-31,Sudan,Africa,85,63074,1,4958
2022-08-07,Sudan,Africa,62,63136,3,4961
2022-08-14,Sudan,Africa,30,63166,0,4961
2022-08-21,Sudan,Africa,51,63217,0,4961
2022-08-28,Sudan,Africa,21,63238,0,4961
2022-09-04,Sudan,Africa,28,63266,0,4961
2022-09-11,Sudan,Africa,13,63279,0,4961
2022-09-18,Sudan,Africa,29,63308,1,4962
2022-09-25,Sudan,Africa,11,63319,0,4962
2022-10-02,Sudan,Africa,20,63339,0,4962
2022-10-09,Sudan,Africa,5,63344,0,4962
2022-10-16,Sudan,Africa,65,63409,1,4963
2022-10-23,Sudan,Africa,37,63446,3,4966
2022-10-30,Sudan,Africa,35,63481,6,4972
2022-11-06,Sudan,Africa,77,63558,6,4978
2022-11-13,Sudan,Africa,37,63595,3,4981
2022-11-20,Sudan,Africa,30,63625,5,4986
2022-11-27,Sudan,Africa,14,63639,5,4991
2022-12-04,Sudan,Africa,16,63655,0,4991
2022-12-11,Sudan,Africa,10,63665,1,4992
2022-12-18,Sudan,Africa,12,63677,0,4992
2022-12-25,Sudan,Africa,13,63690,2,4994
2023-01-01,Sudan,Africa,12,63702,1,4995
2023-01-08,Sudan,Africa,0,63702,0,4995
2023-01-15,Sudan,Africa,15,63717,3,4998
2023-01-22,Sudan,Africa,12,63729,3,5001
2023-01-29,Sudan,Africa,13,63742,0,5001
2023-02-05,Sudan,Africa,17,63759,7,5008
2023-02-12,Sudan,Africa,16,63775,3,5011
2023-02-19,Sudan,Africa,12,63787,0,5011
2023-02-26,Sudan,Africa,22,63809,2,5013
2023-03-05,Sudan,Africa,20,63829,4,5017
2023-03-12,Sudan,Africa,24,63853,6,5023
2023-03-19,Sudan,Africa,46,63899,3,5026
2023-03-26,Sudan,Africa,23,63922,8,5034
2023-04-02,Sudan,Africa,0,63922,0,5034
2023-04-09,Sudan,Africa,0,63922,0,5034
2023-04-16,Sudan,Africa,71,63993,12,5046
2023-04-23,Sudan,Africa,0,63993,0,5046
2023-04-30,Sudan,Africa,0,63993,0,5046
2023-05-07,Sudan,Africa,0,63993,0,5046
2023-05-14,Sudan,Africa,0,63993,0,5046
2023-05-21,Sudan,Africa,0,63993,0,5046
2023-05-28,Sudan,Africa,0,63993,0,5046
2023-06-04,Sudan,Africa,0,63993,0,5046
2023-06-11,Sudan,Africa,0,63993,0,5046
2023-06-18,Sudan,Africa,0,63993,0,5046
2023-06-25,Sudan,Africa,0,63993,0,5046
2023-07-02,Sudan,Africa,0,63993,0,5046
2023-07-09,Sudan,Africa,0,63993,0,5046
2023-07-16,Sudan,Africa,0,63993,0,5046
2023-07-23,Sudan,Africa,0,63993,0,5046
2023-07-30,Sudan,Africa,0,63993,0,5046
2023-08-06,Sudan,Africa,0,63993,0,5046
2023-08-13,Sudan,Africa,0,63993,0,5046
2023-08-20,Sudan,Africa,0,63993,0,5046
2023-08-27,Sudan,Africa,0,63993,0,5046
2023-09-03,Sudan,Africa,0,63993,0,5046
2023-09-10,Sudan,Africa,0,63993,0,5046
2023-09-17,Sudan,Africa,0,63993,0,5046
2023-09-24,Sudan,Africa,0,63993,0,5046
2023-10-01,Sudan,Africa,0,63993,0,5046
2023-10-08,Sudan,Africa,0,63993,0,5046
2023-10-15,Sudan,Africa,0,63993,0,5046
2023-10-22,Sudan,Africa,0,63993,0,5046
2023-10-29,Sudan,Africa,0,63993,0,5046
2023-11-05,Sudan,Africa,0,63993,0,5046
2023-11-12,Sudan,Africa,0,63993,0,5046
2023-11-19,Sudan,Africa,0,63993,0,5046
2023-11-26,Sudan,Africa,0,63993,0,5046
2023-12-03,Sudan,Africa,0,63993,0,5046
2023-12-10,Sudan,Africa,0,63993,0,5046
2023-12-17,Sudan,Africa,0,63993,0,5046
2023-12-24,Sudan,Africa,0,63993,0,5046
2023-12-31,Sudan,Africa,0,63993,0,5046
2024-01-07,Sudan,Africa,0,63993,0,5046
2024-01-14,Sudan,Africa,0,63993,0,5046
2024-01-21,Sudan,Africa,0,63993,0,5046
2024-01-28,Sudan,Africa,0,63993,0,5046
2024-02-04,Sudan,Africa,0,63993,0,5046
2024-02-11,Sudan,Africa,0,63993,0,5046
2024-02-18,Sudan,Africa,0,63993,0,5046
2024-02-25,Sudan,Africa,0,63993,0,5046
2024-03-03,Sudan,Africa,0,63993,0,5046
2024-03-10,Sudan,Africa,0,63993,0,5046
2024-03-17,Sudan,Africa,0,63993,0,5046
2024-03-24,Sudan,Africa,0,63993,0,5046
2024-03-31,Sudan,Africa,0,63993,0,5046
2024-04-07,Sudan,Africa,0,63993,0,5046
2024-04-14,Sudan,Africa,0,63993,0,5046
2024-04-21,Sudan,Africa,0,63993,0,5046
2024-04-28,Sudan,Africa,0,63993,0,5046
2024-05-05,Sudan,Africa,0,63993,0,5046
2024-05-12,Sudan,Africa,0,63993,0,5046
2024-05-19,Sudan,Africa,0,63993,0,5046
2024-05-26,Sudan,Africa,0,63993,0,5046
2024-06-02,Sudan,Africa,0,63993,0,5046
2024-06-09,Sudan,Africa,0,63993,0,5046
2024-06-16,Sudan,Africa,0,63993,0,5046
2024-06-23,Sudan,Africa,0,63993,0,5046
2024-06-30,Sudan,Africa,0,63993,0,5046
2024-07-07,Sudan,Africa,0,63993,0,5046
2024-07-14,Sudan,Africa,0,63993,0,5046
2024-07-21,Sudan,Africa,0,63993,0,5046
2024-07-28,Sudan,Africa,0,63993,0,5046
2024-08-04,Sudan,Africa,0,63993,0,5046
2024-08-11,Sudan,Africa,0,63993,0,5046
2024-08-18,Sudan,Africa,0,63993,0,5046
2024-08-25,Sudan,Africa,0,63993,0,5046
2024-09-01,Sudan,Africa,0,63993,0,5046
2020-01-05,Suriname,South America,0,0,0,0
2020-01-12,Suriname,South America,0,0,0,0
2020-01-19,Suriname,South America,0,0,0,0
2020-01-26,Suriname,South America,0,0,0,0
2020-02-02,Suriname,South America,0,0,0,0
2020-02-09,Suriname,South America,0,0,0,0
2020-02-16,Suriname,South America,0,0,0,0
2020-02-23,Suriname,South America,0,0,0,0
2020-03-01,Suriname,South America,0,0,0,0
2020-03-08,Suriname,South America,0,0,0,0
2020-03-15,Suriname,South America,1,1,0,0
2020-03-22,Suriname,South America,1,2,0,0
2020-03-29,Suriname,South America,6,8,0,0
2020-04-05,Suriname,South America,2,10,0,0
2020-04-12,Suriname,South America,0,10,1,1
2020-04-19,Suriname,South America,0,10,0,1
2020-04-26,Suriname,South America,0,10,0,1
2020-05-03,Suriname,South America,0,10,0,1
2020-05-10,Suriname,South America,0,10,0,1
2020-05-17,Suriname,South America,0,10,0,1
2020-05-24,Suriname,South America,1,11,0,1
2020-05-31,Suriname,South America,1,12,0,1
2020-06-07,Suriname,South America,78,90,0,1
2020-06-14,Suriname,South America,97,187,2,3
2020-06-21,Suriname,South America,106,293,5,8
2020-06-28,Suriname,South America,98,391,2,10
2020-07-05,Suriname,South America,174,565,4,14
2020-07-12,Suriname,South America,164,729,4,18
2020-07-19,Suriname,South America,214,943,1,19
2020-07-26,Suriname,South America,362,1305,4,23
2020-08-02,Suriname,South America,401,1706,3,26
2020-08-09,Suriname,South America,497,2203,3,29
2020-08-16,Suriname,South America,635,2838,12,41
2020-08-23,Suriname,South America,622,3460,15,56
2020-08-30,Suriname,South America,388,3848,10,66
2020-09-06,Suriname,South America,404,4252,9,75
2020-09-13,Suriname,South America,277,4529,18,93
2020-09-20,Suriname,South America,162,4691,3,96
2020-09-27,Suriname,South America,126,4817,6,102
2020-10-04,Suriname,South America,82,4899,3,105
2020-10-11,Suriname,South America,119,5018,1,106
2020-10-18,Suriname,South America,95,5113,3,109
2020-10-25,Suriname,South America,42,5155,0,109
2020-11-01,Suriname,South America,46,5201,2,111
2020-11-08,Suriname,South America,26,5227,1,112
2020-11-15,Suriname,South America,41,5268,2,114
2020-11-22,Suriname,South America,21,5289,2,116
2020-11-29,Suriname,South America,22,5311,1,117
2020-12-06,Suriname,South America,11,5322,0,117
2020-12-13,Suriname,South America,17,5339,0,117
2020-12-20,Suriname,South America,120,5459,0,117
2020-12-27,Suriname,South America,421,5880,2,119
2021-01-03,Suriname,South America,397,6277,4,123
2021-01-10,Suriname,South America,577,6854,8,131
2021-01-17,Suriname,South America,555,7409,8,139
2021-01-24,Suriname,South America,536,7945,9,148
2021-01-31,Suriname,South America,419,8364,6,154
2021-02-07,Suriname,South America,255,8619,4,158
2021-02-14,Suriname,South America,159,8778,8,166
2021-02-21,Suriname,South America,76,8854,2,168
2021-02-28,Suriname,South America,59,8913,2,170
2021-03-07,Suriname,South America,53,8966,5,175
2021-03-14,Suriname,South America,46,9012,1,176
2021-03-21,Suriname,South America,43,9055,0,176
2021-03-28,Suriname,South America,33,9088,1,177
2021-04-04,Suriname,South America,49,9137,0,177
2021-04-11,Suriname,South America,128,9265,1,178
2021-04-18,Suriname,South America,231,9496,9,187
2021-04-25,Suriname,South America,436,9932,6,193
2021-05-02,Suriname,South America,431,10363,11,204
2021-05-09,Suriname,South America,570,10933,10,214
2021-05-16,Suriname,South America,774,11707,9,223
2021-05-23,Suriname,South America,1035,12742,20,243
2021-05-30,Suriname,South America,1563,14305,39,282
2021-06-06,Suriname,South America,1704,16009,50,332
2021-06-13,Suriname,South America,1790,17799,58,390
2021-06-20,Suriname,South America,1777,19576,53,443
2021-06-27,Suriname,South America,1335,20911,51,494
2021-07-04,Suriname,South America,1152,22063,45,539
2021-07-11,Suriname,South America,1106,23169,29,568
2021-07-18,Suriname,South America,886,24055,39,607
2021-07-25,Suriname,South America,634,24689,20,627
2021-08-01,Suriname,South America,598,25287,18,645
2021-08-08,Suriname,South America,566,25853,14,659
2021-08-15,Suriname,South America,580,26433,17,676
2021-08-22,Suriname,South America,777,27210,20,696
2021-08-29,Suriname,South America,1252,28462,13,709
2021-09-05,Suriname,South America,1658,30120,24,733
2021-09-12,Suriname,South America,2644,32764,23,756
2021-09-19,Suriname,South America,3664,36428,40,796
2021-09-26,Suriname,South America,3181,39609,45,841
2021-10-03,Suriname,South America,2258,41867,52,893
2021-10-10,Suriname,South America,2169,44036,60,953
2021-10-17,Suriname,South America,2096,46132,54,1007
2021-10-24,Suriname,South America,1743,47875,47,1054
2021-10-31,Suriname,South America,1024,48899,28,1082
2021-11-07,Suriname,South America,605,49504,30,1112
2021-11-14,Suriname,South America,509,50013,21,1133
2021-11-21,Suriname,South America,397,50410,13,1146
2021-11-28,Suriname,South America,300,50710,16,1162
2021-12-05,Suriname,South America,250,50960,8,1170
2021-12-12,Suriname,South America,207,51167,6,1176
2021-12-19,Suriname,South America,217,51384,4,1180
2021-12-26,Suriname,South America,179,51563,6,1186
2022-01-02,Suriname,South America,883,52446,3,1189
2022-01-09,Suriname,South America,4346,56792,7,1196
2022-01-16,Suriname,South America,5942,62734,12,1208
2022-01-23,Suriname,South America,6541,69275,23,1231
2022-01-30,Suriname,South America,3668,72943,26,1257
2022-02-06,Suriname,South America,2309,75252,17,1274
2022-02-13,Suriname,South America,1624,76876,24,1298
2022-02-20,Suriname,South America,758,77634,11,1309
2022-02-27,Suriname,South America,436,78070,6,1315
2022-03-06,Suriname,South America,384,78454,2,1317
2022-03-13,Suriname,South America,286,78740,3,1320
2022-03-20,Suriname,South America,176,78916,3,1323
2022-03-27,Suriname,South America,217,79133,1,1324
2022-04-03,Suriname,South America,96,79229,1,1325
2022-04-10,Suriname,South America,12,79241,0,1325
2022-04-17,Suriname,South America,35,79276,0,1325
2022-04-24,Suriname,South America,26,79302,2,1327
2022-05-01,Suriname,South America,34,79336,1,1328
2022-05-08,Suriname,South America,57,79393,0,1328
2022-05-15,Suriname,South America,615,80008,9,1337
2022-05-22,Suriname,South America,232,80240,2,1339
2022-05-29,Suriname,South America,176,80416,2,1341
2022-06-05,Suriname,South America,131,80547,9,1350
2022-06-12,Suriname,South America,126,80673,2,1352
2022-06-19,Suriname,South America,93,80766,3,1355
2022-06-26,Suriname,South America,51,80817,4,1359
2022-07-03,Suriname,South America,47,80864,10,1369
2022-07-10,Suriname,South America,26,80890,7,1376
2022-07-17,Suriname,South America,29,80919,1,1377
2022-07-24,Suriname,South America,30,80949,2,1379
2022-07-31,Suriname,South America,17,80966,1,1380
2022-08-07,Suriname,South America,16,80982,0,1380
2022-08-14,Suriname,South America,6,80988,0,1380
2022-08-21,Suriname,South America,19,81007,2,1382
2022-08-28,Suriname,South America,15,81022,1,1383
2022-09-04,Suriname,South America,17,81039,0,1383
2022-09-11,Suriname,South America,18,81057,1,1384
2022-09-18,Suriname,South America,21,81078,0,1384
2022-09-25,Suriname,South America,21,81099,1,1385
2022-10-02,Suriname,South America,7,81106,0,1385
2022-10-09,Suriname,South America,8,81114,0,1385
2022-10-16,Suriname,South America,17,81131,0,1385
2022-10-23,Suriname,South America,27,81158,1,1386
2022-10-30,Suriname,South America,27,81185,4,1390
2022-11-06,Suriname,South America,43,81228,2,1392
2022-11-13,Suriname,South America,0,81228,0,1392
2022-11-20,Suriname,South America,0,81228,0,1392
2022-11-27,Suriname,South America,0,81228,0,1392
2022-12-04,Suriname,South America,353,81581,1,1393
2022-12-11,Suriname,South America,0,81581,0,1393
2022-12-18,Suriname,South America,0,81581,0,1393
2022-12-25,Suriname,South America,0,81581,0,1393
2023-01-01,Suriname,South America,0,81581,0,1393
2023-01-08,Suriname,South America,439,82020,5,1398
2023-01-15,Suriname,South America,0,82020,0,1398
2023-01-22,Suriname,South America,0,82020,0,1398
2023-01-29,Suriname,South America,0,82020,0,1398
2023-02-05,Suriname,South America,207,82227,2,1400
2023-02-12,Suriname,South America,0,82227,0,1400
2023-02-19,Suriname,South America,0,82227,0,1400
2023-02-26,Suriname,South America,0,82227,0,1400
2023-03-05,Suriname,South America,240,82467,4,1404
2023-03-12,Suriname,South America,0,82467,0,1404
2023-03-19,Suriname,South America,0,82467,0,1404
2023-03-26,Suriname,South America,0,82467,0,1404
2023-04-02,Suriname,South America,0,82467,0,1404
2023-04-09,Suriname,South America,28,82495,0,1404
2023-04-16,Suriname,South America,0,82495,0,1404
2023-04-23,Suriname,South America,0,82495,0,1404
2023-04-30,Suriname,South America,0,82495,0,1404
2023-05-07,Suriname,South America,0,82495,0,1404
2023-05-14,Suriname,South America,0,82495,0,1404
2023-05-21,Suriname,South America,0,82495,0,1404
2023-05-28,Suriname,South America,0,82495,0,1404
2023-06-04,Suriname,South America,0,82495,0,1404
2023-06-11,Suriname,South America,0,82495,0,1404
2023-06-18,Suriname,South America,0,82495,0,1404
2023-06-25,Suriname,South America,0,82495,0,1404
2023-07-02,Suriname,South America,0,82495,0,1404
2023-07-09,Suriname,South America,0,82495,0,1404
2023-07-16,Suriname,South America,0,82495,0,1404
2023-07-23,Suriname,South America,0,82495,0,1404
2023-07-30,Suriname,South America,0,82495,0,1404
2023-08-06,Suriname,South America,0,82495,0,1404
2023-08-13,Suriname,South America,0,82495,0,1404
2023-08-20,Suriname,South America,0,82495,0,1404
2023-08-27,Suriname,South America,0,82495,0,1404
2023-09-03,Suriname,South America,0,82495,0,1404
2023-09-10,Suriname,South America,0,82495,0,1404
2023-09-17,Suriname,South America,0,82495,0,1404
2023-09-24,Suriname,South America,0,82495,0,1404
2023-10-01,Suriname,South America,0,82495,0,1404
2023-10-08,Suriname,South America,0,82495,0,1404
2023-10-15,Suriname,South America,0,82495,0,1404
2023-10-22,Suriname,South America,0,82495,0,1404
2023-10-29,Suriname,South America,0,82495,0,1404
2023-11-05,Suriname,South America,0,82495,0,1404
2023-11-12,Suriname,South America,0,82495,0,1404
2023-11-19,Suriname,South America,0,82495,0,1404
2023-11-26,Suriname,South America,0,82495,0,1404
2023-12-03,Suriname,South America,0,82495,0,1404
2023-12-10,Suriname,South America,0,82495,0,1404
2023-12-17,Suriname,South America,0,82495,0,1404
2023-12-24,Suriname,South America,0,82495,0,1404
2023-12-31,Suriname,South America,0,82495,0,1404
2024-01-07,Suriname,South America,0,82495,0,1404
2024-01-14,Suriname,South America,0,82495,0,1404
2024-01-21,Suriname,South America,0,82495,0,1404
2024-01-28,Suriname,South America,0,82495,0,1404
2024-02-04,Suriname,South America,1,82496,1,1405
2024-02-11,Suriname,South America,0,82496,0,1405
2024-02-18,Suriname,South America,0,82496,0,1405
2024-02-25,Suriname,South America,0,82496,0,1405
2024-03-03,Suriname,South America,0,82496,0,1405
2024-03-10,Suriname,South America,0,82496,0,1405
2024-03-17,Suriname,South America,0,82496,0,1405
2024-03-24,Suriname,South America,0,82496,0,1405
2024-03-31,Suriname,South America,0,82496,0,1405
2024-04-07,Suriname,South America,0,82496,0,1405
2024-04-14,Suriname,South America,0,82496,0,1405
2024-04-21,Suriname,South America,0,82496,0,1405
2024-04-28,Suriname,South America,0,82496,0,1405
2024-05-05,Suriname,South America,0,82496,0,1405
2024-05-12,Suriname,South America,0,82496,0,1405
2024-05-19,Suriname,South America,0,82496,0,1405
2024-05-26,Suriname,South America,1,82497,1,1406
2024-06-02,Suriname,South America,0,82497,0,1406
2024-06-09,Suriname,South America,0,82497,0,1406
2024-06-16,Suriname,South America,1,82498,0,1406
2024-06-23,Suriname,South America,2,82500,0,1406
2024-06-30,Suriname,South America,0,82500,0,1406
2024-07-07,Suriname,South America,0,82500,0,1406
2024-07-14,Suriname,South America,1,82501,0,1406
2024-07-21,Suriname,South America,0,82501,0,1406
2024-07-28,Suriname,South America,0,82501,0,1406
2024-08-04,Suriname,South America,0,82501,0,1406
2024-08-11,Suriname,South America,0,82501,0,1406
2024-08-18,Suriname,South America,0,82501,0,1406
2024-08-25,Suriname,South America,0,82501,0,1406
2024-09-01,Suriname,South America,0,82501,0,1406
2020-01-05,Sweden,Europe,0,0,0,0
2020-01-12,Sweden,Europe,0,0,0,0
2020-01-19,Sweden,Europe,0,0,0,0
2020-01-26,Sweden,Europe,0,0,0,0
2020-02-02,Sweden,Europe,0,0,0,0
2020-02-09,Sweden,Europe,1,1,0,0
2020-02-16,Sweden,Europe,0,1,0,0
2020-02-23,Sweden,Europe,0,1,0,0
2020-03-01,Sweden,Europe,13,14,0,0
2020-03-08,Sweden,Europe,165,179,0,0
2020-03-15,Sweden,Europe,815,994,3,3
2020-03-22,Sweden,Europe,875,1869,35,38
2020-03-29,Sweden,Europe,1795,3664,163,201
2020-04-05,Sweden,Europe,3169,6833,404,605
2020-04-12,Sweden,Europe,3616,10449,652,1257
2020-04-19,Sweden,Europe,3828,14277,667,1924
2020-04-26,Sweden,Europe,4291,18568,559,2483
2020-05-03,Sweden,Europe,3871,22439,542,3025
2020-05-10,Sweden,Europe,4135,26574,511,3536
2020-05-17,Sweden,Europe,3889,30463,401,3937
2020-05-24,Sweden,Europe,3708,34171,368,4305
2020-05-31,Sweden,Europe,4225,38396,270,4575
2020-06-07,Sweden,Europe,5824,44220,259,4834
2020-06-14,Sweden,Europe,7167,51387,240,5074
2020-06-21,Sweden,Europe,7170,58557,205,5279
2020-06-28,Sweden,Europe,7361,65918,137,5416
2020-07-05,Sweden,Europe,4379,70297,112,5528
2020-07-12,Sweden,Europe,2388,72685,85,5613
2020-07-19,Sweden,Europe,1618,74303,58,5671
2020-07-26,Sweden,Europe,1384,75687,35,5706
2020-08-02,Sweden,Europe,1560,77247,17,5723
2020-08-09,Sweden,Europe,1979,79226,17,5740
2020-08-16,Sweden,Europe,2062,81288,20,5760
2020-08-23,Sweden,Europe,1693,82981,16,5776
2020-08-30,Sweden,Europe,1209,84190,10,5786
2020-09-06,Sweden,Europe,1313,85503,12,5798
2020-09-13,Sweden,Europe,1553,87056,14,5812
2020-09-20,Sweden,Europe,2053,89109,10,5822
2020-09-27,Sweden,Europe,2885,91994,14,5836
2020-10-04,Sweden,Europe,3653,95647,15,5851
2020-10-11,Sweden,Europe,4273,99920,23,5874
2020-10-18,Sweden,Europe,5460,105380,17,5891
2020-10-25,Sweden,Europe,8962,114342,36,5927
2020-11-01,Sweden,Europe,17691,132033,68,5995
2020-11-08,Sweden,Europe,24605,156638,157,6152
2020-11-15,Sweden,Europe,31835,188473,218,6370
2020-11-22,Sweden,Europe,31103,219576,312,6682
2020-11-29,Sweden,Europe,35229,254805,426,7108
2020-12-06,Sweden,Europe,37787,292592,445,7553
2020-12-13,Sweden,Europe,42377,334969,510,8063
2020-12-20,Sweden,Europe,45482,380451,622,8685
2020-12-27,Sweden,Europe,37678,418129,638,9323
2021-01-03,Sweden,Europe,41777,459906,679,10002
2021-01-10,Sweden,Europe,39883,499789,635,10637
2021-01-17,Sweden,Europe,30002,529791,629,11266
2021-01-24,Sweden,Europe,23325,553116,523,11789
2021-01-31,Sweden,Europe,20638,573754,401,12190
2021-02-07,Sweden,Europe,19755,593509,279,12469
2021-02-14,Sweden,Europe,21083,614592,206,12675
2021-02-21,Sweden,Europe,23225,637817,179,12854
2021-02-28,Sweden,Europe,27037,664854,142,12996
2021-03-07,Sweden,Europe,27531,692385,137,13133
2021-03-14,Sweden,Europe,28966,721351,136,13269
2021-03-21,Sweden,Europe,32493,753844,131,13400
2021-03-28,Sweden,Europe,37479,791323,127,13527
2021-04-04,Sweden,Europe,38914,830237,145,13672
2021-04-11,Sweden,Europe,40200,870437,130,13802
2021-04-18,Sweden,Europe,40911,911348,142,13944
2021-04-25,Sweden,Europe,36788,948136,127,14071
2021-05-02,Sweden,Europe,35344,983480,123,14194
2021-05-09,Sweden,Europe,33738,1017218,103,14297
2021-05-16,Sweden,Europe,26165,1043383,114,14411
2021-05-23,Sweden,Europe,18960,1062343,72,14483
2021-05-30,Sweden,Europe,6645,1068988,50,14533
2021-06-06,Sweden,Europe,10821,1079809,44,14577
2021-06-13,Sweden,Europe,4459,1084268,25,14602
2021-06-20,Sweden,Europe,3006,1087274,14,14616
2021-06-27,Sweden,Europe,1976,1089250,12,14628
2021-07-04,Sweden,Europe,1877,1091127,8,14636
2021-07-11,Sweden,Europe,1516,1092643,2,14638
2021-07-18,Sweden,Europe,1877,1094520,3,14641
2021-07-25,Sweden,Europe,2665,1097185,3,14644
2021-08-01,Sweden,Europe,3462,1100647,4,14648
2021-08-08,Sweden,Europe,4609,1105256,5,14653
2021-08-15,Sweden,Europe,5812,1111068,8,14661
2021-08-22,Sweden,Europe,6471,1117539,10,14671
2021-08-29,Sweden,Europe,6686,1124225,17,14688
2021-09-05,Sweden,Europe,7235,1131460,24,14712
2021-09-12,Sweden,Europe,7984,1139444,47,14759
2021-09-19,Sweden,Europe,6268,1145712,54,14813
2021-09-26,Sweden,Europe,4304,1150016,44,14857
2021-10-03,Sweden,Europe,4244,1154260,36,14893
2021-10-10,Sweden,Europe,4132,1158392,53,14946
2021-10-17,Sweden,Europe,4083,1162475,32,14978
2021-10-24,Sweden,Europe,4884,1167359,27,15005
2021-10-31,Sweden,Europe,5933,1173292,27,15032
2021-11-07,Sweden,Europe,5088,1178380,34,15066
2021-11-14,Sweden,Europe,5792,1184172,31,15097
2021-11-21,Sweden,Europe,6931,1191103,30,15127
2021-11-28,Sweden,Europe,11523,1202626,16,15143
2021-12-05,Sweden,Europe,13760,1216386,25,15168
2021-12-12,Sweden,Europe,18112,1234498,41,15209
2021-12-19,Sweden,Europe,23958,1258456,46,15255
2021-12-26,Sweden,Europe,28152,1286608,47,15302
2022-01-02,Sweden,Europe,55443,1342051,63,15365
2022-01-09,Sweden,Europe,114584,1456635,126,15491
2022-01-16,Sweden,Europe,159272,1615907,153,15644
2022-01-23,Sweden,Europe,247473,1863380,247,15891
2022-01-30,Sweden,Europe,281038,2144418,296,16187
2022-02-06,Sweden,Europe,190729,2335147,351,16538
2022-02-13,Sweden,Europe,71262,2406409,331,16869
2022-02-20,Sweden,Europe,22263,2428672,373,17242
2022-02-27,Sweden,Europe,17695,2446367,322,17564
2022-03-06,Sweden,Europe,13503,2459870,271,17835
2022-03-13,Sweden,Europe,10035,2469905,207,18042
2022-03-20,Sweden,Europe,8568,2478473,208,18250
2022-03-27,Sweden,Europe,7138,2485611,164,18414
2022-04-03,Sweden,Europe,5017,2490628,118,18532
2022-04-10,Sweden,Europe,4089,2494717,121,18653
2022-04-17,Sweden,Europe,3147,2497864,77,18730
2022-04-24,Sweden,Europe,2568,2500432,75,18805
2022-05-01,Sweden,Europe,2302,2502734,51,18856
2022-05-08,Sweden,Europe,1972,2504706,50,18906
2022-05-15,Sweden,Europe,1643,2506349,42,18948
2022-05-22,Sweden,Europe,1830,2508179,46,18994
2022-05-29,Sweden,Europe,1324,2509503,27,19021
2022-06-05,Sweden,Europe,1256,2510759,26,19047
2022-06-12,Sweden,Europe,1865,2512624,21,19068
2022-06-19,Sweden,Europe,2103,2514727,29,19097
2022-06-26,Sweden,Europe,3091,2517818,32,19129
2022-07-03,Sweden,Europe,4074,2521892,38,19167
2022-07-10,Sweden,Europe,4171,2526063,61,19228
2022-07-17,Sweden,Europe,5417,2531480,59,19287
2022-07-24,Sweden,Europe,5974,2537454,110,19397
2022-07-31,Sweden,Europe,5709,2543163,96,19493
2022-08-07,Sweden,Europe,6223,2549386,113,19606
2022-08-14,Sweden,Europe,6644,2556030,115,19721
2022-08-21,Sweden,Europe,6640,2562670,135,19856
2022-08-28,Sweden,Europe,5067,2567737,93,19949
2022-09-04,Sweden,Europe,4770,2572507,98,20047
2022-09-11,Sweden,Europe,5077,2577584,82,20129
2022-09-18,Sweden,Europe,5055,2582639,95,20224
2022-09-25,Sweden,Europe,4963,2587602,96,20320
2022-10-02,Sweden,Europe,13579,2601181,97,20417
2022-10-09,Sweden,Europe,3965,2605146,98,20515
2022-10-16,Sweden,Europe,3427,2608573,91,20606
2022-10-23,Sweden,Europe,3297,2611870,91,20697
2022-10-30,Sweden,Europe,3482,2615352,89,20786
2022-11-06,Sweden,Europe,3412,2618764,69,20855
2022-11-13,Sweden,Europe,3759,2622523,94,20949
2022-11-20,Sweden,Europe,3632,2626155,87,21036
2022-11-27,Sweden,Europe,4231,2630386,93,21129
2022-12-04,Sweden,Europe,6562,2636948,108,21237
2022-12-11,Sweden,Europe,9637,2646585,158,21395
2022-12-18,Sweden,Europe,12616,2659201,247,21642
2022-12-25,Sweden,Europe,12680,2671881,361,22003
2023-01-01,Sweden,Europe,9197,2681078,370,22373
2023-01-08,Sweden,Europe,5953,2687031,403,22776
2023-01-15,Sweden,Europe,3815,2690846,302,23078
2023-01-22,Sweden,Europe,2002,2692848,230,23308
2023-01-29,Sweden,Europe,1411,2694259,145,23453
2023-02-05,Sweden,Europe,1339,2695598,97,23550
2023-02-12,Sweden,Europe,1066,2696664,70,23620
2023-02-19,Sweden,Europe,823,2697487,50,23670
2023-02-26,Sweden,Europe,642,2698129,38,23708
2023-03-05,Sweden,Europe,710,2698839,51,23759
2023-03-12,Sweden,Europe,858,2699697,29,23788
2023-03-19,Sweden,Europe,878,2700575,33,23821
2023-03-26,Sweden,Europe,64,2700639,4,23825
2023-04-02,Sweden,Europe,1048,2701687,54,23879
2023-04-09,Sweden,Europe,1016,2702703,47,23926
2023-04-16,Sweden,Europe,1048,2703751,51,23977
2023-04-23,Sweden,Europe,1197,2704948,55,24032
2023-04-30,Sweden,Europe,1171,2706119,70,24102
2023-05-07,Sweden,Europe,1050,2707169,79,24181
2023-05-14,Sweden,Europe,948,2708117,74,24255
2023-05-21,Sweden,Europe,922,2709039,66,24321
2023-05-28,Sweden,Europe,776,2709815,62,24383
2023-06-04,Sweden,Europe,613,2710428,48,24431
2023-06-11,Sweden,Europe,518,2710946,37,24468
2023-06-18,Sweden,Europe,480,2711426,44,24512
2023-06-25,Sweden,Europe,437,2711863,29,24541
2023-07-02,Sweden,Europe,290,2712153,24,24565
2023-07-09,Sweden,Europe,266,2712419,23,24588
2023-07-16,Sweden,Europe,211,2712630,28,24616
2023-07-23,Sweden,Europe,156,2712786,12,24628
2023-07-30,Sweden,Europe,173,2712959,21,24649
2023-08-06,Sweden,Europe,225,2713184,14,24663
2023-08-13,Sweden,Europe,233,2713417,7,24670
2023-08-20,Sweden,Europe,257,2713674,12,24682
2023-08-27,Sweden,Europe,408,2714082,22,24704
2023-09-03,Sweden,Europe,496,2714578,19,24723
2023-09-10,Sweden,Europe,569,2715147,20,24743
2023-09-17,Sweden,Europe,664,2715811,28,24771
2023-09-24,Sweden,Europe,656,2716467,41,24812
2023-10-01,Sweden,Europe,676,2717143,25,24837
2023-10-08,Sweden,Europe,595,2717738,38,24875
2023-10-15,Sweden,Europe,698,2718436,34,24909
2023-10-22,Sweden,Europe,964,2719400,51,24960
2023-10-29,Sweden,Europe,1286,2720686,52,25012
2023-11-05,Sweden,Europe,2730,2723416,105,25117
2023-11-12,Sweden,Europe,3523,2726939,169,25286
2023-11-19,Sweden,Europe,3344,2730283,193,25479
2023-11-26,Sweden,Europe,3280,2733563,216,25695
2023-12-03,Sweden,Europe,2592,2736155,244,25939
2023-12-10,Sweden,Europe,3292,2739447,197,26136
2023-12-17,Sweden,Europe,2936,2742383,201,26337
2023-12-24,Sweden,Europe,2370,2744753,179,26516
2023-12-31,Sweden,Europe,1864,2746617,170,26686
2024-01-07,Sweden,Europe,1284,2747901,115,26801
2024-01-14,Sweden,Europe,881,2748782,130,26931
2024-01-21,Sweden,Europe,583,2749365,79,27010
2024-01-28,Sweden,Europe,428,2749793,55,27065
2024-02-04,Sweden,Europe,349,2750142,51,27116
2024-02-11,Sweden,Europe,288,2750430,35,27151
2024-02-18,Sweden,Europe,229,2750659,28,27179
2024-02-25,Sweden,Europe,208,2750867,27,27206
2024-03-03,Sweden,Europe,168,2751035,18,27224
2024-03-10,Sweden,Europe,113,2751148,7,27231
2024-03-17,Sweden,Europe,116,2751264,14,27245
2024-03-24,Sweden,Europe,96,2751360,9,27254
2024-03-31,Sweden,Europe,80,2751440,3,27257
2024-04-07,Sweden,Europe,72,2751512,8,27265
2024-04-14,Sweden,Europe,60,2751572,4,27269
2024-04-21,Sweden,Europe,82,2751654,3,27272
2024-04-28,Sweden,Europe,78,2751732,1,27273
2024-05-05,Sweden,Europe,99,2751831,6,27279
2024-05-12,Sweden,Europe,105,2751936,8,27287
2024-05-19,Sweden,Europe,107,2752043,7,27294
2024-05-26,Sweden,Europe,126,2752169,7,27301
2024-06-02,Sweden,Europe,97,2752266,6,27307
2024-06-09,Sweden,Europe,117,2752383,3,27310
2024-06-16,Sweden,Europe,124,2752507,4,27314
2024-06-23,Sweden,Europe,192,2752699,6,27320
2024-06-30,Sweden,Europe,295,2752994,14,27334
2024-07-07,Sweden,Europe,260,2753254,5,27339
2024-07-14,Sweden,Europe,315,2753569,0,27339
2024-07-21,Sweden,Europe,412,2753981,0,27339
2024-07-28,Sweden,Europe,570,2754551,33,27372
2024-08-04,Sweden,Europe,630,2755181,29,27401
2024-08-11,Sweden,Europe,814,2755995,34,27435
2024-08-18,Sweden,Europe,926,2756921,42,27477
2024-08-25,Sweden,Europe,912,2757833,50,27527
2024-09-01,Sweden,Europe,923,2758756,47,27574
2020-01-05,Switzerland,Europe,0,0,0,0
2020-01-12,Switzerland,Europe,0,0,0,0
2020-01-19,Switzerland,Europe,0,0,0,0
2020-01-26,Switzerland,Europe,0,0,0,0
2020-02-02,Switzerland,Europe,0,0,0,0
2020-02-09,Switzerland,Europe,0,0,0,0
2020-02-16,Switzerland,Europe,0,0,0,0
2020-02-23,Switzerland,Europe,0,0,0,0
2020-03-01,Switzerland,Europe,45,45,0,0
2020-03-08,Switzerland,Europe,320,365,2,2
2020-03-15,Switzerland,Europe,2008,2373,18,20
2020-03-22,Switzerland,Europe,6337,8710,89,109
2020-03-29,Switzerland,Europe,7460,16170,226,335
2020-04-05,Switzerland,Europe,6175,22345,379,714
2020-04-12,Switzerland,Europe,3662,26007,358,1072
2020-04-19,Switzerland,Europe,1970,27977,256,1328
2020-04-26,Switzerland,Europe,1192,29169,203,1531
2020-05-03,Switzerland,Europe,739,29908,95,1626
2020-05-10,Switzerland,Europe,407,30315,55,1681
2020-05-17,Switzerland,Europe,234,30549,20,1701
2020-05-24,Switzerland,Europe,155,30704,19,1720
2020-05-31,Switzerland,Europe,129,30833,4,1724
2020-06-07,Switzerland,Europe,97,30930,1,1725
2020-06-14,Switzerland,Europe,136,31066,4,1729
2020-06-21,Switzerland,Europe,170,31236,1,1730
2020-06-28,Switzerland,Europe,348,31584,2,1732
2020-07-05,Switzerland,Europe,670,32254,2,1734
2020-07-12,Switzerland,Europe,625,32879,3,1737
2020-07-19,Switzerland,Europe,720,33599,4,1741
2020-07-26,Switzerland,Europe,809,34408,5,1746
2020-08-02,Switzerland,Europe,1132,35540,5,1751
2020-08-09,Switzerland,Europe,1080,36620,5,1756
2020-08-16,Switzerland,Europe,1537,38157,5,1761
2020-08-23,Switzerland,Europe,1856,40013,3,1764
2020-08-30,Switzerland,Europe,2084,42097,5,1769
2020-09-06,Switzerland,Europe,2432,44529,11,1780
2020-09-13,Switzerland,Europe,2792,47321,20,1800
2020-09-20,Switzerland,Europe,2943,50264,16,1816
2020-09-27,Switzerland,Europe,2301,52565,12,1828
2020-10-04,Switzerland,Europe,3269,55834,11,1839
2020-10-11,Switzerland,Europe,8254,64088,16,1855
2020-10-18,Switzerland,Europe,18508,82596,45,1900
2020-10-25,Switzerland,Europe,38252,120848,131,2031
2020-11-01,Switzerland,Europe,55405,176253,288,2319
2020-11-08,Switzerland,Europe,51842,228095,531,2850
2020-11-15,Switzerland,Europe,40254,268349,635,3485
2020-11-22,Switzerland,Europe,30555,298904,635,4120
2020-11-29,Switzerland,Europe,26358,325262,621,4741
2020-12-06,Switzerland,Europe,27029,352291,619,5360
2020-12-13,Switzerland,Europe,29853,382144,592,5952
2020-12-20,Switzerland,Europe,29390,411534,630,6582
2020-12-27,Switzerland,Europe,23785,435319,600,7182
2021-01-03,Switzerland,Europe,23289,458608,574,7756
2021-01-10,Switzerland,Europe,22962,481570,428,8184
2021-01-17,Switzerland,Europe,15599,497169,397,8581
2021-01-24,Switzerland,Europe,13648,510817,320,8901
2021-01-31,Switzerland,Europe,11504,522321,264,9165
2021-02-07,Switzerland,Europe,10127,532448,173,9338
2021-02-14,Switzerland,Europe,8052,540500,126,9464
2021-02-21,Switzerland,Europe,6936,547436,97,9561
2021-02-28,Switzerland,Europe,7191,554627,67,9628
2021-03-07,Switzerland,Europe,7546,562173,62,9690
2021-03-14,Switzerland,Europe,8662,570835,75,9765
2021-03-21,Switzerland,Europe,10409,581244,64,9829
2021-03-28,Switzerland,Europe,12324,593568,58,9887
2021-04-04,Switzerland,Europe,12258,605826,70,9957
2021-04-11,Switzerland,Europe,13977,619803,66,10023
2021-04-18,Switzerland,Europe,14210,634013,46,10069
2021-04-25,Switzerland,Europe,14377,648390,52,10121
2021-05-02,Switzerland,Europe,12223,660613,70,10191
2021-05-09,Switzerland,Europe,10350,670963,44,10235
2021-05-16,Switzerland,Europe,7965,678928,26,10261
2021-05-23,Switzerland,Europe,7527,686455,37,10298
2021-05-30,Switzerland,Europe,5222,691677,24,10322
2021-06-06,Switzerland,Europe,3686,695363,18,10340
2021-06-13,Switzerland,Europe,2379,697742,20,10360
2021-06-20,Switzerland,Europe,1281,699023,13,10373
2021-06-27,Switzerland,Europe,763,699786,6,10379
2021-07-04,Switzerland,Europe,946,700732,5,10384
2021-07-11,Switzerland,Europe,1956,702688,2,10386
2021-07-18,Switzerland,Europe,3633,706321,3,10389
2021-07-25,Switzerland,Europe,4868,711189,4,10393
2021-08-01,Switzerland,Europe,5197,716386,11,10404
2021-08-08,Switzerland,Europe,7148,723534,3,10407
2021-08-15,Switzerland,Europe,13498,737032,14,10421
2021-08-22,Switzerland,Europe,17970,755002,24,10445
2021-08-29,Switzerland,Europe,18132,773134,40,10485
2021-09-05,Switzerland,Europe,18749,791883,49,10534
2021-09-12,Switzerland,Europe,18440,810323,54,10588
2021-09-19,Switzerland,Europe,13124,823447,46,10634
2021-09-26,Switzerland,Europe,9423,832870,41,10675
2021-10-03,Switzerland,Europe,7781,840651,39,10714
2021-10-10,Switzerland,Europe,6363,847014,30,10744
2021-10-17,Switzerland,Europe,6222,853236,32,10776
2021-10-24,Switzerland,Europe,8649,861885,33,10809
2021-10-31,Switzerland,Europe,11183,873068,44,10853
2021-11-07,Switzerland,Europe,16769,889837,29,10882
2021-11-14,Switzerland,Europe,24253,914090,63,10945
2021-11-21,Switzerland,Europe,36490,950580,75,11020
2021-11-28,Switzerland,Europe,50255,1000835,108,11128
2021-12-05,Switzerland,Europe,62367,1063202,168,11296
2021-12-12,Switzerland,Europe,64851,1128053,185,11481
2021-12-19,Switzerland,Europe,60637,1188690,195,11676
2021-12-26,Switzerland,Europe,64940,1253630,152,11828
2022-01-02,Switzerland,Europe,106733,1360363,135,11963
2022-01-09,Switzerland,Europe,180267,1540630,104,12067
2022-01-16,Switzerland,Europe,183977,1724607,96,12163
2022-01-23,Switzerland,Europe,233883,1958490,115,12278
2022-01-30,Switzerland,Europe,248789,2207279,93,12371
2022-02-06,Switzerland,Europe,205272,2412551,105,12476
2022-02-13,Switzerland,Europe,154937,2567488,106,12582
2022-02-20,Switzerland,Europe,112509,2679997,72,12654
2022-02-27,Switzerland,Europe,103924,2783921,83,12737
2022-03-06,Switzerland,Europe,146239,2930160,58,12795
2022-03-13,Switzerland,Europe,188362,3118522,64,12859
2022-03-20,Switzerland,Europe,186746,3305268,96,12955
2022-03-27,Switzerland,Europe,126868,3432136,89,13044
2022-04-03,Switzerland,Europe,70767,3502903,59,13103
2022-04-10,Switzerland,Europe,41402,3544305,54,13157
2022-04-17,Switzerland,Europe,31721,3576026,37,13194
2022-04-24,Switzerland,Europe,22683,3598709,32,13226
2022-05-01,Switzerland,Europe,17277,3615986,14,13240
2022-05-08,Switzerland,Europe,13324,3629310,20,13260
2022-05-15,Switzerland,Europe,11335,3640645,12,13272
2022-05-22,Switzerland,Europe,8659,3649304,12,13284
2022-05-29,Switzerland,Europe,6620,3655924,5,13289
2022-06-05,Switzerland,Europe,9943,3665867,8,13297
2022-06-12,Switzerland,Europe,14545,3680412,5,13302
2022-06-19,Switzerland,Europe,23006,3703418,8,13310
2022-06-26,Switzerland,Europe,30968,3734386,16,13326
2022-07-03,Switzerland,Europe,43611,3777997,17,13343
2022-07-10,Switzerland,Europe,55105,3833102,36,13379
2022-07-17,Switzerland,Europe,51484,3884586,32,13411
2022-07-24,Switzerland,Europe,40113,3924699,33,13444
2022-07-31,Switzerland,Europe,27191,3951890,41,13485
2022-08-07,Switzerland,Europe,20033,3971923,26,13511
2022-08-14,Switzerland,Europe,19141,3991064,19,13530
2022-08-21,Switzerland,Europe,16800,4007864,16,13546
2022-08-28,Switzerland,Europe,15322,4023186,12,13558
2022-09-04,Switzerland,Europe,14883,4038069,9,13567
2022-09-11,Switzerland,Europe,13697,4051766,9,13576
2022-09-18,Switzerland,Europe,13919,4065685,7,13583
2022-09-25,Switzerland,Europe,15166,4080851,12,13595
2022-10-02,Switzerland,Europe,23043,4103894,15,13610
2022-10-09,Switzerland,Europe,33930,4137824,15,13625
2022-10-16,Switzerland,Europe,37233,4175057,23,13648
2022-10-23,Switzerland,Europe,31654,4206711,31,13679
2022-10-30,Switzerland,Europe,24730,4231441,27,13706
2022-11-06,Switzerland,Europe,21366,4252807,22,13728
2022-11-13,Switzerland,Europe,20553,4273360,12,13740
2022-11-20,Switzerland,Europe,21343,4294703,21,13761
2022-11-27,Switzerland,Europe,19531,4314234,20,13781
2022-12-04,Switzerland,Europe,18634,4332868,19,13800
2022-12-11,Switzerland,Europe,16715,4349583,24,13824
2022-12-18,Switzerland,Europe,13777,4363360,26,13850
2022-12-25,Switzerland,Europe,11725,4375085,15,13865
2023-01-01,Switzerland,Europe,5948,4381033,19,13884
2023-01-08,Switzerland,Europe,2275,4383308,23,13907
2023-01-15,Switzerland,Europe,1366,4384674,14,13921
2023-01-22,Switzerland,Europe,117,4384791,2,13923
2023-01-29,Switzerland,Europe,926,4385717,8,13931
2023-02-05,Switzerland,Europe,847,4386564,7,13938
2023-02-12,Switzerland,Europe,912,4387476,5,13943
2023-02-19,Switzerland,Europe,971,4388447,4,13947
2023-02-26,Switzerland,Europe,1218,4389665,6,13953
2023-03-05,Switzerland,Europe,1361,4391026,3,13956
2023-03-12,Switzerland,Europe,1491,4392517,6,13962
2023-03-19,Switzerland,Europe,1797,4394314,6,13968
2023-03-26,Switzerland,Europe,1785,4396099,10,13978
2023-04-02,Switzerland,Europe,1585,4397684,9,13987
2023-04-09,Switzerland,Europe,1435,4399119,8,13995
2023-04-16,Switzerland,Europe,1180,4400299,3,13998
2023-04-23,Switzerland,Europe,1114,4401413,6,14004
2023-04-30,Switzerland,Europe,1062,4402475,6,14010
2023-05-07,Switzerland,Europe,1016,4403491,5,14015
2023-05-14,Switzerland,Europe,851,4404342,12,14027
2023-05-21,Switzerland,Europe,584,4404926,4,14031
2023-05-28,Switzerland,Europe,512,4405438,2,14033
2023-06-04,Switzerland,Europe,511,4405949,2,14035
2023-06-11,Switzerland,Europe,379,4406328,2,14037
2023-06-18,Switzerland,Europe,282,4406610,1,14038
2023-06-25,Switzerland,Europe,204,4406814,1,14039
2023-07-02,Switzerland,Europe,181,4406995,0,14039
2023-07-09,Switzerland,Europe,118,4407113,1,14040
2023-07-16,Switzerland,Europe,134,4407247,0,14040
2023-07-23,Switzerland,Europe,150,4407397,1,14041
2023-07-30,Switzerland,Europe,175,4407572,1,14042
2023-08-06,Switzerland,Europe,213,4407785,2,14044
2023-08-13,Switzerland,Europe,261,4408046,3,14047
2023-08-20,Switzerland,Europe,446,4408492,0,14047
2023-08-27,Switzerland,Europe,625,4409117,2,14049
2023-09-03,Switzerland,Europe,660,4409777,3,14052
2023-09-10,Switzerland,Europe,724,4410501,1,14053
2023-09-17,Switzerland,Europe,1133,4411634,4,14057
2023-09-24,Switzerland,Europe,942,4412576,2,14059
2023-10-01,Switzerland,Europe,888,4413464,4,14063
2023-10-08,Switzerland,Europe,1007,4414471,4,14067
2023-10-15,Switzerland,Europe,1214,4415685,5,14072
2023-10-22,Switzerland,Europe,1457,4417142,6,14078
2023-10-29,Switzerland,Europe,1612,4418754,4,14082
2023-11-05,Switzerland,Europe,2183,4420937,3,14085
2023-11-12,Switzerland,Europe,2904,4423841,7,14092
2023-11-19,Switzerland,Europe,3552,4427393,15,14107
2023-11-26,Switzerland,Europe,3469,4430862,14,14121
2023-12-03,Switzerland,Europe,3657,4434519,14,14135
2023-12-10,Switzerland,Europe,3715,4438234,14,14149
2023-12-17,Switzerland,Europe,3628,4441862,12,14161
2023-12-24,Switzerland,Europe,3016,4444878,8,14169
2023-12-31,Switzerland,Europe,2063,4446941,1,14170
2024-01-07,Switzerland,Europe,1500,4448441,0,14170
2024-01-14,Switzerland,Europe,1106,4449547,0,14170
2024-01-21,Switzerland,Europe,816,4450363,0,14170
2024-01-28,Switzerland,Europe,607,4450970,0,14170
2024-02-04,Switzerland,Europe,483,4451453,0,14170
2024-02-11,Switzerland,Europe,403,4451856,0,14170
2024-02-18,Switzerland,Europe,303,4452159,0,14170
2024-02-25,Switzerland,Europe,240,4452399,0,14170
2024-03-03,Switzerland,Europe,223,4452622,0,14170
2024-03-10,Switzerland,Europe,151,4452773,0,14170
2024-03-17,Switzerland,Europe,160,4452933,0,14170
2024-03-24,Switzerland,Europe,136,4453069,0,14170
2024-03-31,Switzerland,Europe,125,4453194,0,14170
2024-04-07,Switzerland,Europe,102,4453296,0,14170
2024-04-14,Switzerland,Europe,91,4453387,0,14170
2024-04-21,Switzerland,Europe,81,4453468,0,14170
2024-04-28,Switzerland,Europe,93,4453561,0,14170
2024-05-05,Switzerland,Europe,109,4453670,0,14170
2024-05-12,Switzerland,Europe,128,4453798,0,14170
2024-05-19,Switzerland,Europe,161,4453959,0,14170
2024-05-26,Switzerland,Europe,151,4454110,0,14170
2024-06-02,Switzerland,Europe,177,4454287,0,14170
2024-06-09,Switzerland,Europe,221,4454508,0,14170
2024-06-16,Switzerland,Europe,250,4454758,0,14170
2024-06-23,Switzerland,Europe,346,4455104,0,14170
2024-06-30,Switzerland,Europe,348,4455452,0,14170
2024-07-07,Switzerland,Europe,404,4455856,0,14170
2024-07-14,Switzerland,Europe,501,4456357,0,14170
2024-07-21,Switzerland,Europe,551,4456908,0,14170
2024-07-28,Switzerland,Europe,540,4457448,0,14170
2024-08-04,Switzerland,Europe,430,4457878,0,14170
2024-08-11,Switzerland,Europe,469,4458347,0,14170
2024-08-18,Switzerland,Europe,517,4458864,0,14170
2024-08-25,Switzerland,Europe,568,4459432,0,14170
2024-09-01,Switzerland,Europe,661,4460093,0,14170
2020-01-05,Syrian Arab Republic,Asia,0,0,0,0
2020-01-12,Syrian Arab Republic,Asia,0,0,0,0
2020-01-19,Syrian Arab Republic,Asia,0,0,0,0
2020-01-26,Syrian Arab Republic,Asia,0,0,0,0
2020-02-02,Syrian Arab Republic,Asia,0,0,0,0
2020-02-09,Syrian Arab Republic,Asia,0,0,0,0
2020-02-16,Syrian Arab Republic,Asia,0,0,0,0
2020-02-23,Syrian Arab Republic,Asia,0,0,0,0
2020-03-01,Syrian Arab Republic,Asia,0,0,0,0
2020-03-08,Syrian Arab Republic,Asia,0,0,0,0
2020-03-15,Syrian Arab Republic,Asia,0,0,0,0
2020-03-22,Syrian Arab Republic,Asia,0,0,0,0
2020-03-29,Syrian Arab Republic,Asia,5,5,0,0
2020-04-05,Syrian Arab Republic,Asia,11,16,2,2
2020-04-12,Syrian Arab Republic,Asia,9,25,0,2
2020-04-19,Syrian Arab Republic,Asia,13,38,0,2
2020-04-26,Syrian Arab Republic,Asia,4,42,1,3
2020-05-03,Syrian Arab Republic,Asia,2,44,0,3
2020-05-10,Syrian Arab Republic,Asia,3,47,0,3
2020-05-17,Syrian Arab Republic,Asia,4,51,0,3
2020-05-24,Syrian Arab Republic,Asia,19,70,1,4
2020-05-31,Syrian Arab Republic,Asia,52,122,0,4
2020-06-07,Syrian Arab Republic,Asia,3,125,2,6
2020-06-14,Syrian Arab Republic,Asia,45,170,0,6
2020-06-21,Syrian Arab Republic,Asia,28,198,1,7
2020-06-28,Syrian Arab Republic,Asia,58,256,2,9
2020-07-05,Syrian Arab Republic,Asia,82,338,1,10
2020-07-12,Syrian Arab Republic,Asia,56,394,6,16
2020-07-19,Syrian Arab Republic,Asia,102,496,9,25
2020-07-26,Syrian Arab Republic,Asia,131,627,11,36
2020-08-02,Syrian Arab Republic,Asia,153,780,7,43
2020-08-09,Syrian Arab Republic,Asia,345,1125,7,50
2020-08-16,Syrian Arab Republic,Asia,468,1593,10,60
2020-08-23,Syrian Arab Republic,Asia,550,2143,25,85
2020-08-30,Syrian Arab Republic,Asia,485,2628,21,106
2020-09-06,Syrian Arab Republic,Asia,476,3104,24,130
2020-09-13,Syrian Arab Republic,Asia,402,3506,22,152
2020-09-20,Syrian Arab Republic,Asia,259,3765,18,170
2020-09-27,Syrian Arab Republic,Asia,273,4038,18,188
2020-10-04,Syrian Arab Republic,Asia,291,4329,16,204
2020-10-11,Syrian Arab Republic,Asia,344,4673,17,221
2020-10-18,Syrian Arab Republic,Asia,360,5033,24,245
2020-10-25,Syrian Arab Republic,Asia,326,5359,22,267
2020-11-01,Syrian Arab Republic,Asia,369,5728,21,288
2020-11-08,Syrian Arab Republic,Asia,419,6147,25,313
2020-11-15,Syrian Arab Republic,Asia,466,6613,28,341
2020-11-22,Syrian Arab Republic,Asia,541,7154,31,372
2020-11-29,Syrian Arab Republic,Asia,561,7715,37,409
2020-12-06,Syrian Arab Republic,Asia,605,8320,33,442
2020-12-13,Syrian Arab Republic,Asia,721,9041,64,506
2020-12-20,Syrian Arab Republic,Asia,1009,10050,95,601
2020-12-27,Syrian Arab Republic,Asia,882,10932,68,669
2021-01-03,Syrian Arab Republic,Asia,684,11616,54,723
2021-01-10,Syrian Arab Republic,Asia,658,12274,45,768
2021-01-17,Syrian Arab Republic,Asia,668,12942,56,824
2021-01-24,Syrian Arab Republic,Asia,615,13557,55,879
2021-01-31,Syrian Arab Republic,Asia,441,13998,37,916
2021-02-07,Syrian Arab Republic,Asia,410,14408,31,947
2021-02-14,Syrian Arab Republic,Asia,412,14820,28,975
2021-02-21,Syrian Arab Republic,Asia,323,15143,21,996
2021-02-28,Syrian Arab Republic,Asia,390,15533,27,1023
2021-03-07,Syrian Arab Republic,Asia,392,15925,35,1058
2021-03-14,Syrian Arab Republic,Asia,476,16401,36,1094
2021-03-21,Syrian Arab Republic,Asia,839,17240,59,1153
2021-03-28,Syrian Arab Republic,Asia,1116,18356,74,1227
2021-04-04,Syrian Arab Republic,Asia,928,19284,72,1299
2021-04-11,Syrian Arab Republic,Asia,834,20118,69,1368
2021-04-18,Syrian Arab Republic,Asia,886,21004,69,1437
2021-04-25,Syrian Arab Republic,Asia,995,21999,89,1526
2021-05-02,Syrian Arab Republic,Asia,819,22818,72,1598
2021-05-09,Syrian Arab Republic,Asia,501,23319,50,1648
2021-05-16,Syrian Arab Republic,Asia,374,23693,45,1693
2021-05-23,Syrian Arab Republic,Asia,359,24052,36,1729
2021-05-30,Syrian Arab Republic,Asia,388,24440,34,1763
2021-06-06,Syrian Arab Republic,Asia,199,24639,27,1790
2021-06-13,Syrian Arab Republic,Asia,150,24789,18,1808
2021-06-20,Syrian Arab Republic,Asia,287,25076,33,1841
2021-06-27,Syrian Arab Republic,Asia,289,25365,23,1864
2021-07-04,Syrian Arab Republic,Asia,254,25619,21,1885
2021-07-11,Syrian Arab Republic,Asia,157,25776,12,1897
2021-07-18,Syrian Arab Republic,Asia,51,25827,7,1904
2021-07-25,Syrian Arab Republic,Asia,38,25865,1,1905
2021-08-01,Syrian Arab Republic,Asia,98,25963,9,1914
2021-08-08,Syrian Arab Republic,Asia,118,26081,5,1919
2021-08-15,Syrian Arab Republic,Asia,211,26292,16,1935
2021-08-22,Syrian Arab Republic,Asia,507,26799,29,1964
2021-08-29,Syrian Arab Republic,Asia,740,27539,34,1998
2021-09-05,Syrian Arab Republic,Asia,884,28423,35,2033
2021-09-12,Syrian Arab Republic,Asia,935,29358,38,2071
2021-09-19,Syrian Arab Republic,Asia,1161,30519,49,2120
2021-09-26,Syrian Arab Republic,Asia,2061,32580,78,2198
2021-10-03,Syrian Arab Republic,Asia,2116,34696,67,2265
2021-10-10,Syrian Arab Republic,Asia,2017,36713,67,2332
2021-10-17,Syrian Arab Republic,Asia,1992,38705,59,2391
2021-10-24,Syrian Arab Republic,Asia,2517,41222,101,2492
2021-10-31,Syrian Arab Republic,Asia,1924,43146,68,2560
2021-11-07,Syrian Arab Republic,Asia,1753,44899,53,2613
2021-11-14,Syrian Arab Republic,Asia,1231,46130,48,2661
2021-11-21,Syrian Arab Republic,Asia,961,47091,38,2699
2021-11-28,Syrian Arab Republic,Asia,772,47863,34,2733
2021-12-05,Syrian Arab Republic,Asia,675,48538,39,2772
2021-12-12,Syrian Arab Republic,Asia,651,49189,37,2809
2021-12-19,Syrian Arab Republic,Asia,504,49693,32,2841
2021-12-26,Syrian Arab Republic,Asia,358,50051,30,2871
2022-01-02,Syrian Arab Republic,Asia,259,50310,30,2901
2022-01-09,Syrian Arab Republic,Asia,172,50482,23,2924
2022-01-16,Syrian Arab Republic,Asia,192,50674,20,2944
2022-01-23,Syrian Arab Republic,Asia,269,50943,21,2965
2022-01-30,Syrian Arab Republic,Asia,341,51284,19,2984
2022-02-06,Syrian Arab Republic,Asia,542,51826,20,3004
2022-02-13,Syrian Arab Republic,Asia,800,52626,22,3026
2022-02-20,Syrian Arab Republic,Asia,901,53527,21,3047
2022-02-27,Syrian Arab Republic,Asia,853,54380,21,3068
2022-03-06,Syrian Arab Republic,Asia,583,54963,24,3092
2022-03-13,Syrian Arab Republic,Asia,366,55329,22,3114
2022-03-20,Syrian Arab Republic,Asia,209,55538,11,3125
2022-03-27,Syrian Arab Republic,Asia,112,55650,8,3133
2022-04-03,Syrian Arab Republic,Asia,56,55706,11,3144
2022-04-10,Syrian Arab Republic,Asia,33,55739,2,3146
2022-04-17,Syrian Arab Republic,Asia,30,55769,3,3149
2022-04-24,Syrian Arab Republic,Asia,26,55795,1,3150
2022-05-01,Syrian Arab Republic,Asia,21,55816,0,3150
2022-05-08,Syrian Arab Republic,Asia,31,55847,0,3150
2022-05-15,Syrian Arab Republic,Asia,22,55869,0,3150
2022-05-22,Syrian Arab Republic,Asia,9,55878,0,3150
2022-05-29,Syrian Arab Republic,Asia,12,55890,0,3150
2022-06-05,Syrian Arab Republic,Asia,7,55897,0,3150
2022-06-12,Syrian Arab Republic,Asia,8,55905,0,3150
2022-06-19,Syrian Arab Republic,Asia,9,55914,0,3150
2022-06-26,Syrian Arab Republic,Asia,7,55921,0,3150
2022-07-03,Syrian Arab Republic,Asia,9,55930,0,3150
2022-07-10,Syrian Arab Republic,Asia,22,55952,0,3150
2022-07-17,Syrian Arab Republic,Asia,27,55979,0,3150
2022-07-24,Syrian Arab Republic,Asia,106,56085,0,3150
2022-07-31,Syrian Arab Republic,Asia,194,56279,0,3150
2022-08-07,Syrian Arab Republic,Asia,195,56474,3,3153
2022-08-14,Syrian Arab Republic,Asia,226,56700,4,3157
2022-08-21,Syrian Arab Republic,Asia,138,56838,3,3160
2022-08-28,Syrian Arab Republic,Asia,135,56973,3,3163
2022-09-04,Syrian Arab Republic,Asia,99,57072,0,3163
2022-09-11,Syrian Arab Republic,Asia,80,57152,0,3163
2022-09-18,Syrian Arab Republic,Asia,64,57216,0,3163
2022-09-25,Syrian Arab Republic,Asia,51,57267,0,3163
2022-10-02,Syrian Arab Republic,Asia,40,57307,0,3163
2022-10-09,Syrian Arab Republic,Asia,15,57322,0,3163
2022-10-16,Syrian Arab Republic,Asia,11,57333,0,3163
2022-10-23,Syrian Arab Republic,Asia,14,57347,0,3163
2022-10-30,Syrian Arab Republic,Asia,11,57358,0,3163
2022-11-06,Syrian Arab Republic,Asia,10,57368,0,3163
2022-11-13,Syrian Arab Republic,Asia,11,57379,0,3163
2022-11-20,Syrian Arab Republic,Asia,8,57387,0,3163
2022-11-27,Syrian Arab Republic,Asia,7,57394,0,3163
2022-12-04,Syrian Arab Republic,Asia,11,57405,0,3163
2022-12-11,Syrian Arab Republic,Asia,8,57413,0,3163
2022-12-18,Syrian Arab Republic,Asia,10,57423,0,3163
2022-12-25,Syrian Arab Republic,Asia,0,57423,0,3163
2023-01-01,Syrian Arab Republic,Asia,0,57423,0,3163
2023-01-08,Syrian Arab Republic,Asia,0,57423,0,3163
2023-01-15,Syrian Arab Republic,Asia,0,57423,0,3163
2023-01-22,Syrian Arab Republic,Asia,0,57423,0,3163
2023-01-29,Syrian Arab Republic,Asia,0,57423,0,3163
2023-02-05,Syrian Arab Republic,Asia,0,57423,0,3163
2023-02-12,Syrian Arab Republic,Asia,0,57423,0,3163
2023-02-19,Syrian Arab Republic,Asia,0,57423,0,3163
2023-02-26,Syrian Arab Republic,Asia,0,57423,0,3163
2023-03-05,Syrian Arab Republic,Asia,0,57423,0,3163
2023-03-12,Syrian Arab Republic,Asia,0,57423,0,3163
2023-03-19,Syrian Arab Republic,Asia,0,57423,0,3163
2023-03-26,Syrian Arab Republic,Asia,0,57423,0,3163
2023-04-02,Syrian Arab Republic,Asia,0,57423,0,3163
2023-04-09,Syrian Arab Republic,Asia,0,57423,0,3163
2023-04-16,Syrian Arab Republic,Asia,0,57423,0,3163
2023-04-23,Syrian Arab Republic,Asia,0,57423,0,3163
2023-04-30,Syrian Arab Republic,Asia,0,57423,0,3163
2023-05-07,Syrian Arab Republic,Asia,0,57423,0,3163
2023-05-14,Syrian Arab Republic,Asia,0,57423,0,3163
2023-05-21,Syrian Arab Republic,Asia,0,57423,0,3163
2023-05-28,Syrian Arab Republic,Asia,0,57423,0,3163
2023-06-04,Syrian Arab Republic,Asia,0,57423,0,3163
2023-06-11,Syrian Arab Republic,Asia,0,57423,0,3163
2023-06-18,Syrian Arab Republic,Asia,0,57423,0,3163
2023-06-25,Syrian Arab Republic,Asia,0,57423,0,3163
2023-07-02,Syrian Arab Republic,Asia,0,57423,0,3163
2023-07-09,Syrian Arab Republic,Asia,0,57423,0,3163
2023-07-16,Syrian Arab Republic,Asia,0,57423,0,3163
2023-07-23,Syrian Arab Republic,Asia,0,57423,0,3163
2023-07-30,Syrian Arab Republic,Asia,0,57423,0,3163
2023-08-06,Syrian Arab Republic,Asia,0,57423,0,3163
2023-08-13,Syrian Arab Republic,Asia,0,57423,0,3163
2023-08-20,Syrian Arab Republic,Asia,0,57423,0,3163
2023-08-27,Syrian Arab Republic,Asia,0,57423,0,3163
2023-09-03,Syrian Arab Republic,Asia,0,57423,0,3163
2023-09-10,Syrian Arab Republic,Asia,0,57423,0,3163
2023-09-17,Syrian Arab Republic,Asia,0,57423,0,3163
2023-09-24,Syrian Arab Republic,Asia,0,57423,0,3163
2023-10-01,Syrian Arab Republic,Asia,0,57423,0,3163
2023-10-08,Syrian Arab Republic,Asia,0,57423,0,3163
2023-10-15,Syrian Arab Republic,Asia,0,57423,0,3163
2023-10-22,Syrian Arab Republic,Asia,0,57423,0,3163
2023-10-29,Syrian Arab Republic,Asia,0,57423,0,3163
2023-11-05,Syrian Arab Republic,Asia,0,57423,0,3163
2023-11-12,Syrian Arab Republic,Asia,0,57423,0,3163
2023-11-19,Syrian Arab Republic,Asia,0,57423,0,3163
2023-11-26,Syrian Arab Republic,Asia,0,57423,0,3163
2023-12-03,Syrian Arab Republic,Asia,0,57423,0,3163
2023-12-10,Syrian Arab Republic,Asia,0,57423,0,3163
2023-12-17,Syrian Arab Republic,Asia,0,57423,0,3163
2023-12-24,Syrian Arab Republic,Asia,0,57423,0,3163
2023-12-31,Syrian Arab Republic,Asia,0,57423,0,3163
2024-01-07,Syrian Arab Republic,Asia,0,57423,0,3163
2024-01-14,Syrian Arab Republic,Asia,0,57423,0,3163
2024-01-21,Syrian Arab Republic,Asia,0,57423,0,3163
2024-01-28,Syrian Arab Republic,Asia,0,57423,0,3163
2024-02-04,Syrian Arab Republic,Asia,0,57423,0,3163
2024-02-11,Syrian Arab Republic,Asia,0,57423,0,3163
2024-02-18,Syrian Arab Republic,Asia,0,57423,0,3163
2024-02-25,Syrian Arab Republic,Asia,0,57423,0,3163
2024-03-03,Syrian Arab Republic,Asia,0,57423,0,3163
2024-03-10,Syrian Arab Republic,Asia,0,57423,0,3163
2024-03-17,Syrian Arab Republic,Asia,0,57423,0,3163
2024-03-24,Syrian Arab Republic,Asia,0,57423,0,3163
2024-03-31,Syrian Arab Republic,Asia,0,57423,0,3163
2024-04-07,Syrian Arab Republic,Asia,0,57423,0,3163
2024-04-14,Syrian Arab Republic,Asia,0,57423,0,3163
2024-04-21,Syrian Arab Republic,Asia,0,57423,0,3163
2024-04-28,Syrian Arab Republic,Asia,0,57423,0,3163
2024-05-05,Syrian Arab Republic,Asia,0,57423,0,3163
2024-05-12,Syrian Arab Republic,Asia,0,57423,0,3163
2024-05-19,Syrian Arab Republic,Asia,0,57423,0,3163
2024-05-26,Syrian Arab Republic,Asia,0,57423,0,3163
2024-06-02,Syrian Arab Republic,Asia,0,57423,0,3163
2024-06-09,Syrian Arab Republic,Asia,0,57423,0,3163
2024-06-16,Syrian Arab Republic,Asia,0,57423,0,3163
2024-06-23,Syrian Arab Republic,Asia,0,57423,0,3163
2024-06-30,Syrian Arab Republic,Asia,0,57423,0,3163
2024-07-07,Syrian Arab Republic,Asia,0,57423,0,3163
2024-07-14,Syrian Arab Republic,Asia,0,57423,0,3163
2024-07-21,Syrian Arab Republic,Asia,0,57423,0,3163
2024-07-28,Syrian Arab Republic,Asia,0,57423,0,3163
2024-08-04,Syrian Arab Republic,Asia,0,57423,0,3163
2024-08-11,Syrian Arab Republic,Asia,0,57423,0,3163
2024-08-18,Syrian Arab Republic,Asia,0,57423,0,3163
2024-08-25,Syrian Arab Republic,Asia,0,57423,0,3163
2024-09-01,Syrian Arab Republic,Asia,0,57423,0,3163
2020-01-05,Tajikistan,Asia,0,0,0,0
2020-01-12,Tajikistan,Asia,0,0,0,0
2020-01-19,Tajikistan,Asia,0,0,0,0
2020-01-26,Tajikistan,Asia,0,0,0,0
2020-02-02,Tajikistan,Asia,0,0,0,0
2020-02-09,Tajikistan,Asia,0,0,0,0
2020-02-16,Tajikistan,Asia,0,0,0,0
2020-02-23,Tajikistan,Asia,0,0,0,0
2020-03-01,Tajikistan,Asia,0,0,0,0
2020-03-08,Tajikistan,Asia,0,0,0,0
2020-03-15,Tajikistan,Asia,0,0,0,0
2020-03-22,Tajikistan,Asia,0,0,0,0
2020-03-29,Tajikistan,Asia,0,0,0,0
2020-04-05,Tajikistan,Asia,0,0,0,0
2020-04-12,Tajikistan,Asia,0,0,0,0
2020-04-19,Tajikistan,Asia,0,0,0,0
2020-04-26,Tajikistan,Asia,0,0,0,0
2020-05-03,Tajikistan,Asia,76,76,2,2
2020-05-10,Tajikistan,Asia,485,561,17,19
2020-05-17,Tajikistan,Asia,761,1322,20,39
2020-05-24,Tajikistan,Asia,1416,2738,5,44
2020-05-31,Tajikistan,Asia,1069,3807,3,47
2020-06-07,Tajikistan,Asia,646,4453,1,48
2020-06-14,Tajikistan,Asia,518,4971,2,50
2020-06-21,Tajikistan,Asia,428,5399,2,52
2020-06-28,Tajikistan,Asia,400,5799,0,52
2020-07-05,Tajikistan,Asia,360,6159,0,52
2020-07-12,Tajikistan,Asia,346,6505,3,55
2020-07-19,Tajikistan,Asia,329,6834,2,57
2020-07-26,Tajikistan,Asia,316,7150,2,59
2020-08-02,Tajikistan,Asia,301,7451,1,60
2020-08-09,Tajikistan,Asia,294,7745,2,62
2020-08-16,Tajikistan,Asia,284,8029,2,64
2020-08-23,Tajikistan,Asia,248,8277,2,66
2020-08-30,Tajikistan,Asia,239,8516,2,68
2020-09-06,Tajikistan,Asia,241,8757,2,70
2020-09-13,Tajikistan,Asia,257,9014,2,72
2020-09-20,Tajikistan,Asia,289,9303,1,73
2020-09-27,Tajikistan,Asia,302,9605,2,75
2020-10-04,Tajikistan,Asia,290,9895,2,77
2020-10-11,Tajikistan,Asia,285,10180,2,79
2020-10-18,Tajikistan,Asia,275,10455,1,80
2020-10-25,Tajikistan,Asia,281,10736,1,81
2020-11-01,Tajikistan,Asia,281,11017,1,82
2020-11-08,Tajikistan,Asia,277,11294,1,83
2020-11-15,Tajikistan,Asia,279,11573,2,85
2020-11-22,Tajikistan,Asia,281,11854,1,86
2020-11-29,Tajikistan,Asia,264,12118,0,86
2020-12-06,Tajikistan,Asia,271,12389,1,87
2020-12-13,Tajikistan,Asia,468,12857,0,87
2020-12-20,Tajikistan,Asia,382,13239,2,89
2020-12-27,Tajikistan,Asia,316,13555,1,90
2021-01-03,Tajikistan,Asia,119,13674,1,91
2021-01-10,Tajikistan,Asia,33,13707,0,91
2021-01-17,Tajikistan,Asia,7,13714,0,91
2021-01-24,Tajikistan,Asia,0,13714,0,91
2021-01-31,Tajikistan,Asia,0,13714,0,91
2021-02-07,Tajikistan,Asia,0,13714,0,91
2021-02-14,Tajikistan,Asia,0,13714,0,91
2021-02-21,Tajikistan,Asia,0,13714,0,91
2021-02-28,Tajikistan,Asia,0,13714,0,91
2021-03-07,Tajikistan,Asia,0,13714,0,91
2021-03-14,Tajikistan,Asia,0,13714,0,91
2021-03-21,Tajikistan,Asia,0,13714,0,91
2021-03-28,Tajikistan,Asia,0,13714,0,91
2021-04-04,Tajikistan,Asia,0,13714,0,91
2021-04-11,Tajikistan,Asia,0,13714,0,91
2021-04-18,Tajikistan,Asia,0,13714,0,91
2021-04-25,Tajikistan,Asia,0,13714,0,91
2021-05-02,Tajikistan,Asia,0,13714,0,91
2021-05-09,Tajikistan,Asia,0,13714,0,91
2021-05-16,Tajikistan,Asia,0,13714,0,91
2021-05-23,Tajikistan,Asia,0,13714,0,91
2021-05-30,Tajikistan,Asia,0,13714,0,91
2021-06-06,Tajikistan,Asia,0,13714,0,91
2021-06-13,Tajikistan,Asia,0,13714,0,91
2021-06-20,Tajikistan,Asia,0,13714,0,91
2021-06-27,Tajikistan,Asia,131,13845,0,91
2021-07-04,Tajikistan,Asia,158,14003,3,94
2021-07-11,Tajikistan,Asia,237,14240,10,104
2021-07-18,Tajikistan,Asia,287,14527,8,112
2021-07-25,Tajikistan,Asia,477,15004,6,118
2021-08-01,Tajikistan,Asia,546,15550,4,122
2021-08-08,Tajikistan,Asia,501,16051,1,123
2021-08-15,Tajikistan,Asia,470,16521,2,125
2021-08-22,Tajikistan,Asia,347,16868,0,125
2021-08-29,Tajikistan,Asia,310,17178,0,125
2021-09-05,Tajikistan,Asia,135,17313,0,125
2021-09-12,Tajikistan,Asia,129,17442,0,125
2021-09-19,Tajikistan,Asia,42,17484,0,125
2021-09-26,Tajikistan,Asia,0,17484,0,125
2021-10-03,Tajikistan,Asia,0,17484,0,125
2021-10-10,Tajikistan,Asia,0,17484,0,125
2021-10-17,Tajikistan,Asia,0,17484,0,125
2021-10-24,Tajikistan,Asia,2,17486,0,125
2021-10-31,Tajikistan,Asia,0,17486,0,125
2021-11-07,Tajikistan,Asia,0,17486,0,125
2021-11-14,Tajikistan,Asia,2,17488,0,125
2021-11-21,Tajikistan,Asia,1,17489,0,125
2021-11-28,Tajikistan,Asia,4,17493,0,125
2021-12-05,Tajikistan,Asia,0,17493,0,125
2021-12-12,Tajikistan,Asia,0,17493,0,125
2021-12-19,Tajikistan,Asia,0,17493,0,125
2021-12-26,Tajikistan,Asia,0,17493,0,125
2022-01-02,Tajikistan,Asia,0,17493,0,125
2022-01-09,Tajikistan,Asia,0,17493,0,125
2022-01-16,Tajikistan,Asia,0,17493,0,125
2022-01-23,Tajikistan,Asia,59,17552,0,125
2022-01-30,Tajikistan,Asia,143,17695,0,125
2022-02-06,Tajikistan,Asia,47,17742,0,125
2022-02-13,Tajikistan,Asia,31,17773,0,125
2022-02-20,Tajikistan,Asia,13,17786,0,125
2022-02-27,Tajikistan,Asia,0,17786,0,125
2022-03-06,Tajikistan,Asia,0,17786,0,125
2022-03-13,Tajikistan,Asia,0,17786,0,125
2022-03-20,Tajikistan,Asia,0,17786,0,125
2022-03-27,Tajikistan,Asia,0,17786,0,125
2022-04-03,Tajikistan,Asia,0,17786,0,125
2022-04-10,Tajikistan,Asia,0,17786,0,125
2022-04-17,Tajikistan,Asia,0,17786,0,125
2022-04-24,Tajikistan,Asia,0,17786,0,125
2022-05-01,Tajikistan,Asia,0,17786,0,125
2022-05-08,Tajikistan,Asia,0,17786,0,125
2022-05-15,Tajikistan,Asia,0,17786,0,125
2022-05-22,Tajikistan,Asia,0,17786,0,125
2022-05-29,Tajikistan,Asia,0,17786,0,125
2022-06-05,Tajikistan,Asia,0,17786,0,125
2022-06-12,Tajikistan,Asia,0,17786,0,125
2022-06-19,Tajikistan,Asia,0,17786,0,125
2022-06-26,Tajikistan,Asia,0,17786,0,125
2022-07-03,Tajikistan,Asia,0,17786,0,125
2022-07-10,Tajikistan,Asia,0,17786,0,125
2022-07-17,Tajikistan,Asia,0,17786,0,125
2022-07-24,Tajikistan,Asia,0,17786,0,125
2022-07-31,Tajikistan,Asia,0,17786,0,125
2022-08-07,Tajikistan,Asia,0,17786,0,125
2022-08-14,Tajikistan,Asia,0,17786,0,125
2022-08-21,Tajikistan,Asia,0,17786,0,125
2022-08-28,Tajikistan,Asia,0,17786,0,125
2022-09-04,Tajikistan,Asia,0,17786,0,125
2022-09-11,Tajikistan,Asia,0,17786,0,125
2022-09-18,Tajikistan,Asia,0,17786,0,125
2022-09-25,Tajikistan,Asia,0,17786,0,125
2022-10-02,Tajikistan,Asia,0,17786,0,125
2022-10-09,Tajikistan,Asia,0,17786,0,125
2022-10-16,Tajikistan,Asia,0,17786,0,125
2022-10-23,Tajikistan,Asia,0,17786,0,125
2022-10-30,Tajikistan,Asia,0,17786,0,125
2022-11-06,Tajikistan,Asia,0,17786,0,125
2022-11-13,Tajikistan,Asia,0,17786,0,125
2022-11-20,Tajikistan,Asia,0,17786,0,125
2022-11-27,Tajikistan,Asia,0,17786,0,125
2022-12-04,Tajikistan,Asia,0,17786,0,125
2022-12-11,Tajikistan,Asia,0,17786,0,125
2022-12-18,Tajikistan,Asia,0,17786,0,125
2022-12-25,Tajikistan,Asia,0,17786,0,125
2023-01-01,Tajikistan,Asia,0,17786,0,125
2023-01-08,Tajikistan,Asia,0,17786,0,125
2023-01-15,Tajikistan,Asia,0,17786,0,125
2023-01-22,Tajikistan,Asia,0,17786,0,125
2023-01-29,Tajikistan,Asia,0,17786,0,125
2023-02-05,Tajikistan,Asia,0,17786,0,125
2023-02-12,Tajikistan,Asia,0,17786,0,125
2023-02-19,Tajikistan,Asia,0,17786,0,125
2023-02-26,Tajikistan,Asia,0,17786,0,125
2023-03-05,Tajikistan,Asia,0,17786,0,125
2023-03-12,Tajikistan,Asia,0,17786,0,125
2023-03-19,Tajikistan,Asia,0,17786,0,125
2023-03-26,Tajikistan,Asia,0,17786,0,125
2023-04-02,Tajikistan,Asia,0,17786,0,125
2023-04-09,Tajikistan,Asia,0,17786,0,125
2023-04-16,Tajikistan,Asia,0,17786,0,125
2023-04-23,Tajikistan,Asia,0,17786,0,125
2023-04-30,Tajikistan,Asia,0,17786,0,125
2023-05-07,Tajikistan,Asia,0,17786,0,125
2023-05-14,Tajikistan,Asia,0,17786,0,125
2023-05-21,Tajikistan,Asia,0,17786,0,125
2023-05-28,Tajikistan,Asia,0,17786,0,125
2023-06-04,Tajikistan,Asia,0,17786,0,125
2023-06-11,Tajikistan,Asia,0,17786,0,125
2023-06-18,Tajikistan,Asia,0,17786,0,125
2023-06-25,Tajikistan,Asia,0,17786,0,125
2023-07-02,Tajikistan,Asia,0,17786,0,125
2023-07-09,Tajikistan,Asia,0,17786,0,125
2023-07-16,Tajikistan,Asia,0,17786,0,125
2023-07-23,Tajikistan,Asia,0,17786,0,125
2023-07-30,Tajikistan,Asia,0,17786,0,125
2023-08-06,Tajikistan,Asia,0,17786,0,125
2023-08-13,Tajikistan,Asia,0,17786,0,125
2023-08-20,Tajikistan,Asia,0,17786,0,125
2023-08-27,Tajikistan,Asia,0,17786,0,125
2023-09-03,Tajikistan,Asia,0,17786,0,125
2023-09-10,Tajikistan,Asia,0,17786,0,125
2023-09-17,Tajikistan,Asia,0,17786,0,125
2023-09-24,Tajikistan,Asia,0,17786,0,125
2023-10-01,Tajikistan,Asia,0,17786,0,125
2023-10-08,Tajikistan,Asia,0,17786,0,125
2023-10-15,Tajikistan,Asia,0,17786,0,125
2023-10-22,Tajikistan,Asia,0,17786,0,125
2023-10-29,Tajikistan,Asia,0,17786,0,125
2023-11-05,Tajikistan,Asia,0,17786,0,125
2023-11-12,Tajikistan,Asia,0,17786,0,125
2023-11-19,Tajikistan,Asia,0,17786,0,125
2023-11-26,Tajikistan,Asia,0,17786,0,125
2023-12-03,Tajikistan,Asia,0,17786,0,125
2023-12-10,Tajikistan,Asia,0,17786,0,125
2023-12-17,Tajikistan,Asia,0,17786,0,125
2023-12-24,Tajikistan,Asia,0,17786,0,125
2023-12-31,Tajikistan,Asia,0,17786,0,125
2024-01-07,Tajikistan,Asia,0,17786,0,125
2024-01-14,Tajikistan,Asia,0,17786,0,125
2024-01-21,Tajikistan,Asia,0,17786,0,125
2024-01-28,Tajikistan,Asia,0,17786,0,125
2024-02-04,Tajikistan,Asia,0,17786,0,125
2024-02-11,Tajikistan,Asia,0,17786,0,125
2024-02-18,Tajikistan,Asia,0,17786,0,125
2024-02-25,Tajikistan,Asia,0,17786,0,125
2024-03-03,Tajikistan,Asia,0,17786,0,125
2024-03-10,Tajikistan,Asia,0,17786,0,125
2024-03-17,Tajikistan,Asia,0,17786,0,125
2024-03-24,Tajikistan,Asia,0,17786,0,125
2024-03-31,Tajikistan,Asia,0,17786,0,125
2024-04-07,Tajikistan,Asia,0,17786,0,125
2024-04-14,Tajikistan,Asia,0,17786,0,125
2024-04-21,Tajikistan,Asia,0,17786,0,125
2024-04-28,Tajikistan,Asia,0,17786,0,125
2024-05-05,Tajikistan,Asia,0,17786,0,125
2024-05-12,Tajikistan,Asia,0,17786,0,125
2024-05-19,Tajikistan,Asia,0,17786,0,125
2024-05-26,Tajikistan,Asia,0,17786,0,125
2024-06-02,Tajikistan,Asia,0,17786,0,125
2024-06-09,Tajikistan,Asia,0,17786,0,125
2024-06-16,Tajikistan,Asia,0,17786,0,125
2024-06-23,Tajikistan,Asia,0,17786,0,125
2024-06-30,Tajikistan,Asia,0,17786,0,125
2024-07-07,Tajikistan,Asia,0,17786,0,125
2024-07-14,Tajikistan,Asia,0,17786,0,125
2024-07-21,Tajikistan,Asia,0,17786,0,125
2024-07-28,Tajikistan,Asia,0,17786,0,125
2024-08-04,Tajikistan,Asia,0,17786,0,125
2024-08-11,Tajikistan,Asia,0,17786,0,125
2024-08-18,Tajikistan,Asia,0,17786,0,125
2024-08-25,Tajikistan,Asia,0,17786,0,125
2024-09-01,Tajikistan,Asia,0,17786,0,125
2020-01-05,Thailand,Asia,0,0,0,0
2020-01-12,Thailand,Asia,0,0,0,0
2020-01-19,Thailand,Asia,6,6,0,0
2020-01-26,Thailand,Asia,-1,5,0,0
2020-02-02,Thailand,Asia,18,23,0,0
2020-02-09,Thailand,Asia,6,29,0,0
2020-02-16,Thailand,Asia,9,38,0,0
2020-02-23,Thailand,Asia,1,39,0,0
2020-03-01,Thailand,Asia,7,46,1,1
2020-03-08,Thailand,Asia,8,54,0,1
2020-03-15,Thailand,Asia,60,114,0,1
2020-03-22,Thailand,Asia,485,599,0,1
2020-03-29,Thailand,Asia,789,1388,6,7
2020-04-05,Thailand,Asia,781,2169,16,23
2020-04-12,Thailand,Asia,382,2551,15,38
2020-04-19,Thailand,Asia,214,2765,9,47
2020-04-26,Thailand,Asia,157,2922,4,51
2020-05-03,Thailand,Asia,47,2969,3,54
2020-05-10,Thailand,Asia,40,3009,2,56
2020-05-17,Thailand,Asia,19,3028,0,56
2020-05-24,Thailand,Asia,12,3040,0,56
2020-05-31,Thailand,Asia,41,3081,1,57
2020-06-07,Thailand,Asia,31,3112,1,58
2020-06-14,Thailand,Asia,23,3135,0,58
2020-06-21,Thailand,Asia,13,3148,0,58
2020-06-28,Thailand,Asia,14,3162,0,58
2020-07-05,Thailand,Asia,28,3190,0,58
2020-07-12,Thailand,Asia,27,3217,0,58
2020-07-19,Thailand,Asia,32,3249,0,58
2020-07-26,Thailand,Asia,42,3291,0,58
2020-08-02,Thailand,Asia,26,3317,0,58
2020-08-09,Thailand,Asia,34,3351,0,58
2020-08-16,Thailand,Asia,26,3377,0,58
2020-08-23,Thailand,Asia,18,3395,0,58
2020-08-30,Thailand,Asia,16,3411,0,58
2020-09-06,Thailand,Asia,33,3444,0,58
2020-09-13,Thailand,Asia,29,3473,0,58
2020-09-20,Thailand,Asia,33,3506,1,59
2020-09-27,Thailand,Asia,17,3523,0,59
2020-10-04,Thailand,Asia,62,3585,0,59
2020-10-11,Thailand,Asia,51,3636,0,59
2020-10-18,Thailand,Asia,50,3686,0,59
2020-10-25,Thailand,Asia,50,3736,0,59
2020-11-01,Thailand,Asia,48,3784,0,59
2020-11-08,Thailand,Asia,53,3837,1,60
2020-11-15,Thailand,Asia,37,3874,0,60
2020-11-22,Thailand,Asia,39,3913,-60,0
2020-11-29,Thailand,Asia,64,3977,60,60
2020-12-06,Thailand,Asia,109,4086,0,60
2020-12-13,Thailand,Asia,123,4209,0,60
2020-12-20,Thailand,Asia,698,4907,0,60
2020-12-27,Thailand,Asia,1234,6141,0,60
2021-01-03,Thailand,Asia,1553,7694,4,64
2021-01-10,Thailand,Asia,2604,10298,3,67
2021-01-17,Thailand,Asia,1756,12054,3,70
2021-01-24,Thailand,Asia,1446,13500,3,73
2021-01-31,Thailand,Asia,5282,18782,4,77
2021-02-07,Thailand,Asia,4589,23371,2,79
2021-02-14,Thailand,Asia,1200,24571,1,80
2021-02-21,Thailand,Asia,844,25415,3,83
2021-02-28,Thailand,Asia,536,25951,0,83
2021-03-07,Thailand,Asia,419,26370,2,85
2021-03-14,Thailand,Asia,557,26927,1,86
2021-03-21,Thailand,Asia,876,27803,4,90
2021-03-28,Thailand,Asia,931,28734,4,94
2021-04-04,Thailand,Asia,393,29127,1,95
2021-04-11,Thailand,Asia,3498,32625,2,97
2021-04-18,Thailand,Asia,9727,42352,4,101
2021-04-25,Thailand,Asia,13108,55460,39,140
2021-05-02,Thailand,Asia,13524,68984,105,245
2021-05-09,Thailand,Asia,14391,83375,154,399
2021-05-16,Thailand,Asia,18072,101447,190,589
2021-05-23,Thailand,Asia,28053,129500,187,776
2021-05-30,Thailand,Asia,24807,154307,236,1012
2021-06-06,Thailand,Asia,23160,177467,224,1236
2021-06-13,Thailand,Asia,18442,195909,213,1449
2021-06-20,Thailand,Asia,22222,218131,180,1629
2021-06-27,Thailand,Asia,26316,244447,283,1912
2021-07-04,Thailand,Asia,38620,283067,314,2226
2021-07-11,Thailand,Asia,53304,336371,485,2711
2021-07-18,Thailand,Asia,67015,403386,630,3341
2021-07-25,Thailand,Asia,93916,497302,718,4059
2021-08-01,Thailand,Asia,118012,615314,931,4990
2021-08-08,Thailand,Asia,141191,756505,1214,6204
2021-08-15,Thailand,Asia,150652,907157,1348,7552
2021-08-22,Thailand,Asia,142138,1049295,1768,9320
2021-08-29,Thailand,Asia,124796,1174091,1823,11143
2021-09-05,Thailand,Asia,106443,1280534,1712,12855
2021-09-12,Thailand,Asia,101639,1382173,1498,14353
2021-09-19,Thailand,Asia,94304,1476477,1010,15363
2021-09-26,Thailand,Asia,85161,1561638,905,16268
2021-10-03,Thailand,Asia,75794,1637432,746,17014
2021-10-10,Thailand,Asia,73452,1710884,677,17691
2021-10-17,Thailand,Asia,72817,1783701,582,18273
2021-10-24,Thailand,Asia,66781,1850482,482,18755
2021-10-31,Thailand,Asia,61542,1912024,450,19205
2021-11-07,Thailand,Asia,55975,1967999,459,19664
2021-11-14,Thailand,Asia,50411,2018410,372,20036
2021-11-21,Thailand,Asia,46171,2064581,351,20387
2021-11-28,Thailand,Asia,42232,2106813,320,20707
2021-12-05,Thailand,Asia,34428,2141241,237,20944
2021-12-12,Thailand,Asia,27405,2168646,227,21171
2021-12-19,Thailand,Asia,22882,2191528,206,21377
2021-12-26,Thailand,Asia,18442,2209970,203,21580
2022-01-02,Thailand,Asia,19588,2229558,140,21720
2022-01-09,Thailand,Asia,39992,2269550,105,21825
2022-01-16,Thailand,Asia,54935,2324485,100,21925
2022-01-23,Thailand,Asia,53015,2377500,107,22032
2022-01-30,Thailand,Asia,55034,2432534,125,22157
2022-02-06,Thailand,Asia,64467,2497001,134,22291
2022-02-13,Thailand,Asia,96326,2593327,145,22436
2022-02-20,Thailand,Asia,118988,2712315,188,22624
2022-02-27,Thailand,Asia,157301,2869616,267,22891
2022-03-06,Thailand,Asia,157079,3026695,344,23235
2022-03-13,Thailand,Asia,158130,3184825,474,23709
2022-03-20,Thailand,Asia,169144,3353969,537,24246
2022-03-27,Thailand,Asia,175116,3529085,553,24799
2022-04-03,Thailand,Asia,182510,3711595,616,25415
2022-04-10,Thailand,Asia,171890,3883485,668,26083
2022-04-17,Thailand,Asia,146474,4029959,799,26882
2022-04-24,Thailand,Asia,135915,4165874,893,27775
2022-05-01,Thailand,Asia,96610,4262484,842,28617
2022-05-08,Thailand,Asia,62366,4324850,471,29088
2022-05-15,Thailand,Asia,48996,4373846,384,29472
2022-05-22,Thailand,Asia,37648,4411494,274,29746
2022-05-29,Thailand,Asia,31154,4442648,226,29972
2022-06-05,Thailand,Asia,24145,4466793,199,30171
2022-06-12,Thailand,Asia,18070,4484863,163,30334
2022-06-19,Thailand,Asia,14181,4499044,133,30467
2022-06-26,Thailand,Asia,15111,4514155,125,30592
2022-07-03,Thailand,Asia,15950,4530105,108,30700
2022-07-10,Thailand,Asia,14938,4545043,135,30835
2022-07-17,Thailand,Asia,13986,4559029,161,30996
2022-07-24,Thailand,Asia,16824,4575853,161,31157
2022-07-31,Thailand,Asia,14323,4590176,228,31385
2022-08-07,Thailand,Asia,15433,4605609,211,31596
2022-08-14,Thailand,Asia,14816,4620425,232,31828
2022-08-21,Thailand,Asia,13755,4634180,199,32027
2022-08-28,Thailand,Asia,12232,4646412,195,32222
2022-09-04,Thailand,Asia,12130,4658542,178,32400
2022-09-11,Thailand,Asia,9004,4667546,139,32539
2022-09-18,Thailand,Asia,5841,4673387,90,32629
2022-09-25,Thailand,Asia,4965,4678352,89,32718
2022-10-02,Thailand,Asia,3780,4682132,53,32771
2022-10-09,Thailand,Asia,2915,4685047,58,32829
2022-10-16,Thailand,Asia,2234,4687281,53,32882
2022-10-23,Thailand,Asia,2616,4689897,40,32922
2022-10-30,Thailand,Asia,2551,4692448,33,32955
2022-11-06,Thailand,Asia,2759,4695207,40,32995
2022-11-13,Thailand,Asia,3166,4698373,42,33037
2022-11-20,Thailand,Asia,3957,4702330,69,33106
2022-11-27,Thailand,Asia,4914,4707244,74,33180
2022-12-04,Thailand,Asia,4284,4711528,105,33285
2022-12-11,Thailand,Asia,3961,4715489,107,33392
2022-12-18,Thailand,Asia,3419,4718908,113,33505
2022-12-25,Thailand,Asia,2900,4721808,89,33594
2023-01-01,Thailand,Asia,2111,4723919,75,33669
2023-01-08,Thailand,Asia,997,4724916,58,33727
2023-01-15,Thailand,Asia,969,4725885,65,33792
2023-01-22,Thailand,Asia,627,4726512,44,33836
2023-01-29,Thailand,Asia,472,4726984,29,33865
2023-02-05,Thailand,Asia,252,4727236,17,33882
2023-02-12,Thailand,Asia,392,4727628,12,33894
2023-02-19,Thailand,Asia,203,4727831,8,33902
2023-02-26,Thailand,Asia,204,4728035,9,33911
2023-03-05,Thailand,Asia,147,4728182,7,33918
2023-03-12,Thailand,Asia,122,4728304,6,33924
2023-03-19,Thailand,Asia,178,4728482,5,33929
2023-03-26,Thailand,Asia,150,4728632,6,33935
2023-04-02,Thailand,Asia,167,4728799,3,33938
2023-04-09,Thailand,Asia,168,4728967,2,33940
2023-04-16,Thailand,Asia,435,4729402,2,33942
2023-04-23,Thailand,Asia,1088,4730490,5,33947
2023-04-30,Thailand,Asia,1811,4732301,10,33957
2023-05-07,Thailand,Asia,1699,4734000,10,33967
2023-05-14,Thailand,Asia,2356,4736356,22,33989
2023-05-21,Thailand,Asia,2632,4738988,64,34053
2023-05-28,Thailand,Asia,2970,4741958,42,34095
2023-06-04,Thailand,Asia,3085,4745043,68,34163
2023-06-11,Thailand,Asia,2709,4747752,69,34232
2023-06-18,Thailand,Asia,2158,4749910,60,34292
2023-06-25,Thailand,Asia,1653,4751563,36,34328
2023-07-02,Thailand,Asia,859,4752422,43,34371
2023-07-09,Thailand,Asia,1193,4753615,25,34396
2023-07-16,Thailand,Asia,613,4754228,14,34410
2023-07-23,Thailand,Asia,556,4754784,8,34418
2023-07-30,Thailand,Asia,391,4755175,7,34425
2023-08-06,Thailand,Asia,268,4755443,12,34437
2023-08-13,Thailand,Asia,318,4755761,7,34444
2023-08-20,Thailand,Asia,389,4756150,9,34453
2023-08-27,Thailand,Asia,256,4756406,6,34459
2023-09-03,Thailand,Asia,187,4756593,6,34465
2023-09-10,Thailand,Asia,244,4756837,3,34468
2023-09-17,Thailand,Asia,212,4757049,3,34471
2023-09-24,Thailand,Asia,234,4757283,2,34473
2023-10-01,Thailand,Asia,190,4757473,1,34474
2023-10-08,Thailand,Asia,131,4757604,5,34479
2023-10-15,Thailand,Asia,124,4757728,3,34482
2023-10-22,Thailand,Asia,191,4757919,3,34485
2023-10-29,Thailand,Asia,206,4758125,2,34487
2023-11-05,Thailand,Asia,304,4758429,1,34488
2023-11-12,Thailand,Asia,287,4758716,1,34489
2023-11-19,Thailand,Asia,390,4759106,1,34490
2023-11-26,Thailand,Asia,480,4759586,2,34492
2023-12-03,Thailand,Asia,536,4760122,3,34495
2023-12-10,Thailand,Asia,590,4760712,5,34500
2023-12-17,Thailand,Asia,514,4761226,6,34506
2023-12-24,Thailand,Asia,555,4761781,8,34514
2023-12-31,Thailand,Asia,594,4762375,3,34517
2024-01-07,Thailand,Asia,664,4763039,4,34521
2024-01-14,Thailand,Asia,625,4763664,7,34528
2024-01-21,Thailand,Asia,718,4764382,11,34539
2024-01-28,Thailand,Asia,621,4765003,8,34547
2024-02-04,Thailand,Asia,715,4765718,8,34555
2024-02-11,Thailand,Asia,537,4766255,5,34560
2024-02-18,Thailand,Asia,496,4766751,4,34564
2024-02-25,Thailand,Asia,487,4767238,3,34567
2024-03-03,Thailand,Asia,462,4767700,2,34569
2024-03-10,Thailand,Asia,446,4768146,3,34572
2024-03-17,Thailand,Asia,501,4768647,4,34576
2024-03-24,Thailand,Asia,630,4769277,5,34581
2024-03-31,Thailand,Asia,728,4770005,2,34583
2024-04-07,Thailand,Asia,774,4770779,3,34586
2024-04-14,Thailand,Asia,849,4771628,4,34590
2024-04-21,Thailand,Asia,1004,4772632,3,34593
2024-04-28,Thailand,Asia,1672,4774304,9,34602
2024-05-05,Thailand,Asia,1792,4776096,12,34614
2024-05-12,Thailand,Asia,1880,4777976,11,34625
2024-05-19,Thailand,Asia,1882,4779858,16,34641
2024-05-26,Thailand,Asia,1801,4781659,6,34647
2024-06-02,Thailand,Asia,1863,4783522,6,34653
2024-06-09,Thailand,Asia,2762,4786284,5,34658
2024-06-16,Thailand,Asia,2881,4789165,7,34665
2024-06-23,Thailand,Asia,1823,4790988,12,34677
2024-06-30,Thailand,Asia,3256,4794244,16,34693
2024-07-07,Thailand,Asia,1377,4795621,11,34704
2024-07-14,Thailand,Asia,1004,4796625,5,34709
2024-07-21,Thailand,Asia,1067,4797692,3,34712
2024-07-28,Thailand,Asia,928,4798620,2,34714
2024-08-04,Thailand,Asia,560,4799180,1,34715
2024-08-11,Thailand,Asia,519,4799699,4,34719
2024-08-18,Thailand,Asia,435,4800134,1,34720
2024-08-25,Thailand,Asia,258,4800392,0,34720
2024-09-01,Thailand,Asia,569,4800961,1,34721
2020-01-05,United Kingdom of Great Britain and Northern Ireland,Europe,0,0,0,0
2020-01-12,United Kingdom of Great Britain and Northern Ireland,Europe,0,0,0,0
2020-01-19,United Kingdom of Great Britain and Northern Ireland,Europe,0,0,0,0
2020-01-26,United Kingdom of Great Britain and Northern Ireland,Europe,0,0,0,0
2020-02-02,United Kingdom of Great Britain and Northern Ireland,Europe,1,1,1,1
2020-02-09,United Kingdom of Great Britain and Northern Ireland,Europe,20,21,1,2
2020-02-16,United Kingdom of Great Britain and Northern Ireland,Europe,11,32,0,2
2020-02-23,United Kingdom of Great Britain and Northern Ireland,Europe,3,35,0,2
2020-03-01,United Kingdom of Great Britain and Northern Ireland,Europe,33,68,1,3
2020-03-08,United Kingdom of Great Britain and Northern Ireland,Europe,311,379,6,9
2020-03-15,United Kingdom of Great Britain and Northern Ireland,Europe,1901,2280,46,55
2020-03-22,United Kingdom of Great Britain and Northern Ireland,Europe,5455,7735,429,484
2020-03-29,United Kingdom of Great Britain and Northern Ireland,Europe,16046,23781,2005,2489
2020-04-05,United Kingdom of Great Britain and Northern Ireland,Europe,28818,52599,5622,8111
2020-04-12,United Kingdom of Great Britain and Northern Ireland,Europe,32630,85229,8974,17085
2020-04-19,United Kingdom of Great Britain and Northern Ireland,Europe,30969,116198,9082,26167
2020-04-26,United Kingdom of Great Britain and Northern Ireland,Europe,33506,149704,7693,33860
2020-05-03,United Kingdom of Great Britain and Northern Ireland,Europe,31851,181555,5860,39720
2020-05-10,United Kingdom of Great Britain and Northern Ireland,Europe,24027,205582,4508,44228
2020-05-17,United Kingdom of Great Britain and Northern Ireland,Europe,20019,225601,3240,47468
2020-05-24,United Kingdom of Great Britain and Northern Ireland,Europe,16906,242507,2569,50037
2020-05-31,United Kingdom of Great Britain and Northern Ireland,Europe,11713,254220,1966,52003
2020-06-07,United Kingdom of Great Britain and Northern Ireland,Europe,8884,263104,1416,53419
2020-06-14,United Kingdom of Great Britain and Northern Ireland,Europe,7052,270156,1034,54453
2020-06-21,United Kingdom of Great Britain and Northern Ireland,Europe,6892,277048,746,55199
2020-06-28,United Kingdom of Great Britain and Northern Ireland,Europe,5270,282318,635,55834
2020-07-05,United Kingdom of Great Britain and Northern Ireland,Europe,4275,286593,456,56290
2020-07-12,United Kingdom of Great Britain and Northern Ireland,Europe,4283,290876,353,56643
2020-07-19,United Kingdom of Great Britain and Northern Ireland,Europe,4340,295216,253,56896
2020-07-26,United Kingdom of Great Britain and Northern Ireland,Europe,4969,300185,206,57102
2020-08-02,United Kingdom of Great Britain and Northern Ireland,Europe,5524,305709,175,57277
2020-08-09,United Kingdom of Great Britain and Northern Ireland,Europe,6418,312127,145,57422
2020-08-16,United Kingdom of Great Britain and Northern Ireland,Europe,7797,319924,151,57573
2020-08-23,United Kingdom of Great Britain and Northern Ireland,Europe,7728,327652,113,57686
2020-08-30,United Kingdom of Great Britain and Northern Ireland,Europe,8854,336506,100,57786
2020-09-06,United Kingdom of Great Britain and Northern Ireland,Europe,15523,352029,87,57873
2020-09-13,United Kingdom of Great Britain and Northern Ireland,Europe,22634,374663,116,57989
2020-09-20,United Kingdom of Great Britain and Northern Ireland,Europe,25850,400513,189,58178
2020-09-27,United Kingdom of Great Britain and Northern Ireland,Europe,44393,444906,266,58444
2020-10-04,United Kingdom of Great Britain and Northern Ireland,Europe,74110,519016,412,58856
2020-10-11,United Kingdom of Great Britain and Northern Ireland,Europe,110514,629530,588,59444
2020-10-18,United Kingdom of Great Britain and Northern Ireland,Europe,120078,749608,910,60354
2020-10-25,United Kingdom of Great Britain and Northern Ireland,Europe,151561,901169,1455,61809
2020-11-01,United Kingdom of Great Britain and Northern Ireland,Europe,153892,1055061,1994,63803
2020-11-08,United Kingdom of Great Britain and Northern Ireland,Europe,162260,1217321,2558,66361
2020-11-15,United Kingdom of Great Britain and Northern Ireland,Europe,175280,1392601,3039,69400
2020-11-22,United Kingdom of Great Britain and Northern Ireland,Europe,141113,1533714,3296,72696
2020-11-29,United Kingdom of Great Britain and Northern Ireland,Europe,106260,1639974,3432,76128
2020-12-06,United Kingdom of Great Britain and Northern Ireland,Europe,105190,1745164,3287,79415
2020-12-13,United Kingdom of Great Britain and Northern Ireland,Europe,138488,1883652,3216,82631
2020-12-20,United Kingdom of Great Britain and Northern Ireland,Europe,217712,2101364,3617,86248
2020-12-27,United Kingdom of Great Britain and Northern Ireland,Europe,243069,2344433,4227,90475
2021-01-03,United Kingdom of Great Britain and Northern Ireland,Europe,377718,2722151,5231,95706
2021-01-10,United Kingdom of Great Britain and Northern Ireland,Europe,422675,3144826,6625,102331
2021-01-17,United Kingdom of Great Britain and Northern Ireland,Europe,317881,3462707,8794,111125
2021-01-24,United Kingdom of Great Britain and Northern Ireland,Europe,246142,3708849,9723,120848
2021-01-31,United Kingdom of Great Britain and Northern Ireland,Europe,171875,3880724,8572,129420
2021-02-07,United Kingdom of Great Britain and Northern Ireland,Europe,130901,4011625,6655,136075
2021-02-14,United Kingdom of Great Britain and Northern Ireland,Europe,94014,4105639,5060,141135
2021-02-21,United Kingdom of Great Britain and Northern Ireland,Europe,80167,4185806,3864,144999
2021-02-28,United Kingdom of Great Britain and Northern Ireland,Europe,61484,4247290,2644,147643
2021-03-07,United Kingdom of Great Britain and Northern Ireland,Europe,41508,4288798,1801,149444
2021-03-14,United Kingdom of Great Britain and Northern Ireland,Europe,40316,4329114,1256,150700
2021-03-21,United Kingdom of Great Britain and Northern Ireland,Europe,38162,4367276,857,151557
2021-03-28,United Kingdom of Great Britain and Northern Ireland,Europe,37987,4405263,654,152211
2021-04-04,United Kingdom of Great Britain and Northern Ireland,Europe,27123,4432386,428,152639
2021-04-11,United Kingdom of Great Britain and Northern Ireland,Europe,20330,4452716,330,152969
2021-04-18,United Kingdom of Great Britain and Northern Ireland,Europe,17336,4470052,279,153248
2021-04-25,United Kingdom of Great Britain and Northern Ireland,Europe,16722,4486774,228,153476
2021-05-02,United Kingdom of Great Britain and Northern Ireland,Europe,15041,4501815,151,153627
2021-05-09,United Kingdom of Great Britain and Northern Ireland,Europe,14468,4516283,124,153751
2021-05-16,United Kingdom of Great Britain and Northern Ireland,Europe,15509,4531792,104,153855
2021-05-23,United Kingdom of Great Britain and Northern Ireland,Europe,16918,4548710,82,153937
2021-05-30,United Kingdom of Great Britain and Northern Ireland,Europe,22380,4571090,83,154020
2021-06-06,United Kingdom of Great Britain and Northern Ireland,Europe,33779,4604869,84,154104
2021-06-13,United Kingdom of Great Britain and Northern Ireland,Europe,49979,4654848,87,154191
2021-06-20,United Kingdom of Great Britain and Northern Ireland,Europe,67059,4721907,100,154291
2021-06-27,United Kingdom of Great Britain and Northern Ireland,Europe,107478,4829385,133,154424
2021-07-04,United Kingdom of Great Britain and Northern Ireland,Europe,175476,5004861,168,154592
2021-07-11,United Kingdom of Great Britain and Northern Ireland,Europe,225580,5230441,253,154845
2021-07-18,United Kingdom of Great Britain and Northern Ireland,Europe,323274,5553715,328,155173
2021-07-25,United Kingdom of Great Britain and Northern Ireland,Europe,257101,5810816,515,155688
2021-08-01,United Kingdom of Great Britain and Northern Ireland,Europe,188020,5998836,573,156261
2021-08-08,United Kingdom of Great Britain and Northern Ireland,Europe,193901,6192737,651,156912
2021-08-15,United Kingdom of Great Britain and Northern Ireland,Europe,203157,6395894,650,157562
2021-08-22,United Kingdom of Great Britain and Northern Ireland,Europe,232682,6628576,738,158300
2021-08-29,United Kingdom of Great Britain and Northern Ireland,Europe,244811,6873387,852,159152
2021-09-05,United Kingdom of Great Britain and Northern Ireland,Europe,258216,7131603,921,160073
2021-09-12,United Kingdom of Great Britain and Northern Ireland,Europe,246171,7377774,1103,161176
2021-09-19,United Kingdom of Great Britain and Northern Ireland,Europe,203289,7581063,1088,162264
2021-09-26,United Kingdom of Great Britain and Northern Ireland,Europe,242060,7823123,1018,163282
2021-10-03,United Kingdom of Great Britain and Northern Ireland,Europe,235286,8058409,895,164177
2021-10-10,United Kingdom of Great Britain and Northern Ireland,Europe,254728,8313137,840,165017
2021-10-17,United Kingdom of Great Britain and Northern Ireland,Europe,305103,8618240,947,165964
2021-10-24,United Kingdom of Great Britain and Northern Ireland,Europe,329421,8947661,1040,167004
2021-10-31,United Kingdom of Great Britain and Northern Ireland,Europe,285143,9232804,1227,168231
2021-11-07,United Kingdom of Great Britain and Northern Ireland,Europe,251477,9484281,1234,169465
2021-11-14,United Kingdom of Great Britain and Northern Ireland,Europe,266098,9750379,1119,170584
2021-11-21,United Kingdom of Great Britain and Northern Ireland,Europe,295358,10045737,1023,171607
2021-11-28,United Kingdom of Great Britain and Northern Ireland,Europe,301042,10346779,940,172547
2021-12-05,United Kingdom of Great Britain and Northern Ireland,Europe,335799,10682578,941,173488
2021-12-12,United Kingdom of Great Britain and Northern Ireland,Europe,364101,11046679,940,174428
2021-12-19,United Kingdom of Great Britain and Northern Ireland,Europe,606364,11653043,876,175304
2021-12-26,United Kingdom of Great Britain and Northern Ireland,Europe,921736,12574779,855,176159
2022-01-02,United Kingdom of Great Britain and Northern Ireland,Europe,1292071,13866850,985,177144
2022-01-09,United Kingdom of Great Britain and Northern Ireland,Europe,1320332,15187182,1360,178504
2022-01-16,United Kingdom of Great Britain and Northern Ireland,Europe,723565,15910747,1648,180152
2022-01-23,United Kingdom of Great Britain and Northern Ireland,Europe,730232,16640979,1650,181802
2022-01-30,United Kingdom of Great Britain and Northern Ireland,Europe,713559,17354538,1482,183284
2022-02-06,United Kingdom of Great Britain and Northern Ireland,Europe,588540,17943078,1324,184608
2022-02-13,United Kingdom of Great Britain and Northern Ireland,Europe,420192,18363270,1037,185645
2022-02-20,United Kingdom of Great Britain and Northern Ireland,Europe,316060,18679330,947,186592
2022-02-27,United Kingdom of Great Britain and Northern Ireland,Europe,251631,18930961,845,187437
2022-03-06,United Kingdom of Great Britain and Northern Ireland,Europe,277241,19208202,796,188233
2022-03-13,United Kingdom of Great Britain and Northern Ireland,Europe,437488,19645690,778,189011
2022-03-20,United Kingdom of Great Britain and Northern Ireland,Europe,581248,20226938,951,189962
2022-03-27,United Kingdom of Great Britain and Northern Ireland,Europe,606372,20833310,1176,191138
2022-04-03,United Kingdom of Great Britain and Northern Ireland,Europe,478671,21311981,1272,192410
2022-04-10,United Kingdom of Great Britain and Northern Ireland,Europe,299046,21611027,1426,193836
2022-04-17,United Kingdom of Great Britain and Northern Ireland,Europe,209920,21820947,1340,195176
2022-04-24,United Kingdom of Great Britain and Northern Ireland,Europe,146688,21967635,1137,196313
2022-05-01,United Kingdom of Great Britain and Northern Ireland,Europe,94269,22061904,904,197217
2022-05-08,United Kingdom of Great Britain and Northern Ireland,Europe,73460,22135364,712,197929
2022-05-15,United Kingdom of Great Britain and Northern Ireland,Europe,60338,22195702,592,198521
2022-05-22,United Kingdom of Great Britain and Northern Ireland,Europe,52075,22247777,441,198962
2022-05-29,United Kingdom of Great Britain and Northern Ireland,Europe,42463,22290240,346,199308
2022-06-05,United Kingdom of Great Britain and Northern Ireland,Europe,44731,22334971,266,199574
2022-06-12,United Kingdom of Great Britain and Northern Ireland,Europe,74352,22409323,258,199832
2022-06-19,United Kingdom of Great Britain and Northern Ireland,Europe,96164,22505487,299,200131
2022-06-26,United Kingdom of Great Britain and Northern Ireland,Europe,130271,22635758,380,200511
2022-07-03,United Kingdom of Great Britain and Northern Ireland,Europe,160214,22795972,513,201024
2022-07-10,United Kingdom of Great Britain and Northern Ireland,Europe,195623,22991595,679,201703
2022-07-17,United Kingdom of Great Britain and Northern Ireland,Europe,166429,23158024,873,202576
2022-07-24,United Kingdom of Great Britain and Northern Ireland,Europe,110346,23268370,1067,203643
2022-07-31,United Kingdom of Great Britain and Northern Ireland,Europe,74614,23342984,852,204495
2022-08-07,United Kingdom of Great Britain and Northern Ireland,Europe,56953,23399937,649,205144
2022-08-14,United Kingdom of Great Britain and Northern Ireland,Europe,45624,23445561,636,205780
2022-08-21,United Kingdom of Great Britain and Northern Ireland,Europe,35449,23481010,530,206310
2022-08-28,United Kingdom of Great Britain and Northern Ireland,Europe,29390,23510400,425,206735
2022-09-04,United Kingdom of Great Britain and Northern Ireland,Europe,29213,23539613,383,207118
2022-09-11,United Kingdom of Great Britain and Northern Ireland,Europe,28943,23568556,324,207442
2022-09-18,United Kingdom of Great Britain and Northern Ireland,Europe,31812,23600368,305,207747
2022-09-25,United Kingdom of Great Britain and Northern Ireland,Europe,42707,23643075,320,208067
2022-10-02,United Kingdom of Great Britain and Northern Ireland,Europe,53755,23696830,417,208484
2022-10-09,United Kingdom of Great Britain and Northern Ireland,Europe,67496,23764326,617,209101
2022-10-16,United Kingdom of Great Britain and Northern Ireland,Europe,60442,23824768,751,209852
2022-10-23,United Kingdom of Great Britain and Northern Ireland,Europe,52930,23877698,778,210630
2022-10-30,United Kingdom of Great Britain and Northern Ireland,Europe,37668,23915366,725,211355
2022-11-06,United Kingdom of Great Britain and Northern Ireland,Europe,28331,23943697,625,211980
2022-11-13,United Kingdom of Great Britain and Northern Ireland,Europe,23756,23967453,471,212451
2022-11-20,United Kingdom of Great Britain and Northern Ireland,Europe,21872,23989325,398,212849
2022-11-27,United Kingdom of Great Britain and Northern Ireland,Europe,22911,24012236,387,213236
2022-12-04,United Kingdom of Great Britain and Northern Ireland,Europe,26105,24038341,374,213610
2022-12-11,United Kingdom of Great Britain and Northern Ireland,Europe,31048,24069389,450,214060
2022-12-18,United Kingdom of Great Britain and Northern Ireland,Europe,41009,24110398,522,214582
2022-12-25,United Kingdom of Great Britain and Northern Ireland,Europe,48639,24159037,763,215345
2023-01-01,United Kingdom of Great Britain and Northern Ireland,Europe,41644,24200681,971,216316
2023-01-08,United Kingdom of Great Britain and Northern Ireland,Europe,33390,24234071,951,217267
2023-01-15,United Kingdom of Great Britain and Northern Ireland,Europe,19533,24253604,817,218084
2023-01-22,United Kingdom of Great Britain and Northern Ireland,Europe,14136,24267740,679,218763
2023-01-29,United Kingdom of Great Britain and Northern Ireland,Europe,16501,24284241,529,219292
2023-02-05,United Kingdom of Great Britain and Northern Ireland,Europe,21190,24305431,493,219785
2023-02-12,United Kingdom of Great Britain and Northern Ireland,Europe,23225,24328656,475,220260
2023-02-19,United Kingdom of Great Britain and Northern Ireland,Europe,27956,24356612,495,220755
2023-02-26,United Kingdom of Great Britain and Northern Ireland,Europe,27843,24384455,519,221274
2023-03-05,United Kingdom of Great Britain and Northern Ireland,Europe,27238,24411693,582,221856
2023-03-12,United Kingdom of Great Britain and Northern Ireland,Europe,29418,24441111,665,222521
2023-03-19,United Kingdom of Great Britain and Northern Ireland,Europe,33341,24474452,713,223234
2023-03-26,United Kingdom of Great Britain and Northern Ireland,Europe,31649,24506101,739,223973
2023-04-02,United Kingdom of Great Britain and Northern Ireland,Europe,25172,24531273,691,224664
2023-04-09,United Kingdom of Great Britain and Northern Ireland,Europe,16894,24548167,605,225269
2023-04-16,United Kingdom of Great Britain and Northern Ireland,Europe,14917,24563084,550,225819
2023-04-23,United Kingdom of Great Britain and Northern Ireland,Europe,12823,24575907,520,226339
2023-04-30,United Kingdom of Great Britain and Northern Ireland,Europe,11492,24587399,406,226745
2023-05-07,United Kingdom of Great Britain and Northern Ireland,Europe,11103,24598502,354,227099
2023-05-14,United Kingdom of Great Britain and Northern Ireland,Europe,8978,24607480,320,227419
2023-05-21,United Kingdom of Great Britain and Northern Ireland,Europe,7493,24614973,277,227696
2023-05-28,United Kingdom of Great Britain and Northern Ireland,Europe,6759,24621732,236,227932
2023-06-04,United Kingdom of Great Britain and Northern Ireland,Europe,5261,24626993,199,228131
2023-06-11,United Kingdom of Great Britain and Northern Ireland,Europe,4895,24631888,171,228302
2023-06-18,United Kingdom of Great Britain and Northern Ireland,Europe,3620,24635508,187,228489
2023-06-25,United Kingdom of Great Britain and Northern Ireland,Europe,2804,24638312,115,228604
2023-07-02,United Kingdom of Great Britain and Northern Ireland,Europe,2194,24640506,103,228707
2023-07-09,United Kingdom of Great Britain and Northern Ireland,Europe,2455,24642961,75,228782
2023-07-16,United Kingdom of Great Britain and Northern Ireland,Europe,3114,24646075,65,228847
2023-07-23,United Kingdom of Great Britain and Northern Ireland,Europe,3618,24649693,65,228912
2023-07-30,United Kingdom of Great Britain and Northern Ireland,Europe,4677,24654370,84,228996
2023-08-06,United Kingdom of Great Britain and Northern Ireland,Europe,6313,24660683,103,229099
2023-08-13,United Kingdom of Great Britain and Northern Ireland,Europe,7777,24668460,141,229240
2023-08-20,United Kingdom of Great Britain and Northern Ireland,Europe,8546,24677006,206,229446
2023-08-27,United Kingdom of Great Britain and Northern Ireland,Europe,8988,24685994,228,229674
2023-09-03,United Kingdom of Great Britain and Northern Ireland,Europe,10471,24696465,197,229871
2023-09-10,United Kingdom of Great Britain and Northern Ireland,Europe,13933,24710398,287,230158
2023-09-17,United Kingdom of Great Britain and Northern Ireland,Europe,12273,24722671,303,230461
2023-09-24,United Kingdom of Great Britain and Northern Ireland,Europe,13562,24736233,266,230727
2023-10-01,United Kingdom of Great Britain and Northern Ireland,Europe,17422,24753655,289,231016
2023-10-08,United Kingdom of Great Britain and Northern Ireland,Europe,17083,24770738,344,231360
2023-10-15,United Kingdom of Great Britain and Northern Ireland,Europe,13260,24783998,364,231724
2023-10-22,United Kingdom of Great Britain and Northern Ireland,Europe,9271,24793269,388,232112
2023-10-29,United Kingdom of Great Britain and Northern Ireland,Europe,7325,24800594,0,232112
2023-11-05,United Kingdom of Great Britain and Northern Ireland,Europe,6597,24807191,0,232112
2023-11-12,United Kingdom of Great Britain and Northern Ireland,Europe,4868,24812059,0,232112
2023-11-19,United Kingdom of Great Britain and Northern Ireland,Europe,5220,24817279,0,232112
2023-11-26,United Kingdom of Great Britain and Northern Ireland,Europe,4731,24822010,0,232112
2023-12-03,United Kingdom of Great Britain and Northern Ireland,Europe,5389,24827399,0,232112
2023-12-10,United Kingdom of Great Britain and Northern Ireland,Europe,7541,24834940,0,232112
2023-12-17,United Kingdom of Great Britain and Northern Ireland,Europe,9461,24844401,0,232112
2023-12-24,United Kingdom of Great Britain and Northern Ireland,Europe,10703,24855104,0,232112
2023-12-31,United Kingdom of Great Britain and Northern Ireland,Europe,10153,24865257,0,232112
2024-01-07,United Kingdom of Great Britain and Northern Ireland,Europe,8845,24874102,0,232112
2024-01-14,United Kingdom of Great Britain and Northern Ireland,Europe,6753,24880855,0,232112
2024-01-21,United Kingdom of Great Britain and Northern Ireland,Europe,6538,24887393,0,232112
2024-01-28,United Kingdom of Great Britain and Northern Ireland,Europe,6598,24893991,0,232112
2024-02-04,United Kingdom of Great Britain and Northern Ireland,Europe,5155,24899146,0,232112
2024-02-11,United Kingdom of Great Britain and Northern Ireland,Europe,4066,24903212,0,232112
2024-02-18,United Kingdom of Great Britain and Northern Ireland,Europe,2877,24906089,0,232112
2024-02-25,United Kingdom of Great Britain and Northern Ireland,Europe,1977,24908066,0,232112
2024-03-03,United Kingdom of Great Britain and Northern Ireland,Europe,1570,24909636,0,232112
2024-03-10,United Kingdom of Great Britain and Northern Ireland,Europe,1603,24911239,0,232112
2024-03-17,United Kingdom of Great Britain and Northern Ireland,Europe,1717,24912956,0,232112
2024-03-24,United Kingdom of Great Britain and Northern Ireland,Europe,1502,24914458,0,232112
2024-03-31,United Kingdom of Great Britain and Northern Ireland,Europe,1456,24915914,0,232112
2024-04-07,United Kingdom of Great Britain and Northern Ireland,Europe,1577,24917491,0,232112
2024-04-14,United Kingdom of Great Britain and Northern Ireland,Europe,1480,24918971,0,232112
2024-04-21,United Kingdom of Great Britain and Northern Ireland,Europe,1625,24920596,0,232112
2024-04-28,United Kingdom of Great Britain and Northern Ireland,Europe,2051,24922647,0,232112
2024-05-05,United Kingdom of Great Britain and Northern Ireland,Europe,2847,24925494,0,232112
2024-05-12,United Kingdom of Great Britain and Northern Ireland,Europe,2949,24928443,0,232112
2024-05-19,United Kingdom of Great Britain and Northern Ireland,Europe,2597,24931040,0,232112
2024-05-26,United Kingdom of Great Britain and Northern Ireland,Europe,2282,24933322,0,232112
2024-06-02,United Kingdom of Great Britain and Northern Ireland,Europe,2413,24935735,0,232112
2024-06-09,United Kingdom of Great Britain and Northern Ireland,Europe,2872,24938607,0,232112
2024-06-16,United Kingdom of Great Britain and Northern Ireland,Europe,3843,24942450,0,232112
2024-06-23,United Kingdom of Great Britain and Northern Ireland,Europe,4843,24947293,0,232112
2024-06-30,United Kingdom of Great Britain and Northern Ireland,Europe,4848,24952141,0,232112
2024-07-07,United Kingdom of Great Britain and Northern Ireland,Europe,4707,24956848,0,232112
2024-07-14,United Kingdom of Great Britain and Northern Ireland,Europe,5221,24962069,0,232112
2024-07-21,United Kingdom of Great Britain and Northern Ireland,Europe,5042,24967111,0,232112
2024-07-28,United Kingdom of Great Britain and Northern Ireland,Europe,4148,24971259,0,232112
2024-08-04,United Kingdom of Great Britain and Northern Ireland,Europe,3446,24974705,0,232112
2024-08-11,United Kingdom of Great Britain and Northern Ireland,Europe,2557,24977262,0,232112
2024-08-18,United Kingdom of Great Britain and Northern Ireland,Europe,2206,24979468,0,232112
2024-08-25,United Kingdom of Great Britain and Northern Ireland,Europe,1993,24981461,0,232112
2024-09-01,United Kingdom of Great Britain and Northern Ireland,Europe,2169,24983630,0,232112
2020-01-05,Timor-Leste,Asia,0,0,0,0
2020-01-12,Timor-Leste,Asia,0,0,0,0
2020-01-19,Timor-Leste,Asia,0,0,0,0
2020-01-26,Timor-Leste,Asia,0,0,0,0
2020-02-02,Timor-Leste,Asia,0,0,0,0
2020-02-09,Timor-Leste,Asia,0,0,0,0
2020-02-16,Timor-Leste,Asia,0,0,0,0
2020-02-23,Timor-Leste,Asia,0,0,0,0
2020-03-01,Timor-Leste,Asia,0,0,0,0
2020-03-08,Timor-Leste,Asia,0,0,0,0
2020-03-15,Timor-Leste,Asia,0,0,0,0
2020-03-22,Timor-Leste,Asia,1,1,0,0
2020-03-29,Timor-Leste,Asia,0,1,0,0
2020-04-05,Timor-Leste,Asia,0,1,0,0
2020-04-12,Timor-Leste,Asia,1,2,0,0
2020-04-19,Timor-Leste,Asia,17,19,0,0
2020-04-26,Timor-Leste,Asia,5,24,0,0
2020-05-03,Timor-Leste,Asia,0,24,0,0
2020-05-10,Timor-Leste,Asia,0,24,0,0
2020-05-17,Timor-Leste,Asia,0,24,0,0
2020-05-24,Timor-Leste,Asia,0,24,0,0
2020-05-31,Timor-Leste,Asia,0,24,0,0
2020-06-07,Timor-Leste,Asia,0,24,0,0
2020-06-14,Timor-Leste,Asia,0,24,0,0
2020-06-21,Timor-Leste,Asia,0,24,0,0
2020-06-28,Timor-Leste,Asia,0,24,0,0
2020-07-05,Timor-Leste,Asia,0,24,0,0
2020-07-12,Timor-Leste,Asia,0,24,0,0
2020-07-19,Timor-Leste,Asia,0,24,0,0
2020-07-26,Timor-Leste,Asia,0,24,0,0
2020-08-02,Timor-Leste,Asia,0,24,0,0
2020-08-09,Timor-Leste,Asia,1,25,0,0
2020-08-16,Timor-Leste,Asia,0,25,0,0
2020-08-23,Timor-Leste,Asia,1,26,0,0
2020-08-30,Timor-Leste,Asia,1,27,0,0
2020-09-06,Timor-Leste,Asia,0,27,0,0
2020-09-13,Timor-Leste,Asia,0,27,0,0
2020-09-20,Timor-Leste,Asia,0,27,0,0
2020-09-27,Timor-Leste,Asia,0,27,0,0
2020-10-04,Timor-Leste,Asia,1,28,0,0
2020-10-11,Timor-Leste,Asia,1,29,0,0
2020-10-18,Timor-Leste,Asia,0,29,0,0
2020-10-25,Timor-Leste,Asia,0,29,0,0
2020-11-01,Timor-Leste,Asia,1,30,0,0
2020-11-08,Timor-Leste,Asia,0,30,0,0
2020-11-15,Timor-Leste,Asia,0,30,0,0
2020-11-22,Timor-Leste,Asia,0,30,0,0
2020-11-29,Timor-Leste,Asia,0,30,0,0
2020-12-06,Timor-Leste,Asia,1,31,0,0
2020-12-13,Timor-Leste,Asia,0,31,0,0
2020-12-20,Timor-Leste,Asia,0,31,0,0
2020-12-27,Timor-Leste,Asia,10,41,0,0
2021-01-03,Timor-Leste,Asia,3,44,0,0
2021-01-10,Timor-Leste,Asia,5,49,0,0
2021-01-17,Timor-Leste,Asia,3,52,0,0
2021-01-24,Timor-Leste,Asia,15,67,0,0
2021-01-31,Timor-Leste,Asia,3,70,0,0
2021-02-07,Timor-Leste,Asia,10,80,0,0
2021-02-14,Timor-Leste,Asia,22,102,0,0
2021-02-21,Timor-Leste,Asia,1,103,0,0
2021-02-28,Timor-Leste,Asia,10,113,0,0
2021-03-07,Timor-Leste,Asia,9,122,0,0
2021-03-14,Timor-Leste,Asia,74,196,0,0
2021-03-21,Timor-Leste,Asia,130,326,0,0
2021-03-28,Timor-Leste,Asia,165,491,0,0
2021-04-04,Timor-Leste,Asia,223,714,0,0
2021-04-11,Timor-Leste,Asia,332,1046,1,1
2021-04-18,Timor-Leste,Asia,260,1306,1,2
2021-04-25,Timor-Leste,Asia,591,1897,1,3
2021-05-02,Timor-Leste,Asia,547,2444,1,4
2021-05-09,Timor-Leste,Asia,783,3227,1,5
2021-05-16,Timor-Leste,Asia,1231,4458,5,10
2021-05-23,Timor-Leste,Asia,1179,5637,3,13
2021-05-30,Timor-Leste,Asia,1260,6897,3,16
2021-06-06,Timor-Leste,Asia,843,7740,1,17
2021-06-13,Timor-Leste,Asia,545,8285,1,18
2021-06-20,Timor-Leste,Asia,422,8707,1,19
2021-06-27,Timor-Leste,Asia,328,9035,2,21
2021-07-04,Timor-Leste,Asia,441,9476,3,24
2021-07-11,Timor-Leste,Asia,347,9823,1,25
2021-07-18,Timor-Leste,Asia,305,10128,1,26
2021-07-25,Timor-Leste,Asia,220,10348,0,26
2021-08-01,Timor-Leste,Asia,618,10966,0,26
2021-08-08,Timor-Leste,Asia,563,11529,1,27
2021-08-15,Timor-Leste,Asia,1036,12565,3,30
2021-08-22,Timor-Leste,Asia,1651,14216,18,48
2021-08-29,Timor-Leste,Asia,2186,16402,14,62
2021-09-05,Timor-Leste,Asia,1216,17618,18,80
2021-09-12,Timor-Leste,Asia,897,18515,15,95
2021-09-19,Timor-Leste,Asia,518,19033,9,104
2021-09-26,Timor-Leste,Asia,349,19382,9,113
2021-10-03,Timor-Leste,Asia,200,19582,5,118
2021-10-10,Timor-Leste,Asia,91,19673,1,119
2021-10-17,Timor-Leste,Asia,41,19714,0,119
2021-10-24,Timor-Leste,Asia,56,19770,2,121
2021-10-31,Timor-Leste,Asia,20,19790,1,122
2021-11-07,Timor-Leste,Asia,9,19799,0,122
2021-11-14,Timor-Leste,Asia,10,19809,0,122
2021-11-21,Timor-Leste,Asia,10,19819,0,122
2021-11-28,Timor-Leste,Asia,3,19822,0,122
2021-12-05,Timor-Leste,Asia,6,19828,0,122
2021-12-12,Timor-Leste,Asia,1,19829,0,122
2021-12-19,Timor-Leste,Asia,4,19833,0,122
2021-12-26,Timor-Leste,Asia,0,19833,0,122
2022-01-02,Timor-Leste,Asia,6,19839,0,122
2022-01-09,Timor-Leste,Asia,17,19856,0,122
2022-01-16,Timor-Leste,Asia,7,19863,0,122
2022-01-23,Timor-Leste,Asia,5,19868,0,122
2022-01-30,Timor-Leste,Asia,69,19937,0,122
2022-02-06,Timor-Leste,Asia,466,20403,0,122
2022-02-13,Timor-Leste,Asia,1228,21631,2,124
2022-02-20,Timor-Leste,Asia,727,22358,1,125
2022-02-27,Timor-Leste,Asia,310,22668,3,128
2022-03-06,Timor-Leste,Asia,91,22759,1,129
2022-03-13,Timor-Leste,Asia,32,22791,0,129
2022-03-20,Timor-Leste,Asia,14,22805,1,130
2022-03-27,Timor-Leste,Asia,16,22821,0,130
2022-04-03,Timor-Leste,Asia,11,22832,0,130
2022-04-10,Timor-Leste,Asia,10,22842,0,130
2022-04-17,Timor-Leste,Asia,11,22853,0,130
2022-04-24,Timor-Leste,Asia,7,22860,0,130
2022-05-01,Timor-Leste,Asia,11,22871,0,130
2022-05-08,Timor-Leste,Asia,14,22885,0,130
2022-05-15,Timor-Leste,Asia,4,22889,1,131
2022-05-22,Timor-Leste,Asia,6,22895,0,131
2022-05-29,Timor-Leste,Asia,17,22912,0,131
2022-06-05,Timor-Leste,Asia,13,22925,0,131
2022-06-12,Timor-Leste,Asia,8,22933,2,133
2022-06-19,Timor-Leste,Asia,11,22944,0,133
2022-06-26,Timor-Leste,Asia,7,22951,0,133
2022-07-03,Timor-Leste,Asia,8,22959,0,133
2022-07-10,Timor-Leste,Asia,12,22971,0,133
2022-07-17,Timor-Leste,Asia,7,22978,0,133
2022-07-24,Timor-Leste,Asia,8,22986,0,133
2022-07-31,Timor-Leste,Asia,18,23004,0,133
2022-08-07,Timor-Leste,Asia,35,23039,1,134
2022-08-14,Timor-Leste,Asia,44,23083,1,135
2022-08-21,Timor-Leste,Asia,33,23116,0,135
2022-08-28,Timor-Leste,Asia,44,23160,2,137
2022-09-04,Timor-Leste,Asia,25,23185,1,138
2022-09-11,Timor-Leste,Asia,33,23218,0,138
2022-09-18,Timor-Leste,Asia,21,23239,0,138
2022-09-25,Timor-Leste,Asia,14,23253,0,138
2022-10-02,Timor-Leste,Asia,4,23257,0,138
2022-10-09,Timor-Leste,Asia,14,23271,0,138
2022-10-16,Timor-Leste,Asia,16,23287,0,138
2022-10-23,Timor-Leste,Asia,12,23299,0,138
2022-10-30,Timor-Leste,Asia,2,23301,0,138
2022-11-06,Timor-Leste,Asia,4,23305,0,138
2022-11-13,Timor-Leste,Asia,9,23314,0,138
2022-11-20,Timor-Leste,Asia,13,23327,0,138
2022-11-27,Timor-Leste,Asia,11,23338,0,138
2022-12-04,Timor-Leste,Asia,17,23355,0,138
2022-12-11,Timor-Leste,Asia,14,23369,0,138
2022-12-18,Timor-Leste,Asia,16,23385,0,138
2022-12-25,Timor-Leste,Asia,3,23388,0,138
2023-01-01,Timor-Leste,Asia,9,23397,0,138
2023-01-08,Timor-Leste,Asia,6,23403,0,138
2023-01-15,Timor-Leste,Asia,2,23405,0,138
2023-01-22,Timor-Leste,Asia,5,23410,0,138
2023-01-29,Timor-Leste,Asia,4,23414,0,138
2023-02-05,Timor-Leste,Asia,2,23416,0,138
2023-02-12,Timor-Leste,Asia,1,23417,0,138
2023-02-19,Timor-Leste,Asia,1,23418,0,138
2023-02-26,Timor-Leste,Asia,0,23418,0,138
2023-03-05,Timor-Leste,Asia,1,23419,0,138
2023-03-12,Timor-Leste,Asia,0,23419,0,138
2023-03-19,Timor-Leste,Asia,2,23421,0,138
2023-03-26,Timor-Leste,Asia,2,23423,0,138
2023-04-02,Timor-Leste,Asia,0,23423,0,138
2023-04-09,Timor-Leste,Asia,0,23423,0,138
2023-04-16,Timor-Leste,Asia,2,23425,0,138
2023-04-23,Timor-Leste,Asia,2,23427,0,138
2023-04-30,Timor-Leste,Asia,1,23428,0,138
2023-05-07,Timor-Leste,Asia,3,23431,0,138
2023-05-14,Timor-Leste,Asia,11,23442,0,138
2023-05-21,Timor-Leste,Asia,1,23443,0,138
2023-05-28,Timor-Leste,Asia,5,23448,0,138
2023-06-04,Timor-Leste,Asia,2,23450,0,138
2023-06-11,Timor-Leste,Asia,6,23456,0,138
2023-06-18,Timor-Leste,Asia,0,23456,0,138
2023-06-25,Timor-Leste,Asia,1,23457,0,138
2023-07-02,Timor-Leste,Asia,0,23457,0,138
2023-07-09,Timor-Leste,Asia,1,23458,0,138
2023-07-16,Timor-Leste,Asia,2,23460,0,138
2023-07-23,Timor-Leste,Asia,0,23460,0,138
2023-07-30,Timor-Leste,Asia,0,23460,0,138
2023-08-06,Timor-Leste,Asia,0,23460,0,138
2023-08-13,Timor-Leste,Asia,0,23460,0,138
2023-08-20,Timor-Leste,Asia,0,23460,0,138
2023-08-27,Timor-Leste,Asia,0,23460,0,138
2023-09-03,Timor-Leste,Asia,0,23460,0,138
2023-09-10,Timor-Leste,Asia,0,23460,0,138
2023-09-17,Timor-Leste,Asia,0,23460,0,138
2023-09-24,Timor-Leste,Asia,0,23460,0,138
2023-10-01,Timor-Leste,Asia,0,23460,0,138
2023-10-08,Timor-Leste,Asia,0,23460,0,138
2023-10-15,Timor-Leste,Asia,0,23460,0,138
2023-10-22,Timor-Leste,Asia,0,23460,0,138
2023-10-29,Timor-Leste,Asia,0,23460,0,138
2023-11-05,Timor-Leste,Asia,0,23460,0,138
2023-11-12,Timor-Leste,Asia,0,23460,0,138
2023-11-19,Timor-Leste,Asia,0,23460,0,138
2023-11-26,Timor-Leste,Asia,0,23460,0,138
2023-12-03,Timor-Leste,Asia,0,23460,0,138
2023-12-10,Timor-Leste,Asia,0,23460,0,138
2023-12-17,Timor-Leste,Asia,0,23460,0,138
2023-12-24,Timor-Leste,Asia,0,23460,0,138
2023-12-31,Timor-Leste,Asia,0,23460,0,138
2024-01-07,Timor-Leste,Asia,0,23460,0,138
2024-01-14,Timor-Leste,Asia,0,23460,0,138
2024-01-21,Timor-Leste,Asia,0,23460,0,138
2024-01-28,Timor-Leste,Asia,0,23460,0,138
2024-02-04,Timor-Leste,Asia,0,23460,0,138
2024-02-11,Timor-Leste,Asia,0,23460,0,138
2024-02-18,Timor-Leste,Asia,0,23460,0,138
2024-02-25,Timor-Leste,Asia,0,23460,0,138
2024-03-03,Timor-Leste,Asia,0,23460,0,138
2024-03-10,Timor-Leste,Asia,0,23460,0,138
2024-03-17,Timor-Leste,Asia,0,23460,0,138
2024-03-24,Timor-Leste,Asia,0,23460,0,138
2024-03-31,Timor-Leste,Asia,0,23460,0,138
2024-04-07,Timor-Leste,Asia,0,23460,0,138
2024-04-14,Timor-Leste,Asia,0,23460,0,138
2024-04-21,Timor-Leste,Asia,0,23460,0,138
2024-04-28,Timor-Leste,Asia,0,23460,0,138
2024-05-05,Timor-Leste,Asia,0,23460,0,138
2024-05-12,Timor-Leste,Asia,0,23460,0,138
2024-05-19,Timor-Leste,Asia,0,23460,0,138
2024-05-26,Timor-Leste,Asia,0,23460,0,138
2024-06-02,Timor-Leste,Asia,0,23460,0,138
2024-06-09,Timor-Leste,Asia,0,23460,0,138
2024-06-16,Timor-Leste,Asia,0,23460,0,138
2024-06-23,Timor-Leste,Asia,0,23460,0,138
2024-06-30,Timor-Leste,Asia,0,23460,0,138
2024-07-07,Timor-Leste,Asia,0,23460,0,138
2024-07-14,Timor-Leste,Asia,0,23460,0,138
2024-07-21,Timor-Leste,Asia,0,23460,0,138
2024-07-28,Timor-Leste,Asia,0,23460,0,138
2024-08-04,Timor-Leste,Asia,0,23460,0,138
2024-08-11,Timor-Leste,Asia,0,23460,0,138
2024-08-18,Timor-Leste,Asia,0,23460,0,138
2024-08-25,Timor-Leste,Asia,0,23460,0,138
2024-09-01,Timor-Leste,Asia,0,23460,0,138
2020-01-05,Togo,Africa,0,0,0,0
2020-01-12,Togo,Africa,0,0,0,0
2020-01-19,Togo,Africa,0,0,0,0
2020-01-26,Togo,Africa,0,0,0,0
2020-02-02,Togo,Africa,0,0,0,0
2020-02-09,Togo,Africa,0,0,0,0
2020-02-16,Togo,Africa,0,0,0,0
2020-02-23,Togo,Africa,0,0,0,0
2020-03-01,Togo,Africa,0,0,0,0
2020-03-08,Togo,Africa,1,1,0,0
2020-03-15,Togo,Africa,0,1,0,0
2020-03-22,Togo,Africa,14,15,0,0
2020-03-29,Togo,Africa,13,28,1,1
2020-04-05,Togo,Africa,13,41,2,3
2020-04-12,Togo,Africa,35,76,0,3
2020-04-19,Togo,Africa,8,84,2,5
2020-04-26,Togo,Africa,12,96,1,6
2020-05-03,Togo,Africa,27,123,3,9
2020-05-10,Togo,Africa,50,173,2,11
2020-05-17,Togo,Africa,125,298,0,11
2020-05-24,Togo,Africa,75,373,1,12
2020-05-31,Togo,Africa,60,433,1,13
2020-06-07,Togo,Africa,54,487,0,13
2020-06-14,Togo,Africa,38,525,0,13
2020-06-21,Togo,Africa,36,561,0,13
2020-06-28,Togo,Africa,54,615,1,14
2020-07-05,Togo,Africa,61,676,0,14
2020-07-12,Togo,Africa,42,718,1,15
2020-07-19,Togo,Africa,56,774,0,15
2020-07-26,Togo,Africa,79,853,2,17
2020-08-02,Togo,Africa,105,958,2,19
2020-08-09,Togo,Africa,88,1046,3,22
2020-08-16,Togo,Africa,85,1131,5,27
2020-08-23,Togo,Africa,144,1275,0,27
2020-08-30,Togo,Africa,115,1390,0,27
2020-09-06,Togo,Africa,84,1474,5,32
2020-09-13,Togo,Africa,81,1555,5,37
2020-09-20,Togo,Africa,104,1659,4,41
2020-09-27,Togo,Africa,77,1736,5,46
2020-10-04,Togo,Africa,104,1840,2,48
2020-10-11,Togo,Africa,95,1935,1,49
2020-10-18,Togo,Africa,114,2049,2,51
2020-10-25,Togo,Africa,138,2187,1,52
2020-11-01,Togo,Africa,144,2331,5,57
2020-11-08,Togo,Africa,152,2483,0,57
2020-11-15,Togo,Africa,168,2651,3,60
2020-11-22,Togo,Africa,178,2829,4,64
2020-11-29,Togo,Africa,117,2946,0,64
2020-12-06,Togo,Africa,139,3085,1,65
2020-12-13,Togo,Africa,136,3221,1,66
2020-12-20,Togo,Africa,175,3396,0,66
2020-12-27,Togo,Africa,159,3555,2,68
2021-01-03,Togo,Africa,128,3683,0,68
2021-01-10,Togo,Africa,249,3932,4,72
2021-01-17,Togo,Africa,340,4272,1,73
2021-01-24,Togo,Africa,364,4636,1,74
2021-01-31,Togo,Africa,405,5041,3,77
2021-02-07,Togo,Africa,395,5436,2,79
2021-02-14,Togo,Africa,387,5823,1,80
2021-02-21,Togo,Africa,445,6268,1,81
2021-02-28,Togo,Africa,583,6851,2,83
2021-03-07,Togo,Africa,670,7521,7,90
2021-03-14,Togo,Africa,549,8070,5,95
2021-03-21,Togo,Africa,769,8839,7,102
2021-03-28,Togo,Africa,988,9827,5,107
2021-04-04,Togo,Africa,1237,11064,3,110
2021-04-11,Togo,Africa,883,11947,6,116
2021-04-18,Togo,Africa,549,12496,3,119
2021-04-25,Togo,Africa,291,12787,2,121
2021-05-02,Togo,Africa,205,12992,2,123
2021-05-09,Togo,Africa,149,13141,1,124
2021-05-16,Togo,Africa,103,13244,1,125
2021-05-23,Togo,Africa,119,13363,0,125
2021-05-30,Togo,Africa,84,13447,0,125
2021-06-06,Togo,Africa,86,13533,0,125
2021-06-13,Togo,Africa,87,13620,1,126
2021-06-20,Togo,Africa,95,13715,1,127
2021-06-27,Togo,Africa,101,13816,1,128
2021-07-04,Togo,Africa,223,14039,2,130
2021-07-11,Togo,Africa,193,14232,3,133
2021-07-18,Togo,Africa,370,14602,4,137
2021-07-25,Togo,Africa,470,15072,6,143
2021-08-01,Togo,Africa,726,15798,9,152
2021-08-08,Togo,Africa,930,16728,5,157
2021-08-15,Togo,Africa,1118,17846,8,165
2021-08-22,Togo,Africa,1645,19491,7,172
2021-08-29,Togo,Africa,1546,21037,8,180
2021-09-05,Togo,Africa,1407,22444,14,194
2021-09-12,Togo,Africa,1174,23618,11,205
2021-09-19,Togo,Africa,901,24519,8,213
2021-09-26,Togo,Africa,644,25163,9,222
2021-10-03,Togo,Africa,372,25535,11,233
2021-10-10,Togo,Africa,225,25760,2,235
2021-10-17,Togo,Africa,126,25886,3,238
2021-10-24,Togo,Africa,103,25989,4,242
2021-10-31,Togo,Africa,79,26068,0,242
2021-11-07,Togo,Africa,46,26114,1,243
2021-11-14,Togo,Africa,38,26152,0,243
2021-11-21,Togo,Africa,53,26205,0,243
2021-11-28,Togo,Africa,38,26243,0,243
2021-12-05,Togo,Africa,48,26291,0,243
2021-12-12,Togo,Africa,98,26389,0,243
2021-12-19,Togo,Africa,213,26602,1,244
2021-12-26,Togo,Africa,1390,27992,2,246
2022-01-02,Togo,Africa,3173,31165,2,248
2022-01-09,Togo,Africa,2750,33915,5,253
2022-01-16,Togo,Africa,1936,35851,8,261
2022-01-23,Togo,Africa,429,36280,5,266
2022-01-30,Togo,Africa,207,36487,2,268
2022-02-06,Togo,Africa,70,36557,0,268
2022-02-13,Togo,Africa,77,36634,2,270
2022-02-20,Togo,Africa,90,36724,1,271
2022-02-27,Togo,Africa,74,36798,1,272
2022-03-06,Togo,Africa,23,36821,0,272
2022-03-13,Togo,Africa,29,36850,0,272
2022-03-20,Togo,Africa,28,36878,0,272
2022-03-27,Togo,Africa,33,36911,0,272
2022-04-03,Togo,Africa,32,36943,0,272
2022-04-10,Togo,Africa,14,36957,0,272
2022-04-17,Togo,Africa,6,36963,1,273
2022-04-24,Togo,Africa,14,36977,0,273
2022-05-01,Togo,Africa,12,36989,0,273
2022-05-08,Togo,Africa,11,37000,0,273
2022-05-15,Togo,Africa,23,37023,0,273
2022-05-22,Togo,Africa,21,37044,0,273
2022-05-29,Togo,Africa,35,37079,0,273
2022-06-05,Togo,Africa,47,37126,0,273
2022-06-12,Togo,Africa,63,37189,0,273
2022-06-19,Togo,Africa,58,37247,0,273
2022-06-26,Togo,Africa,81,37328,2,275
2022-07-03,Togo,Africa,140,37468,0,275
2022-07-10,Togo,Africa,140,37608,0,275
2022-07-17,Togo,Africa,190,37798,0,275
2022-07-24,Togo,Africa,158,37956,1,276
2022-07-31,Togo,Africa,128,38084,4,280
2022-08-07,Togo,Africa,108,38192,1,281
2022-08-14,Togo,Africa,93,38285,0,281
2022-08-21,Togo,Africa,70,38355,1,282
2022-08-28,Togo,Africa,82,38437,0,282
2022-09-04,Togo,Africa,102,38539,1,283
2022-09-11,Togo,Africa,100,38639,1,284
2022-09-18,Togo,Africa,128,38767,0,284
2022-09-25,Togo,Africa,196,38963,0,284
2022-10-02,Togo,Africa,123,39086,1,285
2022-10-09,Togo,Africa,103,39189,1,286
2022-10-16,Togo,Africa,63,39252,1,287
2022-10-23,Togo,Africa,32,39284,2,289
2022-10-30,Togo,Africa,14,39298,1,290
2022-11-06,Togo,Africa,13,39311,0,290
2022-11-13,Togo,Africa,8,39319,0,290
2022-11-20,Togo,Africa,4,39323,0,290
2022-11-27,Togo,Africa,3,39326,0,290
2022-12-04,Togo,Africa,6,39332,0,290
2022-12-11,Togo,Africa,5,39337,0,290
2022-12-18,Togo,Africa,2,39339,0,290
2022-12-25,Togo,Africa,2,39341,0,290
2023-01-01,Togo,Africa,3,39344,0,290
2023-01-08,Togo,Africa,5,39349,0,290
2023-01-15,Togo,Africa,2,39351,0,290
2023-01-22,Togo,Africa,2,39353,0,290
2023-01-29,Togo,Africa,1,39354,0,290
2023-02-05,Togo,Africa,2,39356,0,290
2023-02-12,Togo,Africa,6,39362,0,290
2023-02-19,Togo,Africa,5,39367,0,290
2023-02-26,Togo,Africa,8,39375,0,290
2023-03-05,Togo,Africa,17,39392,0,290
2023-03-12,Togo,Africa,15,39407,0,290
2023-03-19,Togo,Africa,14,39421,0,290
2023-03-26,Togo,Africa,20,39441,0,290
2023-04-02,Togo,Africa,17,39458,0,290
2023-04-09,Togo,Africa,10,39468,0,290
2023-04-16,Togo,Africa,3,39471,0,290
2023-04-23,Togo,Africa,5,39476,0,290
2023-04-30,Togo,Africa,10,39486,0,290
2023-05-07,Togo,Africa,4,39490,0,290
2023-05-14,Togo,Africa,1,39491,0,290
2023-05-21,Togo,Africa,5,39496,0,290
2023-05-28,Togo,Africa,3,39499,0,290
2023-06-04,Togo,Africa,0,39499,0,290
2023-06-11,Togo,Africa,1,39500,0,290
2023-06-18,Togo,Africa,3,39503,0,290
2023-06-25,Togo,Africa,1,39504,0,290
2023-07-02,Togo,Africa,2,39506,0,290
2023-07-09,Togo,Africa,0,39506,0,290
2023-07-16,Togo,Africa,1,39507,0,290
2023-07-23,Togo,Africa,3,39510,0,290
2023-07-30,Togo,Africa,0,39510,0,290
2023-08-06,Togo,Africa,1,39511,0,290
2023-08-13,Togo,Africa,2,39513,0,290
2023-08-20,Togo,Africa,0,39513,0,290
2023-08-27,Togo,Africa,1,39514,0,290
2023-09-03,Togo,Africa,0,39514,0,290
2023-09-10,Togo,Africa,0,39514,0,290
2023-09-17,Togo,Africa,2,39516,0,290
2023-09-24,Togo,Africa,2,39518,0,290
2023-10-01,Togo,Africa,4,39522,0,290
2023-10-08,Togo,Africa,2,39524,0,290
2023-10-15,Togo,Africa,1,39525,0,290
2023-10-22,Togo,Africa,2,39527,0,290
2023-10-29,Togo,Africa,0,39527,0,290
2023-11-05,Togo,Africa,0,39527,0,290
2023-11-12,Togo,Africa,0,39527,0,290
2023-11-19,Togo,Africa,0,39527,0,290
2023-11-26,Togo,Africa,0,39527,0,290
2023-12-03,Togo,Africa,0,39527,0,290
2023-12-10,Togo,Africa,0,39527,0,290
2023-12-17,Togo,Africa,0,39527,0,290
2023-12-24,Togo,Africa,0,39527,0,290
2023-12-31,Togo,Africa,0,39527,0,290
2024-01-07,Togo,Africa,0,39527,0,290
2024-01-14,Togo,Africa,0,39527,0,290
2024-01-21,Togo,Africa,0,39527,0,290
2024-01-28,Togo,Africa,0,39527,0,290
2024-02-04,Togo,Africa,0,39527,0,290
2024-02-11,Togo,Africa,0,39527,0,290
2024-02-18,Togo,Africa,0,39527,0,290
2024-02-25,Togo,Africa,0,39527,0,290
2024-03-03,Togo,Africa,0,39527,0,290
2024-03-10,Togo,Africa,0,39527,0,290
2024-03-17,Togo,Africa,1,39528,0,290
2024-03-24,Togo,Africa,0,39528,0,290
2024-03-31,Togo,Africa,0,39528,0,290
2024-04-07,Togo,Africa,1,39529,0,290
2024-04-14,Togo,Africa,0,39529,0,290
2024-04-21,Togo,Africa,1,39530,0,290
2024-04-28,Togo,Africa,0,39530,0,290
2024-05-05,Togo,Africa,0,39530,0,290
2024-05-12,Togo,Africa,0,39530,0,290
2024-05-19,Togo,Africa,0,39530,0,290
2024-05-26,Togo,Africa,0,39530,0,290
2024-06-02,Togo,Africa,0,39530,0,290
2024-06-09,Togo,Africa,0,39530,0,290
2024-06-16,Togo,Africa,0,39530,0,290
2024-06-23,Togo,Africa,0,39530,0,290
2024-06-30,Togo,Africa,0,39530,0,290
2024-07-07,Togo,Africa,0,39530,0,290
2024-07-14,Togo,Africa,0,39530,0,290
2024-07-21,Togo,Africa,0,39530,0,290
2024-07-28,Togo,Africa,0,39530,0,290
2024-08-04,Togo,Africa,0,39530,0,290
2024-08-11,Togo,Africa,0,39530,0,290
2024-08-18,Togo,Africa,0,39530,0,290
2024-08-25,Togo,Africa,0,39530,0,290
2024-09-01,Togo,Africa,0,39530,0,290
2020-01-05,Tokelau,Oceania,0,0,0,0
2020-01-12,Tokelau,Oceania,0,0,0,0
2020-01-19,Tokelau,Oceania,0,0,0,0
2020-01-26,Tokelau,Oceania,0,0,0,0
2020-02-02,Tokelau,Oceania,0,0,0,0
2020-02-09,Tokelau,Oceania,0,0,0,0
2020-02-16,Tokelau,Oceania,0,0,0,0
2020-02-23,Tokelau,Oceania,0,0,0,0
2020-03-01,Tokelau,Oceania,0,0,0,0
2020-03-08,Tokelau,Oceania,0,0,0,0
2020-03-15,Tokelau,Oceania,0,0,0,0
2020-03-22,Tokelau,Oceania,0,0,0,0
2020-03-29,Tokelau,Oceania,0,0,0,0
2020-04-05,Tokelau,Oceania,0,0,0,0
2020-04-12,Tokelau,Oceania,0,0,0,0
2020-04-19,Tokelau,Oceania,0,0,0,0
2020-04-26,Tokelau,Oceania,0,0,0,0
2020-05-03,Tokelau,Oceania,0,0,0,0
2020-05-10,Tokelau,Oceania,0,0,0,0
2020-05-17,Tokelau,Oceania,0,0,0,0
2020-05-24,Tokelau,Oceania,0,0,0,0
2020-05-31,Tokelau,Oceania,0,0,0,0
2020-06-07,Tokelau,Oceania,0,0,0,0
2020-06-14,Tokelau,Oceania,0,0,0,0
2020-06-21,Tokelau,Oceania,0,0,0,0
2020-06-28,Tokelau,Oceania,0,0,0,0
2020-07-05,Tokelau,Oceania,0,0,0,0
2020-07-12,Tokelau,Oceania,0,0,0,0
2020-07-19,Tokelau,Oceania,0,0,0,0
2020-07-26,Tokelau,Oceania,0,0,0,0
2020-08-02,Tokelau,Oceania,0,0,0,0
2020-08-09,Tokelau,Oceania,0,0,0,0
2020-08-16,Tokelau,Oceania,0,0,0,0
2020-08-23,Tokelau,Oceania,0,0,0,0
2020-08-30,Tokelau,Oceania,0,0,0,0
2020-09-06,Tokelau,Oceania,0,0,0,0
2020-09-13,Tokelau,Oceania,0,0,0,0
2020-09-20,Tokelau,Oceania,0,0,0,0
2020-09-27,Tokelau,Oceania,0,0,0,0
2020-10-04,Tokelau,Oceania,0,0,0,0
2020-10-11,Tokelau,Oceania,0,0,0,0
2020-10-18,Tokelau,Oceania,0,0,0,0
2020-10-25,Tokelau,Oceania,0,0,0,0
2020-11-01,Tokelau,Oceania,0,0,0,0
2020-11-08,Tokelau,Oceania,0,0,0,0
2020-11-15,Tokelau,Oceania,0,0,0,0
2020-11-22,Tokelau,Oceania,0,0,0,0
2020-11-29,Tokelau,Oceania,0,0,0,0
2020-12-06,Tokelau,Oceania,0,0,0,0
2020-12-13,Tokelau,Oceania,0,0,0,0
2020-12-20,Tokelau,Oceania,0,0,0,0
2020-12-27,Tokelau,Oceania,0,0,0,0
2021-01-03,Tokelau,Oceania,0,0,0,0
2021-01-10,Tokelau,Oceania,0,0,0,0
2021-01-17,Tokelau,Oceania,0,0,0,0
2021-01-24,Tokelau,Oceania,0,0,0,0
2021-01-31,Tokelau,Oceania,0,0,0,0
2021-02-07,Tokelau,Oceania,0,0,0,0
2021-02-14,Tokelau,Oceania,0,0,0,0
2021-02-21,Tokelau,Oceania,0,0,0,0
2021-02-28,Tokelau,Oceania,0,0,0,0
2021-03-07,Tokelau,Oceania,0,0,0,0
2021-03-14,Tokelau,Oceania,0,0,0,0
2021-03-21,Tokelau,Oceania,0,0,0,0
2021-03-28,Tokelau,Oceania,0,0,0,0
2021-04-04,Tokelau,Oceania,0,0,0,0
2021-04-11,Tokelau,Oceania,0,0,0,0
2021-04-18,Tokelau,Oceania,0,0,0,0
2021-04-25,Tokelau,Oceania,0,0,0,0
2021-05-02,Tokelau,Oceania,0,0,0,0
2021-05-09,Tokelau,Oceania,0,0,0,0
2021-05-16,Tokelau,Oceania,0,0,0,0
2021-05-23,Tokelau,Oceania,0,0,0,0
2021-05-30,Tokelau,Oceania,0,0,0,0
2021-06-06,Tokelau,Oceania,0,0,0,0
2021-06-13,Tokelau,Oceania,0,0,0,0
2021-06-20,Tokelau,Oceania,0,0,0,0
2021-06-27,Tokelau,Oceania,0,0,0,0
2021-07-04,Tokelau,Oceania,0,0,0,0
2021-07-11,Tokelau,Oceania,0,0,0,0
2021-07-18,Tokelau,Oceania,0,0,0,0
2021-07-25,Tokelau,Oceania,0,0,0,0
2021-08-01,Tokelau,Oceania,0,0,0,0
2021-08-08,Tokelau,Oceania,0,0,0,0
2021-08-15,Tokelau,Oceania,0,0,0,0
2021-08-22,Tokelau,Oceania,0,0,0,0
2021-08-29,Tokelau,Oceania,0,0,0,0
2021-09-05,Tokelau,Oceania,0,0,0,0
2021-09-12,Tokelau,Oceania,0,0,0,0
2021-09-19,Tokelau,Oceania,0,0,0,0
2021-09-26,Tokelau,Oceania,0,0,0,0
2021-10-03,Tokelau,Oceania,0,0,0,0
2021-10-10,Tokelau,Oceania,0,0,0,0
2021-10-17,Tokelau,Oceania,0,0,0,0
2021-10-24,Tokelau,Oceania,0,0,0,0
2021-10-31,Tokelau,Oceania,0,0,0,0
2021-11-07,Tokelau,Oceania,0,0,0,0
2021-11-14,Tokelau,Oceania,0,0,0,0
2021-11-21,Tokelau,Oceania,0,0,0,0
2021-11-28,Tokelau,Oceania,0,0,0,0
2021-12-05,Tokelau,Oceania,0,0,0,0
2021-12-12,Tokelau,Oceania,0,0,0,0
2021-12-19,Tokelau,Oceania,0,0,0,0
2021-12-26,Tokelau,Oceania,0,0,0,0
2022-01-02,Tokelau,Oceania,0,0,0,0
2022-01-09,Tokelau,Oceania,0,0,0,0
2022-01-16,Tokelau,Oceania,0,0,0,0
2022-01-23,Tokelau,Oceania,0,0,0,0
2022-01-30,Tokelau,Oceania,0,0,0,0
2022-02-06,Tokelau,Oceania,0,0,0,0
2022-02-13,Tokelau,Oceania,0,0,0,0
2022-02-20,Tokelau,Oceania,0,0,0,0
2022-02-27,Tokelau,Oceania,0,0,0,0
2022-03-06,Tokelau,Oceania,0,0,0,0
2022-03-13,Tokelau,Oceania,0,0,0,0
2022-03-20,Tokelau,Oceania,0,0,0,0
2022-03-27,Tokelau,Oceania,0,0,0,0
2022-04-03,Tokelau,Oceania,0,0,0,0
2022-04-10,Tokelau,Oceania,0,0,0,0
2022-04-17,Tokelau,Oceania,0,0,0,0
2022-04-24,Tokelau,Oceania,0,0,0,0
2022-05-01,Tokelau,Oceania,0,0,0,0
2022-05-08,Tokelau,Oceania,0,0,0,0
2022-05-15,Tokelau,Oceania,0,0,0,0
2022-05-22,Tokelau,Oceania,0,0,0,0
2022-05-29,Tokelau,Oceania,0,0,0,0
2022-06-05,Tokelau,Oceania,0,0,0,0
2022-06-12,Tokelau,Oceania,0,0,0,0
2022-06-19,Tokelau,Oceania,0,0,0,0
2022-06-26,Tokelau,Oceania,0,0,0,0
2022-07-03,Tokelau,Oceania,0,0,0,0
2022-07-10,Tokelau,Oceania,0,0,0,0
2022-07-17,Tokelau,Oceania,0,0,0,0
2022-07-24,Tokelau,Oceania,0,0,0,0
2022-07-31,Tokelau,Oceania,0,0,0,0
2022-08-07,Tokelau,Oceania,0,0,0,0
2022-08-14,Tokelau,Oceania,0,0,0,0
2022-08-21,Tokelau,Oceania,0,0,0,0
2022-08-28,Tokelau,Oceania,0,0,0,0
2022-09-04,Tokelau,Oceania,0,0,0,0
2022-09-11,Tokelau,Oceania,0,0,0,0
2022-09-18,Tokelau,Oceania,0,0,0,0
2022-09-25,Tokelau,Oceania,0,0,0,0
2022-10-02,Tokelau,Oceania,0,0,0,0
2022-10-09,Tokelau,Oceania,0,0,0,0
2022-10-16,Tokelau,Oceania,0,0,0,0
2022-10-23,Tokelau,Oceania,0,0,0,0
2022-10-30,Tokelau,Oceania,0,0,0,0
2022-11-06,Tokelau,Oceania,0,0,0,0
2022-11-13,Tokelau,Oceania,0,0,0,0
2022-11-20,Tokelau,Oceania,0,0,0,0
2022-11-27,Tokelau,Oceania,0,0,0,0
2022-12-04,Tokelau,Oceania,0,0,0,0
2022-12-11,Tokelau,Oceania,0,0,0,0
2022-12-18,Tokelau,Oceania,5,5,0,0
2022-12-25,Tokelau,Oceania,0,5,0,0
2023-01-01,Tokelau,Oceania,0,5,0,0
2023-01-08,Tokelau,Oceania,0,5,0,0
2023-01-15,Tokelau,Oceania,0,5,0,0
2023-01-22,Tokelau,Oceania,0,5,0,0
2023-01-29,Tokelau,Oceania,0,5,0,0
2023-02-05,Tokelau,Oceania,0,5,0,0
2023-02-12,Tokelau,Oceania,0,5,0,0
2023-02-19,Tokelau,Oceania,0,5,0,0
2023-02-26,Tokelau,Oceania,0,5,0,0
2023-03-05,Tokelau,Oceania,0,5,0,0
2023-03-12,Tokelau,Oceania,0,5,0,0
2023-03-19,Tokelau,Oceania,0,5,0,0
2023-03-26,Tokelau,Oceania,0,5,0,0
2023-04-02,Tokelau,Oceania,0,5,0,0
2023-04-09,Tokelau,Oceania,0,5,0,0
2023-04-16,Tokelau,Oceania,0,5,0,0
2023-04-23,Tokelau,Oceania,0,5,0,0
2023-04-30,Tokelau,Oceania,0,5,0,0
2023-05-07,Tokelau,Oceania,0,5,0,0
2023-05-14,Tokelau,Oceania,0,5,0,0
2023-05-21,Tokelau,Oceania,0,5,0,0
2023-05-28,Tokelau,Oceania,0,5,0,0
2023-06-04,Tokelau,Oceania,0,5,0,0
2023-06-11,Tokelau,Oceania,0,5,0,0
2023-06-18,Tokelau,Oceania,0,5,0,0
2023-06-25,Tokelau,Oceania,14,19,0,0
2023-07-02,Tokelau,Oceania,4,23,0,0
2023-07-09,Tokelau,Oceania,18,41,0,0
2023-07-16,Tokelau,Oceania,39,80,0,0
2023-07-23,Tokelau,Oceania,0,80,0,0
2023-07-30,Tokelau,Oceania,0,80,0,0
2023-08-06,Tokelau,Oceania,0,80,0,0
2023-08-13,Tokelau,Oceania,0,80,0,0
2023-08-20,Tokelau,Oceania,0,80,0,0
2023-08-27,Tokelau,Oceania,0,80,0,0
2023-09-03,Tokelau,Oceania,0,80,0,0
2023-09-10,Tokelau,Oceania,0,80,0,0
2023-09-17,Tokelau,Oceania,0,80,0,0
2023-09-24,Tokelau,Oceania,0,80,0,0
2023-10-01,Tokelau,Oceania,0,80,0,0
2023-10-08,Tokelau,Oceania,0,80,0,0
2023-10-15,Tokelau,Oceania,0,80,0,0
2023-10-22,Tokelau,Oceania,0,80,0,0
2023-10-29,Tokelau,Oceania,0,80,0,0
2023-11-05,Tokelau,Oceania,0,80,0,0
2023-11-12,Tokelau,Oceania,0,80,0,0
2023-11-19,Tokelau,Oceania,0,80,0,0
2023-11-26,Tokelau,Oceania,0,80,0,0
2023-12-03,Tokelau,Oceania,0,80,0,0
2023-12-10,Tokelau,Oceania,0,80,0,0
2023-12-17,Tokelau,Oceania,0,80,0,0
2023-12-24,Tokelau,Oceania,0,80,0,0
2023-12-31,Tokelau,Oceania,0,80,0,0
2024-01-07,Tokelau,Oceania,0,80,0,0
2024-01-14,Tokelau,Oceania,0,80,0,0
2024-01-21,Tokelau,Oceania,0,80,0,0
2024-01-28,Tokelau,Oceania,0,80,0,0
2024-02-04,Tokelau,Oceania,0,80,0,0
2024-02-11,Tokelau,Oceania,0,80,0,0
2024-02-18,Tokelau,Oceania,0,80,0,0
2024-02-25,Tokelau,Oceania,0,80,0,0
2024-03-03,Tokelau,Oceania,0,80,0,0
2024-03-10,Tokelau,Oceania,0,80,0,0
2024-03-17,Tokelau,Oceania,0,80,0,0
2024-03-24,Tokelau,Oceania,0,80,0,0
2024-03-31,Tokelau,Oceania,0,80,0,0
2024-04-07,Tokelau,Oceania,0,80,0,0
2024-04-14,Tokelau,Oceania,0,80,0,0
2024-04-21,Tokelau,Oceania,0,80,0,0
2024-04-28,Tokelau,Oceania,0,80,0,0
2024-05-05,Tokelau,Oceania,0,80,0,0
2024-05-12,Tokelau,Oceania,0,80,0,0
2024-05-19,Tokelau,Oceania,0,80,0,0
2024-05-26,Tokelau,Oceania,0,80,0,0
2024-06-02,Tokelau,Oceania,0,80,0,0
2024-06-09,Tokelau,Oceania,0,80,0,0
2024-06-16,Tokelau,Oceania,0,80,0,0
2024-06-23,Tokelau,Oceania,0,80,0,0
2024-06-30,Tokelau,Oceania,0,80,0,0
2024-07-07,Tokelau,Oceania,0,80,0,0
2024-07-14,Tokelau,Oceania,0,80,0,0
2024-07-21,Tokelau,Oceania,0,80,0,0
2024-07-28,Tokelau,Oceania,0,80,0,0
2024-08-04,Tokelau,Oceania,0,80,0,0
2024-08-11,Tokelau,Oceania,0,80,0,0
2024-08-18,Tokelau,Oceania,0,80,0,0
2024-08-25,Tokelau,Oceania,0,80,0,0
2024-09-01,Tokelau,Oceania,0,80,0,0
2020-01-05,Tonga,Oceania,0,0,0,0
2020-01-12,Tonga,Oceania,0,0,0,0
2020-01-19,Tonga,Oceania,0,0,0,0
2020-01-26,Tonga,Oceania,0,0,0,0
2020-02-02,Tonga,Oceania,0,0,0,0
2020-02-09,Tonga,Oceania,0,0,0,0
2020-02-16,Tonga,Oceania,0,0,0,0
2020-02-23,Tonga,Oceania,0,0,0,0
2020-03-01,Tonga,Oceania,0,0,0,0
2020-03-08,Tonga,Oceania,0,0,0,0
2020-03-15,Tonga,Oceania,0,0,0,0
2020-03-22,Tonga,Oceania,0,0,0,0
2020-03-29,Tonga,Oceania,0,0,0,0
2020-04-05,Tonga,Oceania,0,0,0,0
2020-04-12,Tonga,Oceania,0,0,0,0
2020-04-19,Tonga,Oceania,0,0,0,0
2020-04-26,Tonga,Oceania,0,0,0,0
2020-05-03,Tonga,Oceania,0,0,0,0
2020-05-10,Tonga,Oceania,0,0,0,0
2020-05-17,Tonga,Oceania,0,0,0,0
2020-05-24,Tonga,Oceania,0,0,0,0
2020-05-31,Tonga,Oceania,0,0,0,0
2020-06-07,Tonga,Oceania,0,0,0,0
2020-06-14,Tonga,Oceania,0,0,0,0
2020-06-21,Tonga,Oceania,0,0,0,0
2020-06-28,Tonga,Oceania,0,0,0,0
2020-07-05,Tonga,Oceania,0,0,0,0
2020-07-12,Tonga,Oceania,0,0,0,0
2020-07-19,Tonga,Oceania,0,0,0,0
2020-07-26,Tonga,Oceania,0,0,0,0
2020-08-02,Tonga,Oceania,0,0,0,0
2020-08-09,Tonga,Oceania,0,0,0,0
2020-08-16,Tonga,Oceania,0,0,0,0
2020-08-23,Tonga,Oceania,0,0,0,0
2020-08-30,Tonga,Oceania,0,0,0,0
2020-09-06,Tonga,Oceania,0,0,0,0
2020-09-13,Tonga,Oceania,0,0,0,0
2020-09-20,Tonga,Oceania,0,0,0,0
2020-09-27,Tonga,Oceania,0,0,0,0
2020-10-04,Tonga,Oceania,0,0,0,0
2020-10-11,Tonga,Oceania,0,0,0,0
2020-10-18,Tonga,Oceania,0,0,0,0
2020-10-25,Tonga,Oceania,0,0,0,0
2020-11-01,Tonga,Oceania,0,0,0,0
2020-11-08,Tonga,Oceania,0,0,0,0
2020-11-15,Tonga,Oceania,0,0,0,0
2020-11-22,Tonga,Oceania,0,0,0,0
2020-11-29,Tonga,Oceania,0,0,0,0
2020-12-06,Tonga,Oceania,0,0,0,0
2020-12-13,Tonga,Oceania,0,0,0,0
2020-12-20,Tonga,Oceania,0,0,0,0
2020-12-27,Tonga,Oceania,0,0,0,0
2021-01-03,Tonga,Oceania,0,0,0,0
2021-01-10,Tonga,Oceania,0,0,0,0
2021-01-17,Tonga,Oceania,0,0,0,0
2021-01-24,Tonga,Oceania,0,0,0,0
2021-01-31,Tonga,Oceania,0,0,0,0
2021-02-07,Tonga,Oceania,0,0,0,0
2021-02-14,Tonga,Oceania,0,0,0,0
2021-02-21,Tonga,Oceania,0,0,0,0
2021-02-28,Tonga,Oceania,0,0,0,0
2021-03-07,Tonga,Oceania,0,0,0,0
2021-03-14,Tonga,Oceania,0,0,0,0
2021-03-21,Tonga,Oceania,0,0,0,0
2021-03-28,Tonga,Oceania,0,0,0,0
2021-04-04,Tonga,Oceania,0,0,0,0
2021-04-11,Tonga,Oceania,0,0,0,0
2021-04-18,Tonga,Oceania,0,0,0,0
2021-04-25,Tonga,Oceania,0,0,0,0
2021-05-02,Tonga,Oceania,0,0,0,0
2021-05-09,Tonga,Oceania,0,0,0,0
2021-05-16,Tonga,Oceania,0,0,0,0
2021-05-23,Tonga,Oceania,0,0,0,0
2021-05-30,Tonga,Oceania,0,0,0,0
2021-06-06,Tonga,Oceania,0,0,0,0
2021-06-13,Tonga,Oceania,0,0,0,0
2021-06-20,Tonga,Oceania,0,0,0,0
2021-06-27,Tonga,Oceania,0,0,0,0
2021-07-04,Tonga,Oceania,0,0,0,0
2021-07-11,Tonga,Oceania,0,0,0,0
2021-07-18,Tonga,Oceania,0,0,0,0
2021-07-25,Tonga,Oceania,0,0,0,0
2021-08-01,Tonga,Oceania,0,0,0,0
2021-08-08,Tonga,Oceania,0,0,0,0
2021-08-15,Tonga,Oceania,0,0,0,0
2021-08-22,Tonga,Oceania,0,0,0,0
2021-08-29,Tonga,Oceania,0,0,0,0
2021-09-05,Tonga,Oceania,0,0,0,0
2021-09-12,Tonga,Oceania,0,0,0,0
2021-09-19,Tonga,Oceania,0,0,0,0
2021-09-26,Tonga,Oceania,0,0,0,0
2021-10-03,Tonga,Oceania,0,0,0,0
2021-10-10,Tonga,Oceania,0,0,0,0
2021-10-17,Tonga,Oceania,0,0,0,0
2021-10-24,Tonga,Oceania,0,0,0,0
2021-10-31,Tonga,Oceania,1,1,0,0
2021-11-07,Tonga,Oceania,0,1,0,0
2021-11-14,Tonga,Oceania,0,1,0,0
2021-11-21,Tonga,Oceania,0,1,0,0
2021-11-28,Tonga,Oceania,0,1,0,0
2021-12-05,Tonga,Oceania,0,1,0,0
2021-12-12,Tonga,Oceania,0,1,0,0
2021-12-19,Tonga,Oceania,0,1,0,0
2021-12-26,Tonga,Oceania,0,1,0,0
2022-01-02,Tonga,Oceania,0,1,0,0
2022-01-09,Tonga,Oceania,0,1,0,0
2022-01-16,Tonga,Oceania,0,1,0,0
2022-01-23,Tonga,Oceania,0,1,0,0
2022-01-30,Tonga,Oceania,0,1,0,0
2022-02-06,Tonga,Oceania,20,21,0,0
2022-02-13,Tonga,Oceania,120,141,0,0
2022-02-20,Tonga,Oceania,90,231,0,0
2022-02-27,Tonga,Oceania,124,355,0,0
2022-03-06,Tonga,Oceania,647,1002,0,0
2022-03-13,Tonga,Oceania,861,1863,2,2
2022-03-20,Tonga,Oceania,1555,3418,0,2
2022-03-27,Tonga,Oceania,2173,5591,0,2
2022-04-03,Tonga,Oceania,1536,7127,7,9
2022-04-10,Tonga,Oceania,804,7931,0,9
2022-04-17,Tonga,Oceania,1094,9025,2,11
2022-04-24,Tonga,Oceania,528,9553,0,11
2022-05-01,Tonga,Oceania,643,10196,0,11
2022-05-08,Tonga,Oceania,569,10765,0,11
2022-05-15,Tonga,Oceania,352,11117,0,11
2022-05-22,Tonga,Oceania,371,11488,0,11
2022-05-29,Tonga,Oceania,156,11644,1,12
2022-06-05,Tonga,Oceania,125,11769,0,12
2022-06-12,Tonga,Oceania,140,11909,0,12
2022-06-19,Tonga,Oceania,170,12079,0,12
2022-06-26,Tonga,Oceania,222,12301,0,12
2022-07-03,Tonga,Oceania,0,12301,0,12
2022-07-10,Tonga,Oceania,81,12382,0,12
2022-07-17,Tonga,Oceania,57,12439,0,12
2022-07-24,Tonga,Oceania,76,12515,0,12
2022-07-31,Tonga,Oceania,39,12554,0,12
2022-08-07,Tonga,Oceania,0,12554,0,12
2022-08-14,Tonga,Oceania,851,13405,0,12
2022-08-21,Tonga,Oceania,730,14135,0,12
2022-08-28,Tonga,Oceania,1100,15235,0,12
2022-09-04,Tonga,Oceania,947,16182,0,12
2022-09-11,Tonga,Oceania,0,16182,0,12
2022-09-18,Tonga,Oceania,0,16182,0,12
2022-09-25,Tonga,Oceania,0,16182,0,12
2022-10-02,Tonga,Oceania,0,16182,0,12
2022-10-09,Tonga,Oceania,0,16182,0,12
2022-10-16,Tonga,Oceania,0,16182,0,12
2022-10-23,Tonga,Oceania,0,16182,0,12
2022-10-30,Tonga,Oceania,0,16182,0,12
2022-11-06,Tonga,Oceania,0,16182,0,12
2022-11-13,Tonga,Oceania,0,16182,0,12
2022-11-20,Tonga,Oceania,0,16182,0,12
2022-11-27,Tonga,Oceania,29,16211,0,12
2022-12-04,Tonga,Oceania,0,16211,0,12
2022-12-11,Tonga,Oceania,0,16211,0,12
2022-12-18,Tonga,Oceania,0,16211,0,12
2022-12-25,Tonga,Oceania,201,16412,0,12
2023-01-01,Tonga,Oceania,75,16487,0,12
2023-01-08,Tonga,Oceania,103,16590,0,12
2023-01-15,Tonga,Oceania,0,16590,0,12
2023-01-22,Tonga,Oceania,82,16672,0,12
2023-01-29,Tonga,Oceania,62,16734,0,12
2023-02-05,Tonga,Oceania,45,16779,0,12
2023-02-12,Tonga,Oceania,16,16795,0,12
2023-02-19,Tonga,Oceania,6,16801,0,12
2023-02-26,Tonga,Oceania,6,16807,0,12
2023-03-05,Tonga,Oceania,3,16810,0,12
2023-03-12,Tonga,Oceania,2,16812,0,12
2023-03-19,Tonga,Oceania,1,16813,0,12
2023-03-26,Tonga,Oceania,1,16814,0,12
2023-04-02,Tonga,Oceania,0,16814,0,12
2023-04-09,Tonga,Oceania,0,16814,0,12
2023-04-16,Tonga,Oceania,0,16814,0,12
2023-04-23,Tonga,Oceania,0,16814,0,12
2023-04-30,Tonga,Oceania,0,16814,0,12
2023-05-07,Tonga,Oceania,2,16816,0,12
2023-05-14,Tonga,Oceania,1,16817,0,12
2023-05-21,Tonga,Oceania,0,16817,0,12
2023-05-28,Tonga,Oceania,0,16817,0,12
2023-06-04,Tonga,Oceania,0,16817,0,12
2023-06-11,Tonga,Oceania,0,16817,0,12
2023-06-18,Tonga,Oceania,1,16818,0,12
2023-06-25,Tonga,Oceania,1,16819,0,12
2023-07-02,Tonga,Oceania,0,16819,0,12
2023-07-09,Tonga,Oceania,0,16819,0,12
2023-07-16,Tonga,Oceania,0,16819,0,12
2023-07-23,Tonga,Oceania,0,16819,0,12
2023-07-30,Tonga,Oceania,0,16819,0,12
2023-08-06,Tonga,Oceania,0,16819,0,12
2023-08-13,Tonga,Oceania,2,16821,0,12
2023-08-20,Tonga,Oceania,0,16821,0,12
2023-08-27,Tonga,Oceania,0,16821,0,12
2023-09-03,Tonga,Oceania,0,16821,0,12
2023-09-10,Tonga,Oceania,0,16821,0,12
2023-09-17,Tonga,Oceania,4,16825,0,12
2023-09-24,Tonga,Oceania,0,16825,0,12
2023-10-01,Tonga,Oceania,0,16825,0,12
2023-10-08,Tonga,Oceania,2,16827,0,12
2023-10-15,Tonga,Oceania,12,16839,0,12
2023-10-22,Tonga,Oceania,7,16846,0,12
2023-10-29,Tonga,Oceania,14,16860,0,12
2023-11-05,Tonga,Oceania,5,16865,0,12
2023-11-12,Tonga,Oceania,11,16876,0,12
2023-11-19,Tonga,Oceania,12,16888,0,12
2023-11-26,Tonga,Oceania,0,16888,0,12
2023-12-03,Tonga,Oceania,0,16888,0,12
2023-12-10,Tonga,Oceania,0,16888,0,12
2023-12-17,Tonga,Oceania,0,16888,0,12
2023-12-24,Tonga,Oceania,0,16888,0,12
2023-12-31,Tonga,Oceania,61,16949,0,12
2024-01-07,Tonga,Oceania,1,16950,0,12
2024-01-14,Tonga,Oceania,2,16952,0,12
2024-01-21,Tonga,Oceania,1,16953,0,12
2024-01-28,Tonga,Oceania,1,16954,0,12
2024-02-04,Tonga,Oceania,0,16954,0,12
2024-02-11,Tonga,Oceania,0,16954,0,12
2024-02-18,Tonga,Oceania,1,16955,0,12
2024-02-25,Tonga,Oceania,0,16955,0,12
2024-03-03,Tonga,Oceania,2,16957,0,12
2024-03-10,Tonga,Oceania,1,16958,0,12
2024-03-17,Tonga,Oceania,0,16958,0,12
2024-03-24,Tonga,Oceania,0,16958,0,12
2024-03-31,Tonga,Oceania,0,16958,0,12
2024-04-07,Tonga,Oceania,0,16958,0,12
2024-04-14,Tonga,Oceania,0,16958,0,12
2024-04-21,Tonga,Oceania,0,16958,0,12
2024-04-28,Tonga,Oceania,0,16958,0,12
2024-05-05,Tonga,Oceania,0,16958,0,12
2024-05-12,Tonga,Oceania,0,16958,0,12
2024-05-19,Tonga,Oceania,0,16958,0,12
2024-05-26,Tonga,Oceania,0,16958,0,12
2024-06-02,Tonga,Oceania,8,16966,0,12
2024-06-09,Tonga,Oceania,0,16966,0,12
2024-06-16,Tonga,Oceania,0,16966,0,12
2024-06-23,Tonga,Oceania,3,16969,0,12
2024-06-30,Tonga,Oceania,1,16970,0,12
2024-07-07,Tonga,Oceania,0,16970,0,12
2024-07-14,Tonga,Oceania,3,16973,0,12
2024-07-21,Tonga,Oceania,3,16976,0,12
2024-07-28,Tonga,Oceania,0,16976,0,12
2024-08-04,Tonga,Oceania,0,16976,0,12
2024-08-11,Tonga,Oceania,13,16989,1,13
2024-08-18,Tonga,Oceania,0,16989,0,13
2024-08-25,Tonga,Oceania,2,16991,0,13
2024-09-01,Tonga,Oceania,1,16992,0,13
2020-01-05,Trinidad and Tobago,North America,0,0,0,0
2020-01-12,Trinidad and Tobago,North America,0,0,0,0
2020-01-19,Trinidad and Tobago,North America,0,0,0,0
2020-01-26,Trinidad and Tobago,North America,0,0,0,0
2020-02-02,Trinidad and Tobago,North America,0,0,0,0
2020-02-09,Trinidad and Tobago,North America,0,0,0,0
2020-02-16,Trinidad and Tobago,North America,0,0,0,0
2020-02-23,Trinidad and Tobago,North America,0,0,0,0
2020-03-01,Trinidad and Tobago,North America,0,0,0,0
2020-03-08,Trinidad and Tobago,North America,0,0,0,0
2020-03-15,Trinidad and Tobago,North America,1,1,0,0
2020-03-22,Trinidad and Tobago,North America,8,9,0,0
2020-03-29,Trinidad and Tobago,North America,65,74,2,2
2020-04-05,Trinidad and Tobago,North America,26,100,4,6
2020-04-12,Trinidad and Tobago,North America,9,109,2,8
2020-04-19,Trinidad and Tobago,North America,5,114,0,8
2020-04-26,Trinidad and Tobago,North America,1,115,0,8
2020-05-03,Trinidad and Tobago,North America,1,116,0,8
2020-05-10,Trinidad and Tobago,North America,0,116,0,8
2020-05-17,Trinidad and Tobago,North America,0,116,0,8
2020-05-24,Trinidad and Tobago,North America,0,116,0,8
2020-05-31,Trinidad and Tobago,North America,0,116,0,8
2020-06-07,Trinidad and Tobago,North America,1,117,0,8
2020-06-14,Trinidad and Tobago,North America,0,117,0,8
2020-06-21,Trinidad and Tobago,North America,6,123,0,8
2020-06-28,Trinidad and Tobago,North America,1,124,0,8
2020-07-05,Trinidad and Tobago,North America,6,130,0,8
2020-07-12,Trinidad and Tobago,North America,3,133,0,8
2020-07-19,Trinidad and Tobago,North America,3,136,0,8
2020-07-26,Trinidad and Tobago,North America,11,147,0,8
2020-08-02,Trinidad and Tobago,North America,26,173,0,8
2020-08-09,Trinidad and Tobago,North America,52,225,0,8
2020-08-16,Trinidad and Tobago,North America,249,474,2,10
2020-08-23,Trinidad and Tobago,North America,425,899,3,13
2020-08-30,Trinidad and Tobago,North America,678,1577,6,19
2020-09-06,Trinidad and Tobago,North America,565,2142,13,32
2020-09-13,Trinidad and Tobago,North America,750,2892,18,50
2020-09-20,Trinidad and Tobago,North America,847,3739,10,60
2020-09-27,Trinidad and Tobago,North America,546,4285,10,70
2020-10-04,Trinidad and Tobago,North America,424,4709,8,78
2020-10-11,Trinidad and Tobago,North America,312,5021,11,89
2020-10-18,Trinidad and Tobago,North America,220,5241,6,95
2020-10-25,Trinidad and Tobago,North America,246,5487,9,104
2020-11-01,Trinidad and Tobago,North America,181,5668,3,107
2020-11-08,Trinidad and Tobago,North America,130,5798,4,111
2020-11-15,Trinidad and Tobago,North America,182,5980,0,111
2020-11-22,Trinidad and Tobago,North America,281,6261,2,113
2020-11-29,Trinidad and Tobago,North America,325,6586,5,118
2020-12-06,Trinidad and Tobago,North America,149,6735,3,121
2020-12-13,Trinidad and Tobago,North America,117,6852,1,122
2020-12-20,Trinidad and Tobago,North America,103,6955,1,123
2020-12-27,Trinidad and Tobago,North America,142,7097,2,125
2021-01-03,Trinidad and Tobago,North America,61,7158,2,127
2021-01-10,Trinidad and Tobago,North America,61,7219,0,127
2021-01-17,Trinidad and Tobago,North America,124,7343,3,130
2021-01-24,Trinidad and Tobago,North America,113,7456,3,133
2021-01-31,Trinidad and Tobago,North America,77,7533,1,134
2021-02-07,Trinidad and Tobago,North America,74,7607,1,135
2021-02-14,Trinidad and Tobago,North America,30,7637,2,137
2021-02-21,Trinidad and Tobago,North America,29,7666,2,139
2021-02-28,Trinidad and Tobago,North America,38,7704,0,139
2021-03-07,Trinidad and Tobago,North America,25,7729,0,139
2021-03-14,Trinidad and Tobago,North America,40,7769,1,140
2021-03-21,Trinidad and Tobago,North America,52,7821,0,140
2021-03-28,Trinidad and Tobago,North America,118,7939,1,141
2021-04-04,Trinidad and Tobago,North America,177,8116,4,145
2021-04-11,Trinidad and Tobago,North America,207,8323,0,145
2021-04-18,Trinidad and Tobago,North America,419,8742,5,150
2021-04-25,Trinidad and Tobago,North America,745,9487,7,157
2021-05-02,Trinidad and Tobago,North America,1337,10824,12,169
2021-05-09,Trinidad and Tobago,North America,1896,12720,27,196
2021-05-16,Trinidad and Tobago,North America,2659,15379,69,265
2021-05-23,Trinidad and Tobago,North America,3556,18935,83,348
2021-05-30,Trinidad and Tobago,North America,3685,22620,110,458
2021-06-06,Trinidad and Tobago,North America,3181,25801,98,556
2021-06-13,Trinidad and Tobago,North America,2305,28106,88,644
2021-06-20,Trinidad and Tobago,North America,2077,30183,69,713
2021-06-27,Trinidad and Tobago,North America,1592,31775,78,791
2021-07-04,Trinidad and Tobago,North America,1378,33153,75,866
2021-07-11,Trinidad and Tobago,North America,1249,34402,64,930
2021-07-18,Trinidad and Tobago,North America,1277,35679,52,982
2021-07-25,Trinidad and Tobago,North America,1386,37065,44,1026
2021-08-01,Trinidad and Tobago,North America,1492,38557,44,1070
2021-08-08,Trinidad and Tobago,North America,1278,39835,53,1123
2021-08-15,Trinidad and Tobago,North America,1693,41528,44,1167
2021-08-22,Trinidad and Tobago,North America,1311,42839,48,1215
2021-08-29,Trinidad and Tobago,North America,1160,43999,52,1267
2021-09-05,Trinidad and Tobago,North America,1301,45300,51,1318
2021-09-12,Trinidad and Tobago,North America,1435,46735,41,1359
2021-09-19,Trinidad and Tobago,North America,1408,48143,46,1405
2021-09-26,Trinidad and Tobago,North America,1545,49688,36,1441
2021-10-03,Trinidad and Tobago,North America,1215,50903,48,1489
2021-10-10,Trinidad and Tobago,North America,1360,52263,47,1536
2021-10-17,Trinidad and Tobago,North America,1426,53689,48,1584
2021-10-24,Trinidad and Tobago,North America,1514,55203,49,1633
2021-10-31,Trinidad and Tobago,North America,1918,57121,49,1682
2021-11-07,Trinidad and Tobago,North America,1460,58581,71,1753
2021-11-14,Trinidad and Tobago,North America,2938,61519,75,1828
2021-11-21,Trinidad and Tobago,North America,3374,64893,91,1919
2021-11-28,Trinidad and Tobago,North America,4115,69008,142,2061
2021-12-05,Trinidad and Tobago,North America,4751,73759,154,2215
2021-12-12,Trinidad and Tobago,North America,5478,79237,146,2361
2021-12-19,Trinidad and Tobago,North America,5556,84793,199,2560
2021-12-26,Trinidad and Tobago,North America,4151,88944,158,2718
2022-01-02,Trinidad and Tobago,North America,2955,91899,151,2869
2022-01-09,Trinidad and Tobago,North America,4656,96555,178,3047
2022-01-16,Trinidad and Tobago,North America,3225,99780,109,3156
2022-01-23,Trinidad and Tobago,North America,6189,105969,130,3286
2022-01-30,Trinidad and Tobago,North America,4772,110741,95,3381
2022-02-06,Trinidad and Tobago,North America,3157,113898,67,3448
2022-02-13,Trinidad and Tobago,North America,5328,119226,59,3507
2022-02-20,Trinidad and Tobago,North America,3931,123157,55,3562
2022-02-27,Trinidad and Tobago,North America,3777,126934,55,3617
2022-03-06,Trinidad and Tobago,North America,3029,129963,35,3652
2022-03-13,Trinidad and Tobago,North America,2420,132383,24,3676
2022-03-20,Trinidad and Tobago,North America,2062,134445,28,3704
2022-03-27,Trinidad and Tobago,North America,2116,136561,25,3729
2022-04-03,Trinidad and Tobago,North America,1598,138159,25,3754
2022-04-10,Trinidad and Tobago,North America,1814,139973,20,3774
2022-04-17,Trinidad and Tobago,North America,1880,141853,24,3798
2022-04-24,Trinidad and Tobago,North America,2031,143884,13,3811
2022-05-01,Trinidad and Tobago,North America,3566,147450,13,3824
2022-05-08,Trinidad and Tobago,North America,3031,150481,21,3845
2022-05-15,Trinidad and Tobago,North America,2990,153471,21,3866
2022-05-22,Trinidad and Tobago,North America,3892,157363,24,3890
2022-05-29,Trinidad and Tobago,North America,3130,160493,13,3903
2022-06-05,Trinidad and Tobago,North America,1948,162441,24,3927
2022-06-12,Trinidad and Tobago,North America,1874,164315,29,3956
2022-06-19,Trinidad and Tobago,North America,1285,165600,17,3973
2022-06-26,Trinidad and Tobago,North America,976,166576,24,3997
2022-07-03,Trinidad and Tobago,North America,724,167300,15,4012
2022-07-10,Trinidad and Tobago,North America,739,168039,12,4024
2022-07-17,Trinidad and Tobago,North America,989,169028,12,4036
2022-07-24,Trinidad and Tobago,North America,902,169930,5,4041
2022-07-31,Trinidad and Tobago,North America,1242,171172,7,4048
2022-08-07,Trinidad and Tobago,North America,1404,172576,17,4065
2022-08-14,Trinidad and Tobago,North America,1976,174552,6,4071
2022-08-21,Trinidad and Tobago,North America,1916,176468,21,4092
2022-08-28,Trinidad and Tobago,North America,1643,178111,31,4123
2022-09-04,Trinidad and Tobago,North America,1346,179457,27,4150
2022-09-11,Trinidad and Tobago,North America,1515,180972,16,4166
2022-09-18,Trinidad and Tobago,North America,1071,182043,18,4184
2022-09-25,Trinidad and Tobago,North America,554,182597,11,4195
2022-10-02,Trinidad and Tobago,North America,584,183181,12,4207
2022-10-09,Trinidad and Tobago,North America,643,183824,17,4224
2022-10-16,Trinidad and Tobago,North America,437,184261,11,4235
2022-10-23,Trinidad and Tobago,North America,263,184524,6,4241
2022-10-30,Trinidad and Tobago,North America,189,184713,8,4249
2022-11-06,Trinidad and Tobago,North America,141,184854,6,4255
2022-11-13,Trinidad and Tobago,North America,95,184949,2,4257
2022-11-20,Trinidad and Tobago,North America,145,185094,6,4263
2022-11-27,Trinidad and Tobago,North America,143,185237,3,4266
2022-12-04,Trinidad and Tobago,North America,140,185377,1,4267
2022-12-11,Trinidad and Tobago,North America,151,185528,1,4268
2022-12-18,Trinidad and Tobago,North America,180,185708,3,4271
2022-12-25,Trinidad and Tobago,North America,174,185882,6,4277
2023-01-01,Trinidad and Tobago,North America,151,186033,6,4283
2023-01-08,Trinidad and Tobago,North America,246,186279,6,4289
2023-01-15,Trinidad and Tobago,North America,406,186685,8,4297
2023-01-22,Trinidad and Tobago,North America,519,187204,12,4309
2023-01-29,Trinidad and Tobago,North America,381,187585,10,4319
2023-02-05,Trinidad and Tobago,North America,323,187908,7,4326
2023-02-12,Trinidad and Tobago,North America,291,188199,5,4331
2023-02-19,Trinidad and Tobago,North America,312,188511,5,4336
2023-02-26,Trinidad and Tobago,North America,226,188737,3,4339
2023-03-05,Trinidad and Tobago,North America,559,189296,8,4347
2023-03-12,Trinidad and Tobago,North America,622,189918,8,4355
2023-03-19,Trinidad and Tobago,North America,367,190285,6,4361
2023-03-26,Trinidad and Tobago,North America,450,190735,7,4368
2023-04-02,Trinidad and Tobago,North America,272,191007,4,4372
2023-04-09,Trinidad and Tobago,North America,0,191007,0,4372
2023-04-16,Trinidad and Tobago,North America,250,191257,13,4385
2023-04-23,Trinidad and Tobago,North America,93,191350,2,4387
2023-04-30,Trinidad and Tobago,North America,0,191350,0,4387
2023-05-07,Trinidad and Tobago,North America,146,191496,3,4390
2023-05-14,Trinidad and Tobago,North America,0,191496,0,4390
2023-05-21,Trinidad and Tobago,North America,0,191496,0,4390
2023-05-28,Trinidad and Tobago,North America,0,191496,0,4390
2023-06-04,Trinidad and Tobago,North America,0,191496,0,4390
2023-06-11,Trinidad and Tobago,North America,0,191496,0,4390
2023-06-18,Trinidad and Tobago,North America,0,191496,0,4390
2023-06-25,Trinidad and Tobago,North America,0,191496,0,4390
2023-07-02,Trinidad and Tobago,North America,0,191496,0,4390
2023-07-09,Trinidad and Tobago,North America,0,191496,0,4390
2023-07-16,Trinidad and Tobago,North America,0,191496,0,4390
2023-07-23,Trinidad and Tobago,North America,0,191496,0,4390
2023-07-30,Trinidad and Tobago,North America,0,191496,0,4390
2023-08-06,Trinidad and Tobago,North America,0,191496,0,4390
2023-08-13,Trinidad and Tobago,North America,0,191496,0,4390
2023-08-20,Trinidad and Tobago,North America,0,191496,0,4390
2023-08-27,Trinidad and Tobago,North America,0,191496,0,4390
2023-09-03,Trinidad and Tobago,North America,0,191496,0,4390
2023-09-10,Trinidad and Tobago,North America,0,191496,0,4390
2023-09-17,Trinidad and Tobago,North America,0,191496,0,4390
2023-09-24,Trinidad and Tobago,North America,0,191496,0,4390
2023-10-01,Trinidad and Tobago,North America,0,191496,0,4390
2023-10-08,Trinidad and Tobago,North America,0,191496,0,4390
2023-10-15,Trinidad and Tobago,North America,0,191496,0,4390
2023-10-22,Trinidad and Tobago,North America,0,191496,0,4390
2023-10-29,Trinidad and Tobago,North America,0,191496,0,4390
2023-11-05,Trinidad and Tobago,North America,0,191496,0,4390
2023-11-12,Trinidad and Tobago,North America,0,191496,0,4390
2023-11-19,Trinidad and Tobago,North America,0,191496,0,4390
2023-11-26,Trinidad and Tobago,North America,0,191496,0,4390
2023-12-03,Trinidad and Tobago,North America,0,191496,0,4390
2023-12-10,Trinidad and Tobago,North America,0,191496,0,4390
2023-12-17,Trinidad and Tobago,North America,0,191496,0,4390
2023-12-24,Trinidad and Tobago,North America,0,191496,0,4390
2023-12-31,Trinidad and Tobago,North America,0,191496,0,4390
2024-01-07,Trinidad and Tobago,North America,0,191496,0,4390
2024-01-14,Trinidad and Tobago,North America,0,191496,0,4390
2024-01-21,Trinidad and Tobago,North America,0,191496,0,4390
2024-01-28,Trinidad and Tobago,North America,0,191496,0,4390
2024-02-04,Trinidad and Tobago,North America,0,191496,0,4390
2024-02-11,Trinidad and Tobago,North America,0,191496,0,4390
2024-02-18,Trinidad and Tobago,North America,0,191496,0,4390
2024-02-25,Trinidad and Tobago,North America,0,191496,0,4390
2024-03-03,Trinidad and Tobago,North America,0,191496,0,4390
2024-03-10,Trinidad and Tobago,North America,0,191496,0,4390
2024-03-17,Trinidad and Tobago,North America,0,191496,0,4390
2024-03-24,Trinidad and Tobago,North America,0,191496,0,4390
2024-03-31,Trinidad and Tobago,North America,0,191496,0,4390
2024-04-07,Trinidad and Tobago,North America,0,191496,0,4390
2024-04-14,Trinidad and Tobago,North America,0,191496,0,4390
2024-04-21,Trinidad and Tobago,North America,0,191496,0,4390
2024-04-28,Trinidad and Tobago,North America,0,191496,0,4390
2024-05-05,Trinidad and Tobago,North America,0,191496,0,4390
2024-05-12,Trinidad and Tobago,North America,0,191496,0,4390
2024-05-19,Trinidad and Tobago,North America,0,191496,0,4390
2024-05-26,Trinidad and Tobago,North America,0,191496,0,4390
2024-06-02,Trinidad and Tobago,North America,0,191496,0,4390
2024-06-09,Trinidad and Tobago,North America,0,191496,0,4390
2024-06-16,Trinidad and Tobago,North America,0,191496,0,4390
2024-06-23,Trinidad and Tobago,North America,0,191496,0,4390
2024-06-30,Trinidad and Tobago,North America,0,191496,0,4390
2024-07-07,Trinidad and Tobago,North America,0,191496,0,4390
2024-07-14,Trinidad and Tobago,North America,0,191496,0,4390
2024-07-21,Trinidad and Tobago,North America,0,191496,0,4390
2024-07-28,Trinidad and Tobago,North America,0,191496,0,4390
2024-08-04,Trinidad and Tobago,North America,0,191496,0,4390
2024-08-11,Trinidad and Tobago,North America,0,191496,0,4390
2024-08-18,Trinidad and Tobago,North America,0,191496,0,4390
2024-08-25,Trinidad and Tobago,North America,0,191496,0,4390
2024-09-01,Trinidad and Tobago,North America,0,191496,0,4390
2020-01-05,Tunisia,Africa,0,0,0,0
2020-01-12,Tunisia,Africa,0,0,0,0
2020-01-19,Tunisia,Africa,0,0,0,0
2020-01-26,Tunisia,Africa,0,0,0,0
2020-02-02,Tunisia,Africa,0,0,0,0
2020-02-09,Tunisia,Africa,0,0,0,0
2020-02-16,Tunisia,Africa,0,0,0,0
2020-02-23,Tunisia,Africa,0,0,0,0
2020-03-01,Tunisia,Africa,0,0,0,0
2020-03-08,Tunisia,Africa,1,1,0,0
2020-03-15,Tunisia,Africa,17,18,0,0
2020-03-22,Tunisia,Africa,42,60,1,1
2020-03-29,Tunisia,Africa,218,278,7,8
2020-04-05,Tunisia,Africa,275,553,11,19
2020-04-12,Tunisia,Africa,132,685,9,28
2020-04-19,Tunisia,Africa,181,866,9,37
2020-04-26,Tunisia,Africa,73,939,1,38
2020-05-03,Tunisia,Africa,70,1009,4,42
2020-05-10,Tunisia,Africa,21,1030,3,45
2020-05-17,Tunisia,Africa,5,1035,0,45
2020-05-24,Tunisia,Africa,13,1048,2,47
2020-05-31,Tunisia,Africa,28,1076,1,48
2020-06-07,Tunisia,Africa,11,1087,1,49
2020-06-14,Tunisia,Africa,7,1094,0,49
2020-06-21,Tunisia,Africa,62,1156,1,50
2020-06-28,Tunisia,Africa,12,1168,0,50
2020-07-05,Tunisia,Africa,18,1186,0,50
2020-07-12,Tunisia,Africa,59,1245,0,50
2020-07-19,Tunisia,Africa,103,1348,0,50
2020-07-26,Tunisia,Africa,95,1443,0,50
2020-08-02,Tunisia,Africa,109,1552,1,51
2020-08-09,Tunisia,Africa,126,1678,0,51
2020-08-16,Tunisia,Africa,345,2023,3,54
2020-08-23,Tunisia,Africa,715,2738,14,68
2020-08-30,Tunisia,Africa,834,3572,8,76
2020-09-06,Tunisia,Africa,1204,4776,17,93
2020-09-13,Tunisia,Africa,1859,6635,14,107
2020-09-20,Tunisia,Africa,3101,9736,48,155
2020-09-27,Tunisia,Africa,5442,15178,52,207
2020-10-04,Tunisia,Africa,5766,20944,69,276
2020-10-11,Tunisia,Africa,10315,31259,180,456
2020-10-18,Tunisia,Africa,9283,40542,170,626
2020-10-25,Tunisia,Africa,9863,50405,251,877
2020-11-01,Tunisia,Africa,9408,59813,440,1317
2020-11-08,Tunisia,Africa,9730,69543,531,1848
2020-11-15,Tunisia,Africa,9796,79339,475,2323
2020-11-22,Tunisia,Africa,8132,87471,429,2752
2020-11-29,Tunisia,Africa,7509,94980,401,3153
2020-12-06,Tunisia,Africa,8011,102991,373,3526
2020-12-13,Tunisia,Africa,7402,110393,310,3836
2020-12-20,Tunisia,Africa,8758,119151,290,4126
2020-12-27,Tunisia,Africa,11079,130230,300,4426
2021-01-03,Tunisia,Africa,11749,141979,339,4765
2021-01-10,Tunisia,Africa,15535,157514,388,5153
2021-01-17,Tunisia,Africa,19717,177231,463,5616
2021-01-24,Tunisia,Africa,18083,195314,538,6154
2021-01-31,Tunisia,Africa,12154,207468,526,6680
2021-02-07,Tunisia,Africa,8708,216176,482,7162
2021-02-14,Tunisia,Africa,6328,222504,346,7508
2021-02-21,Tunisia,Africa,5139,227643,247,7755
2021-02-28,Tunisia,Africa,4972,232615,219,7974
2021-03-07,Tunisia,Africa,4413,237028,193,8167
2021-03-14,Tunisia,Africa,4229,241257,192,8359
2021-03-21,Tunisia,Africa,4148,245405,167,8526
2021-03-28,Tunisia,Africa,4298,249703,179,8705
2021-04-04,Tunisia,Africa,8632,258335,226,8931
2021-04-11,Tunisia,Africa,11962,270297,304,9235
2021-04-18,Tunisia,Africa,13679,283976,482,9717
2021-04-25,Tunisia,Africa,14596,298572,514,10231
2021-05-02,Tunisia,Africa,12162,310734,577,10808
2021-05-09,Tunisia,Africa,8778,319512,542,11350
2021-05-16,Tunisia,Africa,6320,325832,429,11779
2021-05-23,Tunisia,Africa,8267,334099,403,12182
2021-05-30,Tunisia,Africa,9275,343374,392,12574
2021-06-06,Tunisia,Africa,10408,353782,374,12948
2021-06-13,Tunisia,Africa,13265,367047,488,13436
2021-06-20,Tunisia,Africa,14128,381175,524,13960
2021-06-27,Tunisia,Africa,22318,403493,619,14579
2021-07-04,Tunisia,Africa,35452,438945,682,15261
2021-07-11,Tunisia,Africa,52076,491021,983,16244
2021-07-18,Tunisia,Africa,49777,540798,1162,17406
2021-07-25,Tunisia,Africa,28491,569289,1194,18600
2021-08-01,Tunisia,Africa,23592,592881,1258,19858
2021-08-08,Tunisia,Africa,17779,610660,1073,20931
2021-08-15,Tunisia,Africa,13280,623940,896,21827
2021-08-22,Tunisia,Africa,16957,640897,710,22537
2021-08-29,Tunisia,Africa,19690,660587,832,23369
2021-09-05,Tunisia,Africa,13460,674047,448,23817
2021-09-12,Tunisia,Africa,10972,685019,388,24205
2021-09-19,Tunisia,Africa,14909,699928,285,24490
2021-09-26,Tunisia,Africa,4986,704914,242,24732
2021-10-03,Tunisia,Africa,3069,707983,189,24921
2021-10-10,Tunisia,Africa,1654,709637,96,25017
2021-10-17,Tunisia,Africa,1136,710773,68,25085
2021-10-24,Tunisia,Africa,920,711693,64,25149
2021-10-31,Tunisia,Africa,888,712581,89,25238
2021-11-07,Tunisia,Africa,673,713254,34,25272
2021-11-14,Tunisia,Africa,2383,715637,36,25308
2021-11-21,Tunisia,Africa,546,716183,32,25340
2021-11-28,Tunisia,Africa,980,717163,23,25363
2021-12-05,Tunisia,Africa,1115,718278,35,25398
2021-12-12,Tunisia,Africa,1156,719434,29,25427
2021-12-19,Tunisia,Africa,1419,720853,33,25460
2021-12-26,Tunisia,Africa,1942,722795,63,25523
2022-01-02,Tunisia,Africa,5048,727843,53,25576
2022-01-09,Tunisia,Africa,13416,741259,79,25655
2022-01-16,Tunisia,Africa,39487,780746,122,25777
2022-01-23,Tunisia,Africa,66015,846761,177,25954
2022-01-30,Tunisia,Africa,54346,901107,275,26229
2022-02-06,Tunisia,Africa,39116,940223,383,26612
2022-02-13,Tunisia,Africa,24734,964957,453,27065
2022-02-20,Tunisia,Africa,21379,986336,383,27448
2022-02-27,Tunisia,Africa,10752,997088,295,27743
2022-03-06,Tunisia,Africa,8079,1005167,179,27922
2022-03-13,Tunisia,Africa,24061,1029228,124,28046
2022-03-20,Tunisia,Africa,534,1029762,19,28065
2022-03-27,Tunisia,Africa,3969,1033731,100,28165
2022-04-03,Tunisia,Africa,2153,1035884,158,28323
2022-04-10,Tunisia,Africa,1474,1037358,102,28425
2022-04-17,Tunisia,Africa,1310,1038668,84,28509
2022-04-24,Tunisia,Africa,864,1039532,24,28533
2022-05-01,Tunisia,Africa,661,1040193,17,28550
2022-05-08,Tunisia,Africa,519,1040712,16,28566
2022-05-15,Tunisia,Africa,1077,1041789,62,28628
2022-05-22,Tunisia,Africa,0,1041789,0,28628
2022-05-29,Tunisia,Africa,573,1042362,4,28632
2022-06-05,Tunisia,Africa,510,1042872,9,28641
2022-06-12,Tunisia,Africa,668,1043540,7,28648
2022-06-19,Tunisia,Africa,3163,1046703,22,28670
2022-06-26,Tunisia,Africa,0,1046703,0,28670
2022-07-03,Tunisia,Africa,5477,1052180,21,28691
2022-07-10,Tunisia,Africa,13947,1066127,57,28748
2022-07-17,Tunisia,Africa,20903,1087030,75,28823
2022-07-24,Tunisia,Africa,27340,1114370,119,28942
2022-07-31,Tunisia,Africa,14323,1128693,99,29041
2022-08-07,Tunisia,Africa,5967,1134660,64,29105
2022-08-14,Tunisia,Africa,4581,1139241,48,29153
2022-08-21,Tunisia,Africa,2532,1141773,56,29209
2022-08-28,Tunisia,Africa,1394,1143167,24,29233
2022-09-04,Tunisia,Africa,695,1143862,1,29234
2022-09-11,Tunisia,Africa,962,1144824,4,29238
2022-09-18,Tunisia,Africa,339,1145163,5,29243
2022-09-25,Tunisia,Africa,182,1145345,3,29246
2022-10-02,Tunisia,Africa,341,1145686,3,29249
2022-10-09,Tunisia,Africa,143,1145829,5,29254
2022-10-16,Tunisia,Africa,101,1145930,0,29254
2022-10-23,Tunisia,Africa,114,1146044,3,29257
2022-10-30,Tunisia,Africa,108,1146152,0,29257
2022-11-06,Tunisia,Africa,441,1146593,2,29259
2022-11-13,Tunisia,Africa,109,1146702,4,29263
2022-11-20,Tunisia,Africa,97,1146799,3,29266
2022-11-27,Tunisia,Africa,192,1146991,2,29268
2022-12-04,Tunisia,Africa,81,1147072,0,29268
2022-12-11,Tunisia,Africa,73,1147145,1,29269
2022-12-18,Tunisia,Africa,137,1147282,3,29272
2022-12-25,Tunisia,Africa,195,1147477,7,29279
2023-01-01,Tunisia,Africa,94,1147571,5,29284
2023-01-08,Tunisia,Africa,74,1147645,1,29285
2023-01-15,Tunisia,Africa,2469,1150114,3,29288
2023-01-22,Tunisia,Africa,103,1150217,3,29291
2023-01-29,Tunisia,Africa,61,1150278,11,29302
2023-02-05,Tunisia,Africa,78,1150356,6,29308
2023-02-12,Tunisia,Africa,121,1150477,4,29312
2023-02-19,Tunisia,Africa,129,1150606,14,29326
2023-02-26,Tunisia,Africa,187,1150793,4,29330
2023-03-05,Tunisia,Africa,169,1150962,1,29331
2023-03-12,Tunisia,Africa,164,1151126,10,29341
2023-03-19,Tunisia,Africa,207,1151333,4,29345
2023-03-26,Tunisia,Africa,260,1151593,10,29355
2023-04-02,Tunisia,Africa,239,1151832,7,29362
2023-04-09,Tunisia,Africa,201,1152033,1,29363
2023-04-16,Tunisia,Africa,229,1152262,4,29367
2023-04-23,Tunisia,Africa,221,1152483,11,29378
2023-04-30,Tunisia,Africa,129,1152612,9,29387
2023-05-07,Tunisia,Africa,265,1152877,11,29398
2023-05-14,Tunisia,Africa,186,1153063,9,29407
2023-05-21,Tunisia,Africa,98,1153161,5,29412
2023-05-28,Tunisia,Africa,100,1153261,3,29415
2023-06-04,Tunisia,Africa,62,1153323,5,29420
2023-06-11,Tunisia,Africa,38,1153361,3,29423
2023-06-18,Tunisia,Africa,0,1153361,0,29423
2023-06-25,Tunisia,Africa,0,1153361,0,29423
2023-07-02,Tunisia,Africa,0,1153361,0,29423
2023-07-09,Tunisia,Africa,0,1153361,0,29423
2023-07-16,Tunisia,Africa,0,1153361,0,29423
2023-07-23,Tunisia,Africa,0,1153361,0,29423
2023-07-30,Tunisia,Africa,0,1153361,0,29423
2023-08-06,Tunisia,Africa,0,1153361,0,29423
2023-08-13,Tunisia,Africa,0,1153361,0,29423
2023-08-20,Tunisia,Africa,0,1153361,0,29423
2023-08-27,Tunisia,Africa,0,1153361,0,29423
2023-09-03,Tunisia,Africa,0,1153361,0,29423
2023-09-10,Tunisia,Africa,0,1153361,0,29423
2023-09-17,Tunisia,Africa,0,1153361,0,29423
2023-09-24,Tunisia,Africa,0,1153361,0,29423
2023-10-01,Tunisia,Africa,0,1153361,0,29423
2023-10-08,Tunisia,Africa,0,1153361,0,29423
2023-10-15,Tunisia,Africa,0,1153361,0,29423
2023-10-22,Tunisia,Africa,0,1153361,0,29423
2023-10-29,Tunisia,Africa,0,1153361,0,29423
2023-11-05,Tunisia,Africa,0,1153361,0,29423
2023-11-12,Tunisia,Africa,0,1153361,0,29423
2023-11-19,Tunisia,Africa,0,1153361,0,29423
2023-11-26,Tunisia,Africa,0,1153361,0,29423
2023-12-03,Tunisia,Africa,0,1153361,0,29423
2023-12-10,Tunisia,Africa,0,1153361,0,29423
2023-12-17,Tunisia,Africa,0,1153361,0,29423
2023-12-24,Tunisia,Africa,0,1153361,0,29423
2023-12-31,Tunisia,Africa,0,1153361,0,29423
2024-01-07,Tunisia,Africa,0,1153361,0,29423
2024-01-14,Tunisia,Africa,0,1153361,0,29423
2024-01-21,Tunisia,Africa,0,1153361,0,29423
2024-01-28,Tunisia,Africa,0,1153361,0,29423
2024-02-04,Tunisia,Africa,0,1153361,0,29423
2024-02-11,Tunisia,Africa,0,1153361,0,29423
2024-02-18,Tunisia,Africa,0,1153361,0,29423
2024-02-25,Tunisia,Africa,0,1153361,0,29423
2024-03-03,Tunisia,Africa,0,1153361,0,29423
2024-03-10,Tunisia,Africa,0,1153361,0,29423
2024-03-17,Tunisia,Africa,0,1153361,0,29423
2024-03-24,Tunisia,Africa,0,1153361,0,29423
2024-03-31,Tunisia,Africa,0,1153361,0,29423
2024-04-07,Tunisia,Africa,0,1153361,0,29423
2024-04-14,Tunisia,Africa,0,1153361,0,29423
2024-04-21,Tunisia,Africa,0,1153361,0,29423
2024-04-28,Tunisia,Africa,0,1153361,0,29423
2024-05-05,Tunisia,Africa,0,1153361,0,29423
2024-05-12,Tunisia,Africa,0,1153361,0,29423
2024-05-19,Tunisia,Africa,0,1153361,0,29423
2024-05-26,Tunisia,Africa,0,1153361,0,29423
2024-06-02,Tunisia,Africa,0,1153361,0,29423
2024-06-09,Tunisia,Africa,0,1153361,0,29423
2024-06-16,Tunisia,Africa,0,1153361,0,29423
2024-06-23,Tunisia,Africa,0,1153361,0,29423
2024-06-30,Tunisia,Africa,0,1153361,0,29423
2024-07-07,Tunisia,Africa,0,1153361,0,29423
2024-07-14,Tunisia,Africa,0,1153361,0,29423
2024-07-21,Tunisia,Africa,0,1153361,0,29423
2024-07-28,Tunisia,Africa,0,1153361,0,29423
2024-08-04,Tunisia,Africa,0,1153361,0,29423
2024-08-11,Tunisia,Africa,0,1153361,0,29423
2024-08-18,Tunisia,Africa,0,1153361,0,29423
2024-08-25,Tunisia,Africa,0,1153361,0,29423
2024-09-01,Tunisia,Africa,0,1153361,0,29423
2020-01-05,Türkiye,Asia,0,0,0,0
2020-01-12,Türkiye,Asia,0,0,0,0
2020-01-19,Türkiye,Asia,0,0,0,0
2020-01-26,Türkiye,Asia,0,0,0,0
2020-02-02,Türkiye,Asia,0,0,0,0
2020-02-09,Türkiye,Asia,0,0,0,0
2020-02-16,Türkiye,Asia,0,0,0,0
2020-02-23,Türkiye,Asia,0,0,0,0
2020-03-01,Türkiye,Asia,0,0,0,0
2020-03-08,Türkiye,Asia,0,0,0,0
2020-03-15,Türkiye,Asia,6,6,0,0
2020-03-22,Türkiye,Asia,941,947,21,21
2020-03-29,Türkiye,Asia,6455,7402,87,108
2020-04-05,Türkiye,Asia,16532,23934,393,501
2020-04-12,Türkiye,Asia,28233,52167,600,1101
2020-04-19,Türkiye,Asia,30162,82329,789,1890
2020-04-26,Türkiye,Asia,25444,107773,816,2706
2020-05-03,Türkiye,Asia,16602,124375,630,3336
2020-05-10,Türkiye,Asia,12740,137115,403,3739
2020-05-17,Türkiye,Asia,10952,148067,357,4096
2020-05-24,Türkiye,Asia,7619,155686,212,4308
2020-05-31,Türkiye,Asia,7417,163103,207,4515
2020-06-07,Türkiye,Asia,6115,169218,154,4669
2020-06-14,Türkiye,Asia,7459,176677,123,4792
2020-06-21,Türkiye,Asia,9816,186493,135,4927
2020-06-28,Türkiye,Asia,9390,195883,155,5082
2020-07-05,Türkiye,Asia,8727,204610,124,5206
2020-07-12,Türkiye,Asia,7371,211981,138,5344
2020-07-19,Türkiye,Asia,6736,218717,131,5475
2020-07-26,Türkiye,Asia,6456,225173,121,5596
2020-08-02,Türkiye,Asia,40346,265519,114,5710
2020-08-09,Türkiye,Asia,54863,320382,119,5829
2020-08-16,Türkiye,Asia,55605,375987,126,5955
2020-08-23,Türkiye,Asia,56025,432012,147,6102
2020-08-30,Türkiye,Asia,57142,489154,182,6284
2020-09-06,Türkiye,Asia,58274,547428,336,6620
2020-09-13,Türkiye,Asia,58517,605945,379,6999
2020-09-20,Türkiye,Asia,58823,664768,446,7445
2020-09-27,Türkiye,Asia,58728,723496,484,7929
2020-10-04,Türkiye,Asia,57158,780654,455,8384
2020-10-11,Türkiye,Asia,58127,838781,394,8778
2020-10-18,Türkiye,Asia,58757,897538,446,9224
2020-10-25,Türkiye,Asia,61216,958754,503,9727
2020-11-01,Türkiye,Asia,62693,1021447,525,10252
2020-11-08,Türkiye,Asia,63482,1084929,551,10803
2020-11-15,Türkiye,Asia,66426,1151355,615,11418
2020-11-22,Türkiye,Asia,76864,1228219,801,12219
2020-11-29,Türkiye,Asia,142929,1371148,1154,13373
2020-12-06,Türkiye,Asia,219546,1590694,1332,14705
2020-12-13,Türkiye,Asia,219115,1809809,1494,16199
2020-12-20,Türkiye,Asia,194476,2004285,1652,17851
2020-12-27,Türkiye,Asia,129088,2133373,1773,19624
2021-01-03,Türkiye,Asia,98662,2232035,1671,21295
2021-01-10,Türkiye,Asia,85083,2317118,1336,22631
2021-01-17,Türkiye,Asia,63547,2380665,1201,23832
2021-01-24,Türkiye,Asia,43663,2424328,1101,24933
2021-01-31,Türkiye,Asia,46573,2470901,932,25865
2021-02-07,Türkiye,Asia,53885,2524786,820,26685
2021-02-14,Türkiye,Asia,55110,2579896,692,27377
2021-02-21,Türkiye,Asia,51980,2631876,606,27983
2021-02-28,Türkiye,Asia,61288,2693164,520,28503
2021-03-07,Türkiye,Asia,76066,2769230,462,28965
2021-03-14,Türkiye,Asia,96782,2866012,456,29421
2021-03-21,Türkiye,Asia,126682,2992694,538,29959
2021-03-28,Türkiye,Asia,186421,3179115,964,30923
2021-04-04,Türkiye,Asia,265937,3445052,1155,32078
2021-04-11,Türkiye,Asia,353281,3798333,1624,33702
2021-04-18,Türkiye,Asia,414312,4212645,1906,35608
2021-04-25,Türkiye,Asia,378771,4591416,2403,38011
2021-05-02,Türkiye,Asia,257992,4849408,2493,40504
2021-05-09,Türkiye,Asia,166733,5016141,2242,42746
2021-05-16,Türkiye,Asia,90721,5106862,1791,44537
2021-05-23,Türkiye,Asia,71786,5178648,1534,46071
2021-05-30,Türkiye,Asia,57330,5235978,1200,47271
2021-06-06,Türkiye,Asia,46616,5282594,797,48068
2021-06-13,Türkiye,Asia,42841,5325435,600,48668
2021-06-20,Türkiye,Asia,39773,5365208,454,49122
2021-06-27,Türkiye,Asia,38936,5404144,402,49524
2021-07-04,Türkiye,Asia,36224,5440368,350,49874
2021-07-11,Türkiye,Asia,35926,5476294,326,50200
2021-07-18,Türkiye,Asia,45745,5522039,295,50495
2021-07-25,Türkiye,Asia,65339,5587378,371,50866
2021-08-01,Türkiye,Asia,139667,5727045,432,51298
2021-08-08,Türkiye,Asia,168796,5895841,723,52021
2021-08-15,Türkiye,Asia,163965,6059806,884,52905
2021-08-22,Türkiye,Asia,137235,6197041,1235,54140
2021-08-29,Türkiye,Asia,132508,6329549,1618,55758
2021-09-05,Türkiye,Asia,149114,6478663,1846,57604
2021-09-12,Türkiye,Asia,158236,6636899,1825,59429
2021-09-19,Türkiye,Asia,183962,6820861,1756,61185
2021-09-26,Türkiye,Asia,192778,7013639,1605,62790
2021-10-03,Türkiye,Asia,197277,7210916,1519,64309
2021-10-10,Türkiye,Asia,205266,7416182,1514,65823
2021-10-17,Türkiye,Asia,213981,7630163,1447,67270
2021-10-24,Türkiye,Asia,196850,7827013,1475,68745
2021-10-31,Türkiye,Asia,182027,8009040,1507,70252
2021-11-07,Türkiye,Asia,197335,8206375,1517,71769
2021-11-14,Türkiye,Asia,180167,8386542,1403,73172
2021-11-21,Türkiye,Asia,163835,8550377,1519,74691
2021-11-28,Türkiye,Asia,174023,8724400,1395,76086
2021-12-05,Türkiye,Asia,157360,8881760,1376,77462
2021-12-12,Türkiye,Asia,140463,9022223,1361,78823
2021-12-19,Türkiye,Asia,131986,9154209,1275,80098
2021-12-26,Türkiye,Asia,132777,9286986,1205,81303
2022-01-02,Türkiye,Asia,232295,9519281,1103,82406
2022-01-09,Türkiye,Asia,397444,9916725,1027,83433
2022-01-16,Türkiye,Asia,486339,10403064,1057,84490
2022-01-23,Türkiye,Asia,478562,10881626,1155,85645
2022-01-30,Türkiye,Asia,556850,11438476,1271,86916
2022-02-06,Türkiye,Asia,712091,12150567,1441,88357
2022-02-13,Türkiye,Asia,683967,12834534,1682,90039
2022-02-20,Türkiye,Asia,599596,13434130,1916,91955
2022-02-27,Türkiye,Asia,541259,13975389,1895,93850
2022-03-06,Türkiye,Asia,350828,14326217,1400,95250
2022-03-13,Türkiye,Asia,208022,14534239,1012,96262
2022-03-20,Türkiye,Asia,146597,14680836,860,97122
2022-03-27,Türkiye,Asia,108647,14789483,589,97711
2022-04-03,Türkiye,Asia,96227,14885710,412,98123
2022-04-10,Türkiye,Asia,67655,14953365,264,98387
2022-04-17,Türkiye,Asia,38304,14991669,190,98577
2022-04-24,Türkiye,Asia,24601,15016270,128,98705
2022-05-01,Türkiye,Asia,15823,15032093,97,98802
2022-05-08,Türkiye,Asia,9806,15041899,66,98868
2022-05-15,Türkiye,Asia,11269,15053168,53,98921
2022-05-22,Türkiye,Asia,9225,15062393,35,98956
2022-05-29,Türkiye,Asia,7607,15070000,30,98986
2022-06-05,Türkiye,Asia,7320,15077320,18,99004
2022-06-12,Türkiye,Asia,7555,15084875,23,99027
2022-06-19,Türkiye,Asia,10956,15095831,15,99042
2022-06-26,Türkiye,Asia,26635,15122466,13,99055
2022-07-03,Türkiye,Asia,57114,15179580,29,99084
2022-07-10,Türkiye,Asia,117096,15296676,31,99115
2022-07-17,Türkiye,Asia,226532,15523208,94,99209
2022-07-24,Türkiye,Asia,365422,15888630,158,99367
2022-07-31,Türkiye,Asia,406321,16294951,336,99703
2022-08-07,Türkiye,Asia,232254,16527205,381,100084
2022-08-14,Türkiye,Asia,143777,16670982,341,100425
2022-08-21,Türkiye,Asia,80022,16751004,228,100653
2022-08-28,Türkiye,Asia,45882,16796886,206,100859
2022-09-04,Türkiye,Asia,32191,16829077,141,101000
2022-09-11,Türkiye,Asia,22441,16851518,89,101089
2022-09-18,Türkiye,Asia,21411,16872929,73,101162
2022-09-25,Türkiye,Asia,22729,16895658,38,101200
2022-10-02,Türkiye,Asia,23116,16918774,24,101224
2022-10-09,Türkiye,Asia,18723,16937497,38,101262
2022-10-16,Türkiye,Asia,15482,16952979,25,101287
2022-10-23,Türkiye,Asia,11808,16964787,42,101329
2022-10-30,Türkiye,Asia,11083,16975870,25,101354
2022-11-06,Türkiye,Asia,13508,16989378,30,101384
2022-11-13,Türkiye,Asia,15299,17004677,35,101419
2022-11-20,Türkiye,Asia,0,17004677,0,101419
2022-11-27,Türkiye,Asia,0,17004677,0,101419
2022-12-04,Türkiye,Asia,0,17004677,0,101419
2022-12-11,Türkiye,Asia,0,17004677,0,101419
2022-12-18,Türkiye,Asia,0,17004677,0,101419
2022-12-25,Türkiye,Asia,0,17004677,0,101419
2023-01-01,Türkiye,Asia,0,17004677,0,101419
2023-01-08,Türkiye,Asia,0,17004677,0,101419
2023-01-15,Türkiye,Asia,0,17004677,0,101419
2023-01-22,Türkiye,Asia,0,17004677,0,101419
2023-01-29,Türkiye,Asia,0,17004677,0,101419
2023-02-05,Türkiye,Asia,0,17004677,0,101419
2023-02-12,Türkiye,Asia,0,17004677,0,101419
2023-02-19,Türkiye,Asia,0,17004677,0,101419
2023-02-26,Türkiye,Asia,0,17004677,0,101419
2023-03-05,Türkiye,Asia,0,17004677,0,101419
2023-03-12,Türkiye,Asia,0,17004677,0,101419
2023-03-19,Türkiye,Asia,0,17004677,0,101419
2023-03-26,Türkiye,Asia,0,17004677,0,101419
2023-04-02,Türkiye,Asia,0,17004677,0,101419
2023-04-09,Türkiye,Asia,0,17004677,0,101419
2023-04-16,Türkiye,Asia,0,17004677,0,101419
2023-04-23,Türkiye,Asia,0,17004677,0,101419
2023-04-30,Türkiye,Asia,0,17004677,0,101419
2023-05-07,Türkiye,Asia,0,17004677,0,101419
2023-05-14,Türkiye,Asia,0,17004677,0,101419
2023-05-21,Türkiye,Asia,0,17004677,0,101419
2023-05-28,Türkiye,Asia,0,17004677,0,101419
2023-06-04,Türkiye,Asia,0,17004677,0,101419
2023-06-11,Türkiye,Asia,0,17004677,0,101419
2023-06-18,Türkiye,Asia,0,17004677,0,101419
2023-06-25,Türkiye,Asia,0,17004677,0,101419
2023-07-02,Türkiye,Asia,0,17004677,0,101419
2023-07-09,Türkiye,Asia,0,17004677,0,101419
2023-07-16,Türkiye,Asia,0,17004677,0,101419
2023-07-23,Türkiye,Asia,0,17004677,0,101419
2023-07-30,Türkiye,Asia,0,17004677,0,101419
2023-08-06,Türkiye,Asia,0,17004677,0,101419
2023-08-13,Türkiye,Asia,0,17004677,0,101419
2023-08-20,Türkiye,Asia,0,17004677,0,101419
2023-08-27,Türkiye,Asia,0,17004677,0,101419
2023-09-03,Türkiye,Asia,0,17004677,0,101419
2023-09-10,Türkiye,Asia,0,17004677,0,101419
2023-09-17,Türkiye,Asia,0,17004677,0,101419
2023-09-24,Türkiye,Asia,0,17004677,0,101419
2023-10-01,Türkiye,Asia,0,17004677,0,101419
2023-10-08,Türkiye,Asia,0,17004677,0,101419
2023-10-15,Türkiye,Asia,0,17004677,0,101419
2023-10-22,Türkiye,Asia,0,17004677,0,101419
2023-10-29,Türkiye,Asia,0,17004677,0,101419
2023-11-05,Türkiye,Asia,1,17004678,0,101419
2023-11-12,Türkiye,Asia,2,17004680,0,101419
2023-11-19,Türkiye,Asia,3,17004683,0,101419
2023-11-26,Türkiye,Asia,0,17004683,0,101419
2023-12-03,Türkiye,Asia,2,17004685,0,101419
2023-12-10,Türkiye,Asia,2,17004687,0,101419
2023-12-17,Türkiye,Asia,1,17004688,0,101419
2023-12-24,Türkiye,Asia,1,17004689,0,101419
2023-12-31,Türkiye,Asia,1,17004690,0,101419
2024-01-07,Türkiye,Asia,3,17004693,0,101419
2024-01-14,Türkiye,Asia,4,17004697,0,101419
2024-01-21,Türkiye,Asia,1,17004698,0,101419
2024-01-28,Türkiye,Asia,4,17004702,0,101419
2024-02-04,Türkiye,Asia,3,17004705,0,101419
2024-02-11,Türkiye,Asia,2,17004707,0,101419
2024-02-18,Türkiye,Asia,1,17004708,0,101419
2024-02-25,Türkiye,Asia,2,17004710,0,101419
2024-03-03,Türkiye,Asia,1,17004711,0,101419
2024-03-10,Türkiye,Asia,0,17004711,0,101419
2024-03-17,Türkiye,Asia,1,17004712,0,101419
2024-03-24,Türkiye,Asia,2,17004714,0,101419
2024-03-31,Türkiye,Asia,0,17004714,0,101419
2024-04-07,Türkiye,Asia,0,17004714,0,101419
2024-04-14,Türkiye,Asia,0,17004714,0,101419
2024-04-21,Türkiye,Asia,0,17004714,0,101419
2024-04-28,Türkiye,Asia,0,17004714,0,101419
2024-05-05,Türkiye,Asia,0,17004714,0,101419
2024-05-12,Türkiye,Asia,0,17004714,0,101419
2024-05-19,Türkiye,Asia,2,17004716,0,101419
2024-05-26,Türkiye,Asia,1,17004717,0,101419
2024-06-02,Türkiye,Asia,0,17004717,0,101419
2024-06-09,Türkiye,Asia,0,17004717,0,101419
2024-06-16,Türkiye,Asia,0,17004717,0,101419
2024-06-23,Türkiye,Asia,0,17004717,0,101419
2024-06-30,Türkiye,Asia,0,17004717,0,101419
2024-07-07,Türkiye,Asia,0,17004717,0,101419
2024-07-14,Türkiye,Asia,1,17004718,0,101419
2024-07-21,Türkiye,Asia,0,17004718,0,101419
2024-07-28,Türkiye,Asia,0,17004718,0,101419
2024-08-04,Türkiye,Asia,0,17004718,0,101419
2024-08-11,Türkiye,Asia,2,17004720,0,101419
2024-08-18,Türkiye,Asia,2,17004722,0,101419
2024-08-25,Türkiye,Asia,1,17004723,0,101419
2024-09-01,Türkiye,Asia,1,17004724,0,101419
2020-01-05,Turkmenistan,Asia,0,0,0,0
2020-01-12,Turkmenistan,Asia,0,0,0,0
2020-01-19,Turkmenistan,Asia,0,0,0,0
2020-01-26,Turkmenistan,Asia,0,0,0,0
2020-02-02,Turkmenistan,Asia,0,0,0,0
2020-02-09,Turkmenistan,Asia,0,0,0,0
2020-02-16,Turkmenistan,Asia,0,0,0,0
2020-02-23,Turkmenistan,Asia,0,0,0,0
2020-03-01,Turkmenistan,Asia,0,0,0,0
2020-03-08,Turkmenistan,Asia,0,0,0,0
2020-03-15,Turkmenistan,Asia,0,0,0,0
2020-03-22,Turkmenistan,Asia,0,0,0,0
2020-03-29,Turkmenistan,Asia,0,0,0,0
2020-04-05,Turkmenistan,Asia,0,0,0,0
2020-04-12,Turkmenistan,Asia,0,0,0,0
2020-04-19,Turkmenistan,Asia,0,0,0,0
2020-04-26,Turkmenistan,Asia,0,0,0,0
2020-05-03,Turkmenistan,Asia,0,0,0,0
2020-05-10,Turkmenistan,Asia,0,0,0,0
2020-05-17,Turkmenistan,Asia,0,0,0,0
2020-05-24,Turkmenistan,Asia,0,0,0,0
2020-05-31,Turkmenistan,Asia,0,0,0,0
2020-06-07,Turkmenistan,Asia,0,0,0,0
2020-06-14,Turkmenistan,Asia,0,0,0,0
2020-06-21,Turkmenistan,Asia,0,0,0,0
2020-06-28,Turkmenistan,Asia,0,0,0,0
2020-07-05,Turkmenistan,Asia,0,0,0,0
2020-07-12,Turkmenistan,Asia,0,0,0,0
2020-07-19,Turkmenistan,Asia,0,0,0,0
2020-07-26,Turkmenistan,Asia,0,0,0,0
2020-08-02,Turkmenistan,Asia,0,0,0,0
2020-08-09,Turkmenistan,Asia,0,0,0,0
2020-08-16,Turkmenistan,Asia,0,0,0,0
2020-08-23,Turkmenistan,Asia,0,0,0,0
2020-08-30,Turkmenistan,Asia,0,0,0,0
2020-09-06,Turkmenistan,Asia,0,0,0,0
2020-09-13,Turkmenistan,Asia,0,0,0,0
2020-09-20,Turkmenistan,Asia,0,0,0,0
2020-09-27,Turkmenistan,Asia,0,0,0,0
2020-10-04,Turkmenistan,Asia,0,0,0,0
2020-10-11,Turkmenistan,Asia,0,0,0,0
2020-10-18,Turkmenistan,Asia,0,0,0,0
2020-10-25,Turkmenistan,Asia,0,0,0,0
2020-11-01,Turkmenistan,Asia,0,0,0,0
2020-11-08,Turkmenistan,Asia,0,0,0,0
2020-11-15,Turkmenistan,Asia,0,0,0,0
2020-11-22,Turkmenistan,Asia,0,0,0,0
2020-11-29,Turkmenistan,Asia,0,0,0,0
2020-12-06,Turkmenistan,Asia,0,0,0,0
2020-12-13,Turkmenistan,Asia,0,0,0,0
2020-12-20,Turkmenistan,Asia,0,0,0,0
2020-12-27,Turkmenistan,Asia,0,0,0,0
2021-01-03,Turkmenistan,Asia,0,0,0,0
2021-01-10,Turkmenistan,Asia,0,0,0,0
2021-01-17,Turkmenistan,Asia,0,0,0,0
2021-01-24,Turkmenistan,Asia,0,0,0,0
2021-01-31,Turkmenistan,Asia,0,0,0,0
2021-02-07,Turkmenistan,Asia,0,0,0,0
2021-02-14,Turkmenistan,Asia,0,0,0,0
2021-02-21,Turkmenistan,Asia,0,0,0,0
2021-02-28,Turkmenistan,Asia,0,0,0,0
2021-03-07,Turkmenistan,Asia,0,0,0,0
2021-03-14,Turkmenistan,Asia,0,0,0,0
2021-03-21,Turkmenistan,Asia,0,0,0,0
2021-03-28,Turkmenistan,Asia,0,0,0,0
2021-04-04,Turkmenistan,Asia,0,0,0,0
2021-04-11,Turkmenistan,Asia,0,0,0,0
2021-04-18,Turkmenistan,Asia,0,0,0,0
2021-04-25,Turkmenistan,Asia,0,0,0,0
2021-05-02,Turkmenistan,Asia,0,0,0,0
2021-05-09,Turkmenistan,Asia,0,0,0,0
2021-05-16,Turkmenistan,Asia,0,0,0,0
2021-05-23,Turkmenistan,Asia,0,0,0,0
2021-05-30,Turkmenistan,Asia,0,0,0,0
2021-06-06,Turkmenistan,Asia,0,0,0,0
2021-06-13,Turkmenistan,Asia,0,0,0,0
2021-06-20,Turkmenistan,Asia,0,0,0,0
2021-06-27,Turkmenistan,Asia,0,0,0,0
2021-07-04,Turkmenistan,Asia,0,0,0,0
2021-07-11,Turkmenistan,Asia,0,0,0,0
2021-07-18,Turkmenistan,Asia,0,0,0,0
2021-07-25,Turkmenistan,Asia,0,0,0,0
2021-08-01,Turkmenistan,Asia,0,0,0,0
2021-08-08,Turkmenistan,Asia,0,0,0,0
2021-08-15,Turkmenistan,Asia,0,0,0,0
2021-08-22,Turkmenistan,Asia,0,0,0,0
2021-08-29,Turkmenistan,Asia,0,0,0,0
2021-09-05,Turkmenistan,Asia,0,0,0,0
2021-09-12,Turkmenistan,Asia,0,0,0,0
2021-09-19,Turkmenistan,Asia,0,0,0,0
2021-09-26,Turkmenistan,Asia,0,0,0,0
2021-10-03,Turkmenistan,Asia,0,0,0,0
2021-10-10,Turkmenistan,Asia,0,0,0,0
2021-10-17,Turkmenistan,Asia,0,0,0,0
2021-10-24,Turkmenistan,Asia,0,0,0,0
2021-10-31,Turkmenistan,Asia,0,0,0,0
2021-11-07,Turkmenistan,Asia,0,0,0,0
2021-11-14,Turkmenistan,Asia,0,0,0,0
2021-11-21,Turkmenistan,Asia,0,0,0,0
2021-11-28,Turkmenistan,Asia,0,0,0,0
2021-12-05,Turkmenistan,Asia,0,0,0,0
2021-12-12,Turkmenistan,Asia,0,0,0,0
2021-12-19,Turkmenistan,Asia,0,0,0,0
2021-12-26,Turkmenistan,Asia,0,0,0,0
2022-01-02,Turkmenistan,Asia,0,0,0,0
2022-01-09,Turkmenistan,Asia,0,0,0,0
2022-01-16,Turkmenistan,Asia,0,0,0,0
2022-01-23,Turkmenistan,Asia,0,0,0,0
2022-01-30,Turkmenistan,Asia,0,0,0,0
2022-02-06,Turkmenistan,Asia,0,0,0,0
2022-02-13,Turkmenistan,Asia,0,0,0,0
2022-02-20,Turkmenistan,Asia,0,0,0,0
2022-02-27,Turkmenistan,Asia,0,0,0,0
2022-03-06,Turkmenistan,Asia,0,0,0,0
2022-03-13,Turkmenistan,Asia,0,0,0,0
2022-03-20,Turkmenistan,Asia,0,0,0,0
2022-03-27,Turkmenistan,Asia,0,0,0,0
2022-04-03,Turkmenistan,Asia,0,0,0,0
2022-04-10,Turkmenistan,Asia,0,0,0,0
2022-04-17,Turkmenistan,Asia,0,0,0,0
2022-04-24,Turkmenistan,Asia,0,0,0,0
2022-05-01,Turkmenistan,Asia,0,0,0,0
2022-05-08,Turkmenistan,Asia,0,0,0,0
2022-05-15,Turkmenistan,Asia,0,0,0,0
2022-05-22,Turkmenistan,Asia,0,0,0,0
2022-05-29,Turkmenistan,Asia,0,0,0,0
2022-06-05,Turkmenistan,Asia,0,0,0,0
2022-06-12,Turkmenistan,Asia,0,0,0,0
2022-06-19,Turkmenistan,Asia,0,0,0,0
2022-06-26,Turkmenistan,Asia,0,0,0,0
2022-07-03,Turkmenistan,Asia,0,0,0,0
2022-07-10,Turkmenistan,Asia,0,0,0,0
2022-07-17,Turkmenistan,Asia,0,0,0,0
2022-07-24,Turkmenistan,Asia,0,0,0,0
2022-07-31,Turkmenistan,Asia,0,0,0,0
2022-08-07,Turkmenistan,Asia,0,0,0,0
2022-08-14,Turkmenistan,Asia,0,0,0,0
2022-08-21,Turkmenistan,Asia,0,0,0,0
2022-08-28,Turkmenistan,Asia,0,0,0,0
2022-09-04,Turkmenistan,Asia,0,0,0,0
2022-09-11,Turkmenistan,Asia,0,0,0,0
2022-09-18,Turkmenistan,Asia,0,0,0,0
2022-09-25,Turkmenistan,Asia,0,0,0,0
2022-10-02,Turkmenistan,Asia,0,0,0,0
2022-10-09,Turkmenistan,Asia,0,0,0,0
2022-10-16,Turkmenistan,Asia,0,0,0,0
2022-10-23,Turkmenistan,Asia,0,0,0,0
2022-10-30,Turkmenistan,Asia,0,0,0,0
2022-11-06,Turkmenistan,Asia,0,0,0,0
2022-11-13,Turkmenistan,Asia,0,0,0,0
2022-11-20,Turkmenistan,Asia,0,0,0,0
2022-11-27,Turkmenistan,Asia,0,0,0,0
2022-12-04,Turkmenistan,Asia,0,0,0,0
2022-12-11,Turkmenistan,Asia,0,0,0,0
2022-12-18,Turkmenistan,Asia,0,0,0,0
2022-12-25,Turkmenistan,Asia,0,0,0,0
2023-01-01,Turkmenistan,Asia,0,0,0,0
2023-01-08,Turkmenistan,Asia,0,0,0,0
2023-01-15,Turkmenistan,Asia,0,0,0,0
2023-01-22,Turkmenistan,Asia,0,0,0,0
2023-01-29,Turkmenistan,Asia,0,0,0,0
2023-02-05,Turkmenistan,Asia,0,0,0,0
2023-02-12,Turkmenistan,Asia,0,0,0,0
2023-02-19,Turkmenistan,Asia,0,0,0,0
2023-02-26,Turkmenistan,Asia,0,0,0,0
2023-03-05,Turkmenistan,Asia,0,0,0,0
2023-03-12,Turkmenistan,Asia,0,0,0,0
2023-03-19,Turkmenistan,Asia,0,0,0,0
2023-03-26,Turkmenistan,Asia,0,0,0,0
2023-04-02,Turkmenistan,Asia,0,0,0,0
2023-04-09,Turkmenistan,Asia,0,0,0,0
2023-04-16,Turkmenistan,Asia,0,0,0,0
2023-04-23,Turkmenistan,Asia,0,0,0,0
2023-04-30,Turkmenistan,Asia,0,0,0,0
2023-05-07,Turkmenistan,Asia,0,0,0,0
2023-05-14,Turkmenistan,Asia,0,0,0,0
2023-05-21,Turkmenistan,Asia,0,0,0,0
2023-05-28,Turkmenistan,Asia,0,0,0,0
2023-06-04,Turkmenistan,Asia,0,0,0,0
2023-06-11,Turkmenistan,Asia,0,0,0,0
2023-06-18,Turkmenistan,Asia,0,0,0,0
2023-06-25,Turkmenistan,Asia,0,0,0,0
2023-07-02,Turkmenistan,Asia,0,0,0,0
2023-07-09,Turkmenistan,Asia,0,0,0,0
2023-07-16,Turkmenistan,Asia,0,0,0,0
2023-07-23,Turkmenistan,Asia,0,0,0,0
2023-07-30,Turkmenistan,Asia,0,0,0,0
2023-08-06,Turkmenistan,Asia,0,0,0,0
2023-08-13,Turkmenistan,Asia,0,0,0,0
2023-08-20,Turkmenistan,Asia,0,0,0,0
2023-08-27,Turkmenistan,Asia,0,0,0,0
2023-09-03,Turkmenistan,Asia,0,0,0,0
2023-09-10,Turkmenistan,Asia,0,0,0,0
2023-09-17,Turkmenistan,Asia,0,0,0,0
2023-09-24,Turkmenistan,Asia,0,0,0,0
2023-10-01,Turkmenistan,Asia,0,0,0,0
2023-10-08,Turkmenistan,Asia,0,0,0,0
2023-10-15,Turkmenistan,Asia,0,0,0,0
2023-10-22,Turkmenistan,Asia,0,0,0,0
2023-10-29,Turkmenistan,Asia,0,0,0,0
2023-11-05,Turkmenistan,Asia,0,0,0,0
2023-11-12,Turkmenistan,Asia,0,0,0,0
2023-11-19,Turkmenistan,Asia,0,0,0,0
2023-11-26,Turkmenistan,Asia,0,0,0,0
2023-12-03,Turkmenistan,Asia,0,0,0,0
2023-12-10,Turkmenistan,Asia,0,0,0,0
2023-12-17,Turkmenistan,Asia,0,0,0,0
2023-12-24,Turkmenistan,Asia,0,0,0,0
2023-12-31,Turkmenistan,Asia,0,0,0,0
2024-01-07,Turkmenistan,Asia,0,0,0,0
2024-01-14,Turkmenistan,Asia,0,0,0,0
2024-01-21,Turkmenistan,Asia,0,0,0,0
2024-01-28,Turkmenistan,Asia,0,0,0,0
2024-02-04,Turkmenistan,Asia,0,0,0,0
2024-02-11,Turkmenistan,Asia,0,0,0,0
2024-02-18,Turkmenistan,Asia,0,0,0,0
2024-02-25,Turkmenistan,Asia,0,0,0,0
2024-03-03,Turkmenistan,Asia,0,0,0,0
2024-03-10,Turkmenistan,Asia,0,0,0,0
2024-03-17,Turkmenistan,Asia,0,0,0,0
2024-03-24,Turkmenistan,Asia,0,0,0,0
2024-03-31,Turkmenistan,Asia,0,0,0,0
2024-04-07,Turkmenistan,Asia,0,0,0,0
2024-04-14,Turkmenistan,Asia,0,0,0,0
2024-04-21,Turkmenistan,Asia,0,0,0,0
2024-04-28,Turkmenistan,Asia,0,0,0,0
2024-05-05,Turkmenistan,Asia,0,0,0,0
2024-05-12,Turkmenistan,Asia,0,0,0,0
2024-05-19,Turkmenistan,Asia,0,0,0,0
2024-05-26,Turkmenistan,Asia,0,0,0,0
2024-06-02,Turkmenistan,Asia,0,0,0,0
2024-06-09,Turkmenistan,Asia,0,0,0,0
2024-06-16,Turkmenistan,Asia,0,0,0,0
2024-06-23,Turkmenistan,Asia,0,0,0,0
2024-06-30,Turkmenistan,Asia,0,0,0,0
2024-07-07,Turkmenistan,Asia,0,0,0,0
2024-07-14,Turkmenistan,Asia,0,0,0,0
2024-07-21,Turkmenistan,Asia,0,0,0,0
2024-07-28,Turkmenistan,Asia,0,0,0,0
2024-08-04,Turkmenistan,Asia,0,0,0,0
2024-08-11,Turkmenistan,Asia,0,0,0,0
2024-08-18,Turkmenistan,Asia,0,0,0,0
2024-08-25,Turkmenistan,Asia,0,0,0,0
2024-09-01,Turkmenistan,Asia,0,0,0,0
2020-01-05,Turks and Caicos Islands,North America,0,0,0,0
2020-01-12,Turks and Caicos Islands,North America,0,0,0,0
2020-01-19,Turks and Caicos Islands,North America,0,0,0,0
2020-01-26,Turks and Caicos Islands,North America,0,0,0,0
2020-02-02,Turks and Caicos Islands,North America,0,0,0,0
2020-02-09,Turks and Caicos Islands,North America,0,0,0,0
2020-02-16,Turks and Caicos Islands,North America,0,0,0,0
2020-02-23,Turks and Caicos Islands,North America,0,0,0,0
2020-03-01,Turks and Caicos Islands,North America,0,0,0,0
2020-03-08,Turks and Caicos Islands,North America,0,0,0,0
2020-03-15,Turks and Caicos Islands,North America,0,0,0,0
2020-03-22,Turks and Caicos Islands,North America,0,0,0,0
2020-03-29,Turks and Caicos Islands,North America,2,2,0,0
2020-04-05,Turks and Caicos Islands,North America,3,5,0,0
2020-04-12,Turks and Caicos Islands,North America,3,8,1,1
2020-04-19,Turks and Caicos Islands,North America,3,11,0,1
2020-04-26,Turks and Caicos Islands,North America,0,11,0,1
2020-05-03,Turks and Caicos Islands,North America,1,12,0,1
2020-05-10,Turks and Caicos Islands,North America,0,12,0,1
2020-05-17,Turks and Caicos Islands,North America,0,12,0,1
2020-05-24,Turks and Caicos Islands,North America,0,12,0,1
2020-05-31,Turks and Caicos Islands,North America,0,12,0,1
2020-06-07,Turks and Caicos Islands,North America,0,12,0,1
2020-06-14,Turks and Caicos Islands,North America,0,12,0,1
2020-06-21,Turks and Caicos Islands,North America,0,12,0,1
2020-06-28,Turks and Caicos Islands,North America,4,16,0,1
2020-07-05,Turks and Caicos Islands,North America,29,45,1,2
2020-07-12,Turks and Caicos Islands,North America,24,69,0,2
2020-07-19,Turks and Caicos Islands,North America,6,75,0,2
2020-07-26,Turks and Caicos Islands,North America,17,92,0,2
2020-08-02,Turks and Caicos Islands,North America,22,114,0,2
2020-08-09,Turks and Caicos Islands,North America,56,170,0,2
2020-08-16,Turks and Caicos Islands,North America,104,274,0,2
2020-08-23,Turks and Caicos Islands,North America,73,347,0,2
2020-08-30,Turks and Caicos Islands,North America,143,490,1,3
2020-09-06,Turks and Caicos Islands,North America,101,591,2,5
2020-09-13,Turks and Caicos Islands,North America,50,641,0,5
2020-09-20,Turks and Caicos Islands,North America,26,667,0,5
2020-09-27,Turks and Caicos Islands,North America,13,680,0,5
2020-10-04,Turks and Caicos Islands,North America,15,695,1,6
2020-10-11,Turks and Caicos Islands,North America,0,695,0,6
2020-10-18,Turks and Caicos Islands,North America,2,697,0,6
2020-10-25,Turks and Caicos Islands,North America,2,699,0,6
2020-11-01,Turks and Caicos Islands,North America,4,703,0,6
2020-11-08,Turks and Caicos Islands,North America,4,707,0,6
2020-11-15,Turks and Caicos Islands,North America,9,716,0,6
2020-11-22,Turks and Caicos Islands,North America,24,740,0,6
2020-11-29,Turks and Caicos Islands,North America,8,748,0,6
2020-12-06,Turks and Caicos Islands,North America,7,755,0,6
2020-12-13,Turks and Caicos Islands,North America,14,769,0,6
2020-12-20,Turks and Caicos Islands,North America,20,789,0,6
2020-12-27,Turks and Caicos Islands,North America,55,844,0,6
2021-01-03,Turks and Caicos Islands,North America,64,908,0,6
2021-01-10,Turks and Caicos Islands,North America,57,965,0,6
2021-01-17,Turks and Caicos Islands,North America,114,1079,0,6
2021-01-24,Turks and Caicos Islands,North America,165,1244,1,7
2021-01-31,Turks and Caicos Islands,North America,215,1459,1,8
2021-02-07,Turks and Caicos Islands,North America,195,1654,1,9
2021-02-14,Turks and Caicos Islands,North America,179,1833,3,12
2021-02-21,Turks and Caicos Islands,North America,165,1998,2,14
2021-02-28,Turks and Caicos Islands,North America,101,2099,0,14
2021-03-07,Turks and Caicos Islands,North America,73,2172,0,14
2021-03-14,Turks and Caicos Islands,North America,28,2200,1,15
2021-03-21,Turks and Caicos Islands,North America,90,2290,0,15
2021-03-28,Turks and Caicos Islands,North America,35,2325,2,17
2021-04-04,Turks and Caicos Islands,North America,19,2344,0,17
2021-04-11,Turks and Caicos Islands,North America,0,2344,0,17
2021-04-18,Turks and Caicos Islands,North America,25,2369,0,17
2021-04-25,Turks and Caicos Islands,North America,7,2376,0,17
2021-05-02,Turks and Caicos Islands,North America,14,2390,0,17
2021-05-09,Turks and Caicos Islands,North America,12,2402,0,17
2021-05-16,Turks and Caicos Islands,North America,2,2404,0,17
2021-05-23,Turks and Caicos Islands,North America,4,2408,0,17
2021-05-30,Turks and Caicos Islands,North America,4,2412,0,17
2021-06-06,Turks and Caicos Islands,North America,8,2420,0,17
2021-06-13,Turks and Caicos Islands,North America,1,2421,1,18
2021-06-20,Turks and Caicos Islands,North America,2,2423,0,18
2021-06-27,Turks and Caicos Islands,North America,1,2424,0,18
2021-07-04,Turks and Caicos Islands,North America,1,2425,0,18
2021-07-11,Turks and Caicos Islands,North America,5,2430,0,18
2021-07-18,Turks and Caicos Islands,North America,16,2446,0,18
2021-07-25,Turks and Caicos Islands,North America,16,2462,0,18
2021-08-01,Turks and Caicos Islands,North America,22,2484,0,18
2021-08-08,Turks and Caicos Islands,North America,30,2514,0,18
2021-08-15,Turks and Caicos Islands,North America,48,2562,1,19
2021-08-22,Turks and Caicos Islands,North America,45,2607,0,19
2021-08-29,Turks and Caicos Islands,North America,30,2637,1,20
2021-09-05,Turks and Caicos Islands,North America,55,2692,0,20
2021-09-12,Turks and Caicos Islands,North America,61,2753,0,20
2021-09-19,Turks and Caicos Islands,North America,47,2800,1,21
2021-09-26,Turks and Caicos Islands,North America,30,2830,1,22
2021-10-03,Turks and Caicos Islands,North America,29,2859,1,23
2021-10-10,Turks and Caicos Islands,North America,31,2890,0,23
2021-10-17,Turks and Caicos Islands,North America,32,2922,0,23
2021-10-24,Turks and Caicos Islands,North America,29,2951,0,23
2021-10-31,Turks and Caicos Islands,North America,29,2980,0,23
2021-11-07,Turks and Caicos Islands,North America,31,3011,0,23
2021-11-14,Turks and Caicos Islands,North America,20,3031,0,23
2021-11-21,Turks and Caicos Islands,North America,45,3076,0,23
2021-11-28,Turks and Caicos Islands,North America,20,3096,1,24
2021-12-05,Turks and Caicos Islands,North America,7,3103,1,25
2021-12-12,Turks and Caicos Islands,North America,27,3130,0,25
2021-12-19,Turks and Caicos Islands,North America,33,3163,0,25
2021-12-26,Turks and Caicos Islands,North America,72,3235,1,26
2022-01-02,Turks and Caicos Islands,North America,173,3408,0,26
2022-01-09,Turks and Caicos Islands,North America,472,3880,0,26
2022-01-16,Turks and Caicos Islands,North America,1076,4956,4,30
2022-01-23,Turks and Caicos Islands,North America,568,5524,3,33
2022-01-30,Turks and Caicos Islands,North America,168,5692,1,34
2022-02-06,Turks and Caicos Islands,North America,86,5778,1,35
2022-02-13,Turks and Caicos Islands,North America,45,5823,0,35
2022-02-20,Turks and Caicos Islands,North America,20,5843,1,36
2022-02-27,Turks and Caicos Islands,North America,12,5855,0,36
2022-03-06,Turks and Caicos Islands,North America,12,5867,0,36
2022-03-13,Turks and Caicos Islands,North America,7,5874,0,36
2022-03-20,Turks and Caicos Islands,North America,0,5874,0,36
2022-03-27,Turks and Caicos Islands,North America,14,5888,0,36
2022-04-03,Turks and Caicos Islands,North America,22,5910,0,36
2022-04-10,Turks and Caicos Islands,North America,13,5923,0,36
2022-04-17,Turks and Caicos Islands,North America,13,5936,0,36
2022-04-24,Turks and Caicos Islands,North America,5,5941,0,36
2022-05-01,Turks and Caicos Islands,North America,22,5963,0,36
2022-05-08,Turks and Caicos Islands,North America,32,5995,0,36
2022-05-15,Turks and Caicos Islands,North America,51,6046,0,36
2022-05-22,Turks and Caicos Islands,North America,51,6097,0,36
2022-05-29,Turks and Caicos Islands,North America,26,6123,0,36
2022-06-05,Turks and Caicos Islands,North America,25,6148,0,36
2022-06-12,Turks and Caicos Islands,North America,12,6160,0,36
2022-06-19,Turks and Caicos Islands,North America,29,6189,0,36
2022-06-26,Turks and Caicos Islands,North America,22,6211,0,36
2022-07-03,Turks and Caicos Islands,North America,8,6219,0,36
2022-07-10,Turks and Caicos Islands,North America,15,6234,0,36
2022-07-17,Turks and Caicos Islands,North America,21,6255,0,36
2022-07-24,Turks and Caicos Islands,North America,24,6279,0,36
2022-07-31,Turks and Caicos Islands,North America,24,6303,0,36
2022-08-07,Turks and Caicos Islands,North America,25,6328,0,36
2022-08-14,Turks and Caicos Islands,North America,10,6338,0,36
2022-08-21,Turks and Caicos Islands,North America,13,6351,0,36
2022-08-28,Turks and Caicos Islands,North America,8,6359,0,36
2022-09-04,Turks and Caicos Islands,North America,10,6369,0,36
2022-09-11,Turks and Caicos Islands,North America,3,6372,0,36
2022-09-18,Turks and Caicos Islands,North America,8,6380,0,36
2022-09-25,Turks and Caicos Islands,North America,0,6380,0,36
2022-10-02,Turks and Caicos Islands,North America,0,6380,0,36
2022-10-09,Turks and Caicos Islands,North America,0,6380,0,36
2022-10-16,Turks and Caicos Islands,North America,0,6380,0,36
2022-10-23,Turks and Caicos Islands,North America,0,6380,0,36
2022-10-30,Turks and Caicos Islands,North America,49,6429,0,36
2022-11-06,Turks and Caicos Islands,North America,2,6431,0,36
2022-11-13,Turks and Caicos Islands,North America,7,6438,0,36
2022-11-20,Turks and Caicos Islands,North America,2,6440,0,36
2022-11-27,Turks and Caicos Islands,North America,6,6446,0,36
2022-12-04,Turks and Caicos Islands,North America,0,6446,0,36
2022-12-11,Turks and Caicos Islands,North America,0,6446,0,36
2022-12-18,Turks and Caicos Islands,North America,17,6463,0,36
2022-12-25,Turks and Caicos Islands,North America,16,6479,0,36
2023-01-01,Turks and Caicos Islands,North America,0,6479,0,36
2023-01-08,Turks and Caicos Islands,North America,0,6479,0,36
2023-01-15,Turks and Caicos Islands,North America,0,6479,0,36
2023-01-22,Turks and Caicos Islands,North America,43,6522,2,38
2023-01-29,Turks and Caicos Islands,North America,0,6522,0,38
2023-02-05,Turks and Caicos Islands,North America,15,6537,0,38
2023-02-12,Turks and Caicos Islands,North America,7,6544,0,38
2023-02-19,Turks and Caicos Islands,North America,7,6551,0,38
2023-02-26,Turks and Caicos Islands,North America,0,6551,0,38
2023-03-05,Turks and Caicos Islands,North America,6,6557,0,38
2023-03-12,Turks and Caicos Islands,North America,4,6561,0,38
2023-03-19,Turks and Caicos Islands,North America,1,6562,0,38
2023-03-26,Turks and Caicos Islands,North America,3,6565,0,38
2023-04-02,Turks and Caicos Islands,North America,0,6565,0,38
2023-04-09,Turks and Caicos Islands,North America,0,6565,0,38
2023-04-16,Turks and Caicos Islands,North America,0,6565,0,38
2023-04-23,Turks and Caicos Islands,North America,0,6565,0,38
2023-04-30,Turks and Caicos Islands,North America,0,6565,0,38
2023-05-07,Turks and Caicos Islands,North America,23,6588,0,38
2023-05-14,Turks and Caicos Islands,North America,0,6588,0,38
2023-05-21,Turks and Caicos Islands,North America,5,6593,0,38
2023-05-28,Turks and Caicos Islands,North America,2,6595,0,38
2023-06-04,Turks and Caicos Islands,North America,3,6598,0,38
2023-06-11,Turks and Caicos Islands,North America,4,6602,0,38
2023-06-18,Turks and Caicos Islands,North America,2,6604,0,38
2023-06-25,Turks and Caicos Islands,North America,4,6608,1,39
2023-07-02,Turks and Caicos Islands,North America,4,6612,0,39
2023-07-09,Turks and Caicos Islands,North America,4,6616,0,39
2023-07-16,Turks and Caicos Islands,North America,4,6620,0,39
2023-07-23,Turks and Caicos Islands,North America,5,6625,0,39
2023-07-30,Turks and Caicos Islands,North America,16,6641,0,39
2023-08-06,Turks and Caicos Islands,North America,3,6644,0,39
2023-08-13,Turks and Caicos Islands,North America,2,6646,0,39
2023-08-20,Turks and Caicos Islands,North America,3,6649,0,39
2023-08-27,Turks and Caicos Islands,North America,2,6651,0,39
2023-09-03,Turks and Caicos Islands,North America,0,6651,0,39
2023-09-10,Turks and Caicos Islands,North America,0,6651,0,39
2023-09-17,Turks and Caicos Islands,North America,0,6651,0,39
2023-09-24,Turks and Caicos Islands,North America,0,6651,0,39
2023-10-01,Turks and Caicos Islands,North America,0,6651,1,40
2023-10-08,Turks and Caicos Islands,North America,15,6666,0,40
2023-10-15,Turks and Caicos Islands,North America,0,6666,0,40
2023-10-22,Turks and Caicos Islands,North America,1,6667,0,40
2023-10-29,Turks and Caicos Islands,North America,5,6672,0,40
2023-11-05,Turks and Caicos Islands,North America,0,6672,0,40
2023-11-12,Turks and Caicos Islands,North America,0,6672,0,40
2023-11-19,Turks and Caicos Islands,North America,23,6695,0,40
2023-11-26,Turks and Caicos Islands,North America,1,6696,0,40
2023-12-03,Turks and Caicos Islands,North America,1,6697,0,40
2023-12-10,Turks and Caicos Islands,North America,6,6703,0,40
2023-12-17,Turks and Caicos Islands,North America,7,6710,0,40
2023-12-24,Turks and Caicos Islands,North America,0,6710,0,40
2023-12-31,Turks and Caicos Islands,North America,0,6710,0,40
2024-01-07,Turks and Caicos Islands,North America,0,6710,0,40
2024-01-14,Turks and Caicos Islands,North America,10,6720,0,40
2024-01-21,Turks and Caicos Islands,North America,8,6728,0,40
2024-01-28,Turks and Caicos Islands,North America,6,6734,0,40
2024-02-04,Turks and Caicos Islands,North America,0,6734,0,40
2024-02-11,Turks and Caicos Islands,North America,10,6744,0,40
2024-02-18,Turks and Caicos Islands,North America,0,6744,0,40
2024-02-25,Turks and Caicos Islands,North America,0,6744,0,40
2024-03-03,Turks and Caicos Islands,North America,3,6747,0,40
2024-03-10,Turks and Caicos Islands,North America,0,6747,0,40
2024-03-17,Turks and Caicos Islands,North America,0,6747,0,40
2024-03-24,Turks and Caicos Islands,North America,4,6751,0,40
2024-03-31,Turks and Caicos Islands,North America,0,6751,0,40
2024-04-07,Turks and Caicos Islands,North America,0,6751,0,40
2024-04-14,Turks and Caicos Islands,North America,0,6751,0,40
2024-04-21,Turks and Caicos Islands,North America,0,6751,0,40
2024-04-28,Turks and Caicos Islands,North America,0,6751,0,40
2024-05-05,Turks and Caicos Islands,North America,0,6751,0,40
2024-05-12,Turks and Caicos Islands,North America,0,6751,0,40
2024-05-19,Turks and Caicos Islands,North America,0,6751,0,40
2024-05-26,Turks and Caicos Islands,North America,0,6751,0,40
2024-06-02,Turks and Caicos Islands,North America,0,6751,0,40
2024-06-09,Turks and Caicos Islands,North America,0,6751,0,40
2024-06-16,Turks and Caicos Islands,North America,1,6752,0,40
2024-06-23,Turks and Caicos Islands,North America,11,6763,0,40
2024-06-30,Turks and Caicos Islands,North America,13,6776,0,40
2024-07-07,Turks and Caicos Islands,North America,19,6795,0,40
2024-07-14,Turks and Caicos Islands,North America,6,6801,0,40
2024-07-21,Turks and Caicos Islands,North America,4,6805,0,40
2024-07-28,Turks and Caicos Islands,North America,0,6805,0,40
2024-08-04,Turks and Caicos Islands,North America,0,6805,0,40
2024-08-11,Turks and Caicos Islands,North America,0,6805,0,40
2024-08-18,Turks and Caicos Islands,North America,0,6805,0,40
2024-08-25,Turks and Caicos Islands,North America,0,6805,0,40
2024-09-01,Turks and Caicos Islands,North America,0,6805,0,40
2020-01-05,Tuvalu,Oceania,0,0,0,0
2020-01-12,Tuvalu,Oceania,0,0,0,0
2020-01-19,Tuvalu,Oceania,0,0,0,0
2020-01-26,Tuvalu,Oceania,0,0,0,0
2020-02-02,Tuvalu,Oceania,0,0,0,0
2020-02-09,Tuvalu,Oceania,0,0,0,0
2020-02-16,Tuvalu,Oceania,0,0,0,0
2020-02-23,Tuvalu,Oceania,0,0,0,0
2020-03-01,Tuvalu,Oceania,0,0,0,0
2020-03-08,Tuvalu,Oceania,0,0,0,0
2020-03-15,Tuvalu,Oceania,0,0,0,0
2020-03-22,Tuvalu,Oceania,0,0,0,0
2020-03-29,Tuvalu,Oceania,0,0,0,0
2020-04-05,Tuvalu,Oceania,0,0,0,0
2020-04-12,Tuvalu,Oceania,0,0,0,0
2020-04-19,Tuvalu,Oceania,0,0,0,0
2020-04-26,Tuvalu,Oceania,0,0,0,0
2020-05-03,Tuvalu,Oceania,0,0,0,0
2020-05-10,Tuvalu,Oceania,0,0,0,0
2020-05-17,Tuvalu,Oceania,0,0,0,0
2020-05-24,Tuvalu,Oceania,0,0,0,0
2020-05-31,Tuvalu,Oceania,0,0,0,0
2020-06-07,Tuvalu,Oceania,0,0,0,0
2020-06-14,Tuvalu,Oceania,0,0,0,0
2020-06-21,Tuvalu,Oceania,0,0,0,0
2020-06-28,Tuvalu,Oceania,0,0,0,0
2020-07-05,Tuvalu,Oceania,0,0,0,0
2020-07-12,Tuvalu,Oceania,0,0,0,0
2020-07-19,Tuvalu,Oceania,0,0,0,0
2020-07-26,Tuvalu,Oceania,0,0,0,0
2020-08-02,Tuvalu,Oceania,0,0,0,0
2020-08-09,Tuvalu,Oceania,0,0,0,0
2020-08-16,Tuvalu,Oceania,0,0,0,0
2020-08-23,Tuvalu,Oceania,0,0,0,0
2020-08-30,Tuvalu,Oceania,0,0,0,0
2020-09-06,Tuvalu,Oceania,0,0,0,0
2020-09-13,Tuvalu,Oceania,0,0,0,0
2020-09-20,Tuvalu,Oceania,0,0,0,0
2020-09-27,Tuvalu,Oceania,0,0,0,0
2020-10-04,Tuvalu,Oceania,0,0,0,0
2020-10-11,Tuvalu,Oceania,0,0,0,0
2020-10-18,Tuvalu,Oceania,0,0,0,0
2020-10-25,Tuvalu,Oceania,0,0,0,0
2020-11-01,Tuvalu,Oceania,0,0,0,0
2020-11-08,Tuvalu,Oceania,0,0,0,0
2020-11-15,Tuvalu,Oceania,0,0,0,0
2020-11-22,Tuvalu,Oceania,0,0,0,0
2020-11-29,Tuvalu,Oceania,0,0,0,0
2020-12-06,Tuvalu,Oceania,0,0,0,0
2020-12-13,Tuvalu,Oceania,0,0,0,0
2020-12-20,Tuvalu,Oceania,0,0,0,0
2020-12-27,Tuvalu,Oceania,0,0,0,0
2021-01-03,Tuvalu,Oceania,0,0,0,0
2021-01-10,Tuvalu,Oceania,0,0,0,0
2021-01-17,Tuvalu,Oceania,0,0,0,0
2021-01-24,Tuvalu,Oceania,0,0,0,0
2021-01-31,Tuvalu,Oceania,0,0,0,0
2021-02-07,Tuvalu,Oceania,0,0,0,0
2021-02-14,Tuvalu,Oceania,0,0,0,0
2021-02-21,Tuvalu,Oceania,0,0,0,0
2021-02-28,Tuvalu,Oceania,0,0,0,0
2021-03-07,Tuvalu,Oceania,0,0,0,0
2021-03-14,Tuvalu,Oceania,0,0,0,0
2021-03-21,Tuvalu,Oceania,0,0,0,0
2021-03-28,Tuvalu,Oceania,0,0,0,0
2021-04-04,Tuvalu,Oceania,0,0,0,0
2021-04-11,Tuvalu,Oceania,0,0,0,0
2021-04-18,Tuvalu,Oceania,0,0,0,0
2021-04-25,Tuvalu,Oceania,0,0,0,0
2021-05-02,Tuvalu,Oceania,0,0,0,0
2021-05-09,Tuvalu,Oceania,0,0,0,0
2021-05-16,Tuvalu,Oceania,0,0,0,0
2021-05-23,Tuvalu,Oceania,0,0,0,0
2021-05-30,Tuvalu,Oceania,0,0,0,0
2021-06-06,Tuvalu,Oceania,0,0,0,0
2021-06-13,Tuvalu,Oceania,0,0,0,0
2021-06-20,Tuvalu,Oceania,0,0,0,0
2021-06-27,Tuvalu,Oceania,0,0,0,0
2021-07-04,Tuvalu,Oceania,0,0,0,0
2021-07-11,Tuvalu,Oceania,0,0,0,0
2021-07-18,Tuvalu,Oceania,0,0,0,0
2021-07-25,Tuvalu,Oceania,0,0,0,0
2021-08-01,Tuvalu,Oceania,0,0,0,0
2021-08-08,Tuvalu,Oceania,0,0,0,0
2021-08-15,Tuvalu,Oceania,0,0,0,0
2021-08-22,Tuvalu,Oceania,0,0,0,0
2021-08-29,Tuvalu,Oceania,0,0,0,0
2021-09-05,Tuvalu,Oceania,0,0,0,0
2021-09-12,Tuvalu,Oceania,0,0,0,0
2021-09-19,Tuvalu,Oceania,0,0,0,0
2021-09-26,Tuvalu,Oceania,0,0,0,0
2021-10-03,Tuvalu,Oceania,0,0,0,0
2021-10-10,Tuvalu,Oceania,0,0,0,0
2021-10-17,Tuvalu,Oceania,0,0,0,0
2021-10-24,Tuvalu,Oceania,0,0,0,0
2021-10-31,Tuvalu,Oceania,0,0,0,0
2021-11-07,Tuvalu,Oceania,0,0,0,0
2021-11-14,Tuvalu,Oceania,0,0,0,0
2021-11-21,Tuvalu,Oceania,0,0,0,0
2021-11-28,Tuvalu,Oceania,0,0,0,0
2021-12-05,Tuvalu,Oceania,0,0,0,0
2021-12-12,Tuvalu,Oceania,0,0,0,0
2021-12-19,Tuvalu,Oceania,0,0,0,0
2021-12-26,Tuvalu,Oceania,0,0,0,0
2022-01-02,Tuvalu,Oceania,0,0,0,0
2022-01-09,Tuvalu,Oceania,0,0,0,0
2022-01-16,Tuvalu,Oceania,0,0,0,0
2022-01-23,Tuvalu,Oceania,0,0,0,0
2022-01-30,Tuvalu,Oceania,0,0,0,0
2022-02-06,Tuvalu,Oceania,0,0,0,0
2022-02-13,Tuvalu,Oceania,0,0,0,0
2022-02-20,Tuvalu,Oceania,0,0,0,0
2022-02-27,Tuvalu,Oceania,0,0,0,0
2022-03-06,Tuvalu,Oceania,0,0,0,0
2022-03-13,Tuvalu,Oceania,0,0,0,0
2022-03-20,Tuvalu,Oceania,0,0,0,0
2022-03-27,Tuvalu,Oceania,0,0,0,0
2022-04-03,Tuvalu,Oceania,0,0,0,0
2022-04-10,Tuvalu,Oceania,0,0,0,0
2022-04-17,Tuvalu,Oceania,0,0,0,0
2022-04-24,Tuvalu,Oceania,0,0,0,0
2022-05-01,Tuvalu,Oceania,0,0,0,0
2022-05-08,Tuvalu,Oceania,0,0,0,0
2022-05-15,Tuvalu,Oceania,0,0,0,0
2022-05-22,Tuvalu,Oceania,3,3,0,0
2022-05-29,Tuvalu,Oceania,0,3,0,0
2022-06-05,Tuvalu,Oceania,0,3,0,0
2022-06-12,Tuvalu,Oceania,0,3,0,0
2022-06-19,Tuvalu,Oceania,0,3,0,0
2022-06-26,Tuvalu,Oceania,0,3,0,0
2022-07-03,Tuvalu,Oceania,0,3,0,0
2022-07-10,Tuvalu,Oceania,5,8,0,0
2022-07-17,Tuvalu,Oceania,0,8,0,0
2022-07-24,Tuvalu,Oceania,0,8,0,0
2022-07-31,Tuvalu,Oceania,0,8,0,0
2022-08-07,Tuvalu,Oceania,0,8,0,0
2022-08-14,Tuvalu,Oceania,0,8,0,0
2022-08-21,Tuvalu,Oceania,0,8,0,0
2022-08-28,Tuvalu,Oceania,12,20,0,0
2022-09-04,Tuvalu,Oceania,0,20,0,0
2022-09-11,Tuvalu,Oceania,0,20,0,0
2022-09-18,Tuvalu,Oceania,0,20,0,0
2022-09-25,Tuvalu,Oceania,0,20,0,0
2022-10-02,Tuvalu,Oceania,0,20,0,0
2022-10-09,Tuvalu,Oceania,3,23,0,0
2022-10-16,Tuvalu,Oceania,0,23,0,0
2022-10-23,Tuvalu,Oceania,0,23,0,0
2022-10-30,Tuvalu,Oceania,0,23,0,0
2022-11-06,Tuvalu,Oceania,140,163,0,0
2022-11-13,Tuvalu,Oceania,1096,1259,0,0
2022-11-20,Tuvalu,Oceania,998,2257,0,0
2022-11-27,Tuvalu,Oceania,453,2710,0,0
2022-12-04,Tuvalu,Oceania,69,2779,0,0
2022-12-11,Tuvalu,Oceania,0,2779,0,0
2022-12-18,Tuvalu,Oceania,0,2779,0,0
2022-12-25,Tuvalu,Oceania,0,2779,0,0
2023-01-01,Tuvalu,Oceania,0,2779,0,0
2023-01-08,Tuvalu,Oceania,0,2779,0,0
2023-01-15,Tuvalu,Oceania,0,2779,0,0
2023-01-22,Tuvalu,Oceania,0,2779,0,0
2023-01-29,Tuvalu,Oceania,0,2779,0,0
2023-02-05,Tuvalu,Oceania,0,2779,0,0
2023-02-12,Tuvalu,Oceania,0,2779,0,0
2023-02-19,Tuvalu,Oceania,0,2779,0,0
2023-02-26,Tuvalu,Oceania,0,2779,0,0
2023-03-05,Tuvalu,Oceania,0,2779,0,0
2023-03-12,Tuvalu,Oceania,0,2779,0,0
2023-03-19,Tuvalu,Oceania,0,2779,0,0
2023-03-26,Tuvalu,Oceania,0,2779,0,0
2023-04-02,Tuvalu,Oceania,0,2779,0,0
2023-04-09,Tuvalu,Oceania,0,2779,0,0
2023-04-16,Tuvalu,Oceania,0,2779,0,0
2023-04-23,Tuvalu,Oceania,0,2779,0,0
2023-04-30,Tuvalu,Oceania,0,2779,0,0
2023-05-07,Tuvalu,Oceania,0,2779,0,0
2023-05-14,Tuvalu,Oceania,0,2779,0,0
2023-05-21,Tuvalu,Oceania,0,2779,0,0
2023-05-28,Tuvalu,Oceania,0,2779,0,0
2023-06-04,Tuvalu,Oceania,0,2779,0,0
2023-06-11,Tuvalu,Oceania,162,2941,0,0
2023-06-18,Tuvalu,Oceania,2,2943,1,1
2023-06-25,Tuvalu,Oceania,0,2943,0,1
2023-07-02,Tuvalu,Oceania,0,2943,0,1
2023-07-09,Tuvalu,Oceania,0,2943,0,1
2023-07-16,Tuvalu,Oceania,0,2943,0,1
2023-07-23,Tuvalu,Oceania,0,2943,0,1
2023-07-30,Tuvalu,Oceania,0,2943,0,1
2023-08-06,Tuvalu,Oceania,0,2943,0,1
2023-08-13,Tuvalu,Oceania,0,2943,0,1
2023-08-20,Tuvalu,Oceania,0,2943,0,1
2023-08-27,Tuvalu,Oceania,0,2943,0,1
2023-09-03,Tuvalu,Oceania,0,2943,0,1
2023-09-10,Tuvalu,Oceania,0,2943,0,1
2023-09-17,Tuvalu,Oceania,0,2943,0,1
2023-09-24,Tuvalu,Oceania,0,2943,0,1
2023-10-01,Tuvalu,Oceania,0,2943,0,1
2023-10-08,Tuvalu,Oceania,0,2943,0,1
2023-10-15,Tuvalu,Oceania,0,2943,0,1
2023-10-22,Tuvalu,Oceania,0,2943,0,1
2023-10-29,Tuvalu,Oceania,0,2943,0,1
2023-11-05,Tuvalu,Oceania,0,2943,0,1
2023-11-12,Tuvalu,Oceania,0,2943,0,1
2023-11-19,Tuvalu,Oceania,0,2943,0,1
2023-11-26,Tuvalu,Oceania,0,2943,0,1
2023-12-03,Tuvalu,Oceania,0,2943,0,1
2023-12-10,Tuvalu,Oceania,0,2943,0,1
2023-12-17,Tuvalu,Oceania,0,2943,0,1
2023-12-24,Tuvalu,Oceania,0,2943,0,1
2023-12-31,Tuvalu,Oceania,0,2943,0,1
2024-01-07,Tuvalu,Oceania,0,2943,0,1
2024-01-14,Tuvalu,Oceania,0,2943,0,1
2024-01-21,Tuvalu,Oceania,0,2943,0,1
2024-01-28,Tuvalu,Oceania,0,2943,0,1
2024-02-04,Tuvalu,Oceania,0,2943,0,1
2024-02-11,Tuvalu,Oceania,0,2943,0,1
2024-02-18,Tuvalu,Oceania,0,2943,0,1
2024-02-25,Tuvalu,Oceania,0,2943,0,1
2024-03-03,Tuvalu,Oceania,0,2943,0,1
2024-03-10,Tuvalu,Oceania,0,2943,0,1
2024-03-17,Tuvalu,Oceania,0,2943,0,1
2024-03-24,Tuvalu,Oceania,0,2943,0,1
2024-03-31,Tuvalu,Oceania,0,2943,0,1
2024-04-07,Tuvalu,Oceania,0,2943,0,1
2024-04-14,Tuvalu,Oceania,0,2943,0,1
2024-04-21,Tuvalu,Oceania,0,2943,0,1
2024-04-28,Tuvalu,Oceania,0,2943,0,1
2024-05-05,Tuvalu,Oceania,0,2943,0,1
2024-05-12,Tuvalu,Oceania,0,2943,0,1
2024-05-19,Tuvalu,Oceania,0,2943,0,1
2024-05-26,Tuvalu,Oceania,0,2943,0,1
2024-06-02,Tuvalu,Oceania,0,2943,0,1
2024-06-09,Tuvalu,Oceania,0,2943,0,1
2024-06-16,Tuvalu,Oceania,0,2943,0,1
2024-06-23,Tuvalu,Oceania,0,2943,0,1
2024-06-30,Tuvalu,Oceania,0,2943,0,1
2024-07-07,Tuvalu,Oceania,0,2943,0,1
2024-07-14,Tuvalu,Oceania,0,2943,0,1
2024-07-21,Tuvalu,Oceania,0,2943,0,1
2024-07-28,Tuvalu,Oceania,0,2943,0,1
2024-08-04,Tuvalu,Oceania,0,2943,0,1
2024-08-11,Tuvalu,Oceania,0,2943,0,1
2024-08-18,Tuvalu,Oceania,0,2943,0,1
2024-08-25,Tuvalu,Oceania,0,2943,0,1
2024-09-01,Tuvalu,Oceania,0,2943,0,1
2020-01-05,Uganda,Africa,0,0,0,0
2020-01-12,Uganda,Africa,0,0,0,0
2020-01-19,Uganda,Africa,0,0,0,0
2020-01-26,Uganda,Africa,0,0,0,0
2020-02-02,Uganda,Africa,0,0,0,0
2020-02-09,Uganda,Africa,0,0,0,0
2020-02-16,Uganda,Africa,0,0,0,0
2020-02-23,Uganda,Africa,0,0,0,0
2020-03-01,Uganda,Africa,0,0,0,0
2020-03-08,Uganda,Africa,0,0,0,0
2020-03-15,Uganda,Africa,0,0,0,0
2020-03-22,Uganda,Africa,1,1,0,0
2020-03-29,Uganda,Africa,26,27,0,0
2020-04-05,Uganda,Africa,16,43,0,0
2020-04-12,Uganda,Africa,5,48,0,0
2020-04-19,Uganda,Africa,2,50,0,0
2020-04-26,Uganda,Africa,1,51,0,0
2020-05-03,Uganda,Africa,3,54,0,0
2020-05-10,Uganda,Africa,7,61,0,0
2020-05-17,Uganda,Africa,37,98,0,0
2020-05-24,Uganda,Africa,100,198,0,0
2020-05-31,Uganda,Africa,212,410,0,0
2020-06-07,Uganda,Africa,196,606,0,0
2020-06-14,Uganda,Africa,88,694,0,0
2020-06-21,Uganda,Africa,74,768,0,0
2020-06-28,Uganda,Africa,89,857,0,0
2020-07-05,Uganda,Africa,80,937,0,0
2020-07-12,Uganda,Africa,86,1023,0,0
2020-07-19,Uganda,Africa,40,1063,0,0
2020-07-26,Uganda,Africa,52,1115,2,2
2020-08-02,Uganda,Africa,67,1182,2,4
2020-08-09,Uganda,Africa,101,1283,3,7
2020-08-16,Uganda,Africa,217,1500,11,18
2020-08-23,Uganda,Africa,763,2263,7,25
2020-08-30,Uganda,Africa,665,2928,11,36
2020-09-06,Uganda,Africa,739,3667,15,51
2020-09-13,Uganda,Africa,1132,4799,11,62
2020-09-20,Uganda,Africa,1488,6287,13,75
2020-09-27,Uganda,Africa,1243,7530,8,83
2020-10-04,Uganda,Africa,1278,8808,15,98
2020-10-11,Uganda,Africa,993,9801,12,110
2020-10-18,Uganda,Africa,789,10590,8,118
2020-10-25,Uganda,Africa,853,11443,11,129
2020-11-01,Uganda,Africa,1300,12743,11,140
2020-11-08,Uganda,Africa,1662,14405,27,167
2020-11-15,Uganda,Africa,1615,16020,13,180
2020-11-22,Uganda,Africa,1949,17969,23,203
2020-11-29,Uganda,Africa,2178,20147,23,226
2020-12-06,Uganda,Africa,2354,22501,15,241
2020-12-13,Uganda,Africa,5034,27535,17,258
2020-12-20,Uganda,Africa,3656,31191,19,277
2020-12-27,Uganda,Africa,2624,33815,21,298
2021-01-03,Uganda,Africa,2107,35922,7,305
2021-01-10,Uganda,Africa,1820,37742,6,311
2021-01-17,Uganda,Africa,677,38419,4,315
2021-01-24,Uganda,Africa,730,39149,4,319
2021-01-31,Uganda,Africa,430,39579,2,321
2021-02-07,Uganda,Africa,269,39848,3,324
2021-02-14,Uganda,Africa,208,40056,2,326
2021-02-21,Uganda,Africa,157,40213,4,330
2021-02-28,Uganda,Africa,144,40357,1,331
2021-03-07,Uganda,Africa,122,40479,0,331
2021-03-14,Uganda,Africa,102,40581,0,331
2021-03-21,Uganda,Africa,107,40688,1,332
2021-03-28,Uganda,Africa,132,40820,1,333
2021-04-04,Uganda,Africa,196,41016,1,334
2021-04-11,Uganda,Africa,158,41174,1,335
2021-04-18,Uganda,Africa,222,41396,3,338
2021-04-25,Uganda,Africa,321,41717,1,339
2021-05-02,Uganda,Africa,264,41981,4,343
2021-05-09,Uganda,Africa,405,42386,3,346
2021-05-16,Uganda,Africa,475,42861,3,349
2021-05-23,Uganda,Africa,1060,43921,4,353
2021-05-30,Uganda,Africa,3226,47147,9,362
2021-06-06,Uganda,Africa,6814,53961,21,383
2021-06-13,Uganda,Africa,9138,63099,51,434
2021-06-20,Uganda,Africa,9580,72679,246,680
2021-06-27,Uganda,Africa,6410,79089,276,956
2021-07-04,Uganda,Africa,5027,84116,1010,1966
2021-07-11,Uganda,Africa,3640,87756,163,2129
2021-07-18,Uganda,Africa,2900,90656,263,2392
2021-07-25,Uganda,Africa,2068,92724,187,2579
2021-08-01,Uganda,Africa,1701,94425,131,2710
2021-08-08,Uganda,Africa,1450,95875,98,2808
2021-08-15,Uganda,Africa,1249,97124,85,2893
2021-08-22,Uganda,Africa,21653,118777,67,2960
2021-08-29,Uganda,Africa,955,119732,33,2993
2021-09-05,Uganda,Africa,930,120662,60,3053
2021-09-12,Uganda,Africa,925,121587,46,3099
2021-09-19,Uganda,Africa,690,122277,30,3129
2021-09-26,Uganda,Africa,968,123245,19,3148
2021-10-03,Uganda,Africa,794,124039,16,3164
2021-10-10,Uganda,Africa,697,124736,13,3177
2021-10-17,Uganda,Africa,525,125261,8,3185
2021-10-24,Uganda,Africa,497,125758,15,3200
2021-10-31,Uganda,Africa,478,126236,15,3215
2021-11-07,Uganda,Africa,389,126625,13,3228
2021-11-14,Uganda,Africa,340,126965,11,3239
2021-11-21,Uganda,Africa,272,127237,10,3249
2021-11-28,Uganda,Africa,286,127523,3,3252
2021-12-05,Uganda,Africa,233,127756,4,3256
2021-12-12,Uganda,Africa,344,128100,13,3269
2021-12-19,Uganda,Africa,1219,129319,5,3274
2021-12-26,Uganda,Africa,5772,135091,6,3280
2022-01-02,Uganda,Africa,10939,146030,26,3306
2022-01-09,Uganda,Africa,8548,154578,51,3357
2022-01-16,Uganda,Africa,4165,158743,67,3424
2022-01-23,Uganda,Africa,1896,160639,64,3488
2022-01-30,Uganda,Africa,1200,161839,45,3533
2022-02-06,Uganda,Africa,536,162375,33,3566
2022-02-13,Uganda,Africa,447,162822,13,3579
2022-02-20,Uganda,Africa,294,163116,6,3585
2022-02-27,Uganda,Africa,217,163333,3,3588
2022-03-06,Uganda,Africa,107,163440,2,3590
2022-03-13,Uganda,Africa,144,163584,2,3592
2022-03-20,Uganda,Africa,105,163689,3,3595
2022-03-27,Uganda,Africa,116,163805,1,3596
2022-04-03,Uganda,Africa,80,163885,0,3596
2022-04-10,Uganda,Africa,47,163932,0,3596
2022-04-17,Uganda,Africa,62,163994,1,3597
2022-04-24,Uganda,Africa,60,164054,0,3597
2022-05-01,Uganda,Africa,50,164104,0,3597
2022-05-08,Uganda,Africa,45,164149,1,3598
2022-05-15,Uganda,Africa,66,164215,0,3598
2022-05-22,Uganda,Africa,116,164331,2,3600
2022-05-29,Uganda,Africa,81,164412,2,3602
2022-06-05,Uganda,Africa,267,164679,0,3602
2022-06-12,Uganda,Africa,572,165251,3,3605
2022-06-19,Uganda,Africa,683,165934,10,3615
2022-06-26,Uganda,Africa,532,166466,5,3620
2022-07-03,Uganda,Africa,527,166993,0,3620
2022-07-10,Uganda,Africa,415,167408,6,3626
2022-07-17,Uganda,Africa,382,167790,0,3626
2022-07-24,Uganda,Africa,244,168034,1,3627
2022-07-31,Uganda,Africa,304,168338,0,3627
2022-08-07,Uganda,Africa,163,168501,0,3627
2022-08-14,Uganda,Africa,154,168655,0,3627
2022-08-21,Uganda,Africa,111,168766,0,3627
2022-08-28,Uganda,Africa,125,168891,1,3628
2022-09-04,Uganda,Africa,46,168937,0,3628
2022-09-11,Uganda,Africa,56,168993,0,3628
2022-09-18,Uganda,Africa,58,169051,2,3630
2022-09-25,Uganda,Africa,55,169106,0,3630
2022-10-02,Uganda,Africa,93,169199,0,3630
2022-10-09,Uganda,Africa,82,169281,0,3630
2022-10-16,Uganda,Africa,0,169281,0,3630
2022-10-23,Uganda,Africa,94,169375,0,3630
2022-10-30,Uganda,Africa,3,169378,0,3630
2022-11-06,Uganda,Africa,108,169486,0,3630
2022-11-13,Uganda,Africa,82,169568,0,3630
2022-11-20,Uganda,Africa,70,169638,0,3630
2022-11-27,Uganda,Africa,77,169715,0,3630
2022-12-04,Uganda,Africa,89,169804,0,3630
2022-12-11,Uganda,Africa,86,169890,0,3630
2022-12-18,Uganda,Africa,0,169890,0,3630
2022-12-25,Uganda,Africa,0,169890,0,3630
2023-01-01,Uganda,Africa,224,170114,0,3630
2023-01-08,Uganda,Africa,70,170184,0,3630
2023-01-15,Uganda,Africa,49,170233,0,3630
2023-01-22,Uganda,Africa,72,170305,0,3630
2023-01-29,Uganda,Africa,0,170305,0,3630
2023-02-05,Uganda,Africa,64,170369,0,3630
2023-02-12,Uganda,Africa,14,170383,0,3630
2023-02-19,Uganda,Africa,26,170409,0,3630
2023-02-26,Uganda,Africa,40,170449,0,3630
2023-03-05,Uganda,Africa,14,170463,0,3630
2023-03-12,Uganda,Africa,12,170475,0,3630
2023-03-19,Uganda,Africa,16,170491,2,3632
2023-03-26,Uganda,Africa,19,170510,0,3632
2023-04-02,Uganda,Africa,5,170515,0,3632
2023-04-09,Uganda,Africa,24,170539,0,3632
2023-04-16,Uganda,Africa,13,170552,0,3632
2023-04-23,Uganda,Africa,50,170602,0,3632
2023-04-30,Uganda,Africa,69,170671,0,3632
2023-05-07,Uganda,Africa,104,170775,0,3632
2023-05-14,Uganda,Africa,0,170775,0,3632
2023-05-21,Uganda,Africa,0,170775,0,3632
2023-05-28,Uganda,Africa,0,170775,0,3632
2023-06-04,Uganda,Africa,549,171324,0,3632
2023-06-11,Uganda,Africa,0,171324,0,3632
2023-06-18,Uganda,Africa,0,171324,0,3632
2023-06-25,Uganda,Africa,0,171324,0,3632
2023-07-02,Uganda,Africa,405,171729,0,3632
2023-07-09,Uganda,Africa,0,171729,0,3632
2023-07-16,Uganda,Africa,0,171729,0,3632
2023-07-23,Uganda,Africa,0,171729,0,3632
2023-07-30,Uganda,Africa,0,171729,0,3632
2023-08-06,Uganda,Africa,100,171829,0,3632
2023-08-13,Uganda,Africa,6,171835,0,3632
2023-08-20,Uganda,Africa,6,171841,0,3632
2023-08-27,Uganda,Africa,2,171843,0,3632
2023-09-03,Uganda,Africa,2,171845,0,3632
2023-09-10,Uganda,Africa,7,171852,0,3632
2023-09-17,Uganda,Africa,5,171857,0,3632
2023-09-24,Uganda,Africa,6,171863,0,3632
2023-10-01,Uganda,Africa,6,171869,0,3632
2023-10-08,Uganda,Africa,2,171871,0,3632
2023-10-15,Uganda,Africa,12,171883,0,3632
2023-10-22,Uganda,Africa,5,171888,0,3632
2023-10-29,Uganda,Africa,0,171888,0,3632
2023-11-05,Uganda,Africa,0,171888,0,3632
2023-11-12,Uganda,Africa,0,171888,0,3632
2023-11-19,Uganda,Africa,0,171888,0,3632
2023-11-26,Uganda,Africa,0,171888,0,3632
2023-12-03,Uganda,Africa,0,171888,0,3632
2023-12-10,Uganda,Africa,0,171888,0,3632
2023-12-17,Uganda,Africa,0,171888,0,3632
2023-12-24,Uganda,Africa,0,171888,0,3632
2023-12-31,Uganda,Africa,0,171888,0,3632
2024-01-07,Uganda,Africa,63,171951,0,3632
2024-01-14,Uganda,Africa,56,172007,0,3632
2024-01-21,Uganda,Africa,41,172048,0,3632
2024-01-28,Uganda,Africa,59,172107,0,3632
2024-02-04,Uganda,Africa,42,172149,0,3632
2024-02-11,Uganda,Africa,0,172149,0,3632
2024-02-18,Uganda,Africa,0,172149,0,3632
2024-02-25,Uganda,Africa,0,172149,0,3632
2024-03-03,Uganda,Africa,0,172149,0,3632
2024-03-10,Uganda,Africa,0,172149,0,3632
2024-03-17,Uganda,Africa,0,172149,0,3632
2024-03-24,Uganda,Africa,0,172149,0,3632
2024-03-31,Uganda,Africa,0,172149,0,3632
2024-04-07,Uganda,Africa,0,172149,0,3632
2024-04-14,Uganda,Africa,0,172149,0,3632
2024-04-21,Uganda,Africa,0,172149,0,3632
2024-04-28,Uganda,Africa,0,172149,0,3632
2024-05-05,Uganda,Africa,0,172149,0,3632
2024-05-12,Uganda,Africa,0,172149,0,3632
2024-05-19,Uganda,Africa,0,172149,0,3632
2024-05-26,Uganda,Africa,2,172151,0,3632
2024-06-02,Uganda,Africa,1,172152,0,3632
2024-06-09,Uganda,Africa,0,172152,0,3632
2024-06-16,Uganda,Africa,0,172152,0,3632
2024-06-23,Uganda,Africa,0,172152,0,3632
2024-06-30,Uganda,Africa,0,172152,0,3632
2024-07-07,Uganda,Africa,2,172154,0,3632
2024-07-14,Uganda,Africa,0,172154,0,3632
2024-07-21,Uganda,Africa,0,172154,0,3632
2024-07-28,Uganda,Africa,0,172154,0,3632
2024-08-04,Uganda,Africa,0,172154,0,3632
2024-08-11,Uganda,Africa,0,172154,0,3632
2024-08-18,Uganda,Africa,1,172155,0,3632
2024-08-25,Uganda,Africa,4,172159,0,3632
2024-09-01,Uganda,Africa,0,172159,0,3632
2020-01-05,Ukraine,Europe,0,0,0,0
2020-01-12,Ukraine,Europe,0,0,0,0
2020-01-19,Ukraine,Europe,0,0,0,0
2020-01-26,Ukraine,Europe,0,0,0,0
2020-02-02,Ukraine,Europe,0,0,0,0
2020-02-09,Ukraine,Europe,0,0,0,0
2020-02-16,Ukraine,Europe,0,0,0,0
2020-02-23,Ukraine,Europe,0,0,0,0
2020-03-01,Ukraine,Europe,0,0,0,0
2020-03-08,Ukraine,Europe,0,0,0,0
2020-03-15,Ukraine,Europe,18,18,2,2
2020-03-22,Ukraine,Europe,107,125,3,5
2020-03-29,Ukraine,Europe,390,515,8,13
2020-04-05,Ukraine,Europe,765,1280,23,36
2020-04-12,Ukraine,Europe,1685,2965,29,65
2020-04-19,Ukraine,Europe,2473,5438,20,85
2020-04-26,Ukraine,Europe,3011,8449,45,130
2020-05-03,Ukraine,Europe,2946,11395,25,155
2020-05-10,Ukraine,Europe,2985,14380,40,195
2020-05-17,Ukraine,Europe,2612,16992,43,238
2020-05-24,Ukraine,Europe,2338,19330,23,261
2020-05-31,Ukraine,Europe,2436,21766,33,294
2020-06-07,Ukraine,Europe,3135,24901,27,321
2020-06-14,Ukraine,Europe,3937,28838,33,354
2020-06-21,Ukraine,Europe,4884,33722,40,394
2020-06-28,Ukraine,Europe,6184,39906,68,462
2020-07-05,Ukraine,Europe,5188,45094,53,515
2020-07-12,Ukraine,Europe,4945,50039,56,571
2020-07-19,Ukraine,Europe,5084,55123,52,623
2020-07-26,Ukraine,Europe,6046,61169,97,720
2020-08-02,Ukraine,Europe,7012,68181,79,799
2020-08-09,Ukraine,Europe,8131,76312,127,926
2020-08-16,Ukraine,Europe,10024,86336,121,1047
2020-08-23,Ukraine,Europe,13252,99588,102,1149
2020-08-30,Ukraine,Europe,13822,113410,218,1367
2020-09-06,Ukraine,Europe,17414,130824,202,1569
2020-09-13,Ukraine,Europe,18911,149735,137,1706
2020-09-20,Ukraine,Europe,21092,170827,326,2032
2020-09-27,Ukraine,Europe,21299,192126,278,2310
2020-10-04,Ukraine,Europe,27198,219324,278,2588
2020-10-11,Ukraine,Europe,33814,253138,442,3030
2020-10-18,Ukraine,Europe,35486,288624,405,3435
2020-10-25,Ukraine,Europe,41583,330207,445,3880
2020-11-01,Ukraine,Europe,48518,378725,923,4803
2020-11-08,Ukraine,Europe,59561,438286,1192,5995
2020-11-15,Ukraine,Europe,75319,513605,1130,7125
2020-11-22,Ukraine,Europe,88651,602256,1379,8504
2020-11-29,Ukraine,Europe,95555,697811,1252,9756
2020-12-06,Ukraine,Europe,87403,785214,1406,11162
2020-12-13,Ukraine,Europe,76767,861981,1514,12676
2020-12-20,Ukraine,Europe,68736,930717,1620,14296
2020-12-27,Ukraine,Europe,57391,988108,982,15278
2021-01-03,Ukraine,Europe,49251,1037359,1254,16532
2021-01-10,Ukraine,Europe,39656,1077015,732,17264
2021-01-17,Ukraine,Europe,44402,1121417,1034,18298
2021-01-24,Ukraine,Europe,30612,1152029,1055,19353
2021-01-31,Ukraine,Europe,27158,1179187,844,20197
2021-02-07,Ukraine,Europe,25508,1204695,876,21073
2021-02-14,Ukraine,Europe,26498,1231193,748,21821
2021-02-21,Ukraine,Europe,34188,1265381,764,22585
2021-02-28,Ukraine,Europe,44472,1309853,895,23480
2021-03-07,Ukraine,Europe,55376,1365229,1145,24625
2021-03-14,Ukraine,Europe,60038,1425267,1238,25863
2021-03-21,Ukraine,Europe,80339,1505606,1643,27506
2021-03-28,Ukraine,Europe,104522,1610128,2057,29563
2021-04-04,Ukraine,Europe,103479,1713607,2454,32017
2021-04-11,Ukraine,Europe,105217,1818824,2714,34731
2021-04-18,Ukraine,Europe,91911,1910735,2699,37430
2021-04-25,Ukraine,Europe,77317,1988052,2518,39948
2021-05-02,Ukraine,Europe,55605,2043657,2232,42180
2021-05-09,Ukraine,Europe,36932,2080589,1872,44052
2021-05-16,Ukraine,Europe,33146,2113735,1562,45614
2021-05-23,Ukraine,Europe,27840,2141575,1262,46876
2021-05-30,Ukraine,Europe,19626,2161201,1260,48136
2021-06-06,Ukraine,Europe,11571,2172772,519,48655
2021-06-13,Ukraine,Europe,9373,2182145,544,49199
2021-06-20,Ukraine,Europe,5609,2187754,292,49491
2021-06-27,Ukraine,Europe,4360,2192114,249,49740
2021-07-04,Ukraine,Europe,3429,2195543,184,49924
2021-07-11,Ukraine,Europe,3551,2199094,154,50078
2021-07-18,Ukraine,Europe,3301,2202395,93,50171
2021-07-25,Ukraine,Europe,4154,2206549,143,50314
2021-08-01,Ukraine,Europe,4705,2211254,81,50395
2021-08-08,Ukraine,Europe,5921,2217175,145,50540
2021-08-15,Ukraine,Europe,6879,2224054,169,50709
2021-08-22,Ukraine,Europe,9078,2233132,231,50940
2021-08-29,Ukraine,Europe,9533,2242665,238,51178
2021-09-05,Ukraine,Europe,13367,2256032,263,51441
2021-09-12,Ukraine,Europe,19517,2275549,359,51800
2021-09-19,Ukraine,Europe,32822,2308371,559,52359
2021-09-26,Ukraine,Europe,44759,2353130,801,53160
2021-10-03,Ukraine,Europe,64606,2417736,1169,54329
2021-10-10,Ukraine,Europe,90079,2507815,1811,56140
2021-10-17,Ukraine,Europe,94605,2602420,2109,58249
2021-10-24,Ukraine,Europe,139344,2741764,3392,61641
2021-10-31,Ukraine,Europe,152199,2893963,3825,65466
2021-11-07,Ukraine,Europe,152263,3046226,4530,69996
2021-11-14,Ukraine,Europe,139941,3186167,4591,74587
2021-11-21,Ukraine,Europe,111965,3298132,4450,79037
2021-11-28,Ukraine,Europe,87420,3385552,3814,82851
2021-12-05,Ukraine,Europe,74128,3459680,3106,85957
2021-12-12,Ukraine,Europe,61210,3520890,2695,88652
2021-12-19,Ukraine,Europe,47521,3568411,2047,90699
2021-12-26,Ukraine,Europe,37673,3606084,1834,92533
2022-01-02,Ukraine,Europe,27983,3634067,1205,93738
2022-01-09,Ukraine,Europe,28100,3662167,1024,94762
2022-01-16,Ukraine,Europe,55088,3717255,1036,95798
2022-01-23,Ukraine,Europe,110840,3828095,921,96719
2022-01-30,Ukraine,Europe,194125,4022220,921,97640
2022-02-06,Ukraine,Europe,242942,4265162,1189,98829
2022-02-13,Ukraine,Europe,235256,4500418,1558,100387
2022-02-20,Ukraine,Europe,191640,4692058,1695,102082
2022-02-27,Ukraine,Europe,101143,4793201,1302,103384
2022-03-06,Ukraine,Europe,39531,4832732,731,104115
2022-03-13,Ukraine,Europe,31401,4864133,505,104620
2022-03-20,Ukraine,Europe,30357,4894490,413,105033
2022-03-27,Ukraine,Europe,22317,4916807,264,105297
2022-04-03,Ukraine,Europe,14656,4931463,158,105455
2022-04-10,Ukraine,Europe,11391,4942854,120,105575
2022-04-17,Ukraine,Europe,8035,4950889,117,105692
2022-04-24,Ukraine,Europe,5353,4956242,73,105765
2022-05-01,Ukraine,Europe,4221,4960463,83,105848
2022-05-08,Ukraine,Europe,3732,4964195,38,105886
2022-05-15,Ukraine,Europe,2841,4967036,48,105934
2022-05-22,Ukraine,Europe,2132,4969168,41,105975
2022-05-29,Ukraine,Europe,1896,4971064,31,106006
2022-06-05,Ukraine,Europe,1600,4972664,35,106041
2022-06-12,Ukraine,Europe,1065,4973729,17,106058
2022-06-19,Ukraine,Europe,1044,4974773,16,106074
2022-06-26,Ukraine,Europe,981,4975754,18,106092
2022-07-03,Ukraine,Europe,1106,4976860,15,106107
2022-07-10,Ukraine,Europe,1056,4977916,19,106126
2022-07-17,Ukraine,Europe,1431,4979347,9,106135
2022-07-24,Ukraine,Europe,2098,4981445,14,106149
2022-07-31,Ukraine,Europe,2786,4984231,14,106163
2022-08-07,Ukraine,Europe,3893,4988124,16,106179
2022-08-14,Ukraine,Europe,5439,4993563,37,106216
2022-08-21,Ukraine,Europe,9113,5002676,23,106239
2022-08-28,Ukraine,Europe,11437,5014113,38,106277
2022-09-04,Ukraine,Europe,16155,5030268,44,106321
2022-09-11,Ukraine,Europe,23864,5054132,70,106391
2022-09-18,Ukraine,Europe,36683,5090815,90,106481
2022-09-25,Ukraine,Europe,44137,5134952,161,106642
2022-10-02,Ukraine,Europe,42802,5177754,202,106844
2022-10-09,Ukraine,Europe,36413,5214167,208,107052
2022-10-16,Ukraine,Europe,22914,5237081,203,107255
2022-10-23,Ukraine,Europe,16908,5253989,189,107444
2022-10-30,Ukraine,Europe,16378,5270367,179,107623
2022-11-06,Ukraine,Europe,9587,5279954,114,107737
2022-11-13,Ukraine,Europe,7317,5287271,103,107840
2022-11-20,Ukraine,Europe,6757,5294028,102,107942
2022-11-27,Ukraine,Europe,4991,5299019,80,108022
2022-12-04,Ukraine,Europe,4810,5303829,54,108076
2022-12-11,Ukraine,Europe,4286,5308115,56,108132
2022-12-18,Ukraine,Europe,4358,5312473,70,108202
2022-12-25,Ukraine,Europe,3203,5315676,47,108249
2023-01-01,Ukraine,Europe,3411,5319087,46,108295
2023-01-08,Ukraine,Europe,2970,5322057,61,108356
2023-01-15,Ukraine,Europe,2710,5324767,58,108414
2023-01-22,Ukraine,Europe,3099,5327866,42,108456
2023-01-29,Ukraine,Europe,2973,5330839,43,108499
2023-02-05,Ukraine,Europe,3708,5334547,68,108567
2023-02-12,Ukraine,Europe,5283,5339830,44,108611
2023-02-19,Ukraine,Europe,7344,5347174,60,108671
2023-02-26,Ukraine,Europe,9792,5356966,63,108734
2023-03-05,Ukraine,Europe,12757,5369723,67,108801
2023-03-12,Ukraine,Europe,15372,5385095,92,108893
2023-03-19,Ukraine,Europe,18619,5403714,101,108994
2023-03-26,Ukraine,Europe,19975,5423689,118,109112
2023-04-02,Ukraine,Europe,18982,5442671,113,109225
2023-04-09,Ukraine,Europe,17083,5459754,123,109348
2023-04-16,Ukraine,Europe,16595,5476349,111,109459
2023-04-23,Ukraine,Europe,10845,5487194,105,109564
2023-04-30,Ukraine,Europe,8898,5496092,82,109646
2023-05-07,Ukraine,Europe,6612,5502704,61,109707
2023-05-14,Ukraine,Europe,4739,5507443,44,109751
2023-05-21,Ukraine,Europe,3323,5510766,37,109788
2023-05-28,Ukraine,Europe,2999,5513765,42,109830
2023-06-04,Ukraine,Europe,1965,5515730,24,109854
2023-06-11,Ukraine,Europe,1551,5517281,15,109869
2023-06-18,Ukraine,Europe,1308,5518589,20,109889
2023-06-25,Ukraine,Europe,996,5519585,16,109905
2023-07-02,Ukraine,Europe,898,5520483,13,109918
2023-07-09,Ukraine,Europe,0,5520483,0,109918
2023-07-16,Ukraine,Europe,0,5520483,0,109918
2023-07-23,Ukraine,Europe,0,5520483,0,109918
2023-07-30,Ukraine,Europe,0,5520483,0,109918
2023-08-06,Ukraine,Europe,0,5520483,0,109918
2023-08-13,Ukraine,Europe,0,5520483,0,109918
2023-08-20,Ukraine,Europe,0,5520483,0,109918
2023-08-27,Ukraine,Europe,0,5520483,0,109918
2023-09-03,Ukraine,Europe,0,5520483,0,109918
2023-09-10,Ukraine,Europe,0,5520483,0,109918
2023-09-17,Ukraine,Europe,0,5520483,0,109918
2023-09-24,Ukraine,Europe,0,5520483,0,109918
2023-10-01,Ukraine,Europe,0,5520483,0,109918
2023-10-08,Ukraine,Europe,0,5520483,0,109918
2023-10-15,Ukraine,Europe,0,5520483,0,109918
2023-10-22,Ukraine,Europe,0,5520483,0,109918
2023-10-29,Ukraine,Europe,0,5520483,0,109918
2023-11-05,Ukraine,Europe,561,5521044,0,109918
2023-11-12,Ukraine,Europe,613,5521657,0,109918
2023-11-19,Ukraine,Europe,555,5522212,0,109918
2023-11-26,Ukraine,Europe,790,5523002,0,109918
2023-12-03,Ukraine,Europe,691,5523693,0,109918
2023-12-10,Ukraine,Europe,1022,5524715,0,109918
2023-12-17,Ukraine,Europe,754,5525469,0,109918
2023-12-24,Ukraine,Europe,768,5526237,0,109918
2023-12-31,Ukraine,Europe,765,5527002,0,109918
2024-01-07,Ukraine,Europe,626,5527628,0,109918
2024-01-14,Ukraine,Europe,549,5528177,0,109918
2024-01-21,Ukraine,Europe,401,5528578,0,109918
2024-01-28,Ukraine,Europe,388,5528966,0,109918
2024-02-04,Ukraine,Europe,319,5529285,0,109918
2024-02-11,Ukraine,Europe,223,5529508,0,109918
2024-02-18,Ukraine,Europe,305,5529813,0,109918
2024-02-25,Ukraine,Europe,325,5530138,0,109918
2024-03-03,Ukraine,Europe,319,5530457,0,109918
2024-03-10,Ukraine,Europe,297,5530754,1,109919
2024-03-17,Ukraine,Europe,297,5531051,1,109920
2024-03-24,Ukraine,Europe,313,5531364,0,109920
2024-03-31,Ukraine,Europe,241,5531605,0,109920
2024-04-07,Ukraine,Europe,237,5531842,0,109920
2024-04-14,Ukraine,Europe,169,5532011,0,109920
2024-04-21,Ukraine,Europe,169,5532180,0,109920
2024-04-28,Ukraine,Europe,114,5532294,0,109920
2024-05-05,Ukraine,Europe,86,5532380,0,109920
2024-05-12,Ukraine,Europe,87,5532467,0,109920
2024-05-19,Ukraine,Europe,74,5532541,0,109920
2024-05-26,Ukraine,Europe,34,5532575,0,109920
2024-06-02,Ukraine,Europe,28,5532603,0,109920
2024-06-09,Ukraine,Europe,25,5532628,0,109920
2024-06-16,Ukraine,Europe,15,5532643,0,109920
2024-06-23,Ukraine,Europe,15,5532658,0,109920
2024-06-30,Ukraine,Europe,23,5532681,0,109920
2024-07-07,Ukraine,Europe,39,5532720,0,109920
2024-07-14,Ukraine,Europe,43,5532763,0,109920
2024-07-21,Ukraine,Europe,71,5532834,0,109920
2024-07-28,Ukraine,Europe,88,5532922,0,109920
2024-08-04,Ukraine,Europe,171,5533093,0,109920
2024-08-11,Ukraine,Europe,275,5533368,3,109923
2024-08-18,Ukraine,Europe,439,5533807,0,109923
2024-08-25,Ukraine,Europe,1353,5535160,0,109923
2024-09-01,Ukraine,Europe,1829,5536989,0,109923
2020-01-05,United Arab Emirates,Asia,0,0,0,0
2020-01-12,United Arab Emirates,Asia,0,0,0,0
2020-01-19,United Arab Emirates,Asia,0,0,0,0
2020-01-26,United Arab Emirates,Asia,0,0,0,0
2020-02-02,United Arab Emirates,Asia,5,5,0,0
2020-02-09,United Arab Emirates,Asia,2,7,0,0
2020-02-16,United Arab Emirates,Asia,1,8,0,0
2020-02-23,United Arab Emirates,Asia,5,13,0,0
2020-03-01,United Arab Emirates,Asia,6,19,0,0
2020-03-08,United Arab Emirates,Asia,26,45,0,0
2020-03-15,United Arab Emirates,Asia,41,86,0,0
2020-03-22,United Arab Emirates,Asia,67,153,2,2
2020-03-29,United Arab Emirates,Asia,315,468,0,2
2020-04-05,United Arab Emirates,Asia,1037,1505,8,10
2020-04-12,United Arab Emirates,Asia,2231,3736,10,20
2020-04-19,United Arab Emirates,Asia,2566,6302,17,37
2020-04-26,United Arab Emirates,Asia,3511,9813,34,71
2020-05-03,United Arab Emirates,Asia,3786,13599,48,119
2020-05-10,United Arab Emirates,Asia,3818,17417,66,185
2020-05-17,United Arab Emirates,Asia,5210,22627,29,214
2020-05-24,United Arab Emirates,Asia,6077,28704,30,244
2020-05-31,United Arab Emirates,Asia,5192,33896,18,262
2020-06-07,United Arab Emirates,Asia,4372,38268,13,275
2020-06-14,United Arab Emirates,Asia,3722,41990,13,288
2020-06-21,United Arab Emirates,Asia,2543,44533,13,301
2020-06-28,United Arab Emirates,Asia,2827,47360,10,311
2020-07-05,United Arab Emirates,Asia,3497,50857,10,321
2020-07-12,United Arab Emirates,Asia,3596,54453,10,331
2020-07-19,United Arab Emirates,Asia,2258,56711,7,338
2020-07-26,United Arab Emirates,Asia,1851,58562,5,343
2020-08-02,United Arab Emirates,Asia,2198,60760,8,351
2020-08-09,United Arab Emirates,Asia,1540,62300,5,356
2020-08-16,United Arab Emirates,Asia,1802,64102,5,361
2020-08-23,United Arab Emirates,Asia,2515,66617,11,372
2020-08-30,United Arab Emirates,Asia,2711,69328,7,379
2020-09-06,United Arab Emirates,Asia,4143,73471,9,388
2020-09-13,United Arab Emirates,Asia,5378,78849,11,399
2020-09-20,United Arab Emirates,Asia,5393,84242,5,404
2020-09-27,United Arab Emirates,Asia,6376,90618,7,411
2020-10-04,United Arab Emirates,Asia,7142,97760,15,426
2020-10-11,United Arab Emirates,Asia,7373,105133,17,443
2020-10-18,United Arab Emirates,Asia,9254,114387,16,459
2020-10-25,United Arab Emirates,Asia,9377,123764,16,475
2020-11-01,United Arab Emirates,Asia,8865,132629,20,495
2020-11-08,United Arab Emirates,Asia,8403,141032,19,514
2020-11-15,United Arab Emirates,Asia,8103,149135,14,528
2020-11-22,United Arab Emirates,Asia,8650,157785,20,548
2020-11-29,United Arab Emirates,Asia,8717,166502,21,569
2020-12-06,United Arab Emirates,Asia,8774,175276,20,589
2020-12-13,United Arab Emirates,Asia,8479,183755,20,609
2020-12-20,United Arab Emirates,Asia,8649,192404,25,634
2020-12-27,United Arab Emirates,Asia,8488,200892,21,655
2021-01-03,United Arab Emirates,Asia,10749,211641,19,674
2021-01-10,United Arab Emirates,Asia,16061,227702,28,702
2021-01-17,United Arab Emirates,Asia,22106,249808,38,740
2021-01-24,United Arab Emirates,Asia,24568,274376,43,783
2021-01-31,United Arab Emirates,Asia,26285,300661,55,838
2021-02-07,United Arab Emirates,Asia,22741,323402,76,914
2021-02-14,United Arab Emirates,Asia,22203,345605,87,1001
2021-02-21,United Arab Emirates,Asia,22570,368175,107,1108
2021-02-28,United Arab Emirates,Asia,20419,388594,105,1213
2021-03-07,United Arab Emirates,Asia,19642,408236,97,1310
2021-03-14,United Arab Emirates,Asia,16169,424405,78,1388
2021-03-21,United Arab Emirates,Asia,14233,438638,45,1433
2021-03-28,United Arab Emirates,Asia,14431,453069,44,1477
2021-04-04,United Arab Emirates,Asia,14954,468023,27,1504
2021-04-11,United Arab Emirates,Asia,13914,481937,25,1529
2021-04-18,United Arab Emirates,Asia,13287,495224,21,1550
2021-04-25,United Arab Emirates,Asia,13701,508925,19,1569
2021-05-02,United Arab Emirates,Asia,13023,521948,22,1591
2021-05-09,United Arab Emirates,Asia,12497,534445,19,1610
2021-05-16,United Arab Emirates,Asia,10486,544931,19,1629
2021-05-23,United Arab Emirates,Asia,9585,554516,19,1648
2021-05-30,United Arab Emirates,Asia,12747,567263,25,1673
2021-06-06,United Arab Emirates,Asia,13934,581197,23,1696
2021-06-13,United Arab Emirates,Asia,14820,596017,28,1724
2021-06-20,United Arab Emirates,Asia,14162,610179,28,1752
2021-06-27,United Arab Emirates,Asia,14635,624814,40,1792
2021-07-04,United Arab Emirates,Asia,13063,637877,39,1831
2021-07-11,United Arab Emirates,Asia,10825,648702,29,1860
2021-07-18,United Arab Emirates,Asia,10747,659449,36,1896
2021-07-25,United Arab Emirates,Asia,10659,670108,20,1916
2021-08-01,United Arab Emirates,Asia,10750,680858,33,1949
2021-08-08,United Arab Emirates,Asia,10696,691554,22,1971
2021-08-15,United Arab Emirates,Asia,9033,700587,26,1997
2021-08-22,United Arab Emirates,Asia,7715,708302,21,2018
2021-08-29,United Arab Emirates,Asia,7092,715394,18,2036
2021-09-05,United Arab Emirates,Asia,6898,722292,9,2045
2021-09-12,United Arab Emirates,Asia,5974,728266,17,2062
2021-09-19,United Arab Emirates,Asia,4033,732299,11,2073
2021-09-26,United Arab Emirates,Asia,2297,734596,16,2089
2021-10-03,United Arab Emirates,Asia,1928,736524,11,2100
2021-10-10,United Arab Emirates,Asia,1131,737655,13,2113
2021-10-17,United Arab Emirates,Asia,832,738487,5,2118
2021-10-24,United Arab Emirates,Asia,703,739190,11,2129
2021-10-31,United Arab Emirates,Asia,634,739824,7,2136
2021-11-07,United Arab Emirates,Asia,538,740362,3,2139
2021-11-14,United Arab Emirates,Asia,517,740879,4,2143
2021-11-21,United Arab Emirates,Asia,491,741370,1,2144
2021-11-28,United Arab Emirates,Asia,488,741858,1,2145
2021-12-05,United Arab Emirates,Asia,420,742278,3,2148
2021-12-12,United Arab Emirates,Asia,441,742719,3,2151
2021-12-19,United Arab Emirates,Asia,1133,743852,0,2151
2021-12-26,United Arab Emirates,Asia,5678,749530,5,2156
2022-01-02,United Arab Emirates,Asia,14963,764493,9,2165
2022-01-09,United Arab Emirates,Asia,18373,782866,8,2173
2022-01-16,United Arab Emirates,Asia,19315,802181,15,2188
2022-01-23,United Arab Emirates,Asia,20705,822886,23,2211
2022-01-30,United Arab Emirates,Asia,17853,840739,28,2239
2022-02-06,United Arab Emirates,Asia,14903,855642,23,2262
2022-02-13,United Arab Emirates,Asia,11329,866971,22,2284
2022-02-20,United Arab Emirates,Asia,6911,873882,9,2293
2022-02-27,United Arab Emirates,Asia,4864,878746,8,2301
2022-03-06,United Arab Emirates,Asia,3731,882477,0,2301
2022-03-13,United Arab Emirates,Asia,2612,885089,1,2302
2022-03-20,United Arab Emirates,Asia,2296,887385,0,2302
2022-03-27,United Arab Emirates,Asia,2412,889797,0,2302
2022-04-03,United Arab Emirates,Asia,2075,891872,0,2302
2022-04-10,United Arab Emirates,Asia,1666,893538,0,2302
2022-04-17,United Arab Emirates,Asia,1726,895264,0,2302
2022-04-24,United Arab Emirates,Asia,1628,896892,0,2302
2022-05-01,United Arab Emirates,Asia,1679,898571,0,2302
2022-05-08,United Arab Emirates,Asia,1455,900026,0,2302
2022-05-15,United Arab Emirates,Asia,2135,902161,0,2302
2022-05-22,United Arab Emirates,Asia,2305,904466,0,2302
2022-05-29,United Arab Emirates,Asia,2603,907069,0,2302
2022-06-05,United Arab Emirates,Asia,3269,910338,3,2305
2022-06-12,United Arab Emirates,Asia,5909,916247,0,2305
2022-06-19,United Arab Emirates,Asia,9651,925898,3,2308
2022-06-26,United Arab Emirates,Asia,11139,937037,3,2311
2022-07-03,United Arab Emirates,Asia,12347,949384,6,2317
2022-07-10,United Arab Emirates,Asia,11961,961345,6,2323
2022-07-17,United Arab Emirates,Asia,10662,972007,2,2325
2022-07-24,United Arab Emirates,Asia,9650,981657,6,2331
2022-07-31,United Arab Emirates,Asia,8743,990400,3,2334
2022-08-07,United Arab Emirates,Asia,7369,997769,3,2337
2022-08-14,United Arab Emirates,Asia,6160,1003929,2,2339
2022-08-21,United Arab Emirates,Asia,5187,1009116,2,2341
2022-08-28,United Arab Emirates,Asia,4215,1013331,0,2341
2022-09-04,United Arab Emirates,Asia,3414,1016745,0,2341
2022-09-11,United Arab Emirates,Asia,2880,1019625,1,2342
2022-09-18,United Arab Emirates,Asia,2913,1022538,0,2342
2022-09-25,United Arab Emirates,Asia,2675,1025213,1,2343
2022-10-02,United Arab Emirates,Asia,2720,1027933,2,2345
2022-10-09,United Arab Emirates,Asia,2545,1030478,1,2346
2022-10-16,United Arab Emirates,Asia,2044,1032522,0,2346
2022-10-23,United Arab Emirates,Asia,2262,1034784,2,2348
2022-10-30,United Arab Emirates,Asia,2239,1037023,0,2348
2022-11-06,United Arab Emirates,Asia,2067,1039090,0,2348
2022-11-13,United Arab Emirates,Asia,1731,1040821,0,2348
2022-11-20,United Arab Emirates,Asia,1519,1042340,0,2348
2022-11-27,United Arab Emirates,Asia,1458,1043798,0,2348
2022-12-04,United Arab Emirates,Asia,906,1044704,0,2348
2022-12-11,United Arab Emirates,Asia,719,1045423,0,2348
2022-12-18,United Arab Emirates,Asia,663,1046086,0,2348
2022-12-25,United Arab Emirates,Asia,463,1046549,0,2348
2023-01-01,United Arab Emirates,Asia,459,1047008,0,2348
2023-01-08,United Arab Emirates,Asia,456,1047464,0,2348
2023-01-15,United Arab Emirates,Asia,556,1048020,0,2348
2023-01-22,United Arab Emirates,Asia,603,1048623,0,2348
2023-01-29,United Arab Emirates,Asia,586,1049209,0,2348
2023-02-05,United Arab Emirates,Asia,520,1049729,0,2348
2023-02-12,United Arab Emirates,Asia,601,1050330,0,2348
2023-02-19,United Arab Emirates,Asia,631,1050961,1,2349
2023-02-26,United Arab Emirates,Asia,771,1051732,0,2349
2023-03-05,United Arab Emirates,Asia,787,1052519,0,2349
2023-03-12,United Arab Emirates,Asia,1067,1053586,0,2349
2023-03-19,United Arab Emirates,Asia,1287,1054873,0,2349
2023-03-26,United Arab Emirates,Asia,1612,1056485,0,2349
2023-04-02,United Arab Emirates,Asia,1515,1058000,0,2349
2023-04-09,United Arab Emirates,Asia,1468,1059468,0,2349
2023-04-16,United Arab Emirates,Asia,1149,1060617,0,2349
2023-04-23,United Arab Emirates,Asia,1040,1061657,0,2349
2023-04-30,United Arab Emirates,Asia,1143,1062800,0,2349
2023-05-07,United Arab Emirates,Asia,1437,1064237,0,2349
2023-05-14,United Arab Emirates,Asia,1370,1065607,0,2349
2023-05-21,United Arab Emirates,Asia,1034,1066641,0,2349
2023-05-28,United Arab Emirates,Asia,389,1067030,0,2349
2023-06-04,United Arab Emirates,Asia,0,1067030,0,2349
2023-06-11,United Arab Emirates,Asia,0,1067030,0,2349
2023-06-18,United Arab Emirates,Asia,0,1067030,0,2349
2023-06-25,United Arab Emirates,Asia,0,1067030,0,2349
2023-07-02,United Arab Emirates,Asia,0,1067030,0,2349
2023-07-09,United Arab Emirates,Asia,0,1067030,0,2349
2023-07-16,United Arab Emirates,Asia,0,1067030,0,2349
2023-07-23,United Arab Emirates,Asia,0,1067030,0,2349
2023-07-30,United Arab Emirates,Asia,0,1067030,0,2349
2023-08-06,United Arab Emirates,Asia,0,1067030,0,2349
2023-08-13,United Arab Emirates,Asia,0,1067030,0,2349
2023-08-20,United Arab Emirates,Asia,0,1067030,0,2349
2023-08-27,United Arab Emirates,Asia,0,1067030,0,2349
2023-09-03,United Arab Emirates,Asia,0,1067030,0,2349
2023-09-10,United Arab Emirates,Asia,0,1067030,0,2349
2023-09-17,United Arab Emirates,Asia,0,1067030,0,2349
2023-09-24,United Arab Emirates,Asia,0,1067030,0,2349
2023-10-01,United Arab Emirates,Asia,0,1067030,0,2349
2023-10-08,United Arab Emirates,Asia,0,1067030,0,2349
2023-10-15,United Arab Emirates,Asia,0,1067030,0,2349
2023-10-22,United Arab Emirates,Asia,0,1067030,0,2349
2023-10-29,United Arab Emirates,Asia,0,1067030,0,2349
2023-11-05,United Arab Emirates,Asia,0,1067030,0,2349
2023-11-12,United Arab Emirates,Asia,0,1067030,0,2349
2023-11-19,United Arab Emirates,Asia,0,1067030,0,2349
2023-11-26,United Arab Emirates,Asia,0,1067030,0,2349
2023-12-03,United Arab Emirates,Asia,0,1067030,0,2349
2023-12-10,United Arab Emirates,Asia,0,1067030,0,2349
2023-12-17,United Arab Emirates,Asia,0,1067030,0,2349
2023-12-24,United Arab Emirates,Asia,0,1067030,0,2349
2023-12-31,United Arab Emirates,Asia,0,1067030,0,2349
2024-01-07,United Arab Emirates,Asia,0,1067030,0,2349
2024-01-14,United Arab Emirates,Asia,0,1067030,0,2349
2024-01-21,United Arab Emirates,Asia,0,1067030,0,2349
2024-01-28,United Arab Emirates,Asia,0,1067030,0,2349
2024-02-04,United Arab Emirates,Asia,0,1067030,0,2349
2024-02-11,United Arab Emirates,Asia,0,1067030,0,2349
2024-02-18,United Arab Emirates,Asia,0,1067030,0,2349
2024-02-25,United Arab Emirates,Asia,0,1067030,0,2349
2024-03-03,United Arab Emirates,Asia,0,1067030,0,2349
2024-03-10,United Arab Emirates,Asia,0,1067030,0,2349
2024-03-17,United Arab Emirates,Asia,0,1067030,0,2349
2024-03-24,United Arab Emirates,Asia,0,1067030,0,2349
2024-03-31,United Arab Emirates,Asia,0,1067030,0,2349
2024-04-07,United Arab Emirates,Asia,0,1067030,0,2349
2024-04-14,United Arab Emirates,Asia,0,1067030,0,2349
2024-04-21,United Arab Emirates,Asia,0,1067030,0,2349
2024-04-28,United Arab Emirates,Asia,0,1067030,0,2349
2024-05-05,United Arab Emirates,Asia,0,1067030,0,2349
2024-05-12,United Arab Emirates,Asia,0,1067030,0,2349
2024-05-19,United Arab Emirates,Asia,0,1067030,0,2349
2024-05-26,United Arab Emirates,Asia,0,1067030,0,2349
2024-06-02,United Arab Emirates,Asia,0,1067030,0,2349
2024-06-09,United Arab Emirates,Asia,0,1067030,0,2349
2024-06-16,United Arab Emirates,Asia,0,1067030,0,2349
2024-06-23,United Arab Emirates,Asia,0,1067030,0,2349
2024-06-30,United Arab Emirates,Asia,0,1067030,0,2349
2024-07-07,United Arab Emirates,Asia,0,1067030,0,2349
2024-07-14,United Arab Emirates,Asia,0,1067030,0,2349
2024-07-21,United Arab Emirates,Asia,0,1067030,0,2349
2024-07-28,United Arab Emirates,Asia,0,1067030,0,2349
2024-08-04,United Arab Emirates,Asia,0,1067030,0,2349
2024-08-11,United Arab Emirates,Asia,0,1067030,0,2349
2024-08-18,United Arab Emirates,Asia,0,1067030,0,2349
2024-08-25,United Arab Emirates,Asia,0,1067030,0,2349
2024-09-01,United Arab Emirates,Asia,0,1067030,0,2349
2020-01-05,United Republic of Tanzania,Africa,0,0,0,0
2020-01-12,United Republic of Tanzania,Africa,0,0,0,0
2020-01-19,United Republic of Tanzania,Africa,0,0,0,0
2020-01-26,United Republic of Tanzania,Africa,0,0,0,0
2020-02-02,United Republic of Tanzania,Africa,0,0,0,0
2020-02-09,United Republic of Tanzania,Africa,0,0,0,0
2020-02-16,United Republic of Tanzania,Africa,0,0,0,0
2020-02-23,United Republic of Tanzania,Africa,0,0,0,0
2020-03-01,United Republic of Tanzania,Africa,0,0,0,0
2020-03-08,United Republic of Tanzania,Africa,0,0,0,0
2020-03-15,United Republic of Tanzania,Africa,0,0,0,0
2020-03-22,United Republic of Tanzania,Africa,6,6,0,0
2020-03-29,United Republic of Tanzania,Africa,8,14,0,0
2020-04-05,United Republic of Tanzania,Africa,6,20,1,1
2020-04-12,United Republic of Tanzania,Africa,12,32,2,3
2020-04-19,United Republic of Tanzania,Africa,116,148,2,5
2020-04-26,United Republic of Tanzania,Africa,152,300,5,10
2020-05-03,United Republic of Tanzania,Africa,180,480,8,18
2020-05-10,United Republic of Tanzania,Africa,29,509,3,21
2020-05-17,United Republic of Tanzania,Africa,0,509,0,21
2020-05-24,United Republic of Tanzania,Africa,0,509,0,21
2020-05-31,United Republic of Tanzania,Africa,0,509,0,21
2020-06-07,United Republic of Tanzania,Africa,0,509,0,21
2020-06-14,United Republic of Tanzania,Africa,0,509,0,21
2020-06-21,United Republic of Tanzania,Africa,0,509,0,21
2020-06-28,United Republic of Tanzania,Africa,0,509,0,21
2020-07-05,United Republic of Tanzania,Africa,0,509,0,21
2020-07-12,United Republic of Tanzania,Africa,0,509,0,21
2020-07-19,United Republic of Tanzania,Africa,0,509,0,21
2020-07-26,United Republic of Tanzania,Africa,0,509,0,21
2020-08-02,United Republic of Tanzania,Africa,0,509,0,21
2020-08-09,United Republic of Tanzania,Africa,0,509,0,21
2020-08-16,United Republic of Tanzania,Africa,0,509,0,21
2020-08-23,United Republic of Tanzania,Africa,0,509,0,21
2020-08-30,United Republic of Tanzania,Africa,0,509,0,21
2020-09-06,United Republic of Tanzania,Africa,0,509,0,21
2020-09-13,United Republic of Tanzania,Africa,0,509,0,21
2020-09-20,United Republic of Tanzania,Africa,0,509,0,21
2020-09-27,United Republic of Tanzania,Africa,0,509,0,21
2020-10-04,United Republic of Tanzania,Africa,0,509,0,21
2020-10-11,United Republic of Tanzania,Africa,0,509,0,21
2020-10-18,United Republic of Tanzania,Africa,0,509,0,21
2020-10-25,United Republic of Tanzania,Africa,0,509,0,21
2020-11-01,United Republic of Tanzania,Africa,0,509,0,21
2020-11-08,United Republic of Tanzania,Africa,0,509,0,21
2020-11-15,United Republic of Tanzania,Africa,0,509,0,21
2020-11-22,United Republic of Tanzania,Africa,0,509,0,21
2020-11-29,United Republic of Tanzania,Africa,0,509,0,21
2020-12-06,United Republic of Tanzania,Africa,0,509,0,21
2020-12-13,United Republic of Tanzania,Africa,0,509,0,21
2020-12-20,United Republic of Tanzania,Africa,0,509,0,21
2020-12-27,United Republic of Tanzania,Africa,0,509,0,21
2021-01-03,United Republic of Tanzania,Africa,0,509,0,21
2021-01-10,United Republic of Tanzania,Africa,0,509,0,21
2021-01-17,United Republic of Tanzania,Africa,0,509,0,21
2021-01-24,United Republic of Tanzania,Africa,0,509,0,21
2021-01-31,United Republic of Tanzania,Africa,0,509,0,21
2021-02-07,United Republic of Tanzania,Africa,0,509,0,21
2021-02-14,United Republic of Tanzania,Africa,0,509,0,21
2021-02-21,United Republic of Tanzania,Africa,0,509,0,21
2021-02-28,United Republic of Tanzania,Africa,0,509,0,21
2021-03-07,United Republic of Tanzania,Africa,0,509,0,21
2021-03-14,United Republic of Tanzania,Africa,0,509,0,21
2021-03-21,United Republic of Tanzania,Africa,0,509,0,21
2021-03-28,United Republic of Tanzania,Africa,0,509,0,21
2021-04-04,United Republic of Tanzania,Africa,0,509,0,21
2021-04-11,United Republic of Tanzania,Africa,0,509,0,21
2021-04-18,United Republic of Tanzania,Africa,0,509,0,21
2021-04-25,United Republic of Tanzania,Africa,0,509,0,21
2021-05-02,United Republic of Tanzania,Africa,0,509,0,21
2021-05-09,United Republic of Tanzania,Africa,0,509,0,21
2021-05-16,United Republic of Tanzania,Africa,0,509,0,21
2021-05-23,United Republic of Tanzania,Africa,0,509,0,21
2021-05-30,United Republic of Tanzania,Africa,0,509,0,21
2021-06-06,United Republic of Tanzania,Africa,0,509,0,21
2021-06-13,United Republic of Tanzania,Africa,0,509,0,21
2021-06-20,United Republic of Tanzania,Africa,0,509,0,21
2021-06-27,United Republic of Tanzania,Africa,0,509,0,21
2021-07-04,United Republic of Tanzania,Africa,100,609,0,21
2021-07-11,United Republic of Tanzania,Africa,0,609,0,21
2021-07-18,United Republic of Tanzania,Africa,408,1017,0,21
2021-07-25,United Republic of Tanzania,Africa,350,1367,29,50
2021-08-01,United Republic of Tanzania,Africa,0,1367,0,50
2021-08-08,United Republic of Tanzania,Africa,20607,21974,553,603
2021-08-15,United Republic of Tanzania,Africa,1403,23377,28,631
2021-08-22,United Republic of Tanzania,Africa,855,24232,27,658
2021-08-29,United Republic of Tanzania,Africa,603,24835,20,678
2021-09-05,United Republic of Tanzania,Africa,466,25301,17,695
2021-09-12,United Republic of Tanzania,Africa,213,25514,9,704
2021-09-19,United Republic of Tanzania,Africa,195,25709,11,715
2021-09-26,United Republic of Tanzania,Africa,137,25846,4,719
2021-10-03,United Republic of Tanzania,Africa,111,25957,4,723
2021-10-10,United Republic of Tanzania,Africa,77,26034,1,724
2021-10-17,United Republic of Tanzania,Africa,81,26115,1,725
2021-10-24,United Republic of Tanzania,Africa,39,26154,0,725
2021-10-31,United Republic of Tanzania,Africa,42,26196,0,725
2021-11-07,United Republic of Tanzania,Africa,12,26208,0,725
2021-11-14,United Republic of Tanzania,Africa,19,26227,2,727
2021-11-21,United Republic of Tanzania,Africa,34,26261,3,730
2021-11-28,United Republic of Tanzania,Africa,9,26270,0,730
2021-12-05,United Republic of Tanzania,Africa,39,26309,4,734
2021-12-12,United Republic of Tanzania,Africa,174,26483,0,734
2021-12-19,United Republic of Tanzania,Africa,0,26483,0,734
2021-12-26,United Republic of Tanzania,Africa,2823,29306,3,737
2022-01-02,United Republic of Tanzania,Africa,1258,30564,3,740
2022-01-09,United Republic of Tanzania,Africa,831,31395,5,745
2022-01-16,United Republic of Tanzania,Africa,998,32393,8,753
2022-01-23,United Republic of Tanzania,Africa,527,32920,25,778
2022-01-30,United Republic of Tanzania,Africa,310,33230,11,789
2022-02-06,United Republic of Tanzania,Africa,206,33436,3,792
2022-02-13,United Republic of Tanzania,Africa,113,33549,4,796
2022-02-20,United Republic of Tanzania,Africa,71,33620,2,798
2022-02-27,United Republic of Tanzania,Africa,0,33620,0,798
2022-03-06,United Republic of Tanzania,Africa,106,33726,2,800
2022-03-13,United Republic of Tanzania,Africa,47,33773,0,800
2022-03-20,United Republic of Tanzania,Africa,24,33797,0,800
2022-03-27,United Republic of Tanzania,Africa,18,33815,0,800
2022-04-03,United Republic of Tanzania,Africa,21,33836,3,803
2022-04-10,United Republic of Tanzania,Africa,15,33851,0,803
2022-04-17,United Republic of Tanzania,Africa,13,33864,0,803
2022-04-24,United Republic of Tanzania,Africa,8,33872,0,803
2022-05-01,United Republic of Tanzania,Africa,32,33904,0,803
2022-05-08,United Republic of Tanzania,Africa,737,34641,37,840
2022-05-15,United Republic of Tanzania,Africa,41,34682,0,840
2022-05-22,United Republic of Tanzania,Africa,83,34765,0,840
2022-05-29,United Republic of Tanzania,Africa,71,34836,0,840
2022-06-05,United Republic of Tanzania,Africa,152,34988,0,840
2022-06-12,United Republic of Tanzania,Africa,171,35159,0,840
2022-06-19,United Republic of Tanzania,Africa,207,35366,1,841
2022-06-26,United Republic of Tanzania,Africa,402,35768,0,841
2022-07-03,United Republic of Tanzania,Africa,406,36174,0,841
2022-07-10,United Republic of Tanzania,Africa,346,36520,0,841
2022-07-17,United Republic of Tanzania,Africa,366,36886,0,841
2022-07-24,United Republic of Tanzania,Africa,443,37329,0,841
2022-07-31,United Republic of Tanzania,Africa,536,37865,0,841
2022-08-07,United Republic of Tanzania,Africa,340,38205,0,841
2022-08-14,United Republic of Tanzania,Africa,249,38454,0,841
2022-08-21,United Republic of Tanzania,Africa,258,38712,0,841
2022-08-28,United Republic of Tanzania,Africa,239,38951,4,845
2022-09-04,United Republic of Tanzania,Africa,227,39178,0,845
2022-09-11,United Republic of Tanzania,Africa,85,39263,0,845
2022-09-18,United Republic of Tanzania,Africa,88,39351,0,845
2022-09-25,United Republic of Tanzania,Africa,99,39450,0,845
2022-10-02,United Republic of Tanzania,Africa,73,39523,0,845
2022-10-09,United Republic of Tanzania,Africa,166,39689,0,845
2022-10-16,United Republic of Tanzania,Africa,125,39814,0,845
2022-10-23,United Republic of Tanzania,Africa,471,40285,0,845
2022-10-30,United Republic of Tanzania,Africa,0,40285,0,845
2022-11-06,United Republic of Tanzania,Africa,1134,41419,0,845
2022-11-13,United Republic of Tanzania,Africa,243,41662,0,845
2022-11-20,United Republic of Tanzania,Africa,0,41662,0,845
2022-11-27,United Republic of Tanzania,Africa,185,41847,0,845
2022-12-04,United Republic of Tanzania,Africa,150,41997,0,845
2022-12-11,United Republic of Tanzania,Africa,114,42111,0,845
2022-12-18,United Republic of Tanzania,Africa,117,42228,0,845
2022-12-25,United Republic of Tanzania,Africa,123,42351,0,845
2023-01-01,United Republic of Tanzania,Africa,45,42396,0,845
2023-01-08,United Republic of Tanzania,Africa,71,42467,1,846
2023-01-15,United Republic of Tanzania,Africa,63,42530,0,846
2023-01-22,United Republic of Tanzania,Africa,70,42600,0,846
2023-01-29,United Republic of Tanzania,Africa,64,42664,0,846
2023-02-05,United Republic of Tanzania,Africa,53,42717,0,846
2023-02-12,United Republic of Tanzania,Africa,58,42775,0,846
2023-02-19,United Republic of Tanzania,Africa,48,42823,0,846
2023-02-26,United Republic of Tanzania,Africa,23,42846,0,846
2023-03-05,United Republic of Tanzania,Africa,60,42906,0,846
2023-03-12,United Republic of Tanzania,Africa,21,42927,0,846
2023-03-19,United Republic of Tanzania,Africa,15,42942,0,846
2023-03-26,United Republic of Tanzania,Africa,17,42959,0,846
2023-04-02,United Republic of Tanzania,Africa,14,42973,0,846
2023-04-09,United Republic of Tanzania,Africa,25,42998,0,846
2023-04-16,United Republic of Tanzania,Africa,25,43023,0,846
2023-04-23,United Republic of Tanzania,Africa,25,43048,0,846
2023-04-30,United Republic of Tanzania,Africa,30,43078,0,846
2023-05-07,United Republic of Tanzania,Africa,0,43078,0,846
2023-05-14,United Republic of Tanzania,Africa,0,43078,0,846
2023-05-21,United Republic of Tanzania,Africa,0,43078,0,846
2023-05-28,United Republic of Tanzania,Africa,0,43078,0,846
2023-06-04,United Republic of Tanzania,Africa,0,43078,0,846
2023-06-11,United Republic of Tanzania,Africa,0,43078,0,846
2023-06-18,United Republic of Tanzania,Africa,0,43078,0,846
2023-06-25,United Republic of Tanzania,Africa,0,43078,0,846
2023-07-02,United Republic of Tanzania,Africa,0,43078,0,846
2023-07-09,United Republic of Tanzania,Africa,0,43078,0,846
2023-07-16,United Republic of Tanzania,Africa,0,43078,0,846
2023-07-23,United Republic of Tanzania,Africa,0,43078,0,846
2023-07-30,United Republic of Tanzania,Africa,0,43078,0,846
2023-08-06,United Republic of Tanzania,Africa,0,43078,0,846
2023-08-13,United Republic of Tanzania,Africa,0,43078,0,846
2023-08-20,United Republic of Tanzania,Africa,0,43078,0,846
2023-08-27,United Republic of Tanzania,Africa,0,43078,0,846
2023-09-03,United Republic of Tanzania,Africa,0,43078,0,846
2023-09-10,United Republic of Tanzania,Africa,0,43078,0,846
2023-09-17,United Republic of Tanzania,Africa,0,43078,0,846
2023-09-24,United Republic of Tanzania,Africa,0,43078,0,846
2023-10-01,United Republic of Tanzania,Africa,0,43078,0,846
2023-10-08,United Republic of Tanzania,Africa,6,43084,0,846
2023-10-15,United Republic of Tanzania,Africa,24,43108,0,846
2023-10-22,United Republic of Tanzania,Africa,2,43110,0,846
2023-10-29,United Republic of Tanzania,Africa,5,43115,0,846
2023-11-05,United Republic of Tanzania,Africa,2,43117,0,846
2023-11-12,United Republic of Tanzania,Africa,0,43117,0,846
2023-11-19,United Republic of Tanzania,Africa,10,43127,0,846
2023-11-26,United Republic of Tanzania,Africa,31,43158,0,846
2023-12-03,United Republic of Tanzania,Africa,33,43191,0,846
2023-12-10,United Republic of Tanzania,Africa,32,43223,0,846
2023-12-17,United Republic of Tanzania,Africa,0,43223,0,846
2023-12-24,United Republic of Tanzania,Africa,0,43223,0,846
2023-12-31,United Republic of Tanzania,Africa,0,43223,0,846
2024-01-07,United Republic of Tanzania,Africa,0,43223,0,846
2024-01-14,United Republic of Tanzania,Africa,0,43223,0,846
2024-01-21,United Republic of Tanzania,Africa,0,43223,0,846
2024-01-28,United Republic of Tanzania,Africa,0,43223,0,846
2024-02-04,United Republic of Tanzania,Africa,0,43223,0,846
2024-02-11,United Republic of Tanzania,Africa,0,43223,0,846
2024-02-18,United Republic of Tanzania,Africa,0,43223,0,846
2024-02-25,United Republic of Tanzania,Africa,0,43223,0,846
2024-03-03,United Republic of Tanzania,Africa,0,43223,0,846
2024-03-10,United Republic of Tanzania,Africa,0,43223,0,846
2024-03-17,United Republic of Tanzania,Africa,0,43223,0,846
2024-03-24,United Republic of Tanzania,Africa,0,43223,0,846
2024-03-31,United Republic of Tanzania,Africa,1,43224,0,846
2024-04-07,United Republic of Tanzania,Africa,1,43225,0,846
2024-04-14,United Republic of Tanzania,Africa,0,43225,0,846
2024-04-21,United Republic of Tanzania,Africa,0,43225,0,846
2024-04-28,United Republic of Tanzania,Africa,0,43225,0,846
2024-05-05,United Republic of Tanzania,Africa,0,43225,0,846
2024-05-12,United Republic of Tanzania,Africa,1,43226,0,846
2024-05-19,United Republic of Tanzania,Africa,0,43226,0,846
2024-05-26,United Republic of Tanzania,Africa,0,43226,0,846
2024-06-02,United Republic of Tanzania,Africa,0,43226,0,846
2024-06-09,United Republic of Tanzania,Africa,0,43226,0,846
2024-06-16,United Republic of Tanzania,Africa,0,43226,0,846
2024-06-23,United Republic of Tanzania,Africa,3,43229,0,846
2024-06-30,United Republic of Tanzania,Africa,1,43230,0,846
2024-07-07,United Republic of Tanzania,Africa,0,43230,0,846
2024-07-14,United Republic of Tanzania,Africa,0,43230,0,846
2024-07-21,United Republic of Tanzania,Africa,0,43230,0,846
2024-07-28,United Republic of Tanzania,Africa,0,43230,0,846
2024-08-04,United Republic of Tanzania,Africa,1,43231,0,846
2024-08-11,United Republic of Tanzania,Africa,1,43232,0,846
2024-08-18,United Republic of Tanzania,Africa,5,43237,0,846
2024-08-25,United Republic of Tanzania,Africa,1,43238,0,846
2024-09-01,United Republic of Tanzania,Africa,6,43244,0,846
2020-01-05,United States of America,North America,0,0,0,0
2020-01-12,United States of America,North America,0,0,0,0
2020-01-19,United States of America,North America,0,0,0,0
2020-01-26,United States of America,North America,7,7,0,0
2020-02-02,United States of America,North America,2,9,0,0
2020-02-09,United States of America,North America,11,20,0,0
2020-02-16,United States of America,North America,4,24,0,0
2020-02-23,United States of America,North America,16,40,0,0
2020-03-01,United States of America,North America,33,73,1,1
2020-03-08,United States of America,North America,391,464,18,19
2020-03-15,United States of America,North America,3465,3929,50,69
2020-03-22,United States of America,North America,27486,31415,305,374
2020-03-29,United States of America,North America,94894,126309,1732,2106
2020-04-05,United States of America,North America,176151,302460,6642,8748
2020-04-12,United States of America,North America,219172,521632,13889,22637
2020-04-19,United States of America,North America,196150,717782,15898,38535
2020-04-26,United States of America,North America,205165,922947,14899,53434
2020-05-03,United States of America,North America,198436,1121383,13635,67069
2020-05-10,United States of America,North America,182246,1303629,12758,79827
2020-05-17,United States of America,North America,169032,1472661,10130,89957
2020-05-24,United States of America,North America,166325,1638986,8558,98515
2020-05-31,United States of America,North America,146436,1785422,6810,105325
2020-06-07,United States of America,North America,149780,1935202,5987,111312
2020-06-14,United States of America,North America,151876,2087078,5370,116682
2020-06-21,United States of America,North America,180021,2267099,4455,121137
2020-06-28,United States of America,North America,258278,2525377,6081,127218
2020-07-05,United States of America,North America,342166,2867543,4451,131669
2020-07-12,United States of America,North America,392205,3259748,5529,137198
2020-07-19,United States of America,North America,466267,3726015,6666,143864
2020-07-26,United States of America,North America,467901,4193916,7726,151590
2020-08-02,United States of America,North America,431250,4625166,8146,159736
2020-08-09,United States of America,North America,375909,5001075,7799,167535
2020-08-16,United States of America,North America,362662,5363737,7404,174939
2020-08-23,United States of America,North America,315788,5679525,6677,181616
2020-08-30,United States of America,North America,294946,5974471,6343,187959
2020-09-06,United States of America,North America,295253,6269724,5705,193664
2020-09-13,United States of America,North America,245621,6515345,4977,198641
2020-09-20,United States of America,North America,280977,6796322,5176,203817
2020-09-27,United States of America,North America,304774,7101096,4776,208593
2020-10-04,United States of America,North America,298348,7399444,4687,213280
2020-10-11,United States of America,North America,334249,7733693,4615,217895
2020-10-18,United States of America,North America,387634,8121327,4801,222696
2020-10-25,United States of America,North America,449438,8570765,5723,228419
2020-11-01,United States of America,North America,559394,9130159,6096,234515
2020-11-08,United States of America,North America,790094,9920253,7204,241719
2020-11-15,United States of America,North America,1004845,10925098,8717,250436
2020-11-22,United States of America,North America,1175483,12100581,10820,261256
2020-11-29,United States of America,North America,1162401,13262982,11950,273206
2020-12-06,United States of America,North America,1280932,14543914,14801,288007
2020-12-13,United States of America,North America,1468482,16012396,17714,305721
2020-12-20,United States of America,North America,1517928,17530324,18866,324587
2020-12-27,United States of America,North America,1360122,18890446,18333,342920
2021-01-03,United States of America,North America,1380995,20271441,19650,362570
2021-01-10,United States of America,North America,1667151,21938592,21497,384067
2021-01-17,United States of America,North America,1589955,23528547,23312,407379
2021-01-24,United States of America,North America,1265861,24794408,22495,429874
2021-01-31,United States of America,North America,1068625,25863033,22249,452123
2021-02-07,United States of America,North America,857250,26720283,20100,472223
2021-02-14,United States of America,North America,670572,27390855,19838,492061
2021-02-21,United States of America,North America,473485,27864340,14432,506493
2021-02-28,United States of America,North America,465751,28330091,13360,519853
2021-03-07,United States of America,North America,420739,28750830,10446,530299
2021-03-14,United States of America,North America,384000,29134830,8559,538858
2021-03-21,United States of America,North America,379551,29514381,6264,545122
2021-03-28,United States of America,North America,417818,29932199,6111,551233
2021-04-04,United States of America,North America,449960,30382159,5352,556585
2021-04-11,United States of America,North America,455950,30838109,4903,561488
2021-04-18,United States of America,North America,467217,31305326,4875,566363
2021-04-25,United States of America,North America,406095,31711421,4721,571084
2021-05-02,United States of America,North America,338407,32049828,4493,575577
2021-05-09,United States of America,North America,292324,32342152,4451,580028
2021-05-16,United States of America,North America,233350,32575502,3973,584001
2021-05-23,United States of America,North America,181609,32757111,3624,587625
2021-05-30,United States of America,North America,147811,32904922,3534,591159
2021-06-06,United States of America,North America,99112,33004034,2675,593834
2021-06-13,United States of America,North America,99565,33103599,2624,596458
2021-06-20,United States of America,North America,80627,33184226,1762,598220
2021-06-27,United States of America,North America,87637,33271863,2101,600321
2021-07-04,United States of America,North America,97037,33368900,1717,602038
2021-07-11,United States of America,North America,286510,33655410,1509,603547
2021-07-18,United States of America,North America,222579,33877989,1931,605478
2021-07-25,United States of America,North America,359027,34237016,2084,607562
2021-08-01,United States of America,North America,547086,34784102,2927,610489
2021-08-08,United States of America,North America,743056,35527158,4453,614942
2021-08-15,United States of America,North America,886464,36413622,5637,620579
2021-08-22,United States of America,North America,1019966,37433588,8055,628634
2021-08-29,United States of America,North America,1094890,38528478,10183,638817
2021-09-05,United States of America,North America,1144251,39672729,11709,650526
2021-09-12,United States of America,North America,1022570,40695299,12085,662611
2021-09-19,United States of America,North America,1037454,41732753,13590,676201
2021-09-26,United States of America,North America,852294,42585047,13384,689585
2021-10-03,United States of America,North America,755688,43340735,12992,702577
2021-10-10,United States of America,North America,681984,44022719,11684,714261
2021-10-17,United States of America,North America,582237,44604956,10462,724723
2021-10-24,United States of America,North America,508543,45113499,11091,735814
2021-10-31,United States of America,North America,526186,45639685,8915,744729
2021-11-07,United States of America,North America,510211,46149896,7407,752136
2021-11-14,United States of America,North America,557180,46707076,7529,759665
2021-11-21,United States of America,North America,676876,47383952,10276,769941
2021-11-28,United States of America,North America,592394,47976346,5690,775631
2021-12-05,United States of America,North America,751017,48727363,8304,783935
2021-12-12,United States of America,North America,834969,49562332,8586,792521
2021-12-19,United States of America,North America,899109,50461441,9065,801586
2021-12-26,United States of America,North America,1417419,51878860,11001,812587
2022-01-02,United States of America,North America,2712038,54590898,9146,821733
2022-01-09,United States of America,North America,4682897,59273795,11716,833449
2022-01-16,United States of America,North America,5650933,64924728,14380,847829
2022-01-23,United States of America,North America,5042888,69967616,16308,864137
2022-01-30,United States of America,North America,3789262,73756878,18403,882540
2022-02-06,United States of America,North America,2188710,75945588,18654,901194
2022-02-13,United States of America,North America,1222112,77167700,17550,918744
2022-02-20,United States of America,North America,708156,77875856,15372,934116
2022-02-27,United States of America,North America,458272,78334128,13046,947162
2022-03-06,United States of America,North America,332509,78666637,9678,956840
2022-03-13,United States of America,North America,234332,78900969,8606,965446
2022-03-20,United States of America,North America,208740,79109709,3245,968691
2022-03-27,United States of America,North America,193469,79303178,4991,973682
2022-04-03,United States of America,North America,194464,79497642,4172,977854
2022-04-10,United States of America,North America,201192,79698834,3467,981321
2022-04-17,United States of America,North America,247939,79946773,3123,984444
2022-04-24,United States of America,North America,300721,80247494,2443,986887
2022-05-01,United States of America,North America,378549,80626043,2242,989129
2022-05-08,United States of America,North America,465658,81091701,2641,991770
2022-05-15,United States of America,North America,604955,81696656,1966,993736
2022-05-22,United States of America,North America,734495,82431151,2081,995817
2022-05-29,United States of America,North America,740720,83171871,2629,998446
2022-06-05,United States of America,North America,675627,83847498,1979,1000425
2022-06-12,United States of America,North America,741044,84588542,2284,1002709
2022-06-19,United States of America,North America,672256,85260798,2202,1004911
2022-06-26,United States of America,North America,709637,85970435,2501,1007412
2022-07-03,United States of America,North America,773772,86744207,2642,1010054
2022-07-10,United States of America,North America,743769,87487976,2454,1012508
2022-07-17,United States of America,North America,888229,88376205,2785,1015293
2022-07-24,United States of America,North America,908695,89284900,3187,1018480
2022-07-31,United States of America,North America,947983,90232883,3113,1021593
2022-08-07,United States of America,North America,788051,91020934,3261,1024854
2022-08-14,United States of America,North America,701618,91722552,3442,1028296
2022-08-21,United States of America,North America,644925,92367477,3231,1031527
2022-08-28,United States of America,North America,610329,92977806,3221,1034748
2022-09-04,United States of America,North America,580363,93558169,3090,1037838
2022-09-11,United States of America,North America,449509,94007678,2625,1040463
2022-09-18,United States of America,North America,406901,94414579,2899,1043362
2022-09-25,United States of America,North America,368725,94783304,2705,1046067
2022-10-02,United States of America,North America,321234,95104538,2982,1049049
2022-10-09,United States of America,North America,280584,95385122,2560,1051609
2022-10-16,United States of America,North America,251280,95636402,2274,1053883
2022-10-23,United States of America,North America,283734,95920136,2955,1056838
2022-10-30,United States of America,North America,255156,96175292,3081,1059919
2022-11-06,United States of America,North America,267304,96442596,2463,1062382
2022-11-13,United States of America,North America,282897,96725493,2290,1064672
2022-11-20,United States of America,North America,274984,97000477,2202,1066874
2022-11-27,United States of America,North America,300171,97300648,2619,1069493
2022-12-04,United States of America,North America,302599,97603247,1763,1071256
2022-12-11,United States of America,North America,462223,98065470,3035,1074291
2022-12-18,United States of America,North America,446014,98511484,2652,1076943
2022-12-25,United States of America,North America,508009,99019493,3033,1079976
2023-01-01,United States of America,North America,392203,99411696,2480,1082456
2023-01-08,United States of America,North America,471714,99883410,2764,1085220
2023-01-15,United States of America,North America,448092,100331502,4407,1089627
2023-01-22,United States of America,North America,308025,100639527,3664,1093291
2023-01-29,United States of America,North America,294867,100934394,3743,1097034
2023-02-05,United States of America,North America,285402,101219796,3452,1100486
2023-02-12,United States of America,North America,278228,101498024,3440,1103926
2023-02-19,United States of America,North America,254372,101752396,2857,1106783
2023-02-26,United States of America,North America,267168,102019564,2362,1109145
2023-03-05,United States of America,North America,227828,102247392,2197,1111342
2023-03-12,United States of America,North America,170593,102417985,1887,1113229
2023-03-19,United States of America,North America,126613,102544598,1741,1114970
2023-03-26,United States of America,North America,152968,102697566,2084,1117054
2023-04-02,United States of America,North America,176358,102873924,1746,1118800
2023-04-09,United States of America,North America,103472,102977396,1729,1120529
2023-04-16,United States of America,North America,104057,103081453,1290,1121819
2023-04-23,United States of America,North America,98467,103179920,1198,1123017
2023-04-30,United States of America,North America,86484,103266404,1046,1124063
2023-05-07,United States of America,North America,77165,103343569,1146,1125209
2023-05-14,United States of America,North America,93260,103436829,1943,1127152
2023-05-21,United States of America,North America,0,103436829,759,1127911
2023-05-28,United States of America,North America,0,103436829,743,1128654
2023-06-04,United States of America,North America,0,103436829,697,1129351
2023-06-11,United States of America,North America,0,103436829,633,1129984
2023-06-18,United States of America,North America,0,103436829,613,1130597
2023-06-25,United States of America,North America,0,103436829,584,1131181
2023-07-02,United States of America,North America,0,103436829,543,1131724
2023-07-09,United States of America,North America,0,103436829,493,1132217
2023-07-16,United States of America,North America,0,103436829,510,1132727
2023-07-23,United States of America,North America,0,103436829,540,1133267
2023-07-30,United States of America,North America,0,103436829,554,1133821
2023-08-06,United States of America,North America,0,103436829,672,1134493
2023-08-13,United States of America,North America,0,103436829,754,1135247
2023-08-20,United States of America,North America,0,103436829,925,1136172
2023-08-27,United States of America,North America,0,103436829,1068,1137240
2023-09-03,United States of America,North America,0,103436829,1189,1138429
2023-09-10,United States of America,North America,0,103436829,1317,1139746
2023-09-17,United States of America,North America,0,103436829,1411,1141157
2023-09-24,United States of America,North America,0,103436829,1417,1142574
2023-10-01,United States of America,North America,0,103436829,1459,1144033
2023-10-08,United States of America,North America,0,103436829,1402,1145435
2023-10-15,United States of America,North America,0,103436829,1316,1146751
2023-10-22,United States of America,North America,0,103436829,1392,1148143
2023-10-29,United States of America,North America,0,103436829,1291,1149434
2023-11-05,United States of America,North America,0,103436829,1247,1150681
2023-11-12,United States of America,North America,0,103436829,1392,1152073
2023-11-19,United States of America,North America,0,103436829,1431,1153504
2023-11-26,United States of America,North America,0,103436829,1427,1154931
2023-12-03,United States of America,North America,0,103436829,1733,1156664
2023-12-10,United States of America,North America,0,103436829,1793,1158457
2023-12-17,United States of America,North America,0,103436829,1850,1160307
2023-12-24,United States of America,North America,0,103436829,1937,1162244
2023-12-31,United States of America,North America,0,103436829,2232,1164476
2024-01-07,United States of America,North America,0,103436829,2497,1166973
2024-01-14,United States of America,North America,0,103436829,2586,1169559
2024-01-21,United States of America,North America,0,103436829,2366,1171925
2024-01-28,United States of America,North America,0,103436829,2135,1174060
2024-02-04,United States of America,North America,0,103436829,1741,1175801
2024-02-11,United States of America,North America,0,103436829,1619,1177420
2024-02-18,United States of America,North America,0,103436829,1390,1178810
2024-02-25,United States of America,North America,0,103436829,1325,1180135
2024-03-03,United States of America,North America,0,103436829,1270,1181405
2024-03-10,United States of America,North America,0,103436829,1101,1182506
2024-03-17,United States of America,North America,0,103436829,1041,1183547
2024-03-24,United States of America,North America,0,103436829,846,1184393
2024-03-31,United States of America,North America,0,103436829,739,1185132
2024-04-07,United States of America,North America,0,103436829,633,1185765
2024-04-14,United States of America,North America,0,103436829,565,1186330
2024-04-21,United States of America,North America,0,103436829,497,1186827
2024-04-28,United States of America,North America,0,103436829,427,1187254
2024-05-05,United States of America,North America,0,103436829,423,1187677
2024-05-12,United States of America,North America,0,103436829,333,1188010
2024-05-19,United States of America,North America,0,103436829,336,1188346
2024-05-26,United States of America,North America,0,103436829,342,1188688
2024-06-02,United States of America,North America,0,103436829,323,1189011
2024-06-09,United States of America,North America,0,103436829,308,1189319
2024-06-16,United States of America,North America,0,103436829,360,1189679
2024-06-23,United States of America,North America,0,103436829,422,1190101
2024-06-30,United States of America,North America,0,103436829,418,1190519
2024-07-07,United States of America,North America,0,103436829,463,1190982
2024-07-14,United States of America,North America,0,103436829,502,1191484
2024-07-21,United States of America,North America,0,103436829,609,1192093
2024-07-28,United States of America,North America,0,103436829,745,1192838
2024-08-04,United States of America,North America,0,103436829,895,1193733
2024-08-11,United States of America,North America,0,103436829,973,1194706
2024-08-18,United States of America,North America,0,103436829,937,1195643
2024-08-25,United States of America,North America,0,103436829,907,1196550
2024-09-01,United States of America,North America,0,103436829,663,1197213
2020-01-05,United States Virgin Islands,North America,0,0,0,0
2020-01-12,United States Virgin Islands,North America,0,0,0,0
2020-01-19,United States Virgin Islands,North America,0,0,0,0
2020-01-26,United States Virgin Islands,North America,0,0,0,0
2020-02-02,United States Virgin Islands,North America,0,0,0,0
2020-02-09,United States Virgin Islands,North America,0,0,0,0
2020-02-16,United States Virgin Islands,North America,0,0,0,0
2020-02-23,United States Virgin Islands,North America,0,0,0,0
2020-03-01,United States Virgin Islands,North America,0,0,0,0
2020-03-08,United States Virgin Islands,North America,0,0,0,0
2020-03-15,United States Virgin Islands,North America,0,0,0,0
2020-03-22,United States Virgin Islands,North America,6,6,0,0
2020-03-29,United States Virgin Islands,North America,11,17,0,0
2020-04-05,United States Virgin Islands,North America,23,40,0,0
2020-04-12,United States Virgin Islands,North America,11,51,1,1
2020-04-19,United States Virgin Islands,North America,2,53,2,3
2020-04-26,United States Virgin Islands,North America,2,55,0,3
2020-05-03,United States Virgin Islands,North America,11,66,1,4
2020-05-10,United States Virgin Islands,North America,2,68,0,4
2020-05-17,United States Virgin Islands,North America,1,69,2,6
2020-05-24,United States Virgin Islands,North America,0,69,0,6
2020-05-31,United States Virgin Islands,North America,0,69,0,6
2020-06-07,United States Virgin Islands,North America,2,71,0,6
2020-06-14,United States Virgin Islands,North America,1,72,0,6
2020-06-21,United States Virgin Islands,North America,2,74,0,6
2020-06-28,United States Virgin Islands,North America,7,81,0,6
2020-07-05,United States Virgin Islands,North America,30,111,0,6
2020-07-12,United States Virgin Islands,North America,56,167,0,6
2020-07-19,United States Virgin Islands,North America,116,283,0,6
2020-07-26,United States Virgin Islands,North America,69,352,1,7
2020-08-02,United States Virgin Islands,North America,69,421,1,8
2020-08-09,United States Virgin Islands,North America,107,528,1,9
2020-08-16,United States Virgin Islands,North America,206,734,0,9
2020-08-23,United States Virgin Islands,North America,198,932,1,10
2020-08-30,United States Virgin Islands,North America,186,1118,4,14
2020-09-06,United States Virgin Islands,North America,49,1167,2,16
2020-09-13,United States Virgin Islands,North America,44,1211,3,19
2020-09-20,United States Virgin Islands,North America,31,1242,0,19
2020-09-27,United States Virgin Islands,North America,54,1296,0,19
2020-10-04,United States Virgin Islands,North America,30,1326,1,20
2020-10-11,United States Virgin Islands,North America,-2,1324,0,20
2020-10-18,United States Virgin Islands,North America,5,1329,1,21
2020-10-25,United States Virgin Islands,North America,17,1346,0,21
2020-11-01,United States Virgin Islands,North America,30,1376,0,21
2020-11-08,United States Virgin Islands,North America,14,1390,2,23
2020-11-15,United States Virgin Islands,North America,44,1434,0,23
2020-11-22,United States Virgin Islands,North America,57,1491,0,23
2020-11-29,United States Virgin Islands,North America,47,1538,0,23
2020-12-06,United States Virgin Islands,North America,95,1633,0,23
2020-12-13,United States Virgin Islands,North America,158,1791,0,23
2020-12-20,United States Virgin Islands,North America,119,1910,0,23
2020-12-27,United States Virgin Islands,North America,69,1979,0,23
2021-01-03,United States Virgin Islands,North America,57,2036,0,23
2021-01-10,United States Virgin Islands,North America,107,2143,1,24
2021-01-17,United States Virgin Islands,North America,109,2252,0,24
2021-01-24,United States Virgin Islands,North America,83,2335,0,24
2021-01-31,United States Virgin Islands,North America,63,2398,0,24
2021-02-07,United States Virgin Islands,North America,51,2449,0,24
2021-02-14,United States Virgin Islands,North America,75,2524,1,25
2021-02-21,United States Virgin Islands,North America,51,2575,0,25
2021-02-28,United States Virgin Islands,North America,71,2646,0,25
2021-03-07,United States Virgin Islands,North America,68,2714,0,25
2021-03-14,United States Virgin Islands,North America,53,2767,0,25
2021-03-21,United States Virgin Islands,North America,47,2814,0,25
2021-03-28,United States Virgin Islands,North America,87,2901,1,26
2021-04-04,United States Virgin Islands,North America,30,2931,0,26
2021-04-11,United States Virgin Islands,North America,40,2971,0,26
2021-04-18,United States Virgin Islands,North America,68,3039,1,27
2021-04-25,United States Virgin Islands,North America,41,3080,0,27
2021-05-02,United States Virgin Islands,North America,45,3125,0,27
2021-05-09,United States Virgin Islands,North America,85,3210,0,27
2021-05-16,United States Virgin Islands,North America,57,3267,0,27
2021-05-23,United States Virgin Islands,North America,79,3346,0,27
2021-05-30,United States Virgin Islands,North America,119,3465,0,27
2021-06-06,United States Virgin Islands,North America,95,3560,1,28
2021-06-13,United States Virgin Islands,North America,130,3690,0,28
2021-06-20,United States Virgin Islands,North America,78,3768,2,30
2021-06-27,United States Virgin Islands,North America,71,3839,0,30
2021-07-04,United States Virgin Islands,North America,63,3902,0,30
2021-07-11,United States Virgin Islands,North America,103,4005,2,32
2021-07-18,United States Virgin Islands,North America,155,4160,0,32
2021-07-25,United States Virgin Islands,North America,176,4336,3,35
2021-08-01,United States Virgin Islands,North America,293,4629,2,37
2021-08-08,United States Virgin Islands,North America,278,4907,3,40
2021-08-15,United States Virgin Islands,North America,335,5242,1,41
2021-08-22,United States Virgin Islands,North America,352,5594,4,45
2021-08-29,United States Virgin Islands,North America,180,5774,8,53
2021-09-05,United States Virgin Islands,North America,199,5973,7,60
2021-09-12,United States Virgin Islands,North America,241,6214,4,64
2021-09-19,United States Virgin Islands,North America,225,6439,3,67
2021-09-26,United States Virgin Islands,North America,192,6631,2,69
2021-10-03,United States Virgin Islands,North America,155,6786,2,71
2021-10-10,United States Virgin Islands,North America,164,6950,2,73
2021-10-17,United States Virgin Islands,North America,95,7045,5,78
2021-10-24,United States Virgin Islands,North America,81,7126,0,78
2021-10-31,United States Virgin Islands,North America,78,7204,3,81
2021-11-07,United States Virgin Islands,North America,71,7275,2,83
2021-11-14,United States Virgin Islands,North America,69,7344,1,84
2021-11-21,United States Virgin Islands,North America,95,7439,1,85
2021-11-28,United States Virgin Islands,North America,51,7490,0,85
2021-12-05,United States Virgin Islands,North America,40,7530,2,87
2021-12-12,United States Virgin Islands,North America,68,7598,0,87
2021-12-19,United States Virgin Islands,North America,42,7640,1,88
2021-12-26,United States Virgin Islands,North America,367,8007,0,88
2022-01-02,United States Virgin Islands,North America,2099,10106,1,89
2022-01-09,United States Virgin Islands,North America,2032,12138,0,89
2022-01-16,United States Virgin Islands,North America,1383,13521,2,91
2022-01-23,United States Virgin Islands,North America,780,14301,4,95
2022-01-30,United States Virgin Islands,North America,545,14846,4,99
2022-02-06,United States Virgin Islands,North America,142,14988,3,102
2022-02-13,United States Virgin Islands,North America,183,15171,3,105
2022-02-20,United States Virgin Islands,North America,112,15283,3,108
2022-02-27,United States Virgin Islands,North America,112,15395,1,109
2022-03-06,United States Virgin Islands,North America,31,15426,0,109
2022-03-13,United States Virgin Islands,North America,130,15556,0,109
2022-03-20,United States Virgin Islands,North America,22,15578,1,110
2022-03-27,United States Virgin Islands,North America,33,15611,0,110
2022-04-03,United States Virgin Islands,North America,45,15656,1,111
2022-04-10,United States Virgin Islands,North America,108,15764,0,111
2022-04-17,United States Virgin Islands,North America,118,15882,0,111
2022-04-24,United States Virgin Islands,North America,209,16091,0,111
2022-05-01,United States Virgin Islands,North America,258,16349,0,111
2022-05-08,United States Virgin Islands,North America,818,17167,2,113
2022-05-15,United States Virgin Islands,North America,870,18037,0,113
2022-05-22,United States Virgin Islands,North America,817,18854,0,113
2022-05-29,United States Virgin Islands,North America,678,19532,0,113
2022-06-05,United States Virgin Islands,North America,551,20083,0,113
2022-06-12,United States Virgin Islands,North America,328,20411,2,115
2022-06-19,United States Virgin Islands,North America,195,20606,2,117
2022-06-26,United States Virgin Islands,North America,183,20789,1,118
2022-07-03,United States Virgin Islands,North America,171,20960,0,118
2022-07-10,United States Virgin Islands,North America,143,21103,1,119
2022-07-17,United States Virgin Islands,North America,223,21326,1,120
2022-07-24,United States Virgin Islands,North America,243,21569,0,120
2022-07-31,United States Virgin Islands,North America,206,21775,0,120
2022-08-07,United States Virgin Islands,North America,182,21957,1,121
2022-08-14,United States Virgin Islands,North America,178,22135,1,122
2022-08-21,United States Virgin Islands,North America,165,22300,0,122
2022-08-28,United States Virgin Islands,North America,181,22481,0,122
2022-09-04,United States Virgin Islands,North America,290,22771,0,122
2022-09-11,United States Virgin Islands,North America,140,22911,0,122
2022-09-18,United States Virgin Islands,North America,120,23031,1,123
2022-09-25,United States Virgin Islands,North America,89,23120,0,123
2022-10-02,United States Virgin Islands,North America,34,23154,0,123
2022-10-09,United States Virgin Islands,North America,53,23207,0,123
2022-10-16,United States Virgin Islands,North America,33,23240,0,123
2022-10-23,United States Virgin Islands,North America,43,23283,0,123
2022-10-30,United States Virgin Islands,North America,50,23333,1,124
2022-11-06,United States Virgin Islands,North America,69,23402,0,124
2022-11-13,United States Virgin Islands,North America,43,23445,0,124
2022-11-20,United States Virgin Islands,North America,24,23469,0,124
2022-11-27,United States Virgin Islands,North America,26,23495,0,124
2022-12-04,United States Virgin Islands,North America,50,23545,1,125
2022-12-11,United States Virgin Islands,North America,88,23633,1,126
2022-12-18,United States Virgin Islands,North America,46,23679,0,126
2022-12-25,United States Virgin Islands,North America,55,23734,1,127
2023-01-01,United States Virgin Islands,North America,47,23781,0,127
2023-01-08,United States Virgin Islands,North America,50,23831,0,127
2023-01-15,United States Virgin Islands,North America,201,24032,1,128
2023-01-22,United States Virgin Islands,North America,237,24269,1,129
2023-01-29,United States Virgin Islands,North America,206,24475,0,129
2023-02-05,United States Virgin Islands,North America,109,24584,0,129
2023-02-12,United States Virgin Islands,North America,88,24672,0,129
2023-02-19,United States Virgin Islands,North America,33,24705,1,130
2023-02-26,United States Virgin Islands,North America,51,24756,0,130
2023-03-05,United States Virgin Islands,North America,24,24780,0,130
2023-03-12,United States Virgin Islands,North America,33,24813,0,130
2023-03-19,United States Virgin Islands,North America,18,24831,0,130
2023-03-26,United States Virgin Islands,North America,7,24838,0,130
2023-04-02,United States Virgin Islands,North America,25,24863,0,130
2023-04-09,United States Virgin Islands,North America,23,24886,0,130
2023-04-16,United States Virgin Islands,North America,12,24898,0,130
2023-04-23,United States Virgin Islands,North America,9,24907,0,130
2023-04-30,United States Virgin Islands,North America,12,24919,0,130
2023-05-07,United States Virgin Islands,North America,17,24936,1,131
2023-05-14,United States Virgin Islands,North America,58,24994,0,131
2023-05-21,United States Virgin Islands,North America,52,25046,0,131
2023-05-28,United States Virgin Islands,North America,40,25086,0,131
2023-06-04,United States Virgin Islands,North America,36,25122,0,131
2023-06-11,United States Virgin Islands,North America,60,25182,0,131
2023-06-18,United States Virgin Islands,North America,29,25211,0,131
2023-06-25,United States Virgin Islands,North America,34,25245,0,131
2023-07-02,United States Virgin Islands,North America,25,25270,1,132
2023-07-09,United States Virgin Islands,North America,23,25293,0,132
2023-07-16,United States Virgin Islands,North America,5,25298,0,132
2023-07-23,United States Virgin Islands,North America,27,25325,0,132
2023-07-30,United States Virgin Islands,North America,64,25389,0,132
2023-08-06,United States Virgin Islands,North America,0,25389,0,132
2023-08-13,United States Virgin Islands,North America,0,25389,0,132
2023-08-20,United States Virgin Islands,North America,0,25389,0,132
2023-08-27,United States Virgin Islands,North America,0,25389,0,132
2023-09-03,United States Virgin Islands,North America,0,25389,0,132
2023-09-10,United States Virgin Islands,North America,0,25389,0,132
2023-09-17,United States Virgin Islands,North America,0,25389,0,132
2023-09-24,United States Virgin Islands,North America,0,25389,0,132
2023-10-01,United States Virgin Islands,North America,0,25389,0,132
2023-10-08,United States Virgin Islands,North America,0,25389,0,132
2023-10-15,United States Virgin Islands,North America,0,25389,0,132
2023-10-22,United States Virgin Islands,North America,0,25389,0,132
2023-10-29,United States Virgin Islands,North America,0,25389,0,132
2023-11-05,United States Virgin Islands,North America,0,25389,0,132
2023-11-12,United States Virgin Islands,North America,0,25389,0,132
2023-11-19,United States Virgin Islands,North America,0,25389,0,132
2023-11-26,United States Virgin Islands,North America,0,25389,0,132
2023-12-03,United States Virgin Islands,North America,0,25389,0,132
2023-12-10,United States Virgin Islands,North America,0,25389,0,132
2023-12-17,United States Virgin Islands,North America,0,25389,0,132
2023-12-24,United States Virgin Islands,North America,0,25389,0,132
2023-12-31,United States Virgin Islands,North America,0,25389,0,132
2024-01-07,United States Virgin Islands,North America,0,25389,0,132
2024-01-14,United States Virgin Islands,North America,0,25389,0,132
2024-01-21,United States Virgin Islands,North America,0,25389,0,132
2024-01-28,United States Virgin Islands,North America,0,25389,0,132
2024-02-04,United States Virgin Islands,North America,0,25389,0,132
2024-02-11,United States Virgin Islands,North America,0,25389,0,132
2024-02-18,United States Virgin Islands,North America,0,25389,0,132
2024-02-25,United States Virgin Islands,North America,0,25389,0,132
2024-03-03,United States Virgin Islands,North America,0,25389,0,132
2024-03-10,United States Virgin Islands,North America,0,25389,0,132
2024-03-17,United States Virgin Islands,North America,0,25389,0,132
2024-03-24,United States Virgin Islands,North America,0,25389,0,132
2024-03-31,United States Virgin Islands,North America,0,25389,0,132
2024-04-07,United States Virgin Islands,North America,0,25389,0,132
2024-04-14,United States Virgin Islands,North America,0,25389,0,132
2024-04-21,United States Virgin Islands,North America,0,25389,0,132
2024-04-28,United States Virgin Islands,North America,0,25389,0,132
2024-05-05,United States Virgin Islands,North America,0,25389,0,132
2024-05-12,United States Virgin Islands,North America,0,25389,0,132
2024-05-19,United States Virgin Islands,North America,0,25389,0,132
2024-05-26,United States Virgin Islands,North America,0,25389,0,132
2024-06-02,United States Virgin Islands,North America,0,25389,0,132
2024-06-09,United States Virgin Islands,North America,0,25389,0,132
2024-06-16,United States Virgin Islands,North America,0,25389,0,132
2024-06-23,United States Virgin Islands,North America,0,25389,0,132
2024-06-30,United States Virgin Islands,North America,0,25389,0,132
2024-07-07,United States Virgin Islands,North America,0,25389,0,132
2024-07-14,United States Virgin Islands,North America,0,25389,0,132
2024-07-21,United States Virgin Islands,North America,0,25389,0,132
2024-07-28,United States Virgin Islands,North America,0,25389,0,132
2024-08-04,United States Virgin Islands,North America,0,25389,0,132
2024-08-11,United States Virgin Islands,North America,0,25389,0,132
2024-08-18,United States Virgin Islands,North America,0,25389,0,132
2024-08-25,United States Virgin Islands,North America,0,25389,0,132
2024-09-01,United States Virgin Islands,North America,0,25389,0,132
2020-01-05,Uruguay,South America,0,0,0,0
2020-01-12,Uruguay,South America,0,0,0,0
2020-01-19,Uruguay,South America,0,0,0,0
2020-01-26,Uruguay,South America,0,0,0,0
2020-02-02,Uruguay,South America,0,0,0,0
2020-02-09,Uruguay,South America,0,0,0,0
2020-02-16,Uruguay,South America,0,0,0,0
2020-02-23,Uruguay,South America,0,0,0,0
2020-03-01,Uruguay,South America,0,0,0,0
2020-03-08,Uruguay,South America,0,0,0,0
2020-03-15,Uruguay,South America,4,4,0,0
2020-03-22,Uruguay,South America,90,94,0,0
2020-03-29,Uruguay,South America,180,274,0,0
2020-04-05,Uruguay,South America,112,386,4,4
2020-04-12,Uruguay,South America,108,494,3,7
2020-04-19,Uruguay,South America,14,508,2,9
2020-04-26,Uruguay,South America,55,563,3,12
2020-05-03,Uruguay,South America,85,648,5,17
2020-05-10,Uruguay,South America,46,694,0,17
2020-05-17,Uruguay,South America,38,732,2,19
2020-05-24,Uruguay,South America,21,753,1,20
2020-05-31,Uruguay,South America,63,816,2,22
2020-06-07,Uruguay,South America,18,834,1,23
2020-06-14,Uruguay,South America,13,847,0,23
2020-06-21,Uruguay,South America,6,853,1,24
2020-06-28,Uruguay,South America,66,919,2,26
2020-07-05,Uruguay,South America,33,952,2,28
2020-07-12,Uruguay,South America,33,985,1,29
2020-07-19,Uruguay,South America,52,1037,3,32
2020-07-26,Uruguay,South America,129,1166,2,34
2020-08-02,Uruguay,South America,99,1265,1,35
2020-08-09,Uruguay,South America,60,1325,2,37
2020-08-16,Uruguay,South America,96,1421,1,38
2020-08-23,Uruguay,South America,95,1516,4,42
2020-08-30,Uruguay,South America,40,1556,1,43
2020-09-06,Uruguay,South America,97,1653,2,45
2020-09-13,Uruguay,South America,120,1773,0,45
2020-09-20,Uruguay,South America,117,1890,1,46
2020-09-27,Uruguay,South America,77,1967,1,47
2020-10-04,Uruguay,South America,130,2097,1,48
2020-10-11,Uruguay,South America,154,2251,1,49
2020-10-18,Uruguay,South America,199,2450,2,51
2020-10-25,Uruguay,South America,309,2759,2,53
2020-11-01,Uruguay,South America,323,3082,5,58
2020-11-08,Uruguay,South America,288,3370,3,61
2020-11-15,Uruguay,South America,513,3883,3,64
2020-11-22,Uruguay,South America,594,4477,5,69
2020-11-29,Uruguay,South America,826,5303,5,74
2020-12-06,Uruguay,South America,1428,6731,6,80
2020-12-13,Uruguay,South America,2118,8849,10,90
2020-12-20,Uruguay,South America,3101,11950,19,109
2020-12-27,Uruguay,South America,3898,15848,34,143
2021-01-03,Uruguay,South America,3905,19753,50,193
2021-01-10,Uruguay,South America,4586,24339,47,240
2021-01-17,Uruguay,South America,6607,30946,51,291
2021-01-24,Uruguay,South America,5224,36170,73,364
2021-01-31,Uruguay,South America,4359,40529,61,425
2021-02-07,Uruguay,South America,3774,44303,53,478
2021-02-14,Uruguay,South America,3525,47828,49,527
2021-02-21,Uruguay,South America,3549,51377,36,563
2021-02-28,Uruguay,South America,5165,56542,38,601
2021-03-07,Uruguay,South America,5387,61929,36,637
2021-03-14,Uruguay,South America,7145,69074,52,689
2021-03-21,Uruguay,South America,9327,78401,71,760
2021-03-28,Uruguay,South America,13942,92343,115,875
2021-04-04,Uruguay,South America,19225,111568,166,1041
2021-04-11,Uruguay,South America,26378,137946,322,1363
2021-04-18,Uruguay,South America,21623,159569,425,1788
2021-04-25,Uruguay,South America,19968,179537,439,2227
2021-05-02,Uruguay,South America,18891,198428,389,2616
2021-05-09,Uruguay,South America,17718,216146,416,3032
2021-05-16,Uruguay,South America,19060,235206,337,3369
2021-05-23,Uruguay,South America,23334,258540,391,3760
2021-05-30,Uruguay,South America,23658,282198,358,4118
2021-06-06,Uruguay,South America,26292,308490,398,4516
2021-06-13,Uruguay,South America,24994,333484,390,4906
2021-06-20,Uruguay,South America,17894,351378,301,5207
2021-06-27,Uruguay,South America,12202,363580,240,5447
2021-07-04,Uruguay,South America,7837,371417,195,5642
2021-07-11,Uruguay,South America,4485,375902,148,5790
2021-07-18,Uruguay,South America,2578,378480,81,5871
2021-07-25,Uruguay,South America,1671,380151,48,5919
2021-08-01,Uruguay,South America,1213,381364,40,5959
2021-08-08,Uruguay,South America,931,382295,27,5986
2021-08-15,Uruguay,South America,806,383101,12,5998
2021-08-22,Uruguay,South America,802,383903,17,6015
2021-08-29,Uruguay,South America,628,384531,11,6026
2021-09-05,Uruguay,South America,892,385423,8,6034
2021-09-12,Uruguay,South America,987,386410,3,6037
2021-09-19,Uruguay,South America,1039,387449,9,6046
2021-09-26,Uruguay,South America,864,388313,5,6051
2021-10-03,Uruguay,South America,712,389025,5,6056
2021-10-10,Uruguay,South America,792,389817,6,6062
2021-10-17,Uruguay,South America,945,390762,4,6066
2021-10-24,Uruguay,South America,1128,391890,4,6070
2021-10-31,Uruguay,South America,1564,393454,7,6077
2021-11-07,Uruguay,South America,1460,394914,7,6084
2021-11-14,Uruguay,South America,1261,396175,15,6099
2021-11-21,Uruguay,South America,1374,397549,11,6110
2021-11-28,Uruguay,South America,1341,398890,14,6124
2021-12-05,Uruguay,South America,1652,400542,8,6132
2021-12-12,Uruguay,South America,1607,402149,9,6141
2021-12-19,Uruguay,South America,1750,403899,9,6150
2021-12-26,Uruguay,South America,2840,406739,12,6162
2022-01-02,Uruguay,South America,6644,413383,8,6170
2022-01-09,Uruguay,South America,23679,437062,18,6188
2022-01-16,Uruguay,South America,53564,490626,26,6214
2022-01-23,Uruguay,South America,78411,569037,70,6284
2022-01-30,Uruguay,South America,75594,644631,127,6411
2022-02-06,Uruguay,South America,66243,710874,195,6606
2022-02-13,Uruguay,South America,55086,765960,123,6729
2022-02-20,Uruguay,South America,42052,808012,125,6854
2022-02-27,Uruguay,South America,27334,835346,95,6949
2022-03-06,Uruguay,South America,15895,851241,82,7031
2022-03-13,Uruguay,South America,10912,862153,52,7083
2022-03-20,Uruguay,South America,10785,872938,44,7127
2022-03-27,Uruguay,South America,9441,882379,22,7149
2022-04-03,Uruguay,South America,6260,888639,12,7161
2022-04-10,Uruguay,South America,4370,893009,20,7181
2022-04-17,Uruguay,South America,2442,895451,12,7193
2022-04-24,Uruguay,South America,2416,897867,10,7203
2022-05-01,Uruguay,South America,1856,899723,7,7210
2022-05-08,Uruguay,South America,2817,902540,3,7213
2022-05-15,Uruguay,South America,5538,908078,2,7215
2022-05-22,Uruguay,South America,8310,916388,12,7227
2022-05-29,Uruguay,South America,9389,925777,11,7238
2022-06-05,Uruguay,South America,9184,934961,24,7262
2022-06-12,Uruguay,South America,8916,943877,28,7290
2022-06-19,Uruguay,South America,8071,951948,22,7312
2022-06-26,Uruguay,South America,5681,957629,19,7331
2022-07-03,Uruguay,South America,4622,962251,20,7351
2022-07-10,Uruguay,South America,3119,965370,22,7373
2022-07-17,Uruguay,South America,2438,967808,14,7387
2022-07-24,Uruguay,South America,1995,969803,16,7403
2022-07-31,Uruguay,South America,1925,971728,12,7415
2022-08-07,Uruguay,South America,1692,973420,8,7423
2022-08-14,Uruguay,South America,1844,975264,6,7429
2022-08-21,Uruguay,South America,2041,977305,9,7438
2022-08-28,Uruguay,South America,1855,979160,7,7445
2022-09-04,Uruguay,South America,2026,981186,10,7455
2022-09-11,Uruguay,South America,1660,982846,7,7462
2022-09-18,Uruguay,South America,1306,984152,11,7473
2022-09-25,Uruguay,South America,1270,985422,12,7485
2022-10-02,Uruguay,South America,1024,986446,10,7495
2022-10-09,Uruguay,South America,1117,987563,6,7501
2022-10-16,Uruguay,South America,964,988527,9,7510
2022-10-23,Uruguay,South America,1102,989629,5,7515
2022-10-30,Uruguay,South America,931,990560,3,7518
2022-11-06,Uruguay,South America,659,991219,8,7526
2022-11-13,Uruguay,South America,816,992035,3,7529
2022-11-20,Uruguay,South America,852,992887,1,7530
2022-11-27,Uruguay,South America,988,993875,7,7537
2022-12-04,Uruguay,South America,1527,995402,4,7541
2022-12-11,Uruguay,South America,2645,998047,7,7548
2022-12-18,Uruguay,South America,4941,1002988,4,7552
2022-12-25,Uruguay,South America,9000,1011988,10,7562
2023-01-01,Uruguay,South America,8173,1020161,8,7570
2023-01-08,Uruguay,South America,5649,1025810,16,7586
2023-01-15,Uruguay,South America,3754,1029564,11,7597
2023-01-22,Uruguay,South America,2017,1031581,4,7601
2023-01-29,Uruguay,South America,1129,1032710,8,7609
2023-02-05,Uruguay,South America,555,1033265,5,7614
2023-02-12,Uruguay,South America,501,1033766,3,7617
2023-02-19,Uruguay,South America,280,1034046,0,7617
2023-02-26,Uruguay,South America,257,1034303,0,7617
2023-03-05,Uruguay,South America,0,1034303,0,7617
2023-03-12,Uruguay,South America,743,1035046,2,7619
2023-03-19,Uruguay,South America,0,1035046,0,7619
2023-03-26,Uruguay,South America,1113,1036159,2,7621
2023-04-02,Uruguay,South America,0,1036159,0,7621
2023-04-09,Uruguay,South America,0,1036159,0,7621
2023-04-16,Uruguay,South America,936,1037095,0,7621
2023-04-23,Uruguay,South America,798,1037893,4,7625
2023-04-30,Uruguay,South America,0,1037893,0,7625
2023-05-07,Uruguay,South America,0,1037893,0,7625
2023-05-14,Uruguay,South America,0,1037893,0,7625
2023-05-21,Uruguay,South America,0,1037893,0,7625
2023-05-28,Uruguay,South America,0,1037893,0,7625
2023-06-04,Uruguay,South America,0,1037893,0,7625
2023-06-11,Uruguay,South America,0,1037893,0,7625
2023-06-18,Uruguay,South America,0,1037893,0,7625
2023-06-25,Uruguay,South America,0,1037893,0,7625
2023-07-02,Uruguay,South America,0,1037893,0,7625
2023-07-09,Uruguay,South America,0,1037893,0,7625
2023-07-16,Uruguay,South America,0,1037893,0,7625
2023-07-23,Uruguay,South America,0,1037893,0,7625
2023-07-30,Uruguay,South America,0,1037893,0,7625
2023-08-06,Uruguay,South America,0,1037893,0,7625
2023-08-13,Uruguay,South America,0,1037893,0,7625
2023-08-20,Uruguay,South America,0,1037893,0,7625
2023-08-27,Uruguay,South America,0,1037893,0,7625
2023-09-03,Uruguay,South America,0,1037893,0,7625
2023-09-10,Uruguay,South America,0,1037893,0,7625
2023-09-17,Uruguay,South America,0,1037893,0,7625
2023-09-24,Uruguay,South America,0,1037893,0,7625
2023-10-01,Uruguay,South America,0,1037893,0,7625
2023-10-08,Uruguay,South America,0,1037893,0,7625
2023-10-15,Uruguay,South America,0,1037893,0,7625
2023-10-22,Uruguay,South America,0,1037893,0,7625
2023-10-29,Uruguay,South America,0,1037893,0,7625
2023-11-05,Uruguay,South America,0,1037893,0,7625
2023-11-12,Uruguay,South America,0,1037893,0,7625
2023-11-19,Uruguay,South America,0,1037893,0,7625
2023-11-26,Uruguay,South America,0,1037893,0,7625
2023-12-03,Uruguay,South America,0,1037893,0,7625
2023-12-10,Uruguay,South America,0,1037893,0,7625
2023-12-17,Uruguay,South America,0,1037893,0,7625
2023-12-24,Uruguay,South America,0,1037893,0,7625
2023-12-31,Uruguay,South America,0,1037893,0,7625
2024-01-07,Uruguay,South America,220,1038113,3,7628
2024-01-14,Uruguay,South America,194,1038307,4,7632
2024-01-21,Uruguay,South America,267,1038574,5,7637
2024-01-28,Uruguay,South America,221,1038795,3,7640
2024-02-04,Uruguay,South America,267,1039062,6,7646
2024-02-11,Uruguay,South America,263,1039325,4,7650
2024-02-18,Uruguay,South America,202,1039527,3,7653
2024-02-25,Uruguay,South America,278,1039805,1,7654
2024-03-03,Uruguay,South America,313,1040118,3,7657
2024-03-10,Uruguay,South America,277,1040395,5,7662
2024-03-17,Uruguay,South America,283,1040678,1,7663
2024-03-24,Uruguay,South America,178,1040856,2,7665
2024-03-31,Uruguay,South America,115,1040971,5,7670
2024-04-07,Uruguay,South America,112,1041083,1,7671
2024-04-14,Uruguay,South America,49,1041132,3,7674
2024-04-21,Uruguay,South America,31,1041163,2,7676
2024-04-28,Uruguay,South America,16,1041179,1,7677
2024-05-05,Uruguay,South America,21,1041200,1,7678
2024-05-12,Uruguay,South America,23,1041223,0,7678
2024-05-19,Uruguay,South America,15,1041238,0,7678
2024-05-26,Uruguay,South America,8,1041246,0,7678
2024-06-02,Uruguay,South America,13,1041259,0,7678
2024-06-09,Uruguay,South America,15,1041274,3,7681
2024-06-16,Uruguay,South America,7,1041281,1,7682
2024-06-23,Uruguay,South America,12,1041293,0,7682
2024-06-30,Uruguay,South America,2,1041295,0,7682
2024-07-07,Uruguay,South America,4,1041299,0,7682
2024-07-14,Uruguay,South America,8,1041307,0,7682
2024-07-21,Uruguay,South America,12,1041319,0,7682
2024-07-28,Uruguay,South America,12,1041331,0,7682
2024-08-04,Uruguay,South America,15,1041346,0,7682
2024-08-11,Uruguay,South America,17,1041363,0,7682
2024-08-18,Uruguay,South America,13,1041376,0,7682
2024-08-25,Uruguay,South America,20,1041396,0,7682
2024-09-01,Uruguay,South America,18,1041414,0,7682
2020-01-05,Uzbekistan,Asia,0,0,0,0
2020-01-12,Uzbekistan,Asia,0,0,0,0
2020-01-19,Uzbekistan,Asia,0,0,0,0
2020-01-26,Uzbekistan,Asia,0,0,0,0
2020-02-02,Uzbekistan,Asia,0,0,0,0
2020-02-09,Uzbekistan,Asia,0,0,0,0
2020-02-16,Uzbekistan,Asia,0,0,0,0
2020-02-23,Uzbekistan,Asia,0,0,0,0
2020-03-01,Uzbekistan,Asia,0,0,0,0
2020-03-08,Uzbekistan,Asia,0,0,0,0
2020-03-15,Uzbekistan,Asia,0,0,0,0
2020-03-22,Uzbekistan,Asia,0,0,0,0
2020-03-29,Uzbekistan,Asia,0,0,0,0
2020-04-05,Uzbekistan,Asia,0,0,0,0
2020-04-12,Uzbekistan,Asia,0,0,0,0
2020-04-19,Uzbekistan,Asia,0,0,0,0
2020-04-26,Uzbekistan,Asia,0,0,0,0
2020-05-03,Uzbekistan,Asia,0,0,0,0
2020-05-10,Uzbekistan,Asia,0,0,0,0
2020-05-17,Uzbekistan,Asia,0,0,0,0
2020-05-24,Uzbekistan,Asia,0,0,0,0
2020-05-31,Uzbekistan,Asia,0,0,0,0
2020-06-07,Uzbekistan,Asia,0,0,0,0
2020-06-14,Uzbekistan,Asia,0,0,0,0
2020-06-21,Uzbekistan,Asia,0,0,0,0
2020-06-28,Uzbekistan,Asia,0,0,0,0
2020-07-05,Uzbekistan,Asia,0,0,0,0
2020-07-12,Uzbekistan,Asia,0,0,0,0
2020-07-19,Uzbekistan,Asia,0,0,0,0
2020-07-26,Uzbekistan,Asia,0,0,0,0
2020-08-02,Uzbekistan,Asia,0,0,0,0
2020-08-09,Uzbekistan,Asia,0,0,0,0
2020-08-16,Uzbekistan,Asia,0,0,0,0
2020-08-23,Uzbekistan,Asia,0,0,0,0
2020-08-30,Uzbekistan,Asia,0,0,0,0
2020-09-06,Uzbekistan,Asia,0,0,0,0
2020-09-13,Uzbekistan,Asia,0,0,0,0
2020-09-20,Uzbekistan,Asia,0,0,0,0
2020-09-27,Uzbekistan,Asia,0,0,0,0
2020-10-04,Uzbekistan,Asia,0,0,0,0
2020-10-11,Uzbekistan,Asia,4,4,0,0
2020-10-18,Uzbekistan,Asia,5,9,0,0
2020-10-25,Uzbekistan,Asia,0,9,0,0
2020-11-01,Uzbekistan,Asia,0,9,0,0
2020-11-08,Uzbekistan,Asia,0,9,0,0
2020-11-15,Uzbekistan,Asia,0,9,0,0
2020-11-22,Uzbekistan,Asia,0,9,0,0
2020-11-29,Uzbekistan,Asia,0,9,0,0
2020-12-06,Uzbekistan,Asia,0,9,0,0
2020-12-13,Uzbekistan,Asia,0,9,0,0
2020-12-20,Uzbekistan,Asia,0,9,0,0
2020-12-27,Uzbekistan,Asia,0,9,0,0
2021-01-03,Uzbekistan,Asia,0,9,0,0
2021-01-10,Uzbekistan,Asia,0,9,0,0
2021-01-17,Uzbekistan,Asia,0,9,0,0
2021-01-24,Uzbekistan,Asia,0,9,0,0
2021-01-31,Uzbekistan,Asia,0,9,0,0
2021-02-07,Uzbekistan,Asia,0,9,0,0
2021-02-14,Uzbekistan,Asia,0,9,0,0
2021-02-21,Uzbekistan,Asia,0,9,0,0
2021-02-28,Uzbekistan,Asia,0,9,0,0
2021-03-07,Uzbekistan,Asia,0,9,0,0
2021-03-14,Uzbekistan,Asia,0,9,0,0
2021-03-21,Uzbekistan,Asia,0,9,0,0
2021-03-28,Uzbekistan,Asia,1123,1132,4,4
2021-04-04,Uzbekistan,Asia,1271,2403,5,9
2021-04-11,Uzbekistan,Asia,1312,3715,3,12
2021-04-18,Uzbekistan,Asia,1868,5583,4,16
2021-04-25,Uzbekistan,Asia,2373,7956,7,23
2021-05-02,Uzbekistan,Asia,2651,10607,8,31
2021-05-09,Uzbekistan,Asia,2753,13360,9,40
2021-05-16,Uzbekistan,Asia,2134,15494,8,48
2021-05-23,Uzbekistan,Asia,1764,17258,10,58
2021-05-30,Uzbekistan,Asia,1678,18936,10,68
2021-06-06,Uzbekistan,Asia,1629,20565,6,74
2021-06-13,Uzbekistan,Asia,1849,22414,12,86
2021-06-20,Uzbekistan,Asia,2639,25053,10,96
2021-06-27,Uzbekistan,Asia,3240,28293,13,109
2021-07-04,Uzbekistan,Asia,3380,31673,20,129
2021-07-11,Uzbekistan,Asia,3349,35022,23,152
2021-07-18,Uzbekistan,Asia,3552,38574,27,179
2021-07-25,Uzbekistan,Asia,5022,43596,37,216
2021-08-01,Uzbekistan,Asia,6084,49680,47,263
2021-08-08,Uzbekistan,Asia,6412,56092,48,311
2021-08-15,Uzbekistan,Asia,6406,62498,48,359
2021-08-22,Uzbekistan,Asia,5958,68456,47,406
2021-08-29,Uzbekistan,Asia,5763,74219,47,453
2021-09-05,Uzbekistan,Asia,4872,79091,45,498
2021-09-12,Uzbekistan,Asia,4379,83470,39,537
2021-09-19,Uzbekistan,Asia,4048,87518,33,570
2021-09-26,Uzbekistan,Asia,3555,91073,33,603
2021-10-03,Uzbekistan,Asia,3222,94295,24,627
2021-10-10,Uzbekistan,Asia,2922,97217,22,649
2021-10-17,Uzbekistan,Asia,2675,99892,19,668
2021-10-24,Uzbekistan,Asia,2616,102508,16,684
2021-10-31,Uzbekistan,Asia,2316,104824,19,703
2021-11-07,Uzbekistan,Asia,1915,106739,15,718
2021-11-14,Uzbekistan,Asia,1746,108485,18,736
2021-11-21,Uzbekistan,Asia,1489,109974,21,757
2021-11-28,Uzbekistan,Asia,1489,111463,21,778
2021-12-05,Uzbekistan,Asia,1491,112954,22,800
2021-12-12,Uzbekistan,Asia,1402,114356,19,819
2021-12-19,Uzbekistan,Asia,1310,115666,21,840
2021-12-26,Uzbekistan,Asia,1119,116785,20,860
2022-01-02,Uzbekistan,Asia,799,117584,4,864
2022-01-09,Uzbekistan,Asia,1548,119132,12,876
2022-01-16,Uzbekistan,Asia,5392,124524,21,897
2022-01-23,Uzbekistan,Asia,8941,133465,24,921
2022-01-30,Uzbekistan,Asia,7945,141410,22,943
2022-02-06,Uzbekistan,Asia,6620,148030,22,965
2022-02-13,Uzbekistan,Asia,4133,152163,18,983
2022-02-20,Uzbekistan,Asia,1666,153829,17,1000
2022-02-27,Uzbekistan,Asia,978,154807,14,1014
2022-03-06,Uzbekistan,Asia,562,155369,2,1016
2022-03-13,Uzbekistan,Asia,293,155662,0,1016
2022-03-20,Uzbekistan,Asia,248,155910,0,1016
2022-03-27,Uzbekistan,Asia,171,156081,0,1016
2022-04-03,Uzbekistan,Asia,209,156290,0,1016
2022-04-10,Uzbekistan,Asia,200,156490,0,1016
2022-04-17,Uzbekistan,Asia,225,156715,0,1016
2022-04-24,Uzbekistan,Asia,190,156905,0,1016
2022-05-01,Uzbekistan,Asia,124,157029,0,1016
2022-05-08,Uzbekistan,Asia,109,157138,0,1016
2022-05-15,Uzbekistan,Asia,82,157220,0,1016
2022-05-22,Uzbekistan,Asia,122,157342,0,1016
2022-05-29,Uzbekistan,Asia,85,157427,0,1016
2022-06-05,Uzbekistan,Asia,110,157537,0,1016
2022-06-12,Uzbekistan,Asia,137,157674,0,1016
2022-06-19,Uzbekistan,Asia,454,158128,0,1016
2022-06-26,Uzbekistan,Asia,752,158880,0,1016
2022-07-03,Uzbekistan,Asia,644,159524,0,1016
2022-07-10,Uzbekistan,Asia,616,160140,0,1016
2022-07-17,Uzbekistan,Asia,567,160707,0,1016
2022-07-24,Uzbekistan,Asia,442,161149,0,1016
2022-07-31,Uzbekistan,Asia,384,161533,0,1016
2022-08-07,Uzbekistan,Asia,229,161762,0,1016
2022-08-14,Uzbekistan,Asia,202,161964,0,1016
2022-08-21,Uzbekistan,Asia,115,162079,0,1016
2022-08-28,Uzbekistan,Asia,101,162180,0,1016
2022-09-04,Uzbekistan,Asia,85,162265,0,1016
2022-09-11,Uzbekistan,Asia,107,162372,0,1016
2022-09-18,Uzbekistan,Asia,90,162462,0,1016
2022-09-25,Uzbekistan,Asia,100,162562,0,1016
2022-10-02,Uzbekistan,Asia,85,162647,0,1016
2022-10-09,Uzbekistan,Asia,89,162736,0,1016
2022-10-16,Uzbekistan,Asia,87,162823,0,1016
2022-10-23,Uzbekistan,Asia,70,162893,0,1016
2022-10-30,Uzbekistan,Asia,148,163041,0,1016
2022-11-06,Uzbekistan,Asia,179,163220,0,1016
2022-11-13,Uzbekistan,Asia,220,163440,0,1016
2022-11-20,Uzbekistan,Asia,461,163901,0,1016
2022-11-27,Uzbekistan,Asia,740,164641,0,1016
2022-12-04,Uzbekistan,Asia,1056,165697,0,1016
2022-12-11,Uzbekistan,Asia,906,166603,0,1016
2022-12-18,Uzbekistan,Asia,689,167292,0,1016
2022-12-25,Uzbekistan,Asia,0,167292,0,1016
2023-01-01,Uzbekistan,Asia,0,167292,0,1016
2023-01-08,Uzbekistan,Asia,291,167583,0,1016
2023-01-15,Uzbekistan,Asia,229,167812,0,1016
2023-01-22,Uzbekistan,Asia,167,167979,0,1016
2023-01-29,Uzbekistan,Asia,135,168114,0,1016
2023-02-05,Uzbekistan,Asia,113,168227,0,1016
2023-02-12,Uzbekistan,Asia,123,168350,0,1016
2023-02-19,Uzbekistan,Asia,128,168478,0,1016
2023-02-26,Uzbekistan,Asia,129,168607,0,1016
2023-03-05,Uzbekistan,Asia,173,168780,0,1016
2023-03-12,Uzbekistan,Asia,180,168960,0,1016
2023-03-19,Uzbekistan,Asia,0,168960,0,1016
2023-03-26,Uzbekistan,Asia,169,169129,0,1016
2023-04-02,Uzbekistan,Asia,246,169375,0,1016
2023-04-09,Uzbekistan,Asia,212,169587,0,1016
2023-04-16,Uzbekistan,Asia,235,169822,0,1016
2023-04-23,Uzbekistan,Asia,0,169822,0,1016
2023-04-30,Uzbekistan,Asia,273,170095,0,1016
2023-05-07,Uzbekistan,Asia,305,170400,0,1016
2023-05-14,Uzbekistan,Asia,231,170631,0,1016
2023-05-21,Uzbekistan,Asia,260,170891,0,1016
2023-05-28,Uzbekistan,Asia,0,170891,0,1016
2023-06-04,Uzbekistan,Asia,0,170891,0,1016
2023-06-11,Uzbekistan,Asia,194,171085,0,1016
2023-06-18,Uzbekistan,Asia,182,171267,0,1016
2023-06-25,Uzbekistan,Asia,150,171417,0,1016
2023-07-02,Uzbekistan,Asia,108,171525,0,1016
2023-07-09,Uzbekistan,Asia,157,171682,0,1016
2023-07-16,Uzbekistan,Asia,160,171842,0,1016
2023-07-23,Uzbekistan,Asia,125,171967,0,1016
2023-07-30,Uzbekistan,Asia,186,172153,0,1016
2023-08-06,Uzbekistan,Asia,176,172329,0,1016
2023-08-13,Uzbekistan,Asia,0,172329,0,1016
2023-08-20,Uzbekistan,Asia,324,172653,0,1016
2023-08-27,Uzbekistan,Asia,360,173013,0,1016
2023-09-03,Uzbekistan,Asia,321,173334,0,1016
2023-09-10,Uzbekistan,Asia,404,173738,0,1016
2023-09-17,Uzbekistan,Asia,385,174123,0,1016
2023-09-24,Uzbekistan,Asia,0,174123,0,1016
2023-10-01,Uzbekistan,Asia,276,174399,0,1016
2023-10-08,Uzbekistan,Asia,0,174399,0,1016
2023-10-15,Uzbekistan,Asia,176,174575,0,1016
2023-10-22,Uzbekistan,Asia,0,174575,0,1016
2023-10-29,Uzbekistan,Asia,0,174575,0,1016
2023-11-05,Uzbekistan,Asia,0,174575,0,1016
2023-11-12,Uzbekistan,Asia,117,174692,0,1016
2023-11-19,Uzbekistan,Asia,122,174814,0,1016
2023-11-26,Uzbekistan,Asia,102,174916,0,1016
2023-12-03,Uzbekistan,Asia,82,174998,0,1016
2023-12-10,Uzbekistan,Asia,83,175081,0,1016
2023-12-17,Uzbekistan,Asia,0,175081,0,1016
2023-12-24,Uzbekistan,Asia,0,175081,0,1016
2023-12-31,Uzbekistan,Asia,0,175081,0,1016
2024-01-07,Uzbekistan,Asia,0,175081,0,1016
2024-01-14,Uzbekistan,Asia,0,175081,0,1016
2024-01-21,Uzbekistan,Asia,0,175081,0,1016
2024-01-28,Uzbekistan,Asia,0,175081,0,1016
2024-02-04,Uzbekistan,Asia,0,175081,0,1016
2024-02-11,Uzbekistan,Asia,0,175081,0,1016
2024-02-18,Uzbekistan,Asia,0,175081,0,1016
2024-02-25,Uzbekistan,Asia,0,175081,0,1016
2024-03-03,Uzbekistan,Asia,0,175081,0,1016
2024-03-10,Uzbekistan,Asia,0,175081,0,1016
2024-03-17,Uzbekistan,Asia,0,175081,0,1016
2024-03-24,Uzbekistan,Asia,0,175081,0,1016
2024-03-31,Uzbekistan,Asia,0,175081,0,1016
2024-04-07,Uzbekistan,Asia,0,175081,0,1016
2024-04-14,Uzbekistan,Asia,0,175081,0,1016
2024-04-21,Uzbekistan,Asia,0,175081,0,1016
2024-04-28,Uzbekistan,Asia,0,175081,0,1016
2024-05-05,Uzbekistan,Asia,0,175081,0,1016
2024-05-12,Uzbekistan,Asia,0,175081,0,1016
2024-05-19,Uzbekistan,Asia,0,175081,0,1016
2024-05-26,Uzbekistan,Asia,0,175081,0,1016
2024-06-02,Uzbekistan,Asia,0,175081,0,1016
2024-06-09,Uzbekistan,Asia,0,175081,0,1016
2024-06-16,Uzbekistan,Asia,0,175081,0,1016
2024-06-23,Uzbekistan,Asia,0,175081,0,1016
2024-06-30,Uzbekistan,Asia,0,175081,0,1016
2024-07-07,Uzbekistan,Asia,0,175081,0,1016
2024-07-14,Uzbekistan,Asia,0,175081,0,1016
2024-07-21,Uzbekistan,Asia,0,175081,0,1016
2024-07-28,Uzbekistan,Asia,0,175081,0,1016
2024-08-04,Uzbekistan,Asia,0,175081,0,1016
2024-08-11,Uzbekistan,Asia,0,175081,0,1016
2024-08-18,Uzbekistan,Asia,0,175081,0,1016
2024-08-25,Uzbekistan,Asia,0,175081,0,1016
2024-09-01,Uzbekistan,Asia,0,175081,0,1016
2020-01-05,Vanuatu,Oceania,0,0,0,0
2020-01-12,Vanuatu,Oceania,0,0,0,0
2020-01-19,Vanuatu,Oceania,0,0,0,0
2020-01-26,Vanuatu,Oceania,0,0,0,0
2020-02-02,Vanuatu,Oceania,0,0,0,0
2020-02-09,Vanuatu,Oceania,0,0,0,0
2020-02-16,Vanuatu,Oceania,0,0,0,0
2020-02-23,Vanuatu,Oceania,0,0,0,0
2020-03-01,Vanuatu,Oceania,0,0,0,0
2020-03-08,Vanuatu,Oceania,0,0,0,0
2020-03-15,Vanuatu,Oceania,0,0,0,0
2020-03-22,Vanuatu,Oceania,0,0,0,0
2020-03-29,Vanuatu,Oceania,0,0,0,0
2020-04-05,Vanuatu,Oceania,0,0,0,0
2020-04-12,Vanuatu,Oceania,0,0,0,0
2020-04-19,Vanuatu,Oceania,0,0,0,0
2020-04-26,Vanuatu,Oceania,0,0,0,0
2020-05-03,Vanuatu,Oceania,0,0,0,0
2020-05-10,Vanuatu,Oceania,0,0,0,0
2020-05-17,Vanuatu,Oceania,0,0,0,0
2020-05-24,Vanuatu,Oceania,0,0,0,0
2020-05-31,Vanuatu,Oceania,0,0,0,0
2020-06-07,Vanuatu,Oceania,0,0,0,0
2020-06-14,Vanuatu,Oceania,0,0,0,0
2020-06-21,Vanuatu,Oceania,0,0,0,0
2020-06-28,Vanuatu,Oceania,0,0,0,0
2020-07-05,Vanuatu,Oceania,0,0,0,0
2020-07-12,Vanuatu,Oceania,0,0,0,0
2020-07-19,Vanuatu,Oceania,0,0,0,0
2020-07-26,Vanuatu,Oceania,0,0,0,0
2020-08-02,Vanuatu,Oceania,0,0,0,0
2020-08-09,Vanuatu,Oceania,0,0,0,0
2020-08-16,Vanuatu,Oceania,0,0,0,0
2020-08-23,Vanuatu,Oceania,0,0,0,0
2020-08-30,Vanuatu,Oceania,0,0,0,0
2020-09-06,Vanuatu,Oceania,0,0,0,0
2020-09-13,Vanuatu,Oceania,0,0,0,0
2020-09-20,Vanuatu,Oceania,0,0,0,0
2020-09-27,Vanuatu,Oceania,0,0,0,0
2020-10-04,Vanuatu,Oceania,0,0,0,0
2020-10-11,Vanuatu,Oceania,0,0,0,0
2020-10-18,Vanuatu,Oceania,0,0,0,0
2020-10-25,Vanuatu,Oceania,0,0,0,0
2020-11-01,Vanuatu,Oceania,0,0,0,0
2020-11-08,Vanuatu,Oceania,0,0,0,0
2020-11-15,Vanuatu,Oceania,1,1,0,0
2020-11-22,Vanuatu,Oceania,0,1,0,0
2020-11-29,Vanuatu,Oceania,0,1,0,0
2020-12-06,Vanuatu,Oceania,0,1,0,0
2020-12-13,Vanuatu,Oceania,0,1,0,0
2020-12-20,Vanuatu,Oceania,0,1,0,0
2020-12-27,Vanuatu,Oceania,0,1,0,0
2021-01-03,Vanuatu,Oceania,0,1,0,0
2021-01-10,Vanuatu,Oceania,0,1,0,0
2021-01-17,Vanuatu,Oceania,0,1,0,0
2021-01-24,Vanuatu,Oceania,0,1,0,0
2021-01-31,Vanuatu,Oceania,0,1,0,0
2021-02-07,Vanuatu,Oceania,0,1,0,0
2021-02-14,Vanuatu,Oceania,0,1,0,0
2021-02-21,Vanuatu,Oceania,0,1,0,0
2021-02-28,Vanuatu,Oceania,0,1,0,0
2021-03-07,Vanuatu,Oceania,2,3,0,0
2021-03-14,Vanuatu,Oceania,0,3,0,0
2021-03-21,Vanuatu,Oceania,0,3,0,0
2021-03-28,Vanuatu,Oceania,0,3,0,0
2021-04-04,Vanuatu,Oceania,0,3,0,0
2021-04-11,Vanuatu,Oceania,0,3,0,0
2021-04-18,Vanuatu,Oceania,0,3,0,0
2021-04-25,Vanuatu,Oceania,0,3,0,0
2021-05-02,Vanuatu,Oceania,0,3,0,0
2021-05-09,Vanuatu,Oceania,0,3,0,0
2021-05-16,Vanuatu,Oceania,0,3,0,0
2021-05-23,Vanuatu,Oceania,0,3,0,0
2021-05-30,Vanuatu,Oceania,0,3,0,0
2021-06-06,Vanuatu,Oceania,0,3,0,0
2021-06-13,Vanuatu,Oceania,0,3,0,0
2021-06-20,Vanuatu,Oceania,0,3,0,0
2021-06-27,Vanuatu,Oceania,0,3,0,0
2021-07-04,Vanuatu,Oceania,0,3,0,0
2021-07-11,Vanuatu,Oceania,0,3,0,0
2021-07-18,Vanuatu,Oceania,0,3,0,0
2021-07-25,Vanuatu,Oceania,0,3,0,0
2021-08-01,Vanuatu,Oceania,0,3,0,0
2021-08-08,Vanuatu,Oceania,0,3,0,0
2021-08-15,Vanuatu,Oceania,0,3,0,0
2021-08-22,Vanuatu,Oceania,0,3,0,0
2021-08-29,Vanuatu,Oceania,0,3,0,0
2021-09-05,Vanuatu,Oceania,0,3,0,0
2021-09-12,Vanuatu,Oceania,0,3,0,0
2021-09-19,Vanuatu,Oceania,0,3,0,0
2021-09-26,Vanuatu,Oceania,0,3,0,0
2021-10-03,Vanuatu,Oceania,0,3,0,0
2021-10-10,Vanuatu,Oceania,0,3,0,0
2021-10-17,Vanuatu,Oceania,0,3,0,0
2021-10-24,Vanuatu,Oceania,0,3,0,0
2021-10-31,Vanuatu,Oceania,2,5,0,0
2021-11-07,Vanuatu,Oceania,0,5,0,0
2021-11-14,Vanuatu,Oceania,0,5,0,0
2021-11-21,Vanuatu,Oceania,0,5,0,0
2021-11-28,Vanuatu,Oceania,0,5,0,0
2021-12-05,Vanuatu,Oceania,0,5,0,0
2021-12-12,Vanuatu,Oceania,1,6,0,0
2021-12-19,Vanuatu,Oceania,1,7,0,0
2021-12-26,Vanuatu,Oceania,0,7,0,0
2022-01-02,Vanuatu,Oceania,0,7,0,0
2022-01-09,Vanuatu,Oceania,0,7,0,0
2022-01-16,Vanuatu,Oceania,0,7,0,0
2022-01-23,Vanuatu,Oceania,0,7,0,0
2022-01-30,Vanuatu,Oceania,0,7,0,0
2022-02-06,Vanuatu,Oceania,0,7,0,0
2022-02-13,Vanuatu,Oceania,0,7,0,0
2022-02-20,Vanuatu,Oceania,8,15,0,0
2022-02-27,Vanuatu,Oceania,3,18,0,0
2022-03-06,Vanuatu,Oceania,1,19,0,0
2022-03-13,Vanuatu,Oceania,227,246,0,0
2022-03-20,Vanuatu,Oceania,698,944,0,0
2022-03-27,Vanuatu,Oceania,1591,2535,0,0
2022-04-03,Vanuatu,Oceania,1579,4114,2,2
2022-04-10,Vanuatu,Oceania,1373,5487,2,4
2022-04-17,Vanuatu,Oceania,142,5629,2,6
2022-04-24,Vanuatu,Oceania,1233,6862,6,12
2022-05-01,Vanuatu,Oceania,651,7513,1,13
2022-05-08,Vanuatu,Oceania,394,7907,1,14
2022-05-15,Vanuatu,Oceania,555,8462,0,14
2022-05-22,Vanuatu,Oceania,204,8666,0,14
2022-05-29,Vanuatu,Oceania,346,9012,0,14
2022-06-05,Vanuatu,Oceania,1105,10117,0,14
2022-06-12,Vanuatu,Oceania,521,10638,0,14
2022-06-19,Vanuatu,Oceania,293,10931,0,14
2022-06-26,Vanuatu,Oceania,250,11181,0,14
2022-07-03,Vanuatu,Oceania,92,11273,0,14
2022-07-10,Vanuatu,Oceania,315,11588,0,14
2022-07-17,Vanuatu,Oceania,132,11720,0,14
2022-07-24,Vanuatu,Oceania,0,11720,0,14
2022-07-31,Vanuatu,Oceania,5,11725,0,14
2022-08-07,Vanuatu,Oceania,6,11731,0,14
2022-08-14,Vanuatu,Oceania,3,11734,0,14
2022-08-21,Vanuatu,Oceania,36,11770,0,14
2022-08-28,Vanuatu,Oceania,10,11780,0,14
2022-09-04,Vanuatu,Oceania,83,11863,0,14
2022-09-11,Vanuatu,Oceania,36,11899,0,14
2022-09-18,Vanuatu,Oceania,51,11950,0,14
2022-09-25,Vanuatu,Oceania,0,11950,0,14
2022-10-02,Vanuatu,Oceania,24,11974,0,14
2022-10-09,Vanuatu,Oceania,2,11976,0,14
2022-10-16,Vanuatu,Oceania,0,11976,0,14
2022-10-23,Vanuatu,Oceania,5,11981,0,14
2022-10-30,Vanuatu,Oceania,0,11981,0,14
2022-11-06,Vanuatu,Oceania,0,11981,0,14
2022-11-13,Vanuatu,Oceania,0,11981,0,14
2022-11-20,Vanuatu,Oceania,0,11981,0,14
2022-11-27,Vanuatu,Oceania,0,11981,0,14
2022-12-04,Vanuatu,Oceania,30,12011,0,14
2022-12-11,Vanuatu,Oceania,0,12011,0,14
2022-12-18,Vanuatu,Oceania,0,12011,0,14
2022-12-25,Vanuatu,Oceania,2,12013,0,14
2023-01-01,Vanuatu,Oceania,1,12014,0,14
2023-01-08,Vanuatu,Oceania,0,12014,0,14
2023-01-15,Vanuatu,Oceania,0,12014,0,14
2023-01-22,Vanuatu,Oceania,0,12014,0,14
2023-01-29,Vanuatu,Oceania,0,12014,0,14
2023-02-05,Vanuatu,Oceania,0,12014,0,14
2023-02-12,Vanuatu,Oceania,0,12014,0,14
2023-02-19,Vanuatu,Oceania,0,12014,0,14
2023-02-26,Vanuatu,Oceania,0,12014,0,14
2023-03-05,Vanuatu,Oceania,0,12014,0,14
2023-03-12,Vanuatu,Oceania,0,12014,0,14
2023-03-19,Vanuatu,Oceania,0,12014,0,14
2023-03-26,Vanuatu,Oceania,0,12014,0,14
2023-04-02,Vanuatu,Oceania,0,12014,0,14
2023-04-09,Vanuatu,Oceania,0,12014,0,14
2023-04-16,Vanuatu,Oceania,0,12014,0,14
2023-04-23,Vanuatu,Oceania,2,12016,0,14
2023-04-30,Vanuatu,Oceania,0,12016,0,14
2023-05-07,Vanuatu,Oceania,0,12016,0,14
2023-05-14,Vanuatu,Oceania,0,12016,0,14
2023-05-21,Vanuatu,Oceania,0,12016,0,14
2023-05-28,Vanuatu,Oceania,0,12016,0,14
2023-06-04,Vanuatu,Oceania,3,12019,0,14
2023-06-11,Vanuatu,Oceania,0,12019,0,14
2023-06-18,Vanuatu,Oceania,0,12019,0,14
2023-06-25,Vanuatu,Oceania,0,12019,0,14
2023-07-02,Vanuatu,Oceania,0,12019,0,14
2023-07-09,Vanuatu,Oceania,0,12019,0,14
2023-07-16,Vanuatu,Oceania,0,12019,0,14
2023-07-23,Vanuatu,Oceania,0,12019,0,14
2023-07-30,Vanuatu,Oceania,0,12019,0,14
2023-08-06,Vanuatu,Oceania,0,12019,0,14
2023-08-13,Vanuatu,Oceania,0,12019,0,14
2023-08-20,Vanuatu,Oceania,0,12019,0,14
2023-08-27,Vanuatu,Oceania,0,12019,0,14
2023-09-03,Vanuatu,Oceania,0,12019,0,14
2023-09-10,Vanuatu,Oceania,0,12019,0,14
2023-09-17,Vanuatu,Oceania,0,12019,0,14
2023-09-24,Vanuatu,Oceania,0,12019,0,14
2023-10-01,Vanuatu,Oceania,0,12019,0,14
2023-10-08,Vanuatu,Oceania,0,12019,0,14
2023-10-15,Vanuatu,Oceania,0,12019,0,14
2023-10-22,Vanuatu,Oceania,0,12019,0,14
2023-10-29,Vanuatu,Oceania,0,12019,0,14
2023-11-05,Vanuatu,Oceania,0,12019,0,14
2023-11-12,Vanuatu,Oceania,0,12019,0,14
2023-11-19,Vanuatu,Oceania,0,12019,0,14
2023-11-26,Vanuatu,Oceania,0,12019,0,14
2023-12-03,Vanuatu,Oceania,0,12019,0,14
2023-12-10,Vanuatu,Oceania,0,12019,0,14
2023-12-17,Vanuatu,Oceania,0,12019,0,14
2023-12-24,Vanuatu,Oceania,0,12019,0,14
2023-12-31,Vanuatu,Oceania,0,12019,0,14
2024-01-07,Vanuatu,Oceania,0,12019,0,14
2024-01-14,Vanuatu,Oceania,0,12019,0,14
2024-01-21,Vanuatu,Oceania,0,12019,0,14
2024-01-28,Vanuatu,Oceania,0,12019,0,14
2024-02-04,Vanuatu,Oceania,0,12019,0,14
2024-02-11,Vanuatu,Oceania,0,12019,0,14
2024-02-18,Vanuatu,Oceania,0,12019,0,14
2024-02-25,Vanuatu,Oceania,0,12019,0,14
2024-03-03,Vanuatu,Oceania,0,12019,0,14
2024-03-10,Vanuatu,Oceania,0,12019,0,14
2024-03-17,Vanuatu,Oceania,0,12019,0,14
2024-03-24,Vanuatu,Oceania,0,12019,0,14
2024-03-31,Vanuatu,Oceania,0,12019,0,14
2024-04-07,Vanuatu,Oceania,0,12019,0,14
2024-04-14,Vanuatu,Oceania,0,12019,0,14
2024-04-21,Vanuatu,Oceania,0,12019,0,14
2024-04-28,Vanuatu,Oceania,0,12019,0,14
2024-05-05,Vanuatu,Oceania,0,12019,0,14
2024-05-12,Vanuatu,Oceania,0,12019,0,14
2024-05-19,Vanuatu,Oceania,0,12019,0,14
2024-05-26,Vanuatu,Oceania,0,12019,0,14
2024-06-02,Vanuatu,Oceania,0,12019,0,14
2024-06-09,Vanuatu,Oceania,0,12019,0,14
2024-06-16,Vanuatu,Oceania,0,12019,0,14
2024-06-23,Vanuatu,Oceania,0,12019,0,14
2024-06-30,Vanuatu,Oceania,0,12019,0,14
2024-07-07,Vanuatu,Oceania,0,12019,0,14
2024-07-14,Vanuatu,Oceania,0,12019,0,14
2024-07-21,Vanuatu,Oceania,0,12019,0,14
2024-07-28,Vanuatu,Oceania,0,12019,0,14
2024-08-04,Vanuatu,Oceania,0,12019,0,14
2024-08-11,Vanuatu,Oceania,0,12019,0,14
2024-08-18,Vanuatu,Oceania,0,12019,0,14
2024-08-25,Vanuatu,Oceania,0,12019,0,14
2024-09-01,Vanuatu,Oceania,0,12019,0,14
2020-01-05,Venezuela (Bolivarian Republic of),South America,0,0,0,0
2020-01-12,Venezuela (Bolivarian Republic of),South America,0,0,0,0
2020-01-19,Venezuela (Bolivarian Republic of),South America,0,0,0,0
2020-01-26,Venezuela (Bolivarian Republic of),South America,0,0,0,0
2020-02-02,Venezuela (Bolivarian Republic of),South America,0,0,0,0
2020-02-09,Venezuela (Bolivarian Republic of),South America,0,0,0,0
2020-02-16,Venezuela (Bolivarian Republic of),South America,0,0,0,0
2020-02-23,Venezuela (Bolivarian Republic of),South America,0,0,0,0
2020-03-01,Venezuela (Bolivarian Republic of),South America,0,0,0,0
2020-03-08,Venezuela (Bolivarian Republic of),South America,0,0,0,0
2020-03-15,Venezuela (Bolivarian Republic of),South America,21,21,0,0
2020-03-22,Venezuela (Bolivarian Republic of),South America,19,40,0,0
2020-03-29,Venezuela (Bolivarian Republic of),South America,73,113,2,2
2020-04-05,Venezuela (Bolivarian Republic of),South America,31,144,1,3
2020-04-12,Venezuela (Bolivarian Republic of),South America,27,171,6,9
2020-04-19,Venezuela (Bolivarian Republic of),South America,33,204,0,9
2020-04-26,Venezuela (Bolivarian Republic of),South America,114,318,1,10
2020-05-03,Venezuela (Bolivarian Republic of),South America,27,345,0,10
2020-05-10,Venezuela (Bolivarian Republic of),South America,43,388,0,10
2020-05-17,Venezuela (Bolivarian Republic of),South America,116,504,0,10
2020-05-24,Venezuela (Bolivarian Republic of),South America,440,944,0,10
2020-05-31,Venezuela (Bolivarian Republic of),South America,426,1370,4,14
2020-06-07,Venezuela (Bolivarian Republic of),South America,775,2145,6,20
2020-06-14,Venezuela (Bolivarian Republic of),South America,734,2879,3,23
2020-06-21,Venezuela (Bolivarian Republic of),South America,712,3591,7,30
2020-06-28,Venezuela (Bolivarian Republic of),South America,1188,4779,11,41
2020-07-05,Venezuela (Bolivarian Republic of),South America,1758,6537,18,59
2020-07-12,Venezuela (Bolivarian Republic of),South America,2266,8803,24,83
2020-07-19,Venezuela (Bolivarian Republic of),South America,2388,11191,24,107
2020-07-26,Venezuela (Bolivarian Republic of),South America,3072,14263,27,134
2020-08-02,Venezuela (Bolivarian Republic of),South America,4311,18574,30,164
2020-08-09,Venezuela (Bolivarian Republic of),South America,5592,24166,44,208
2020-08-16,Venezuela (Bolivarian Republic of),South America,7215,31381,58,266
2020-08-23,Venezuela (Bolivarian Republic of),South America,6807,38188,51,317
2020-08-30,Venezuela (Bolivarian Republic of),South America,5691,43879,41,358
2020-09-06,Venezuela (Bolivarian Republic of),South America,7094,50973,54,412
2020-09-13,Venezuela (Bolivarian Republic of),South America,7690,58663,56,468
2020-09-20,Venezuela (Bolivarian Republic of),South America,6511,65174,62,530
2020-09-27,Venezuela (Bolivarian Republic of),South America,6099,71273,61,591
2020-10-04,Venezuela (Bolivarian Republic of),South America,5547,76820,52,643
2020-10-11,Venezuela (Bolivarian Republic of),South America,4876,81696,41,684
2020-10-18,Venezuela (Bolivarian Republic of),South America,4062,85758,41,725
2020-10-25,Venezuela (Bolivarian Republic of),South America,2658,88416,34,759
2020-11-01,Venezuela (Bolivarian Republic of),South America,3173,91589,34,793
2020-11-08,Venezuela (Bolivarian Republic of),South America,2716,94305,28,821
2020-11-15,Venezuela (Bolivarian Republic of),South America,2136,96441,23,844
2020-11-22,Venezuela (Bolivarian Republic of),South America,2576,99017,22,866
2020-11-29,Venezuela (Bolivarian Republic of),South America,2507,101524,22,888
2020-12-06,Venezuela (Bolivarian Republic of),South America,2353,103877,25,913
2020-12-13,Venezuela (Bolivarian Republic of),South America,2838,106715,31,944
2020-12-20,Venezuela (Bolivarian Republic of),South America,2680,109395,35,979
2020-12-27,Venezuela (Bolivarian Republic of),South America,2208,111603,31,1010
2021-01-03,Venezuela (Bolivarian Republic of),South America,1959,113562,18,1028
2021-01-10,Venezuela (Bolivarian Republic of),South America,2105,115667,28,1056
2021-01-17,Venezuela (Bolivarian Republic of),South America,3189,118856,39,1095
2021-01-24,Venezuela (Bolivarian Republic of),South America,3939,122795,41,1136
2021-01-31,Venezuela (Bolivarian Republic of),South America,2981,125776,41,1177
2021-02-07,Venezuela (Bolivarian Republic of),South America,3455,129231,46,1223
2021-02-14,Venezuela (Bolivarian Republic of),South America,3028,132259,44,1267
2021-02-21,Venezuela (Bolivarian Republic of),South America,2855,135114,41,1308
2021-02-28,Venezuela (Bolivarian Republic of),South America,3181,138295,30,1338
2021-03-07,Venezuela (Bolivarian Republic of),South America,3061,141356,33,1371
2021-03-14,Venezuela (Bolivarian Republic of),South America,3430,144786,51,1422
2021-03-21,Venezuela (Bolivarian Republic of),South America,4359,149145,53,1475
2021-03-28,Venezuela (Bolivarian Republic of),South America,5760,154905,68,1543
2021-04-04,Venezuela (Bolivarian Republic of),South America,7825,162730,86,1629
2021-04-11,Venezuela (Bolivarian Republic of),South America,9731,172461,110,1739
2021-04-18,Venezuela (Bolivarian Republic of),South America,8148,180609,131,1870
2021-04-25,Venezuela (Bolivarian Republic of),South America,8772,189381,139,2009
2021-05-02,Venezuela (Bolivarian Republic of),South America,8302,197683,127,2136
2021-05-09,Venezuela (Bolivarian Republic of),South America,7498,205181,127,2263
2021-05-16,Venezuela (Bolivarian Republic of),South America,7817,212998,103,2366
2021-05-23,Venezuela (Bolivarian Republic of),South America,8044,221042,117,2483
2021-05-30,Venezuela (Bolivarian Republic of),South America,9105,230147,112,2595
2021-06-06,Venezuela (Bolivarian Republic of),South America,9105,239252,103,2698
2021-06-13,Venezuela (Bolivarian Republic of),South America,9568,248820,99,2797
2021-06-20,Venezuela (Bolivarian Republic of),South America,9320,258140,128,2925
2021-06-27,Venezuela (Bolivarian Republic of),South America,8812,266952,113,3038
2021-07-04,Venezuela (Bolivarian Republic of),South America,8253,275205,116,3154
2021-07-11,Venezuela (Bolivarian Republic of),South America,7735,282940,110,3264
2021-07-18,Venezuela (Bolivarian Republic of),South America,7584,290524,86,3350
2021-07-25,Venezuela (Bolivarian Republic of),South America,7258,297782,108,3458
2021-08-01,Venezuela (Bolivarian Republic of),South America,6944,304726,118,3576
2021-08-08,Venezuela (Bolivarian Republic of),South America,6234,310960,106,3682
2021-08-15,Venezuela (Bolivarian Republic of),South America,6374,317334,99,3781
2021-08-22,Venezuela (Bolivarian Republic of),South America,6192,323526,90,3871
2021-08-29,Venezuela (Bolivarian Republic of),South America,7586,331112,99,3970
2021-09-05,Venezuela (Bolivarian Republic of),South America,7188,338300,102,4072
2021-09-12,Venezuela (Bolivarian Republic of),South America,7260,345560,107,4179
2021-09-19,Venezuela (Bolivarian Republic of),South America,7841,353401,96,4275
2021-09-26,Venezuela (Bolivarian Republic of),South America,7448,360849,104,4379
2021-10-03,Venezuela (Bolivarian Republic of),South America,9519,370368,104,4483
2021-10-10,Venezuela (Bolivarian Republic of),South America,10488,380856,109,4592
2021-10-17,Venezuela (Bolivarian Republic of),South America,9189,390045,101,4693
2021-10-24,Venezuela (Bolivarian Republic of),South America,8566,398611,97,4790
2021-10-31,Venezuela (Bolivarian Republic of),South America,6834,405445,84,4874
2021-11-07,Venezuela (Bolivarian Republic of),South America,6129,411574,72,4946
2021-11-14,Venezuela (Bolivarian Republic of),South America,6424,417998,64,5010
2021-11-21,Venezuela (Bolivarian Republic of),South America,5635,423633,56,5066
2021-11-28,Venezuela (Bolivarian Republic of),South America,5727,429360,58,5124
2021-12-05,Venezuela (Bolivarian Republic of),South America,4300,433660,53,5177
2021-12-12,Venezuela (Bolivarian Republic of),South America,3453,437113,52,5229
2021-12-19,Venezuela (Bolivarian Republic of),South America,3671,440784,43,5272
2021-12-26,Venezuela (Bolivarian Republic of),South America,2215,442999,40,5312
2022-01-02,Venezuela (Bolivarian Republic of),South America,1636,444635,16,5328
2022-01-09,Venezuela (Bolivarian Republic of),South America,1792,446427,20,5348
2022-01-16,Venezuela (Bolivarian Republic of),South America,6003,452430,28,5376
2022-01-23,Venezuela (Bolivarian Republic of),South America,13033,465463,23,5399
2022-01-30,Venezuela (Bolivarian Republic of),South America,13548,479011,31,5430
2022-02-06,Venezuela (Bolivarian Republic of),South America,13667,492678,44,5474
2022-02-13,Venezuela (Bolivarian Republic of),South America,10484,503162,55,5529
2022-02-20,Venezuela (Bolivarian Republic of),South America,6785,509947,62,5591
2022-02-27,Venezuela (Bolivarian Republic of),South America,3480,513427,37,5628
2022-03-06,Venezuela (Bolivarian Republic of),South America,2809,516236,17,5645
2022-03-13,Venezuela (Bolivarian Republic of),South America,1763,517999,11,5656
2022-03-20,Venezuela (Bolivarian Republic of),South America,1421,519420,10,5666
2022-03-27,Venezuela (Bolivarian Republic of),South America,618,520038,8,5674
2022-04-03,Venezuela (Bolivarian Republic of),South America,589,520627,10,5684
2022-04-10,Venezuela (Bolivarian Republic of),South America,698,521325,8,5692
2022-04-17,Venezuela (Bolivarian Republic of),South America,621,521946,8,5700
2022-04-24,Venezuela (Bolivarian Republic of),South America,142,522088,5,5705
2022-05-01,Venezuela (Bolivarian Republic of),South America,217,522305,3,5708
2022-05-08,Venezuela (Bolivarian Republic of),South America,320,522625,1,5709
2022-05-15,Venezuela (Bolivarian Republic of),South America,296,522921,2,5711
2022-05-22,Venezuela (Bolivarian Republic of),South America,317,523238,5,5716
2022-05-29,Venezuela (Bolivarian Republic of),South America,302,523540,4,5720
2022-06-05,Venezuela (Bolivarian Republic of),South America,257,523797,2,5722
2022-06-12,Venezuela (Bolivarian Republic of),South America,355,524152,1,5723
2022-06-19,Venezuela (Bolivarian Republic of),South America,566,524718,1,5724
2022-06-26,Venezuela (Bolivarian Republic of),South America,821,525539,2,5726
2022-07-03,Venezuela (Bolivarian Republic of),South America,915,526454,8,5734
2022-07-10,Venezuela (Bolivarian Republic of),South America,1335,527789,5,5739
2022-07-17,Venezuela (Bolivarian Republic of),South America,1595,529384,6,5745
2022-07-24,Venezuela (Bolivarian Republic of),South America,2579,531963,10,5755
2022-07-31,Venezuela (Bolivarian Republic of),South America,2943,534906,6,5761
2022-08-07,Venezuela (Bolivarian Republic of),South America,2936,537842,6,5767
2022-08-14,Venezuela (Bolivarian Republic of),South America,1887,539729,6,5773
2022-08-21,Venezuela (Bolivarian Republic of),South America,1458,541187,13,5786
2022-08-28,Venezuela (Bolivarian Republic of),South America,852,542039,8,5794
2022-09-04,Venezuela (Bolivarian Republic of),South America,665,542704,3,5797
2022-09-11,Venezuela (Bolivarian Republic of),South America,890,543594,8,5805
2022-09-18,Venezuela (Bolivarian Republic of),South America,496,544090,4,5809
2022-09-25,Venezuela (Bolivarian Republic of),South America,315,544405,5,5814
2022-10-02,Venezuela (Bolivarian Republic of),South America,398,544803,0,5814
2022-10-09,Venezuela (Bolivarian Republic of),South America,129,544932,4,5818
2022-10-16,Venezuela (Bolivarian Republic of),South America,261,545193,1,5819
2022-10-23,Venezuela (Bolivarian Republic of),South America,330,545523,1,5820
2022-10-30,Venezuela (Bolivarian Republic of),South America,280,545803,0,5820
2022-11-06,Venezuela (Bolivarian Republic of),South America,244,546047,1,5821
2022-11-13,Venezuela (Bolivarian Republic of),South America,215,546262,3,5824
2022-11-20,Venezuela (Bolivarian Republic of),South America,471,546733,1,5825
2022-11-27,Venezuela (Bolivarian Republic of),South America,471,547204,2,5827
2022-12-04,Venezuela (Bolivarian Republic of),South America,493,547697,2,5829
2022-12-11,Venezuela (Bolivarian Republic of),South America,536,548233,0,5829
2022-12-18,Venezuela (Bolivarian Republic of),South America,732,548965,1,5830
2022-12-25,Venezuela (Bolivarian Republic of),South America,879,549844,0,5830
2023-01-01,Venezuela (Bolivarian Republic of),South America,678,550522,2,5832
2023-01-08,Venezuela (Bolivarian Republic of),South America,194,550716,0,5832
2023-01-15,Venezuela (Bolivarian Republic of),South America,165,550881,2,5834
2023-01-22,Venezuela (Bolivarian Republic of),South America,323,551204,6,5840
2023-01-29,Venezuela (Bolivarian Republic of),South America,195,551399,5,5845
2023-02-05,Venezuela (Bolivarian Republic of),South America,188,551587,0,5845
2023-02-12,Venezuela (Bolivarian Republic of),South America,106,551693,6,5851
2023-02-19,Venezuela (Bolivarian Republic of),South America,215,551908,1,5852
2023-02-26,Venezuela (Bolivarian Republic of),South America,49,551957,0,5852
2023-03-05,Venezuela (Bolivarian Republic of),South America,77,552034,2,5854
2023-03-12,Venezuela (Bolivarian Republic of),South America,128,552162,0,5854
2023-03-19,Venezuela (Bolivarian Republic of),South America,88,552250,0,5854
2023-03-26,Venezuela (Bolivarian Republic of),South America,47,552297,0,5854
2023-04-02,Venezuela (Bolivarian Republic of),South America,101,552398,0,5854
2023-04-09,Venezuela (Bolivarian Republic of),South America,0,552398,0,5854
2023-04-16,Venezuela (Bolivarian Republic of),South America,31,552429,2,5856
2023-04-23,Venezuela (Bolivarian Republic of),South America,126,552555,0,5856
2023-04-30,Venezuela (Bolivarian Republic of),South America,23,552578,0,5856
2023-05-07,Venezuela (Bolivarian Republic of),South America,117,552695,0,5856
2023-05-14,Venezuela (Bolivarian Republic of),South America,0,552695,0,5856
2023-05-21,Venezuela (Bolivarian Republic of),South America,0,552695,0,5856
2023-05-28,Venezuela (Bolivarian Republic of),South America,0,552695,0,5856
2023-06-04,Venezuela (Bolivarian Republic of),South America,0,552695,0,5856
2023-06-11,Venezuela (Bolivarian Republic of),South America,0,552695,0,5856
2023-06-18,Venezuela (Bolivarian Republic of),South America,0,552695,0,5856
2023-06-25,Venezuela (Bolivarian Republic of),South America,0,552695,0,5856
2023-07-02,Venezuela (Bolivarian Republic of),South America,0,552695,0,5856
2023-07-09,Venezuela (Bolivarian Republic of),South America,0,552695,0,5856
2023-07-16,Venezuela (Bolivarian Republic of),South America,0,552695,0,5856
2023-07-23,Venezuela (Bolivarian Republic of),South America,0,552695,0,5856
2023-07-30,Venezuela (Bolivarian Republic of),South America,0,552695,0,5856
2023-08-06,Venezuela (Bolivarian Republic of),South America,0,552695,0,5856
2023-08-13,Venezuela (Bolivarian Republic of),South America,0,552695,0,5856
2023-08-20,Venezuela (Bolivarian Republic of),South America,0,552695,0,5856
2023-08-27,Venezuela (Bolivarian Republic of),South America,0,552695,0,5856
2023-09-03,Venezuela (Bolivarian Republic of),South America,0,552695,0,5856
2023-09-10,Venezuela (Bolivarian Republic of),South America,0,552695,0,5856
2023-09-17,Venezuela (Bolivarian Republic of),South America,0,552695,0,5856
2023-09-24,Venezuela (Bolivarian Republic of),South America,0,552695,0,5856
2023-10-01,Venezuela (Bolivarian Republic of),South America,0,552695,0,5856
2023-10-08,Venezuela (Bolivarian Republic of),South America,0,552695,0,5856
2023-10-15,Venezuela (Bolivarian Republic of),South America,0,552695,0,5856
2023-10-22,Venezuela (Bolivarian Republic of),South America,0,552695,0,5856
2023-10-29,Venezuela (Bolivarian Republic of),South America,0,552695,0,5856
2023-11-05,Venezuela (Bolivarian Republic of),South America,0,552695,0,5856
2023-11-12,Venezuela (Bolivarian Republic of),South America,0,552695,0,5856
2023-11-19,Venezuela (Bolivarian Republic of),South America,0,552695,0,5856
2023-11-26,Venezuela (Bolivarian Republic of),South America,0,552695,0,5856
2023-12-03,Venezuela (Bolivarian Republic of),South America,0,552695,0,5856
2023-12-10,Venezuela (Bolivarian Republic of),South America,0,552695,0,5856
2023-12-17,Venezuela (Bolivarian Republic of),South America,0,552695,0,5856
2023-12-24,Venezuela (Bolivarian Republic of),South America,0,552695,0,5856
2023-12-31,Venezuela (Bolivarian Republic of),South America,0,552695,0,5856
2024-01-07,Venezuela (Bolivarian Republic of),South America,0,552695,0,5856
2024-01-14,Venezuela (Bolivarian Republic of),South America,0,552695,0,5856
2024-01-21,Venezuela (Bolivarian Republic of),South America,0,552695,0,5856
2024-01-28,Venezuela (Bolivarian Republic of),South America,0,552695,0,5856
2024-02-04,Venezuela (Bolivarian Republic of),South America,0,552695,0,5856
2024-02-11,Venezuela (Bolivarian Republic of),South America,0,552695,0,5856
2024-02-18,Venezuela (Bolivarian Republic of),South America,0,552695,0,5856
2024-02-25,Venezuela (Bolivarian Republic of),South America,0,552695,0,5856
2024-03-03,Venezuela (Bolivarian Republic of),South America,0,552695,0,5856
2024-03-10,Venezuela (Bolivarian Republic of),South America,0,552695,0,5856
2024-03-17,Venezuela (Bolivarian Republic of),South America,0,552695,0,5856
2024-03-24,Venezuela (Bolivarian Republic of),South America,0,552695,0,5856
2024-03-31,Venezuela (Bolivarian Republic of),South America,0,552695,0,5856
2024-04-07,Venezuela (Bolivarian Republic of),South America,0,552695,0,5856
2024-04-14,Venezuela (Bolivarian Republic of),South America,0,552695,0,5856
2024-04-21,Venezuela (Bolivarian Republic of),South America,0,552695,0,5856
2024-04-28,Venezuela (Bolivarian Republic of),South America,0,552695,0,5856
2024-05-05,Venezuela (Bolivarian Republic of),South America,0,552695,0,5856
2024-05-12,Venezuela (Bolivarian Republic of),South America,0,552695,0,5856
2024-05-19,Venezuela (Bolivarian Republic of),South America,0,552695,0,5856
2024-05-26,Venezuela (Bolivarian Republic of),South America,0,552695,0,5856
2024-06-02,Venezuela (Bolivarian Republic of),South America,0,552695,0,5856
2024-06-09,Venezuela (Bolivarian Republic of),South America,0,552695,0,5856
2024-06-16,Venezuela (Bolivarian Republic of),South America,0,552695,0,5856
2024-06-23,Venezuela (Bolivarian Republic of),South America,0,552695,0,5856
2024-06-30,Venezuela (Bolivarian Republic of),South America,0,552695,0,5856
2024-07-07,Venezuela (Bolivarian Republic of),South America,0,552695,0,5856
2024-07-14,Venezuela (Bolivarian Republic of),South America,0,552695,0,5856
2024-07-21,Venezuela (Bolivarian Republic of),South America,0,552695,0,5856
2024-07-28,Venezuela (Bolivarian Republic of),South America,0,552695,0,5856
2024-08-04,Venezuela (Bolivarian Republic of),South America,0,552695,0,5856
2024-08-11,Venezuela (Bolivarian Republic of),South America,0,552695,0,5856
2024-08-18,Venezuela (Bolivarian Republic of),South America,0,552695,0,5856
2024-08-25,Venezuela (Bolivarian Republic of),South America,0,552695,0,5856
2024-09-01,Venezuela (Bolivarian Republic of),South America,0,552695,0,5856
2020-01-05,Viet Nam,Asia,0,0,0,0
2020-01-12,Viet Nam,Asia,0,0,0,0
2020-01-19,Viet Nam,Asia,0,0,0,0
2020-01-26,Viet Nam,Asia,2,2,0,0
2020-02-02,Viet Nam,Asia,4,6,0,0
2020-02-09,Viet Nam,Asia,7,13,0,0
2020-02-16,Viet Nam,Asia,3,16,0,0
2020-02-23,Viet Nam,Asia,0,16,0,0
2020-03-01,Viet Nam,Asia,0,16,0,0
2020-03-08,Viet Nam,Asia,4,20,0,0
2020-03-15,Viet Nam,Asia,33,53,0,0
2020-03-22,Viet Nam,Asia,41,94,0,0
2020-03-29,Viet Nam,Asia,80,174,0,0
2020-04-05,Viet Nam,Asia,66,240,0,0
2020-04-12,Viet Nam,Asia,18,258,0,0
2020-04-19,Viet Nam,Asia,10,268,0,0
2020-04-26,Viet Nam,Asia,2,270,0,0
2020-05-03,Viet Nam,Asia,0,270,0,0
2020-05-10,Viet Nam,Asia,18,288,0,0
2020-05-17,Viet Nam,Asia,30,318,0,0
2020-05-24,Viet Nam,Asia,7,325,0,0
2020-05-31,Viet Nam,Asia,3,328,0,0
2020-06-07,Viet Nam,Asia,1,329,0,0
2020-06-14,Viet Nam,Asia,5,334,0,0
2020-06-21,Viet Nam,Asia,15,349,0,0
2020-06-28,Viet Nam,Asia,6,355,0,0
2020-07-05,Viet Nam,Asia,0,355,0,0
2020-07-12,Viet Nam,Asia,15,370,0,0
2020-07-19,Viet Nam,Asia,12,382,0,0
2020-07-26,Viet Nam,Asia,36,418,0,0
2020-08-02,Viet Nam,Asia,172,590,3,3
2020-08-09,Viet Nam,Asia,222,812,7,10
2020-08-16,Viet Nam,Asia,139,951,13,23
2020-08-23,Viet Nam,Asia,63,1014,3,26
2020-08-30,Viet Nam,Asia,26,1040,6,32
2020-09-06,Viet Nam,Asia,9,1049,3,35
2020-09-13,Viet Nam,Asia,11,1060,0,35
2020-09-20,Viet Nam,Asia,8,1068,0,35
2020-09-27,Viet Nam,Asia,1,1069,0,35
2020-10-04,Viet Nam,Asia,27,1096,0,35
2020-10-11,Viet Nam,Asia,11,1107,0,35
2020-10-18,Viet Nam,Asia,19,1126,0,35
2020-10-25,Viet Nam,Asia,34,1160,0,35
2020-11-01,Viet Nam,Asia,20,1180,0,35
2020-11-08,Viet Nam,Asia,33,1213,0,35
2020-11-15,Viet Nam,Asia,52,1265,0,35
2020-11-22,Viet Nam,Asia,41,1306,0,35
2020-11-29,Viet Nam,Asia,35,1341,0,35
2020-12-06,Viet Nam,Asia,24,1365,0,35
2020-12-13,Viet Nam,Asia,30,1395,0,35
2020-12-20,Viet Nam,Asia,16,1411,0,35
2020-12-27,Viet Nam,Asia,29,1440,0,35
2021-01-03,Viet Nam,Asia,54,1494,0,35
2021-01-10,Viet Nam,Asia,20,1514,0,35
2021-01-17,Viet Nam,Asia,23,1537,0,35
2021-01-24,Viet Nam,Asia,11,1548,0,35
2021-01-31,Viet Nam,Asia,271,1819,0,35
2021-02-07,Viet Nam,Asia,186,2005,0,35
2021-02-14,Viet Nam,Asia,224,2229,0,35
2021-02-21,Viet Nam,Asia,154,2383,0,35
2021-02-28,Viet Nam,Asia,65,2448,0,35
2021-03-07,Viet Nam,Asia,64,2512,0,35
2021-03-14,Viet Nam,Asia,42,2554,0,35
2021-03-21,Viet Nam,Asia,18,2572,0,35
2021-03-28,Viet Nam,Asia,19,2591,0,35
2021-04-04,Viet Nam,Asia,40,2631,0,35
2021-04-11,Viet Nam,Asia,65,2696,0,35
2021-04-18,Viet Nam,Asia,89,2785,0,35
2021-04-25,Viet Nam,Asia,61,2846,0,35
2021-05-02,Viet Nam,Asia,116,2962,0,35
2021-05-09,Viet Nam,Asia,450,3412,0,35
2021-05-16,Viet Nam,Asia,800,4212,2,37
2021-05-23,Viet Nam,Asia,1063,5275,5,42
2021-05-30,Viet Nam,Asia,1893,7168,5,47
2021-06-06,Viet Nam,Asia,1623,8791,6,53
2021-06-13,Viet Nam,Asia,1839,10630,7,60
2021-06-20,Viet Nam,Asia,2628,13258,7,67
2021-06-27,Viet Nam,Asia,2482,15740,13,80
2021-07-04,Viet Nam,Asia,4521,20261,19,99
2021-07-11,Viet Nam,Asia,10217,30478,63,162
2021-07-18,Viet Nam,Asia,25367,55845,92,254
2021-07-25,Viet Nam,Asia,45328,101173,116,370
2021-08-01,Viet Nam,Asia,56334,157507,936,1306
2021-08-08,Viet Nam,Asia,58053,215560,2091,3397
2021-08-15,Viet Nam,Asia,59484,275044,2377,5774
2021-08-22,Viet Nam,Asia,73015,348059,2503,8277
2021-08-29,Viet Nam,Asia,87206,435265,2472,10749
2021-09-05,Viet Nam,Asia,89042,524307,2325,13074
2021-09-12,Viet Nam,Asia,89068,613375,2205,15279
2021-09-19,Viet Nam,Asia,73688,687063,1811,17090
2021-09-26,Viet Nam,Asia,69626,756689,1494,18584
2021-10-03,Viet Nam,Asia,51889,808578,1131,19715
2021-10-10,Viet Nam,Asia,31084,839662,840,20555
2021-10-17,Viet Nam,Asia,24391,864053,639,21194
2021-10-24,Viet Nam,Asia,24887,888940,479,21673
2021-10-31,Viet Nam,Asia,32182,921122,410,22083
2021-11-07,Viet Nam,Asia,47562,968684,448,22531
2021-11-14,Viet Nam,Asia,57838,1026522,551,23082
2021-11-21,Viet Nam,Asia,67992,1094514,679,23761
2021-11-28,Viet Nam,Asia,115826,1210340,1121,24882
2021-12-05,Viet Nam,Asia,98752,1309092,1378,26260
2021-12-12,Viet Nam,Asia,103959,1413051,1579,27839
2021-12-19,Viet Nam,Asia,127427,1540478,1727,29566
2021-12-26,Viet Nam,Asia,111195,1651673,1648,31214
2022-01-02,Viet Nam,Asia,111367,1763040,1617,32831
2022-01-09,Viet Nam,Asia,136535,1899575,1488,34319
2022-01-16,Viet Nam,Asia,123971,2023546,1290,35609
2022-01-23,Viet Nam,Asia,117876,2141422,1110,36719
2022-01-30,Viet Nam,Asia,121631,2263053,949,37668
2022-02-06,Viet Nam,Asia,78918,2341971,656,38324
2022-02-13,Viet Nam,Asia,168889,2510860,622,38946
2022-02-20,Viet Nam,Asia,276633,2787493,555,39501
2022-02-27,Viet Nam,Asia,533512,3321005,643,40144
2022-03-06,Viet Nam,Asia,1113695,4434700,669,40813
2022-03-13,Viet Nam,Asia,1677948,6112648,572,41385
2022-03-20,Viet Nam,Asia,1845400,7958048,495,41880
2022-03-27,Viet Nam,Asia,1053425,9011473,426,42306
2022-04-03,Viet Nam,Asia,806855,9818328,294,42600
2022-04-10,Viet Nam,Asia,379908,10198236,213,42813
2022-04-17,Viet Nam,Asia,234311,10432547,131,42944
2022-04-24,Viet Nam,Asia,130955,10563502,69,43013
2022-05-01,Viet Nam,Asia,90024,10653526,29,43042
2022-05-08,Viet Nam,Asia,22658,10676184,14,43056
2022-05-15,Viet Nam,Asia,20446,10696630,9,43065
2022-05-22,Viet Nam,Asia,12257,10708887,10,43075
2022-05-29,Viet Nam,Asia,8364,10717251,3,43078
2022-06-05,Viet Nam,Asia,7988,10725239,3,43081
2022-06-12,Viet Nam,Asia,6573,10731812,2,43083
2022-06-19,Viet Nam,Asia,5828,10737640,0,43083
2022-06-26,Viet Nam,Asia,5808,10743448,1,43084
2022-07-03,Viet Nam,Asia,4679,10748127,4,43088
2022-07-10,Viet Nam,Asia,6221,10754348,1,43089
2022-07-17,Viet Nam,Asia,5502,10759850,2,43091
2022-07-24,Viet Nam,Asia,7350,10767200,1,43092
2022-07-31,Viet Nam,Asia,7479,10774679,1,43093
2022-08-07,Viet Nam,Asia,571458,11346137,1,43094
2022-08-14,Viet Nam,Asia,18218,11364355,4,43098
2022-08-21,Viet Nam,Asia,17903,11382258,8,43106
2022-08-28,Viet Nam,Asia,19339,11401597,7,43113
2022-09-04,Viet Nam,Asia,15906,11417503,9,43122
2022-09-11,Viet Nam,Asia,20467,11437970,8,43130
2022-09-18,Viet Nam,Asia,18588,11456558,11,43141
2022-09-25,Viet Nam,Asia,14782,11471340,5,43146
2022-10-02,Viet Nam,Asia,8688,11480028,5,43151
2022-10-09,Viet Nam,Asia,5333,11485361,2,43153
2022-10-16,Viet Nam,Asia,6912,11492273,2,43155
2022-10-23,Viet Nam,Asia,4556,11496829,4,43159
2022-10-30,Viet Nam,Asia,5340,11502169,4,43163
2022-11-06,Viet Nam,Asia,3439,11505608,3,43166
2022-11-13,Viet Nam,Asia,2839,11508447,0,43166
2022-11-20,Viet Nam,Asia,2731,11511178,3,43169
2022-11-27,Viet Nam,Asia,2996,11514174,1,43170
2022-12-04,Viet Nam,Asia,3343,11517517,7,43177
2022-12-11,Viet Nam,Asia,2928,11520445,2,43179
2022-12-18,Viet Nam,Asia,2305,11522750,1,43180
2022-12-25,Viet Nam,Asia,1452,11524202,4,43184
2023-01-01,Viet Nam,Asia,1029,11525231,2,43186
2023-01-08,Viet Nam,Asia,480,11525711,0,43186
2023-01-15,Viet Nam,Asia,407,11526118,0,43186
2023-01-22,Viet Nam,Asia,200,11526318,0,43186
2023-01-29,Viet Nam,Asia,77,11526395,0,43186
2023-02-05,Viet Nam,Asia,171,11526566,0,43186
2023-02-12,Viet Nam,Asia,85,11526651,0,43186
2023-02-19,Viet Nam,Asia,155,11526806,0,43186
2023-02-26,Viet Nam,Asia,85,11526891,0,43186
2023-03-05,Viet Nam,Asia,59,11526950,0,43186
2023-03-12,Viet Nam,Asia,83,11527033,0,43186
2023-03-19,Viet Nam,Asia,83,11527116,0,43186
2023-03-26,Viet Nam,Asia,87,11527203,0,43186
2023-04-02,Viet Nam,Asia,113,11527316,0,43186
2023-04-09,Viet Nam,Asia,385,11527701,0,43186
2023-04-16,Viet Nam,Asia,2655,11530356,0,43186
2023-04-23,Viet Nam,Asia,12704,11543060,1,43187
2023-04-30,Viet Nam,Asia,16802,11559862,4,43191
2023-05-07,Viet Nam,Asia,14069,11573931,5,43196
2023-05-14,Viet Nam,Asia,15636,11589567,5,43201
2023-05-21,Viet Nam,Asia,12192,11601759,2,43203
2023-05-28,Viet Nam,Asia,7778,11609537,3,43206
2023-06-04,Viet Nam,Asia,5046,11614583,0,43206
2023-06-11,Viet Nam,Asia,2914,11617497,0,43206
2023-06-18,Viet Nam,Asia,1770,11619267,0,43206
2023-06-25,Viet Nam,Asia,780,11620047,0,43206
2023-07-02,Viet Nam,Asia,549,11620596,0,43206
2023-07-09,Viet Nam,Asia,437,11621033,0,43206
2023-07-16,Viet Nam,Asia,287,11621320,0,43206
2023-07-23,Viet Nam,Asia,279,11621599,0,43206
2023-07-30,Viet Nam,Asia,199,11621798,0,43206
2023-08-06,Viet Nam,Asia,180,11621978,0,43206
2023-08-13,Viet Nam,Asia,226,11622204,0,43206
2023-08-20,Viet Nam,Asia,200,11622404,0,43206
2023-08-27,Viet Nam,Asia,279,11622683,0,43206
2023-09-03,Viet Nam,Asia,229,11622912,0,43206
2023-09-10,Viet Nam,Asia,270,11623182,0,43206
2023-09-17,Viet Nam,Asia,190,11623372,0,43206
2023-09-24,Viet Nam,Asia,199,11623571,0,43206
2023-10-01,Viet Nam,Asia,127,11623698,0,43206
2023-10-08,Viet Nam,Asia,147,11623845,0,43206
2023-10-15,Viet Nam,Asia,142,11623987,0,43206
2023-10-22,Viet Nam,Asia,13,11624000,0,43206
2023-10-29,Viet Nam,Asia,0,11624000,0,43206
2023-11-05,Viet Nam,Asia,0,11624000,0,43206
2023-11-12,Viet Nam,Asia,0,11624000,0,43206
2023-11-19,Viet Nam,Asia,0,11624000,0,43206
2023-11-26,Viet Nam,Asia,0,11624000,0,43206
2023-12-03,Viet Nam,Asia,0,11624000,0,43206
2023-12-10,Viet Nam,Asia,0,11624000,0,43206
2023-12-17,Viet Nam,Asia,0,11624000,0,43206
2023-12-24,Viet Nam,Asia,0,11624000,0,43206
2023-12-31,Viet Nam,Asia,0,11624000,0,43206
2024-01-07,Viet Nam,Asia,0,11624000,0,43206
2024-01-14,Viet Nam,Asia,0,11624000,0,43206
2024-01-21,Viet Nam,Asia,0,11624000,0,43206
2024-01-28,Viet Nam,Asia,0,11624000,0,43206
2024-02-04,Viet Nam,Asia,0,11624000,0,43206
2024-02-11,Viet Nam,Asia,0,11624000,0,43206
2024-02-18,Viet Nam,Asia,0,11624000,0,43206
2024-02-25,Viet Nam,Asia,0,11624000,0,43206
2024-03-03,Viet Nam,Asia,0,11624000,0,43206
2024-03-10,Viet Nam,Asia,0,11624000,0,43206
2024-03-17,Viet Nam,Asia,0,11624000,0,43206
2024-03-24,Viet Nam,Asia,0,11624000,0,43206
2024-03-31,Viet Nam,Asia,0,11624000,0,43206
2024-04-07,Viet Nam,Asia,0,11624000,0,43206
2024-04-14,Viet Nam,Asia,0,11624000,0,43206
2024-04-21,Viet Nam,Asia,0,11624000,0,43206
2024-04-28,Viet Nam,Asia,0,11624000,0,43206
2024-05-05,Viet Nam,Asia,0,11624000,0,43206
2024-05-12,Viet Nam,Asia,0,11624000,0,43206
2024-05-19,Viet Nam,Asia,0,11624000,0,43206
2024-05-26,Viet Nam,Asia,0,11624000,0,43206
2024-06-02,Viet Nam,Asia,0,11624000,0,43206
2024-06-09,Viet Nam,Asia,0,11624000,0,43206
2024-06-16,Viet Nam,Asia,0,11624000,0,43206
2024-06-23,Viet Nam,Asia,0,11624000,0,43206
2024-06-30,Viet Nam,Asia,0,11624000,0,43206
2024-07-07,Viet Nam,Asia,0,11624000,0,43206
2024-07-14,Viet Nam,Asia,0,11624000,0,43206
2024-07-21,Viet Nam,Asia,0,11624000,0,43206
2024-07-28,Viet Nam,Asia,0,11624000,0,43206
2024-08-04,Viet Nam,Asia,0,11624000,0,43206
2024-08-11,Viet Nam,Asia,0,11624000,0,43206
2024-08-18,Viet Nam,Asia,0,11624000,0,43206
2024-08-25,Viet Nam,Asia,0,11624000,0,43206
2024-09-01,Viet Nam,Asia,0,11624000,0,43206
2020-01-05,Wallis and Futuna,Oceania,0,0,0,0
2020-01-12,Wallis and Futuna,Oceania,0,0,0,0
2020-01-19,Wallis and Futuna,Oceania,0,0,0,0
2020-01-26,Wallis and Futuna,Oceania,0,0,0,0
2020-02-02,Wallis and Futuna,Oceania,0,0,0,0
2020-02-09,Wallis and Futuna,Oceania,0,0,0,0
2020-02-16,Wallis and Futuna,Oceania,0,0,0,0
2020-02-23,Wallis and Futuna,Oceania,0,0,0,0
2020-03-01,Wallis and Futuna,Oceania,0,0,0,0
2020-03-08,Wallis and Futuna,Oceania,0,0,0,0
2020-03-15,Wallis and Futuna,Oceania,0,0,0,0
2020-03-22,Wallis and Futuna,Oceania,0,0,0,0
2020-03-29,Wallis and Futuna,Oceania,0,0,0,0
2020-04-05,Wallis and Futuna,Oceania,0,0,0,0
2020-04-12,Wallis and Futuna,Oceania,0,0,0,0
2020-04-19,Wallis and Futuna,Oceania,0,0,0,0
2020-04-26,Wallis and Futuna,Oceania,0,0,0,0
2020-05-03,Wallis and Futuna,Oceania,0,0,0,0
2020-05-10,Wallis and Futuna,Oceania,0,0,0,0
2020-05-17,Wallis and Futuna,Oceania,0,0,0,0
2020-05-24,Wallis and Futuna,Oceania,0,0,0,0
2020-05-31,Wallis and Futuna,Oceania,0,0,0,0
2020-06-07,Wallis and Futuna,Oceania,0,0,0,0
2020-06-14,Wallis and Futuna,Oceania,0,0,0,0
2020-06-21,Wallis and Futuna,Oceania,0,0,0,0
2020-06-28,Wallis and Futuna,Oceania,0,0,0,0
2020-07-05,Wallis and Futuna,Oceania,0,0,0,0
2020-07-12,Wallis and Futuna,Oceania,0,0,0,0
2020-07-19,Wallis and Futuna,Oceania,0,0,0,0
2020-07-26,Wallis and Futuna,Oceania,0,0,0,0
2020-08-02,Wallis and Futuna,Oceania,0,0,0,0
2020-08-09,Wallis and Futuna,Oceania,0,0,0,0
2020-08-16,Wallis and Futuna,Oceania,0,0,0,0
2020-08-23,Wallis and Futuna,Oceania,0,0,0,0
2020-08-30,Wallis and Futuna,Oceania,0,0,0,0
2020-09-06,Wallis and Futuna,Oceania,0,0,0,0
2020-09-13,Wallis and Futuna,Oceania,0,0,0,0
2020-09-20,Wallis and Futuna,Oceania,0,0,0,0
2020-09-27,Wallis and Futuna,Oceania,0,0,0,0
2020-10-04,Wallis and Futuna,Oceania,0,0,0,0
2020-10-11,Wallis and Futuna,Oceania,0,0,0,0
2020-10-18,Wallis and Futuna,Oceania,0,0,0,0
2020-10-25,Wallis and Futuna,Oceania,1,1,0,0
2020-11-01,Wallis and Futuna,Oceania,0,1,0,0
2020-11-08,Wallis and Futuna,Oceania,0,1,0,0
2020-11-15,Wallis and Futuna,Oceania,0,1,0,0
2020-11-22,Wallis and Futuna,Oceania,1,2,0,0
2020-11-29,Wallis and Futuna,Oceania,1,3,0,0
2020-12-06,Wallis and Futuna,Oceania,0,3,0,0
2020-12-13,Wallis and Futuna,Oceania,0,3,0,0
2020-12-20,Wallis and Futuna,Oceania,1,4,0,0
2020-12-27,Wallis and Futuna,Oceania,0,4,0,0
2021-01-03,Wallis and Futuna,Oceania,0,4,0,0
2021-01-10,Wallis and Futuna,Oceania,0,4,0,0
2021-01-17,Wallis and Futuna,Oceania,0,4,0,0
2021-01-24,Wallis and Futuna,Oceania,0,4,0,0
2021-01-31,Wallis and Futuna,Oceania,1,5,0,0
2021-02-07,Wallis and Futuna,Oceania,0,5,0,0
2021-02-14,Wallis and Futuna,Oceania,4,9,0,0
2021-02-21,Wallis and Futuna,Oceania,0,9,0,0
2021-02-28,Wallis and Futuna,Oceania,0,9,0,0
2021-03-07,Wallis and Futuna,Oceania,1,10,0,0
2021-03-14,Wallis and Futuna,Oceania,166,176,0,0
2021-03-21,Wallis and Futuna,Oceania,135,311,0,0
2021-03-28,Wallis and Futuna,Oceania,65,376,0,0
2021-04-04,Wallis and Futuna,Oceania,49,425,0,0
2021-04-11,Wallis and Futuna,Oceania,16,441,0,0
2021-04-18,Wallis and Futuna,Oceania,6,447,0,0
2021-04-25,Wallis and Futuna,Oceania,2,449,0,0
2021-05-02,Wallis and Futuna,Oceania,4,453,0,0
2021-05-09,Wallis and Futuna,Oceania,0,453,0,0
2021-05-16,Wallis and Futuna,Oceania,0,453,0,0
2021-05-23,Wallis and Futuna,Oceania,0,453,0,0
2021-05-30,Wallis and Futuna,Oceania,0,453,7,7
2021-06-06,Wallis and Futuna,Oceania,0,453,0,7
2021-06-13,Wallis and Futuna,Oceania,0,453,0,7
2021-06-20,Wallis and Futuna,Oceania,0,453,0,7
2021-06-27,Wallis and Futuna,Oceania,0,453,0,7
2021-07-04,Wallis and Futuna,Oceania,0,453,0,7
2021-07-11,Wallis and Futuna,Oceania,0,453,0,7
2021-07-18,Wallis and Futuna,Oceania,0,453,0,7
2021-07-25,Wallis and Futuna,Oceania,0,453,0,7
2021-08-01,Wallis and Futuna,Oceania,0,453,0,7
2021-08-08,Wallis and Futuna,Oceania,0,453,0,7
2021-08-15,Wallis and Futuna,Oceania,0,453,0,7
2021-08-22,Wallis and Futuna,Oceania,0,453,0,7
2021-08-29,Wallis and Futuna,Oceania,0,453,0,7
2021-09-05,Wallis and Futuna,Oceania,0,453,0,7
2021-09-12,Wallis and Futuna,Oceania,0,453,0,7
2021-09-19,Wallis and Futuna,Oceania,0,453,0,7
2021-09-26,Wallis and Futuna,Oceania,0,453,0,7
2021-10-03,Wallis and Futuna,Oceania,0,453,0,7
2021-10-10,Wallis and Futuna,Oceania,0,453,0,7
2021-10-17,Wallis and Futuna,Oceania,0,453,0,7
2021-10-24,Wallis and Futuna,Oceania,0,453,0,7
2021-10-31,Wallis and Futuna,Oceania,0,453,0,7
2021-11-07,Wallis and Futuna,Oceania,0,453,0,7
2021-11-14,Wallis and Futuna,Oceania,0,453,0,7
2021-11-21,Wallis and Futuna,Oceania,0,453,0,7
2021-11-28,Wallis and Futuna,Oceania,0,453,0,7
2021-12-05,Wallis and Futuna,Oceania,0,453,0,7
2021-12-12,Wallis and Futuna,Oceania,0,453,0,7
2021-12-19,Wallis and Futuna,Oceania,0,453,0,7
2021-12-26,Wallis and Futuna,Oceania,0,453,0,7
2022-01-02,Wallis and Futuna,Oceania,0,453,0,7
2022-01-09,Wallis and Futuna,Oceania,0,453,0,7
2022-01-16,Wallis and Futuna,Oceania,0,453,0,7
2022-01-23,Wallis and Futuna,Oceania,0,453,0,7
2022-01-30,Wallis and Futuna,Oceania,0,453,0,7
2022-02-06,Wallis and Futuna,Oceania,0,453,0,7
2022-02-13,Wallis and Futuna,Oceania,0,453,0,7
2022-02-20,Wallis and Futuna,Oceania,0,453,0,7
2022-02-27,Wallis and Futuna,Oceania,0,453,0,7
2022-03-06,Wallis and Futuna,Oceania,0,453,0,7
2022-03-13,Wallis and Futuna,Oceania,0,453,0,7
2022-03-20,Wallis and Futuna,Oceania,0,453,0,7
2022-03-27,Wallis and Futuna,Oceania,0,453,0,7
2022-04-03,Wallis and Futuna,Oceania,0,453,0,7
2022-04-10,Wallis and Futuna,Oceania,0,453,0,7
2022-04-17,Wallis and Futuna,Oceania,1,454,0,7
2022-04-24,Wallis and Futuna,Oceania,0,454,0,7
2022-05-01,Wallis and Futuna,Oceania,0,454,0,7
2022-05-08,Wallis and Futuna,Oceania,0,454,0,7
2022-05-15,Wallis and Futuna,Oceania,0,454,0,7
2022-05-22,Wallis and Futuna,Oceania,0,454,0,7
2022-05-29,Wallis and Futuna,Oceania,0,454,0,7
2022-06-05,Wallis and Futuna,Oceania,0,454,0,7
2022-06-12,Wallis and Futuna,Oceania,0,454,0,7
2022-06-19,Wallis and Futuna,Oceania,0,454,0,7
2022-06-26,Wallis and Futuna,Oceania,0,454,0,7
2022-07-03,Wallis and Futuna,Oceania,0,454,0,7
2022-07-10,Wallis and Futuna,Oceania,2,456,0,7
2022-07-17,Wallis and Futuna,Oceania,0,456,0,7
2022-07-24,Wallis and Futuna,Oceania,131,587,0,7
2022-07-31,Wallis and Futuna,Oceania,174,761,0,7
2022-08-07,Wallis and Futuna,Oceania,0,761,0,7
2022-08-14,Wallis and Futuna,Oceania,0,761,0,7
2022-08-21,Wallis and Futuna,Oceania,0,761,0,7
2022-08-28,Wallis and Futuna,Oceania,0,761,0,7
2022-09-04,Wallis and Futuna,Oceania,0,761,0,7
2022-09-11,Wallis and Futuna,Oceania,0,761,0,7
2022-09-18,Wallis and Futuna,Oceania,0,761,0,7
2022-09-25,Wallis and Futuna,Oceania,0,761,0,7
2022-10-02,Wallis and Futuna,Oceania,0,761,0,7
2022-10-09,Wallis and Futuna,Oceania,0,761,0,7
2022-10-16,Wallis and Futuna,Oceania,2654,3415,0,7
2022-10-23,Wallis and Futuna,Oceania,0,3415,0,7
2022-10-30,Wallis and Futuna,Oceania,0,3415,0,7
2022-11-06,Wallis and Futuna,Oceania,0,3415,0,7
2022-11-13,Wallis and Futuna,Oceania,0,3415,0,7
2022-11-20,Wallis and Futuna,Oceania,0,3415,0,7
2022-11-27,Wallis and Futuna,Oceania,0,3415,0,7
2022-12-04,Wallis and Futuna,Oceania,0,3415,0,7
2022-12-11,Wallis and Futuna,Oceania,0,3415,0,7
2022-12-18,Wallis and Futuna,Oceania,0,3415,0,7
2022-12-25,Wallis and Futuna,Oceania,0,3415,0,7
2023-01-01,Wallis and Futuna,Oceania,12,3427,0,7
2023-01-08,Wallis and Futuna,Oceania,0,3427,0,7
2023-01-15,Wallis and Futuna,Oceania,0,3427,0,7
2023-01-22,Wallis and Futuna,Oceania,0,3427,0,7
2023-01-29,Wallis and Futuna,Oceania,0,3427,0,7
2023-02-05,Wallis and Futuna,Oceania,0,3427,0,7
2023-02-12,Wallis and Futuna,Oceania,0,3427,0,7
2023-02-19,Wallis and Futuna,Oceania,0,3427,0,7
2023-02-26,Wallis and Futuna,Oceania,0,3427,0,7
2023-03-05,Wallis and Futuna,Oceania,0,3427,0,7
2023-03-12,Wallis and Futuna,Oceania,0,3427,0,7
2023-03-19,Wallis and Futuna,Oceania,0,3427,0,7
2023-03-26,Wallis and Futuna,Oceania,0,3427,0,7
2023-04-02,Wallis and Futuna,Oceania,0,3427,0,7
2023-04-09,Wallis and Futuna,Oceania,0,3427,0,7
2023-04-16,Wallis and Futuna,Oceania,0,3427,0,7
2023-04-23,Wallis and Futuna,Oceania,0,3427,0,7
2023-04-30,Wallis and Futuna,Oceania,0,3427,0,7
2023-05-07,Wallis and Futuna,Oceania,0,3427,0,7
2023-05-14,Wallis and Futuna,Oceania,0,3427,0,7
2023-05-21,Wallis and Futuna,Oceania,81,3508,0,7
2023-05-28,Wallis and Futuna,Oceania,0,3508,0,7
2023-06-04,Wallis and Futuna,Oceania,42,3550,1,8
2023-06-11,Wallis and Futuna,Oceania,0,3550,0,8
2023-06-18,Wallis and Futuna,Oceania,0,3550,0,8
2023-06-25,Wallis and Futuna,Oceania,0,3550,0,8
2023-07-02,Wallis and Futuna,Oceania,0,3550,0,8
2023-07-09,Wallis and Futuna,Oceania,0,3550,0,8
2023-07-16,Wallis and Futuna,Oceania,0,3550,0,8
2023-07-23,Wallis and Futuna,Oceania,0,3550,0,8
2023-07-30,Wallis and Futuna,Oceania,0,3550,0,8
2023-08-06,Wallis and Futuna,Oceania,0,3550,0,8
2023-08-13,Wallis and Futuna,Oceania,0,3550,0,8
2023-08-20,Wallis and Futuna,Oceania,0,3550,0,8
2023-08-27,Wallis and Futuna,Oceania,0,3550,0,8
2023-09-03,Wallis and Futuna,Oceania,0,3550,0,8
2023-09-10,Wallis and Futuna,Oceania,0,3550,0,8
2023-09-17,Wallis and Futuna,Oceania,0,3550,0,8
2023-09-24,Wallis and Futuna,Oceania,0,3550,0,8
2023-10-01,Wallis and Futuna,Oceania,0,3550,0,8
2023-10-08,Wallis and Futuna,Oceania,0,3550,0,8
2023-10-15,Wallis and Futuna,Oceania,0,3550,0,8
2023-10-22,Wallis and Futuna,Oceania,0,3550,0,8
2023-10-29,Wallis and Futuna,Oceania,0,3550,0,8
2023-11-05,Wallis and Futuna,Oceania,0,3550,0,8
2023-11-12,Wallis and Futuna,Oceania,0,3550,0,8
2023-11-19,Wallis and Futuna,Oceania,0,3550,0,8
2023-11-26,Wallis and Futuna,Oceania,0,3550,0,8
2023-12-03,Wallis and Futuna,Oceania,0,3550,0,8
2023-12-10,Wallis and Futuna,Oceania,0,3550,0,8
2023-12-17,Wallis and Futuna,Oceania,0,3550,0,8
2023-12-24,Wallis and Futuna,Oceania,0,3550,0,8
2023-12-31,Wallis and Futuna,Oceania,0,3550,0,8
2024-01-07,Wallis and Futuna,Oceania,0,3550,0,8
2024-01-14,Wallis and Futuna,Oceania,0,3550,0,8
2024-01-21,Wallis and Futuna,Oceania,0,3550,0,8
2024-01-28,Wallis and Futuna,Oceania,0,3550,0,8
2024-02-04,Wallis and Futuna,Oceania,0,3550,0,8
2024-02-11,Wallis and Futuna,Oceania,0,3550,0,8
2024-02-18,Wallis and Futuna,Oceania,0,3550,0,8
2024-02-25,Wallis and Futuna,Oceania,0,3550,0,8
2024-03-03,Wallis and Futuna,Oceania,210,3760,1,9
2024-03-10,Wallis and Futuna,Oceania,0,3760,0,9
2024-03-17,Wallis and Futuna,Oceania,0,3760,0,9
2024-03-24,Wallis and Futuna,Oceania,0,3760,0,9
2024-03-31,Wallis and Futuna,Oceania,0,3760,0,9
2024-04-07,Wallis and Futuna,Oceania,0,3760,0,9
2024-04-14,Wallis and Futuna,Oceania,0,3760,0,9
2024-04-21,Wallis and Futuna,Oceania,0,3760,0,9
2024-04-28,Wallis and Futuna,Oceania,0,3760,0,9
2024-05-05,Wallis and Futuna,Oceania,0,3760,0,9
2024-05-12,Wallis and Futuna,Oceania,0,3760,0,9
2024-05-19,Wallis and Futuna,Oceania,0,3760,0,9
2024-05-26,Wallis and Futuna,Oceania,0,3760,0,9
2024-06-02,Wallis and Futuna,Oceania,0,3760,0,9
2024-06-09,Wallis and Futuna,Oceania,0,3760,0,9
2024-06-16,Wallis and Futuna,Oceania,0,3760,0,9
2024-06-23,Wallis and Futuna,Oceania,0,3760,0,9
2024-06-30,Wallis and Futuna,Oceania,0,3760,0,9
2024-07-07,Wallis and Futuna,Oceania,0,3760,0,9
2024-07-14,Wallis and Futuna,Oceania,0,3760,0,9
2024-07-21,Wallis and Futuna,Oceania,0,3760,0,9
2024-07-28,Wallis and Futuna,Oceania,0,3760,0,9
2024-08-04,Wallis and Futuna,Oceania,0,3760,0,9
2024-08-11,Wallis and Futuna,Oceania,0,3760,0,9
2024-08-18,Wallis and Futuna,Oceania,0,3760,0,9
2024-08-25,Wallis and Futuna,Oceania,0,3760,0,9
2024-09-01,Wallis and Futuna,Oceania,0,3760,0,9
2020-01-05,Yemen,Asia,0,0,0,0
2020-01-12,Yemen,Asia,0,0,0,0
2020-01-19,Yemen,Asia,0,0,0,0
2020-01-26,Yemen,Asia,0,0,0,0
2020-02-02,Yemen,Asia,0,0,0,0
2020-02-09,Yemen,Asia,0,0,0,0
2020-02-16,Yemen,Asia,0,0,0,0
2020-02-23,Yemen,Asia,0,0,0,0
2020-03-01,Yemen,Asia,0,0,0,0
2020-03-08,Yemen,Asia,0,0,0,0
2020-03-15,Yemen,Asia,0,0,0,0
2020-03-22,Yemen,Asia,0,0,0,0
2020-03-29,Yemen,Asia,0,0,0,0
2020-04-05,Yemen,Asia,0,0,0,0
2020-04-12,Yemen,Asia,1,1,0,0
2020-04-19,Yemen,Asia,0,1,0,0
2020-04-26,Yemen,Asia,0,1,0,0
2020-05-03,Yemen,Asia,9,10,2,2
2020-05-10,Yemen,Asia,24,34,6,8
2020-05-17,Yemen,Asia,88,122,10,18
2020-05-24,Yemen,Asia,90,212,21,39
2020-05-31,Yemen,Asia,98,310,38,77
2020-06-07,Yemen,Asia,172,482,34,111
2020-06-14,Yemen,Asia,223,705,49,160
2020-06-21,Yemen,Asia,217,922,94,254
2020-06-28,Yemen,Asia,181,1103,42,296
2020-07-05,Yemen,Asia,145,1248,41,337
2020-07-12,Yemen,Asia,141,1389,28,365
2020-07-19,Yemen,Asia,196,1585,79,444
2020-07-26,Yemen,Asia,93,1678,31,475
2020-08-02,Yemen,Asia,56,1734,20,495
2020-08-09,Yemen,Asia,67,1801,18,513
2020-08-16,Yemen,Asia,61,1862,16,529
2020-08-23,Yemen,Asia,49,1911,18,547
2020-08-30,Yemen,Asia,39,1950,17,564
2020-09-06,Yemen,Asia,37,1987,9,573
2020-09-13,Yemen,Asia,26,2013,10,583
2020-09-20,Yemen,Asia,17,2030,3,586
2020-09-27,Yemen,Asia,4,2034,2,588
2020-10-04,Yemen,Asia,11,2045,2,590
2020-10-11,Yemen,Asia,10,2055,6,596
2020-10-18,Yemen,Asia,4,2059,1,597
2020-10-25,Yemen,Asia,5,2064,3,600
2020-11-01,Yemen,Asia,3,2067,0,600
2020-11-08,Yemen,Asia,3,2070,2,602
2020-11-15,Yemen,Asia,2,2072,1,603
2020-11-22,Yemen,Asia,1,2073,2,605
2020-11-29,Yemen,Asia,5,2078,0,605
2020-12-06,Yemen,Asia,4,2082,2,607
2020-12-13,Yemen,Asia,5,2087,0,607
2020-12-20,Yemen,Asia,4,2091,0,607
2020-12-27,Yemen,Asia,5,2096,0,607
2021-01-03,Yemen,Asia,9,2105,4,611
2021-01-10,Yemen,Asia,3,2108,0,611
2021-01-17,Yemen,Asia,8,2116,2,613
2021-01-24,Yemen,Asia,6,2122,3,616
2021-01-31,Yemen,Asia,2,2124,0,616
2021-02-07,Yemen,Asia,7,2131,0,616
2021-02-14,Yemen,Asia,9,2140,1,617
2021-02-21,Yemen,Asia,21,2161,2,619
2021-02-28,Yemen,Asia,112,2273,13,632
2021-03-07,Yemen,Asia,175,2448,19,651
2021-03-14,Yemen,Asia,327,2775,33,684
2021-03-21,Yemen,Asia,507,3282,54,738
2021-03-28,Yemen,Asia,691,3973,95,833
2021-04-04,Yemen,Asia,728,4701,100,933
2021-04-11,Yemen,Asia,579,5280,99,1032
2021-04-18,Yemen,Asia,494,5774,88,1120
2021-04-25,Yemen,Asia,335,6109,56,1176
2021-05-02,Yemen,Asia,220,6329,54,1230
2021-05-09,Yemen,Asia,137,6466,41,1271
2021-05-16,Yemen,Asia,76,6542,15,1286
2021-05-23,Yemen,Asia,111,6653,19,1305
2021-05-30,Yemen,Asia,78,6731,14,1319
2021-06-06,Yemen,Asia,49,6780,6,1325
2021-06-13,Yemen,Asia,77,6857,22,1347
2021-06-20,Yemen,Asia,20,6877,6,1353
2021-06-27,Yemen,Asia,29,6906,5,1358
2021-07-04,Yemen,Asia,20,6926,3,1361
2021-07-11,Yemen,Asia,15,6941,5,1366
2021-07-18,Yemen,Asia,36,6977,2,1368
2021-07-25,Yemen,Asia,31,7008,5,1373
2021-08-01,Yemen,Asia,53,7061,2,1375
2021-08-08,Yemen,Asia,96,7157,9,1384
2021-08-15,Yemen,Asia,116,7273,17,1401
2021-08-22,Yemen,Asia,214,7487,15,1416
2021-08-29,Yemen,Asia,264,7751,34,1450
2021-09-05,Yemen,Asia,305,8056,69,1519
2021-09-12,Yemen,Asia,302,8358,50,1569
2021-09-19,Yemen,Asia,272,8630,69,1638
2021-09-26,Yemen,Asia,261,8891,44,1682
2021-10-03,Yemen,Asia,248,9139,52,1734
2021-10-10,Yemen,Asia,206,9345,41,1775
2021-10-17,Yemen,Asia,167,9512,27,1802
2021-10-24,Yemen,Asia,150,9662,36,1838
2021-10-31,Yemen,Asia,117,9779,42,1880
2021-11-07,Yemen,Asia,79,9858,27,1907
2021-11-14,Yemen,Asia,60,9918,16,1923
2021-11-21,Yemen,Asia,37,9955,15,1938
2021-11-28,Yemen,Asia,26,9981,7,1945
2021-12-05,Yemen,Asia,40,10021,8,1953
2021-12-12,Yemen,Asia,42,10063,15,1968
2021-12-19,Yemen,Asia,34,10097,8,1976
2021-12-26,Yemen,Asia,14,10111,7,1983
2022-01-02,Yemen,Asia,16,10127,1,1984
2022-01-09,Yemen,Asia,51,10178,2,1986
2022-01-16,Yemen,Asia,140,10318,2,1988
2022-01-23,Yemen,Asia,267,10585,7,1995
2022-01-30,Yemen,Asia,413,10998,12,2007
2022-02-06,Yemen,Asia,251,11249,19,2026
2022-02-13,Yemen,Asia,415,11664,76,2102
2022-02-20,Yemen,Asia,67,11731,18,2120
2022-02-27,Yemen,Asia,29,11760,13,2133
2022-03-06,Yemen,Asia,15,11775,2,2135
2022-03-13,Yemen,Asia,9,11784,4,2139
2022-03-20,Yemen,Asia,15,11799,1,2140
2022-03-27,Yemen,Asia,4,11803,2,2142
2022-04-03,Yemen,Asia,3,11806,1,2143
2022-04-10,Yemen,Asia,7,11813,4,2147
2022-04-17,Yemen,Asia,4,11817,1,2148
2022-04-24,Yemen,Asia,1,11818,0,2148
2022-05-01,Yemen,Asia,1,11819,1,2149
2022-05-08,Yemen,Asia,0,11819,0,2149
2022-05-15,Yemen,Asia,0,11819,0,2149
2022-05-22,Yemen,Asia,0,11819,0,2149
2022-05-29,Yemen,Asia,3,11822,0,2149
2022-06-05,Yemen,Asia,0,11822,0,2149
2022-06-12,Yemen,Asia,0,11822,0,2149
2022-06-19,Yemen,Asia,1,11823,0,2149
2022-06-26,Yemen,Asia,1,11824,0,2149
2022-07-03,Yemen,Asia,0,11824,0,2149
2022-07-10,Yemen,Asia,8,11832,0,2149
2022-07-17,Yemen,Asia,16,11848,0,2149
2022-07-24,Yemen,Asia,1,11849,0,2149
2022-07-31,Yemen,Asia,28,11877,2,2151
2022-08-07,Yemen,Asia,18,11895,1,2152
2022-08-14,Yemen,Asia,8,11903,0,2152
2022-08-21,Yemen,Asia,12,11915,1,2153
2022-08-28,Yemen,Asia,10,11925,2,2155
2022-09-04,Yemen,Asia,1,11926,0,2155
2022-09-11,Yemen,Asia,6,11932,0,2155
2022-09-18,Yemen,Asia,0,11932,0,2155
2022-09-25,Yemen,Asia,3,11935,2,2157
2022-10-02,Yemen,Asia,0,11935,0,2157
2022-10-09,Yemen,Asia,4,11939,1,2158
2022-10-16,Yemen,Asia,0,11939,0,2158
2022-10-23,Yemen,Asia,0,11939,0,2158
2022-10-30,Yemen,Asia,0,11939,0,2158
2022-11-06,Yemen,Asia,6,11945,1,2159
2022-11-13,Yemen,Asia,0,11945,0,2159
2022-11-20,Yemen,Asia,0,11945,0,2159
2022-11-27,Yemen,Asia,0,11945,0,2159
2022-12-04,Yemen,Asia,0,11945,0,2159
2022-12-11,Yemen,Asia,0,11945,0,2159
2022-12-18,Yemen,Asia,0,11945,0,2159
2022-12-25,Yemen,Asia,0,11945,0,2159
2023-01-01,Yemen,Asia,0,11945,0,2159
2023-01-08,Yemen,Asia,0,11945,0,2159
2023-01-15,Yemen,Asia,0,11945,0,2159
2023-01-22,Yemen,Asia,0,11945,0,2159
2023-01-29,Yemen,Asia,0,11945,0,2159
2023-02-05,Yemen,Asia,0,11945,0,2159
2023-02-12,Yemen,Asia,0,11945,0,2159
2023-02-19,Yemen,Asia,0,11945,0,2159
2023-02-26,Yemen,Asia,0,11945,0,2159
2023-03-05,Yemen,Asia,0,11945,0,2159
2023-03-12,Yemen,Asia,0,11945,0,2159
2023-03-19,Yemen,Asia,0,11945,0,2159
2023-03-26,Yemen,Asia,0,11945,0,2159
2023-04-02,Yemen,Asia,0,11945,0,2159
2023-04-09,Yemen,Asia,0,11945,0,2159
2023-04-16,Yemen,Asia,0,11945,0,2159
2023-04-23,Yemen,Asia,0,11945,0,2159
2023-04-30,Yemen,Asia,0,11945,0,2159
2023-05-07,Yemen,Asia,0,11945,0,2159
2023-05-14,Yemen,Asia,0,11945,0,2159
2023-05-21,Yemen,Asia,0,11945,0,2159
2023-05-28,Yemen,Asia,0,11945,0,2159
2023-06-04,Yemen,Asia,0,11945,0,2159
2023-06-11,Yemen,Asia,0,11945,0,2159
2023-06-18,Yemen,Asia,0,11945,0,2159
2023-06-25,Yemen,Asia,0,11945,0,2159
2023-07-02,Yemen,Asia,0,11945,0,2159
2023-07-09,Yemen,Asia,0,11945,0,2159
2023-07-16,Yemen,Asia,0,11945,0,2159
2023-07-23,Yemen,Asia,0,11945,0,2159
2023-07-30,Yemen,Asia,0,11945,0,2159
2023-08-06,Yemen,Asia,0,11945,0,2159
2023-08-13,Yemen,Asia,0,11945,0,2159
2023-08-20,Yemen,Asia,0,11945,0,2159
2023-08-27,Yemen,Asia,0,11945,0,2159
2023-09-03,Yemen,Asia,0,11945,0,2159
2023-09-10,Yemen,Asia,0,11945,0,2159
2023-09-17,Yemen,Asia,0,11945,0,2159
2023-09-24,Yemen,Asia,0,11945,0,2159
2023-10-01,Yemen,Asia,0,11945,0,2159
2023-10-08,Yemen,Asia,0,11945,0,2159
2023-10-15,Yemen,Asia,0,11945,0,2159
2023-10-22,Yemen,Asia,0,11945,0,2159
2023-10-29,Yemen,Asia,0,11945,0,2159
2023-11-05,Yemen,Asia,0,11945,0,2159
2023-11-12,Yemen,Asia,0,11945,0,2159
2023-11-19,Yemen,Asia,0,11945,0,2159
2023-11-26,Yemen,Asia,0,11945,0,2159
2023-12-03,Yemen,Asia,0,11945,0,2159
2023-12-10,Yemen,Asia,0,11945,0,2159
2023-12-17,Yemen,Asia,0,11945,0,2159
2023-12-24,Yemen,Asia,0,11945,0,2159
2023-12-31,Yemen,Asia,0,11945,0,2159
2024-01-07,Yemen,Asia,0,11945,0,2159
2024-01-14,Yemen,Asia,0,11945,0,2159
2024-01-21,Yemen,Asia,0,11945,0,2159
2024-01-28,Yemen,Asia,0,11945,0,2159
2024-02-04,Yemen,Asia,0,11945,0,2159
2024-02-11,Yemen,Asia,0,11945,0,2159
2024-02-18,Yemen,Asia,0,11945,0,2159
2024-02-25,Yemen,Asia,0,11945,0,2159
2024-03-03,Yemen,Asia,0,11945,0,2159
2024-03-10,Yemen,Asia,0,11945,0,2159
2024-03-17,Yemen,Asia,0,11945,0,2159
2024-03-24,Yemen,Asia,0,11945,0,2159
2024-03-31,Yemen,Asia,0,11945,0,2159
2024-04-07,Yemen,Asia,0,11945,0,2159
2024-04-14,Yemen,Asia,0,11945,0,2159
2024-04-21,Yemen,Asia,0,11945,0,2159
2024-04-28,Yemen,Asia,0,11945,0,2159
2024-05-05,Yemen,Asia,0,11945,0,2159
2024-05-12,Yemen,Asia,0,11945,0,2159
2024-05-19,Yemen,Asia,0,11945,0,2159
2024-05-26,Yemen,Asia,0,11945,0,2159
2024-06-02,Yemen,Asia,0,11945,0,2159
2024-06-09,Yemen,Asia,0,11945,0,2159
2024-06-16,Yemen,Asia,0,11945,0,2159
2024-06-23,Yemen,Asia,0,11945,0,2159
2024-06-30,Yemen,Asia,0,11945,0,2159
2024-07-07,Yemen,Asia,0,11945,0,2159
2024-07-14,Yemen,Asia,0,11945,0,2159
2024-07-21,Yemen,Asia,0,11945,0,2159
2024-07-28,Yemen,Asia,0,11945,0,2159
2024-08-04,Yemen,Asia,0,11945,0,2159
2024-08-11,Yemen,Asia,0,11945,0,2159
2024-08-18,Yemen,Asia,0,11945,0,2159
2024-08-25,Yemen,Asia,0,11945,0,2159
2024-09-01,Yemen,Asia,0,11945,0,2159
2020-01-05,Zambia,Africa,0,0,0,0
2020-01-12,Zambia,Africa,0,0,0,0
2020-01-19,Zambia,Africa,0,0,0,0
2020-01-26,Zambia,Africa,0,0,0,0
2020-02-02,Zambia,Africa,0,0,0,0
2020-02-09,Zambia,Africa,0,0,0,0
2020-02-16,Zambia,Africa,0,0,0,0
2020-02-23,Zambia,Africa,0,0,0,0
2020-03-01,Zambia,Africa,0,0,0,0
2020-03-08,Zambia,Africa,0,0,0,0
2020-03-15,Zambia,Africa,0,0,0,0
2020-03-22,Zambia,Africa,2,2,0,0
2020-03-29,Zambia,Africa,26,28,0,0
2020-04-05,Zambia,Africa,11,39,3,3
2020-04-12,Zambia,Africa,1,40,1,4
2020-04-19,Zambia,Africa,17,57,0,4
2020-04-26,Zambia,Africa,27,84,1,5
2020-05-03,Zambia,Africa,35,119,0,5
2020-05-10,Zambia,Africa,133,252,4,9
2020-05-17,Zambia,Africa,427,679,0,9
2020-05-24,Zambia,Africa,241,920,0,9
2020-05-31,Zambia,Africa,137,1057,0,9
2020-06-07,Zambia,Africa,97,1154,0,9
2020-06-14,Zambia,Africa,203,1357,0,9
2020-06-21,Zambia,Africa,81,1438,1,10
2020-06-28,Zambia,Africa,107,1545,14,24
2020-07-05,Zambia,Africa,237,1782,14,38
2020-07-12,Zambia,Africa,352,2134,21,59
2020-07-19,Zambia,Africa,846,2980,62,121
2020-07-26,Zambia,Africa,1348,4328,19,140
2020-08-02,Zambia,Africa,1900,6228,26,166
2020-08-09,Zambia,Africa,1675,7903,38,204
2020-08-16,Zambia,Africa,1283,9186,57,261
2020-08-23,Zambia,Africa,1645,10831,19,280
2020-08-30,Zambia,Africa,1071,11902,5,285
2020-09-06,Zambia,Africa,807,12709,8,293
2020-09-13,Zambia,Africa,757,13466,20,313
2020-09-20,Zambia,Africa,604,14070,18,331
2020-09-27,Zambia,Africa,542,14612,2,333
2020-10-04,Zambia,Africa,362,14974,1,334
2020-10-11,Zambia,Africa,441,15415,3,337
2020-10-18,Zambia,Africa,374,15789,9,346
2020-10-25,Zambia,Africa,328,16117,2,348
2020-11-01,Zambia,Africa,315,16432,1,349
2020-11-08,Zambia,Africa,476,16908,0,349
2020-11-15,Zambia,Africa,189,17097,1,350
2020-11-22,Zambia,Africa,297,17394,6,356
2020-11-29,Zambia,Africa,195,17589,1,357
2020-12-06,Zambia,Africa,309,17898,7,364
2020-12-13,Zambia,Africa,319,18217,2,366
2020-12-20,Zambia,Africa,403,18620,7,373
2020-12-27,Zambia,Africa,1051,19671,9,382
2021-01-03,Zambia,Africa,1559,21230,10,392
2021-01-10,Zambia,Africa,5337,26567,72,464
2021-01-17,Zambia,Africa,9507,36074,73,537
2021-01-24,Zambia,Africa,8518,44592,90,627
2021-01-31,Zambia,Africa,8760,53352,118,745
2021-02-07,Zambia,Africa,8075,61427,94,839
2021-02-14,Zambia,Africa,7027,68454,101,940
2021-02-21,Zambia,Africa,5440,73894,76,1016
2021-02-28,Zambia,Africa,4308,78202,65,1081
2021-03-07,Zambia,Africa,3809,82011,35,1116
2021-03-14,Zambia,Africa,2463,84474,37,1153
2021-03-21,Zambia,Africa,1799,86273,25,1178
2021-03-28,Zambia,Africa,1454,87727,20,1198
2021-04-04,Zambia,Africa,1073,88800,17,1215
2021-04-11,Zambia,Africa,1118,89918,11,1226
2021-04-18,Zambia,Africa,926,90844,8,1234
2021-04-25,Zambia,Africa,473,91317,11,1245
2021-05-02,Zambia,Africa,353,91670,6,1251
2021-05-09,Zambia,Africa,387,92057,6,1257
2021-05-16,Zambia,Africa,352,92409,3,1260
2021-05-23,Zambia,Africa,697,93106,7,1267
2021-05-30,Zambia,Africa,1645,94751,9,1276
2021-06-06,Zambia,Africa,4789,99540,27,1303
2021-06-13,Zambia,Africa,10792,110332,62,1365
2021-06-20,Zambia,Africa,16641,126973,230,1595
2021-06-27,Zambia,Africa,19058,146031,372,1967
2021-07-04,Zambia,Africa,16456,162487,430,2397
2021-07-11,Zambia,Africa,12302,174789,378,2775
2021-07-18,Zambia,Africa,9883,184672,277,3052
2021-07-25,Zambia,Africa,6855,191527,198,3250
2021-08-01,Zambia,Africa,4289,195816,139,3389
2021-08-08,Zambia,Africa,3846,199662,85,3474
2021-08-15,Zambia,Africa,2416,202078,47,3521
2021-08-22,Zambia,Africa,2259,204337,52,3573
2021-08-29,Zambia,Africa,1556,205893,18,3591
2021-09-05,Zambia,Africa,1135,207028,23,3614
2021-09-12,Zambia,Africa,808,207836,15,3629
2021-09-19,Zambia,Africa,586,208422,9,3638
2021-09-26,Zambia,Africa,407,208829,7,3645
2021-10-03,Zambia,Africa,313,209142,4,3649
2021-10-10,Zambia,Africa,194,209336,4,3653
2021-10-17,Zambia,Africa,169,209505,5,3658
2021-10-24,Zambia,Africa,124,209629,1,3659
2021-10-31,Zambia,Africa,93,209722,2,3661
2021-11-07,Zambia,Africa,147,209869,2,3663
2021-11-14,Zambia,Africa,102,209971,1,3664
2021-11-21,Zambia,Africa,86,210057,3,3667
2021-11-28,Zambia,Africa,81,210138,0,3667
2021-12-05,Zambia,Africa,156,210294,0,3667
2021-12-12,Zambia,Africa,665,210959,2,3669
2021-12-19,Zambia,Africa,4513,215472,9,3678
2021-12-26,Zambia,Africa,16109,231581,19,3697
2022-01-02,Zambia,Africa,26367,257948,43,3740
2022-01-09,Zambia,Africa,23628,281576,58,3798
2022-01-16,Zambia,Africa,13452,295028,54,3852
2022-01-23,Zambia,Africa,6175,301203,38,3890
2022-01-30,Zambia,Africa,3453,304656,24,3914
2022-02-06,Zambia,Africa,2121,306777,16,3930
2022-02-13,Zambia,Africa,2516,309293,7,3937
2022-02-20,Zambia,Africa,1723,311016,6,3943
2022-02-27,Zambia,Africa,1595,312611,8,3951
2022-03-06,Zambia,Africa,1133,313744,7,3958
2022-03-13,Zambia,Africa,1404,315148,2,3960
2022-03-20,Zambia,Africa,744,315892,3,3963
2022-03-27,Zambia,Africa,609,316501,3,3966
2022-04-03,Zambia,Africa,530,317031,1,3967
2022-04-10,Zambia,Africa,452,317483,0,3967
2022-04-17,Zambia,Africa,984,318467,6,3973
2022-04-24,Zambia,Africa,517,318984,1,3974
2022-05-01,Zambia,Africa,610,319594,2,3976
2022-05-08,Zambia,Africa,442,320036,4,3980
2022-05-15,Zambia,Africa,445,320481,3,3983
2022-05-22,Zambia,Africa,568,321049,1,3984
2022-05-29,Zambia,Africa,454,321503,1,3985
2022-06-05,Zambia,Africa,786,322289,4,3989
2022-06-12,Zambia,Africa,630,322919,0,3989
2022-06-19,Zambia,Africa,1106,324025,3,3992
2022-06-26,Zambia,Africa,1223,325248,11,4003
2022-07-03,Zambia,Africa,100,325348,0,4003
2022-07-10,Zambia,Africa,1446,326794,5,4008
2022-07-17,Zambia,Africa,1200,327994,1,4009
2022-07-24,Zambia,Africa,556,328550,4,4013
2022-07-31,Zambia,Africa,933,329483,2,4015
2022-08-07,Zambia,Africa,1026,330509,0,4015
2022-08-14,Zambia,Africa,1505,332014,1,4016
2022-08-21,Zambia,Africa,250,332264,0,4016
2022-08-28,Zambia,Africa,263,332527,0,4016
2022-09-04,Zambia,Africa,295,332822,0,4016
2022-09-11,Zambia,Africa,0,332822,0,4016
2022-09-18,Zambia,Africa,407,333229,1,4017
2022-09-25,Zambia,Africa,158,333387,0,4017
2022-10-02,Zambia,Africa,162,333549,0,4017
2022-10-09,Zambia,Africa,6,333555,0,4017
2022-10-16,Zambia,Africa,69,333624,0,4017
2022-10-23,Zambia,Africa,20,333644,0,4017
2022-10-30,Zambia,Africa,25,333669,0,4017
2022-11-06,Zambia,Africa,16,333685,0,4017
2022-11-13,Zambia,Africa,0,333685,0,4017
2022-11-20,Zambia,Africa,1,333686,0,4017
2022-11-27,Zambia,Africa,35,333721,2,4019
2022-12-04,Zambia,Africa,25,333746,0,4019
2022-12-11,Zambia,Africa,0,333746,0,4019
2022-12-18,Zambia,Africa,0,333746,0,4019
2022-12-25,Zambia,Africa,320,334066,3,4022
2023-01-01,Zambia,Africa,512,334578,2,4024
2023-01-08,Zambia,Africa,0,334578,0,4024
2023-01-15,Zambia,Africa,2062,336640,10,4034
2023-01-22,Zambia,Africa,1140,337780,3,4037
2023-01-29,Zambia,Africa,1963,339743,4,4041
2023-02-05,Zambia,Africa,1201,340944,7,4048
2023-02-12,Zambia,Africa,746,341690,1,4049
2023-02-19,Zambia,Africa,627,342317,2,4051
2023-02-26,Zambia,Africa,390,342707,3,4054
2023-03-05,Zambia,Africa,247,342954,3,4057
2023-03-12,Zambia,Africa,181,343135,0,4057
2023-03-19,Zambia,Africa,115,343250,0,4057
2023-03-26,Zambia,Africa,165,343415,0,4057
2023-04-02,Zambia,Africa,151,343566,0,4057
2023-04-09,Zambia,Africa,187,343753,1,4058
2023-04-16,Zambia,Africa,50,343803,0,4058
2023-04-23,Zambia,Africa,0,343803,0,4058
2023-04-30,Zambia,Africa,107,343910,0,4058
2023-05-07,Zambia,Africa,1,343911,0,4058
2023-05-14,Zambia,Africa,84,343995,0,4058
2023-05-21,Zambia,Africa,0,343995,0,4058
2023-05-28,Zambia,Africa,0,343995,0,4058
2023-06-04,Zambia,Africa,1063,345058,0,4058
2023-06-11,Zambia,Africa,0,345058,0,4058
2023-06-18,Zambia,Africa,903,345961,2,4060
2023-06-25,Zambia,Africa,1061,347022,2,4062
2023-07-02,Zambia,Africa,530,347552,1,4063
2023-07-09,Zambia,Africa,1007,348559,1,4064
2023-07-16,Zambia,Africa,450,349009,4,4068
2023-07-23,Zambia,Africa,278,349287,1,4069
2023-07-30,Zambia,Africa,0,349287,0,4069
2023-08-06,Zambia,Africa,0,349287,0,4069
2023-08-13,Zambia,Africa,0,349287,0,4069
2023-08-20,Zambia,Africa,0,349287,0,4069
2023-08-27,Zambia,Africa,0,349287,0,4069
2023-09-03,Zambia,Africa,0,349287,0,4069
2023-09-10,Zambia,Africa,0,349287,0,4069
2023-09-17,Zambia,Africa,0,349287,0,4069
2023-09-24,Zambia,Africa,0,349287,0,4069
2023-10-01,Zambia,Africa,0,349287,0,4069
2023-10-08,Zambia,Africa,1,349288,0,4069
2023-10-15,Zambia,Africa,3,349291,0,4069
2023-10-22,Zambia,Africa,3,349294,0,4069
2023-10-29,Zambia,Africa,3,349297,0,4069
2023-11-05,Zambia,Africa,4,349301,0,4069
2023-11-12,Zambia,Africa,0,349301,0,4069
2023-11-19,Zambia,Africa,1,349302,0,4069
2023-11-26,Zambia,Africa,0,349302,0,4069
2023-12-03,Zambia,Africa,2,349304,0,4069
2023-12-10,Zambia,Africa,0,349304,0,4069
2023-12-17,Zambia,Africa,0,349304,0,4069
2023-12-24,Zambia,Africa,0,349304,0,4069
2023-12-31,Zambia,Africa,0,349304,0,4069
2024-01-07,Zambia,Africa,0,349304,0,4069
2024-01-14,Zambia,Africa,0,349304,0,4069
2024-01-21,Zambia,Africa,0,349304,0,4069
2024-01-28,Zambia,Africa,0,349304,0,4069
2024-02-04,Zambia,Africa,0,349304,0,4069
2024-02-11,Zambia,Africa,0,349304,0,4069
2024-02-18,Zambia,Africa,0,349304,0,4069
2024-02-25,Zambia,Africa,0,349304,0,4069
2024-03-03,Zambia,Africa,0,349304,0,4069
2024-03-10,Zambia,Africa,0,349304,0,4069
2024-03-17,Zambia,Africa,100,349404,0,4069
2024-03-24,Zambia,Africa,99,349503,0,4069
2024-03-31,Zambia,Africa,55,349558,0,4069
2024-04-07,Zambia,Africa,31,349589,0,4069
2024-04-14,Zambia,Africa,27,349616,0,4069
2024-04-21,Zambia,Africa,9,349625,0,4069
2024-04-28,Zambia,Africa,4,349629,0,4069
2024-05-05,Zambia,Africa,6,349635,0,4069
2024-05-12,Zambia,Africa,5,349640,0,4069
2024-05-19,Zambia,Africa,4,349644,0,4069
2024-05-26,Zambia,Africa,9,349653,0,4069
2024-06-02,Zambia,Africa,13,349666,0,4069
2024-06-09,Zambia,Africa,8,349674,0,4069
2024-06-16,Zambia,Africa,7,349681,0,4069
2024-06-23,Zambia,Africa,4,349685,0,4069
2024-06-30,Zambia,Africa,1,349686,0,4069
2024-07-07,Zambia,Africa,0,349686,0,4069
2024-07-14,Zambia,Africa,27,349713,0,4069
2024-07-21,Zambia,Africa,36,349749,0,4069
2024-07-28,Zambia,Africa,20,349769,8,4077
2024-08-04,Zambia,Africa,55,349824,0,4077
2024-08-11,Zambia,Africa,18,349842,0,4077
2024-08-18,Zambia,Africa,13,349855,0,4077
2024-08-25,Zambia,Africa,9,349864,0,4077
2024-09-01,Zambia,Africa,4,349868,0,4077
2020-01-05,Zimbabwe,Africa,0,0,0,0
2020-01-12,Zimbabwe,Africa,0,0,0,0
2020-01-19,Zimbabwe,Africa,0,0,0,0
2020-01-26,Zimbabwe,Africa,0,0,0,0
2020-02-02,Zimbabwe,Africa,0,0,0,0
2020-02-09,Zimbabwe,Africa,0,0,0,0
2020-02-16,Zimbabwe,Africa,0,0,0,0
2020-02-23,Zimbabwe,Africa,0,0,0,0
2020-03-01,Zimbabwe,Africa,0,0,0,0
2020-03-08,Zimbabwe,Africa,0,0,5,5
2020-03-15,Zimbabwe,Africa,0,0,0,5
2020-03-22,Zimbabwe,Africa,2,2,0,5
2020-03-29,Zimbabwe,Africa,5,7,1,6
2020-04-05,Zimbabwe,Africa,2,9,0,6
2020-04-12,Zimbabwe,Africa,7,16,1,7
2020-04-19,Zimbabwe,Africa,10,26,0,7
2020-04-26,Zimbabwe,Africa,6,32,1,8
2020-05-03,Zimbabwe,Africa,3,35,0,8
2020-05-10,Zimbabwe,Africa,2,37,0,8
2020-05-17,Zimbabwe,Africa,7,44,0,8
2020-05-24,Zimbabwe,Africa,24,68,0,8
2020-05-31,Zimbabwe,Africa,105,173,0,8
2020-06-07,Zimbabwe,Africa,106,279,0,8
2020-06-14,Zimbabwe,Africa,77,356,0,8
2020-06-21,Zimbabwe,Africa,130,486,2,10
2020-06-28,Zimbabwe,Africa,81,567,0,10
2020-07-05,Zimbabwe,Africa,131,698,2,12
2020-07-12,Zimbabwe,Africa,284,982,10,22
2020-07-19,Zimbabwe,Africa,496,1478,7,29
2020-07-26,Zimbabwe,Africa,956,2434,9,38
2020-08-02,Zimbabwe,Africa,1225,3659,35,73
2020-08-09,Zimbabwe,Africa,916,4575,33,106
2020-08-16,Zimbabwe,Africa,601,5176,28,134
2020-08-23,Zimbabwe,Africa,717,5893,21,155
2020-08-30,Zimbabwe,Africa,513,6406,43,198
2020-09-06,Zimbabwe,Africa,431,6837,10,208
2020-09-13,Zimbabwe,Africa,671,7508,17,225
2020-09-20,Zimbabwe,Africa,164,7672,1,226
2020-09-27,Zimbabwe,Africa,131,7803,2,228
2020-10-04,Zimbabwe,Africa,82,7885,1,229
2020-10-11,Zimbabwe,Africa,125,8010,2,231
2020-10-18,Zimbabwe,Africa,100,8110,1,232
2020-10-25,Zimbabwe,Africa,159,8269,5,237
2020-11-01,Zimbabwe,Africa,98,8367,7,244
2020-11-08,Zimbabwe,Africa,131,8498,8,252
2020-11-15,Zimbabwe,Africa,288,8786,6,258
2020-11-22,Zimbabwe,Africa,386,9172,7,265
2020-11-29,Zimbabwe,Africa,650,9822,10,275
2020-12-06,Zimbabwe,Africa,795,10617,16,291
2020-12-13,Zimbabwe,Africa,602,11219,16,307
2020-12-20,Zimbabwe,Africa,932,12151,11,318
2020-12-27,Zimbabwe,Africa,812,12963,23,341
2021-01-03,Zimbabwe,Africa,1528,14491,36,377
2021-01-10,Zimbabwe,Africa,6008,20499,106,483
2021-01-17,Zimbabwe,Africa,6382,26881,200,683
2021-01-24,Zimbabwe,Africa,4126,31007,291,974
2021-01-31,Zimbabwe,Africa,2264,33271,219,1193
2021-02-07,Zimbabwe,Africa,1216,34487,123,1316
2021-02-14,Zimbabwe,Africa,617,35104,82,1398
2021-02-21,Zimbabwe,Africa,664,35768,34,1432
2021-02-28,Zimbabwe,Africa,290,36058,31,1463
2021-03-07,Zimbabwe,Africa,202,36260,22,1485
2021-03-14,Zimbabwe,Africa,211,36471,16,1501
2021-03-21,Zimbabwe,Africa,191,36662,9,1510
2021-03-28,Zimbabwe,Africa,156,36818,9,1519
2021-04-04,Zimbabwe,Africa,93,36911,5,1524
2021-04-11,Zimbabwe,Africa,362,37273,14,1538
2021-04-18,Zimbabwe,Africa,426,37699,14,1552
2021-04-25,Zimbabwe,Africa,365,38064,4,1556
2021-05-02,Zimbabwe,Africa,196,38260,12,1568
2021-05-09,Zimbabwe,Africa,154,38414,8,1576
2021-05-16,Zimbabwe,Africa,140,38554,6,1582
2021-05-23,Zimbabwe,Africa,125,38679,4,1586
2021-05-30,Zimbabwe,Africa,254,38933,8,1594
2021-06-06,Zimbabwe,Africa,235,39168,11,1605
2021-06-13,Zimbabwe,Africa,684,39852,27,1632
2021-06-20,Zimbabwe,Africa,1776,41628,34,1666
2021-06-27,Zimbabwe,Africa,4390,46018,59,1725
2021-07-04,Zimbabwe,Africa,7647,53665,134,1859
2021-07-11,Zimbabwe,Africa,13188,66853,267,2126
2021-07-18,Zimbabwe,Africa,15760,82613,462,2588
2021-07-25,Zimbabwe,Africa,14664,97277,462,3050
2021-08-01,Zimbabwe,Africa,11583,108860,482,3532
2021-08-08,Zimbabwe,Africa,7030,115890,294,3826
2021-08-15,Zimbabwe,Africa,3963,119853,264,4090
2021-08-22,Zimbabwe,Africa,2634,122487,146,4236
2021-08-29,Zimbabwe,Africa,1880,124367,154,4390
2021-09-05,Zimbabwe,Africa,1058,125425,76,4466
2021-09-12,Zimbabwe,Africa,795,126220,70,4536
2021-09-19,Zimbabwe,Africa,1519,127739,27,4563
2021-09-26,Zimbabwe,Africa,1766,129505,40,4603
2021-10-03,Zimbabwe,Africa,1589,131094,22,4625
2021-10-10,Zimbabwe,Africa,668,131762,11,4636
2021-10-17,Zimbabwe,Africa,571,132333,21,4657
2021-10-24,Zimbabwe,Africa,292,132625,11,4668
2021-10-31,Zimbabwe,Africa,329,132954,9,4677
2021-11-07,Zimbabwe,Africa,214,133168,8,4685
2021-11-14,Zimbabwe,Africa,260,133428,11,4696
2021-11-21,Zimbabwe,Africa,210,133638,3,4699
2021-11-28,Zimbabwe,Africa,313,133951,6,4705
2021-12-05,Zimbabwe,Africa,4572,138523,4,4709
2021-12-12,Zimbabwe,Africa,26479,165002,26,4735
2021-12-19,Zimbabwe,Africa,26671,191673,47,4782
2021-12-26,Zimbabwe,Africa,12073,203746,103,4885
2022-01-02,Zimbabwe,Africa,10468,214214,132,5017
2022-01-09,Zimbabwe,Africa,7704,221918,131,5148
2022-01-16,Zimbabwe,Africa,4016,225934,95,5243
2022-01-23,Zimbabwe,Africa,2245,228179,49,5292
2022-01-30,Zimbabwe,Africa,1236,229415,41,5333
2022-02-06,Zimbabwe,Africa,987,230402,29,5362
2022-02-13,Zimbabwe,Africa,897,231299,12,5374
2022-02-20,Zimbabwe,Africa,1925,233224,12,5386
2022-02-27,Zimbabwe,Africa,2579,235803,7,5393
2022-03-06,Zimbabwe,Africa,3216,239019,4,5397
2022-03-13,Zimbabwe,Africa,3338,242357,17,5414
2022-03-20,Zimbabwe,Africa,2095,244452,12,5426
2022-03-27,Zimbabwe,Africa,1315,245767,11,5437
2022-04-03,Zimbabwe,Africa,714,246481,9,5446
2022-04-10,Zimbabwe,Africa,477,246958,11,5457
2022-04-17,Zimbabwe,Africa,303,247261,5,5462
2022-04-24,Zimbabwe,Africa,263,247524,6,5468
2022-05-01,Zimbabwe,Africa,318,247842,1,5469
2022-05-08,Zimbabwe,Africa,427,248269,4,5473
2022-05-15,Zimbabwe,Africa,937,249206,9,5482
2022-05-22,Zimbabwe,Africa,1436,250642,12,5494
2022-05-29,Zimbabwe,Africa,1450,252092,6,5500
2022-06-05,Zimbabwe,Africa,1246,253338,10,5510
2022-06-12,Zimbabwe,Africa,760,254098,11,5521
2022-06-19,Zimbabwe,Africa,703,254801,13,5534
2022-06-26,Zimbabwe,Africa,554,255355,15,5549
2022-07-03,Zimbabwe,Africa,355,255710,9,5558
2022-07-10,Zimbabwe,Africa,229,255939,6,5564
2022-07-17,Zimbabwe,Africa,144,256083,2,5566
2022-07-24,Zimbabwe,Africa,171,256254,6,5572
2022-07-31,Zimbabwe,Africa,124,256378,5,5577
2022-08-07,Zimbabwe,Africa,99,256477,7,5584
2022-08-14,Zimbabwe,Africa,62,256539,4,5588
2022-08-21,Zimbabwe,Africa,85,256624,4,5592
2022-08-28,Zimbabwe,Africa,75,256699,1,5593
2022-09-04,Zimbabwe,Africa,56,256755,3,5596
2022-09-11,Zimbabwe,Africa,115,256870,0,5596
2022-09-18,Zimbabwe,Africa,126,256996,2,5598
2022-09-25,Zimbabwe,Africa,344,257340,1,5599
2022-10-02,Zimbabwe,Africa,177,257517,3,5602
2022-10-09,Zimbabwe,Africa,138,257655,2,5604
2022-10-16,Zimbabwe,Africa,238,257893,2,5606
2022-10-23,Zimbabwe,Africa,12,257905,2,5608
2022-10-30,Zimbabwe,Africa,132,258037,2,5610
2022-11-06,Zimbabwe,Africa,132,258169,0,5610
2022-11-13,Zimbabwe,Africa,179,258348,0,5610
2022-11-20,Zimbabwe,Africa,295,258643,1,5611
2022-11-27,Zimbabwe,Africa,311,258954,5,5616
2022-12-04,Zimbabwe,Africa,396,259350,6,5622
2022-12-11,Zimbabwe,Africa,6,259356,0,5622
2022-12-18,Zimbabwe,Africa,203,259559,3,5625
2022-12-25,Zimbabwe,Africa,385,259944,10,5635
2023-01-01,Zimbabwe,Africa,202,260146,4,5639
2023-01-08,Zimbabwe,Africa,303,260449,0,5639
2023-01-15,Zimbabwe,Africa,0,260449,0,5639
2023-01-22,Zimbabwe,Africa,1104,261553,13,5652
2023-01-29,Zimbabwe,Africa,749,262302,6,5658
2023-02-05,Zimbabwe,Africa,752,263054,1,5659
2023-02-12,Zimbabwe,Africa,553,263607,3,5662
2023-02-19,Zimbabwe,Africa,295,263902,1,5663
2023-02-26,Zimbabwe,Africa,206,264108,5,5668
2023-03-05,Zimbabwe,Africa,162,264270,3,5671
2023-03-12,Zimbabwe,Africa,115,264385,1,5672
2023-03-19,Zimbabwe,Africa,63,264448,6,5678
2023-03-26,Zimbabwe,Africa,61,264509,1,5679
2023-04-02,Zimbabwe,Africa,40,264549,2,5681
2023-04-09,Zimbabwe,Africa,33,264582,3,5684
2023-04-16,Zimbabwe,Africa,28,264610,0,5684
2023-04-23,Zimbabwe,Africa,27,264637,1,5685
2023-04-30,Zimbabwe,Africa,46,264683,1,5686
2023-05-07,Zimbabwe,Africa,83,264766,2,5688
2023-05-14,Zimbabwe,Africa,75,264841,2,5690
2023-05-21,Zimbabwe,Africa,95,264936,1,5691
2023-05-28,Zimbabwe,Africa,87,265023,2,5693
2023-06-04,Zimbabwe,Africa,129,265152,2,5695
2023-06-11,Zimbabwe,Africa,9,265161,0,5695
2023-06-18,Zimbabwe,Africa,128,265289,7,5702
2023-06-25,Zimbabwe,Africa,124,265413,5,5707
2023-07-02,Zimbabwe,Africa,111,265524,0,5707
2023-07-09,Zimbabwe,Africa,80,265604,2,5709
2023-07-16,Zimbabwe,Africa,62,265666,2,5711
2023-07-23,Zimbabwe,Africa,28,265694,0,5711
2023-07-30,Zimbabwe,Africa,-1,265693,1,5712
2023-08-06,Zimbabwe,Africa,23,265716,1,5713
2023-08-13,Zimbabwe,Africa,0,265716,0,5713
2023-08-20,Zimbabwe,Africa,5,265721,2,5715
2023-08-27,Zimbabwe,Africa,10,265731,2,5717
2023-09-03,Zimbabwe,Africa,6,265737,0,5717
2023-09-10,Zimbabwe,Africa,5,265742,1,5718
2023-09-17,Zimbabwe,Africa,6,265748,0,5718
2023-09-24,Zimbabwe,Africa,5,265753,0,5718
2023-10-01,Zimbabwe,Africa,12,265765,0,5718
2023-10-08,Zimbabwe,Africa,6,265771,0,5718
2023-10-15,Zimbabwe,Africa,37,265808,1,5719
2023-10-22,Zimbabwe,Africa,13,265821,1,5720
2023-10-29,Zimbabwe,Africa,26,265847,1,5721
2023-11-05,Zimbabwe,Africa,33,265880,1,5722
2023-11-12,Zimbabwe,Africa,23,265903,4,5726
2023-11-19,Zimbabwe,Africa,24,265927,1,5727
2023-11-26,Zimbabwe,Africa,48,265975,3,5730
2023-12-03,Zimbabwe,Africa,0,265975,0,5730
2023-12-10,Zimbabwe,Africa,0,265975,0,5730
2023-12-17,Zimbabwe,Africa,50,266025,0,5730
2023-12-24,Zimbabwe,Africa,23,266048,1,5731
2023-12-31,Zimbabwe,Africa,23,266071,0,5731
2024-01-07,Zimbabwe,Africa,46,266117,3,5734
2024-01-14,Zimbabwe,Africa,85,266202,3,5737
2024-01-21,Zimbabwe,Africa,55,266257,0,5737
2024-01-28,Zimbabwe,Africa,31,266288,0,5737
2024-02-04,Zimbabwe,Africa,31,266319,0,5737
2024-02-11,Zimbabwe,Africa,9,266328,0,5737
2024-02-18,Zimbabwe,Africa,22,266350,0,5737
2024-02-25,Zimbabwe,Africa,5,266355,2,5739
2024-03-03,Zimbabwe,Africa,3,266358,1,5740
2024-03-10,Zimbabwe,Africa,1,266359,0,5740
2024-03-17,Zimbabwe,Africa,1,266360,0,5740
2024-03-24,Zimbabwe,Africa,2,266362,0,5740
2024-03-31,Zimbabwe,Africa,0,266362,0,5740
2024-04-07,Zimbabwe,Africa,0,266362,0,5740
2024-04-14,Zimbabwe,Africa,0,266362,0,5740
2024-04-21,Zimbabwe,Africa,0,266362,0,5740
2024-04-28,Zimbabwe,Africa,3,266365,0,5740
2024-05-05,Zimbabwe,Africa,0,266365,0,5740
2024-05-12,Zimbabwe,Africa,0,266365,0,5740
2024-05-19,Zimbabwe,Africa,0,266365,0,5740
2024-05-26,Zimbabwe,Africa,0,266365,0,5740
2024-06-02,Zimbabwe,Africa,0,266365,0,5740
2024-06-09,Zimbabwe,Africa,0,266365,0,5740
2024-06-16,Zimbabwe,Africa,9,266374,0,5740
2024-06-23,Zimbabwe,Africa,0,266374,0,5740
2024-06-30,Zimbabwe,Africa,4,266378,0,5740
2024-07-07,Zimbabwe,Africa,6,266384,0,5740
2024-07-14,Zimbabwe,Africa,1,266385,0,5740
2024-07-21,Zimbabwe,Africa,0,266385,0,5740
2024-07-28,Zimbabwe,Africa,1,266386,0,5740
2024-08-04,Zimbabwe,Africa,1,266387,0,5740
2024-08-11,Zimbabwe,Africa,0,266387,0,5740
2024-08-18,Zimbabwe,Africa,0,266387,0,5740
2024-08-25,Zimbabwe,Africa,0,266387,0,5740
2024-09-01,Zimbabwe,Africa,0,266387,0,5740
